marker_position lod trace
1 142.490795 -9.29312014169666 pleio
2 142.517426 -9.25367467484838 pleio
3 142.560149 -9.21091443041797 pleio
4 142.602873 -9.16951604912685 pleio
5 142.64402 -9.12924093714741 pleio
6 142.685103 -9.02813756310304 pleio
7 142.726186 -8.97824287652634 pleio
8 142.767269 -8.94452432746508 pleio
9 142.808353 -8.91261584702079 pleio
10 142.849436 -8.88289692200742 pleio
11 142.876943 -8.85596148289525 pleio
12 142.880371 -8.8311823521305 pleio
13 142.883799 -8.80866495904264 pleio
14 142.904956 -8.78813830031305 pleio
15 142.989329 -8.79644318762996 pleio
16 143.073701 -8.78774297421508 pleio
17 143.155273 -8.77094136396361 pleio
18 143.159416 -8.73897257801279 pleio
19 143.163559 -8.68496076990085 pleio
20 143.167702 -8.58160809272633 pleio
21 143.171846 -8.46717004105902 pleio
22 143.175989 -8.34689293625783 pleio
23 143.180132 -8.22637430776831 pleio
24 143.240265 -8.04856347880051 pleio
25 143.324863 -7.9189146954034 pleio
26 143.409462 -7.67709884826637 pleio
27 143.484637 -7.51499548185284 pleio
28 143.487347 -7.40030225423487 pleio
29 143.490056 -7.40794414674691 pleio
30 143.492766 -7.41939249180338 pleio
31 143.495555 -7.43447070374977 pleio
32 143.498344 -7.45299071096505 pleio
33 143.501132 -7.49073021075034 pleio
34 143.521072 -7.52655393191999 pleio
35 143.53778 -7.57738372546951 pleio
36 143.554489 -7.49045426143092 pleio
37 143.570345 -7.36260277274733 pleio
38 143.571477 -7.27556541385174 pleio
39 143.572611 -7.23963898695482 pleio
40 143.574439 -7.2599550219348 pleio
41 143.699438 -7.47778147301555 pleio
42 143.824436 -6.89750547569651 pleio
43 143.915168 -6.57708830841093 pleio
44 143.920616 -6.67349672338012 pleio
45 143.926063 -6.76837803762415 pleio
46 143.93182 -6.82093076880203 pleio
47 143.935901 -6.82034122579335 pleio
48 143.939982 -6.8612419407984 pleio
49 143.944917 -6.95063231926303 pleio
50 143.975668 -7.09390332857081 pleio
51 144.013221 -7.20670527676309 pleio
52 144.051716 -7.31101931244138 pleio
53 144.090211 -7.33514413274276 pleio
54 144.128706 -7.35197157153122 pleio
55 144.167202 -7.36804005735384 pleio
56 144.176428 -7.38378388757764 pleio
57 144.180816 -7.3995460131877 pleio
58 144.185205 -7.41517468319986 pleio
59 144.348163 -7.14429525032059 pleio
60 144.361337 -6.91481069089869 pleio
61 144.363468 -6.47694449034308 pleio
62 144.365599 -6.04930894809154 pleio
63 144.367577 -5.71184351614424 pleio
64 144.375504 -5.37893978708651 pleio
65 144.385418 -5.05591469691187 pleio
66 144.395332 -4.75229353086615 pleio
67 144.407236 -4.6459773890002 pleio
68 144.411293 -4.65036494653707 pleio
69 144.415349 -4.65971259396439 pleio
70 144.419405 -4.67393771644821 pleio
71 144.423461 -4.69291724986942 pleio
72 144.427517 -4.80004545574771 pleio
73 144.431573 -4.94831085610339 pleio
74 144.437408 -5.10047086505329 pleio
75 144.440911 -5.12909649215198 pleio
76 144.442944 -5.15971515514505 pleio
77 144.444976 -5.16961763736577 pleio
78 144.447008 -5.16786217168852 pleio
79 144.44904 -5.17490544388758 pleio
80 144.454745 -5.16254346574954 pleio
81 144.498681 -5.15738577975137 pleio
82 144.558267 -5.16597302295221 pleio
83 144.587405 -5.21792202412646 pleio
84 144.587686 -5.27704246489513 pleio
85 144.587968 -5.33470013791531 pleio
86 144.617027 -5.38444901337324 pleio
87 144.705848 -5.80020984563403 pleio
88 144.716797 -6.27694531557598 pleio
89 144.727745 -6.20842389360887 pleio
90 144.897381 -6.20025638253845 pleio
91 144.903395 -6.20886208345368 pleio
92 144.909409 -6.22336905818652 pleio
93 144.916914 -6.24366965169459 pleio
94 144.947844 -6.2551711280068 pleio
95 144.978774 -6.26778192904973 pleio
96 145.106694 -5.98168140270268 pleio
97 145.224788 -6.59843282712792 pleio
98 145.342881 -6.57077058767137 pleio
99 145.729503 -5.50163268437467 pleio
100 145.916546 -5.45306815150211 pleio
101 146.10359 -5.43136408646247 pleio
102 146.240909 -5.35710155650702 pleio
103 146.283615 -5.43373853528002 pleio
104 146.304543 -5.36883702271406 pleio
105 146.314537 -5.30838256897639 pleio
106 146.319976 -5.25264176237729 pleio
107 146.322338 -5.20186235307131 pleio
108 146.3247 -5.15626744776033 pleio
109 146.327062 -5.11604726990308 pleio
110 146.329424 -5.08135087641402 pleio
111 146.331786 -5.05228389621692 pleio
112 146.334148 -5.02890096117384 pleio
113 146.33651 -5.35275227306872 pleio
114 146.643419 -5.52924436198835 pleio
115 146.654632 -5.49748236484764 pleio
116 146.665844 -5.47118748036654 pleio
117 146.677056 -5.42209646725878 pleio
118 146.688269 -5.19276646626297 pleio
119 146.69133 -4.89382871696365 pleio
120 146.694026 -4.62852581138694 pleio
121 146.696722 -4.4286535679572 pleio
122 146.699418 -4.32016421738943 pleio
123 146.702114 -4.31343845887393 pleio
124 146.70481 -4.31399118152956 pleio
125 146.707507 -4.304811555478 pleio
126 146.710838 -4.30120006644051 pleio
127 146.716274 -4.30311744701836 pleio
128 146.72171 -4.31045757659897 pleio
129 146.727146 -4.32305163655734 pleio
130 146.734615 -4.34535783616497 pleio
131 146.80381 -4.34638702579072 pleio
132 146.862885 -3.9737126793553 pleio
133 146.863965 -3.42079338180763 pleio
134 146.865044 -2.94565365892132 pleio
135 146.87452 -2.58116769162501 pleio
136 146.889753 -2.36561300027248 pleio
137 146.904986 -2.30886957652088 pleio
138 147.064187 -2.42033132360169 pleio
139 147.069549 -2.19927915668403 pleio
140 147.074911 -2.04773859889509 pleio
141 147.080273 -1.91253585783825 pleio
142 147.089309 -1.82163212695838 pleio
143 147.114764 -1.77832900215269 pleio
144 147.137425 -1.77566525951871 pleio
145 147.157965 -1.78086760973021 pleio
146 147.178504 -1.7566299995517 pleio
147 147.221814 -0.729719079221508 pleio
148 147.253583 0 pleio
149 147.272554 -0.0843038638076761 pleio
150 147.275576 -0.300677094186062 pleio
151 147.278599 -0.565615870136209 pleio
152 147.281622 -0.912305755502063 pleio
153 147.284644 -1.28642803208932 pleio
154 147.286194 -1.68174727311271 pleio
155 147.286753 -2.09170219096052 pleio
156 147.287312 -2.50983013293536 pleio
157 147.287872 -2.93013656522254 pleio
158 147.290648 -3.34548805224597 pleio
159 147.299484 -3.75616487341824 pleio
160 147.327447 -4.47552907208309 pleio
161 147.35561 -4.5036041974921 pleio
162 147.383773 -4.6602744451723 pleio
163 147.397845 -4.66170304655734 pleio
164 147.402328 -4.6675555851714 pleio
165 147.406811 -4.6778344447199 pleio
166 147.411546 -4.6926707729521 pleio
167 147.442387 -4.71204365922662 pleio
168 147.535843 -4.71723549855219 pleio
169 147.551736 -4.75652887596622 pleio
170 147.555599 -4.8321225975071 pleio
171 147.559461 -4.92792576661327 pleio
172 147.563362 -5.05872126414386 pleio
173 147.583398 -5.22518972689744 pleio
174 147.602453 -5.43751387493878 pleio
175 147.621507 -5.67639168475576 pleio
176 147.682611 -5.73513184024507 pleio
177 147.68996 -5.7342888997434 pleio
178 147.695588 -5.68115397736883 pleio
179 147.701215 -5.60879822391219 pleio
180 147.706843 -5.5934412005217 pleio
181 147.719435 -5.72055828097217 pleio
182 147.737975 -5.73478114342657 pleio
183 147.751499 -5.76559845412416 pleio
184 147.760277 -5.80829685244208 pleio
185 147.769056 -5.86146751871754 pleio
186 147.777834 -5.91930948774873 pleio
187 147.786613 -5.72392473711423 pleio
188 147.795391 -5.70430488106914 pleio
189 147.816836 -5.65593895549748 pleio
190 147.850698 -5.82239851704821 pleio
191 147.88456 -5.96281981567077 pleio
192 147.914702 -5.96294323706175 pleio
193 147.91491 -6.04084911948828 pleio
194 147.915116 -6.1208329803858 pleio
195 147.915322 -6.20245597137795 pleio
196 147.915527 -6.28526080421643 pleio
197 147.915733 -6.36879640243284 pleio
198 147.916803 -6.45063020460531 pleio
199 147.923623 -6.50250591411879 pleio
200 147.930444 -6.54228863448267 pleio
201 147.937264 -6.58234320195315 pleio
202 147.944084 -6.64000645140787 pleio
203 147.949324 -6.72438995538161 pleio
204 147.953121 -6.97519048116887 pleio
205 147.956917 -7.34178806608369 pleio
206 147.960714 -7.71628352745855 pleio
207 147.964511 -8.07982857089146 pleio
208 147.968307 -8.33417460116057 pleio
209 147.973733 -8.49399868806549 pleio
210 147.982072 -8.52763729905663 pleio
211 147.982175 -8.54278524013847 pleio
212 147.982278 -8.56177587759089 pleio
213 147.986316 -8.56353288685834 pleio
214 147.986987 -8.52957799551533 pleio
215 147.987657 -8.55509790483804 pleio
216 147.988327 -8.64463624691066 pleio
217 147.988998 -8.79511830702379 pleio
218 147.989668 -8.95297743517226 pleio
219 148.006053 -8.96035201616276 pleio
220 148.013144 -8.98763478533533 pleio
221 148.020236 -9.02554312491278 pleio
222 148.027327 -9.07411086262344 pleio
223 148.033269 -9.13307088911259 pleio
224 148.037078 -9.20184531557184 pleio
225 148.040918 -9.27157707863711 pleio
226 148.046494 -9.45873597948573 pleio
227 148.05207 -9.6903662774706 pleio
228 148.180347 -9.90129394419954 pleio
229 148.183086 -9.92449458812688 pleio
230 148.185825 -9.95473543584971 pleio
231 148.188563 -9.99305638070384 pleio
232 148.191302 -10.1046568307479 pleio
233 148.194041 -10.2331235862533 pleio
234 148.19678 -10.3301098556078 pleio
235 148.200032 -10.351248167545 pleio
236 148.204884 -10.3692054937861 pleio
237 148.213021 -10.3955823859623 pleio
238 148.213171 -10.4886537746676 pleio
239 148.213321 -10.5859717386085 pleio
240 148.326473 -10.6713623508579 pleio
241 148.333368 -10.6253065011646 pleio
242 148.340263 -10.5840521878018 pleio
243 148.347157 -10.5378089782262 pleio
244 148.354052 -10.4703508000784 pleio
245 148.362946 -10.4080148971486 pleio
246 148.380016 -10.3486386244076 pleio
247 148.403283 -10.3204353044996 pleio
248 148.42655 -10.3222521063699 pleio
249 148.430037 -10.3328026050941 pleio
250 148.4319 -10.3440657318015 pleio
251 148.433763 -10.3560987948858 pleio
252 148.435626 -10.5682744785508 pleio
253 148.437489 -10.8129725693567 pleio
254 148.439352 -10.8653712057295 pleio
255 148.441214 -10.8685712516418 pleio
256 148.443077 -10.877993296595 pleio
257 148.44494 -10.8952618684042 pleio
258 148.446803 -10.9212466166717 pleio
259 148.453459 -10.9526670864702 pleio
260 148.477993 -10.9671835120058 pleio
261 148.493526 -10.9566610114287 pleio
262 148.493644 -10.9438170449475 pleio
263 148.493762 -10.9304636987505 pleio
264 148.502187 -10.8776178900308 pleio
265 148.624196 -10.942532185302 pleio
266 148.648833 -10.6706889993051 pleio
267 148.673469 -10.7062542331742 pleio
268 148.812084 -10.0634347267719 pleio
269 148.815025 -10.1027474425137 pleio
270 146.283615 -5.3475451403593 profile1
271 146.304543 -5.30337208966296 profile1
272 146.10359 -5.38506592840439 profile1
273 146.240909 -5.35557580226694 profile1
274 146.314537 -5.25995340625773 profile1
275 142.490795 -6.75343936010646 profile1
276 142.517426 -6.74164994110441 profile1
277 142.560149 -6.72704600803189 profile1
278 142.602873 -6.7128063783921 profile1
279 142.64402 -6.69886552428644 profile1
280 142.685103 -6.64566653264074 profile1
281 142.726186 -6.62682702707 profile1
282 142.767269 -6.61669322185015 profile1
283 142.808353 -6.60448154390347 profile1
284 142.849436 -6.5852671430786 profile1
285 142.876943 -6.56689286149453 profile1
286 142.880371 -6.54899388174148 profile1
287 142.883799 -6.53170255655561 profile1
288 142.904956 -6.51573157204977 profile1
289 142.989329 -6.52573421408089 profile1
290 143.073701 -6.52072717582049 profile1
291 143.155273 -6.51956226325421 profile1
292 143.159416 -6.51491621874407 profile1
293 143.163559 -6.47593050589511 profile1
294 143.167702 -6.39849324493606 profile1
295 143.171846 -6.30638465400669 profile1
296 143.175989 -6.20278021950486 profile1
297 143.180132 -6.09165108198821 profile1
298 143.240265 -5.95452731620297 profile1
299 143.324863 -5.82423171218359 profile1
300 143.409462 -5.6909110535181 profile1
301 143.484637 -5.5583490830293 profile1
302 143.487347 -5.45088729487905 profile1
303 143.490056 -5.45091849362367 profile1
304 143.492766 -5.45298144319828 profile1
305 143.495555 -5.45692773707133 profile1
306 143.498344 -5.4626067174952 profile1
307 143.501132 -5.48208694274884 profile1
308 143.521072 -5.49791731919925 profile1
309 143.53778 -5.51754140349554 profile1
310 143.554489 -5.46214475243081 profile1
311 143.570345 -5.37923679935728 profile1
312 143.571477 -5.31352421258793 profile1
313 143.572611 -5.2717033727668 profile1
314 143.574439 -5.25813531346654 profile1
315 143.699438 -5.35503606722912 profile1
316 143.824436 -4.93432902585145 profile1
317 143.915168 -4.60039901314124 profile1
318 143.920616 -4.66424723332524 profile1
319 143.926063 -4.72346143645928 profile1
320 143.93182 -4.71229212008976 profile1
321 143.935901 -4.69650386843311 profile1
322 143.939982 -4.72521467847776 profile1
323 143.944917 -4.80270735546762 profile1
324 143.975668 -4.92996981391139 profile1
325 144.013221 -5.0467802689594 profile1
326 144.051716 -5.1481556438203 profile1
327 144.090211 -5.16495866672558 profile1
328 144.128706 -5.17883608672138 profile1
329 144.167202 -5.19183467440084 profile1
330 144.176428 -5.20443502635453 profile1
331 144.180816 -5.21702433227055 profile1
332 144.185205 -5.23004144568414 profile1
333 144.348163 -5.03456676280169 profile1
334 144.361337 -4.89766275668468 profile1
335 144.363468 -4.5546117790011 profile1
336 144.365599 -4.19591221772892 profile1
337 144.367577 -3.97407486501203 profile1
338 144.375504 -3.80665089443787 profile1
339 144.385418 -3.65275143269732 profile1
340 144.395332 -3.51550977381855 profile1
341 144.407236 -3.46919367767334 profile1
342 144.411293 -3.47234063237329 profile1
343 144.415349 -3.47914547811205 profile1
344 144.419405 -3.48949146958232 profile1
345 144.423461 -3.50323199856147 profile1
346 144.427517 -3.59908898155362 profile1
347 144.431573 -3.72874987042102 profile1
348 144.437408 -3.85695997575864 profile1
349 144.440911 -3.87136140754278 profile1
350 144.442944 -3.88756516031902 profile1
351 144.444976 -3.90898425863904 profile1
352 144.447008 -3.93838973874516 profile1
353 144.44904 -3.97361813856865 profile1
354 144.454745 -3.99974085801175 profile1
355 144.498681 -4.02984709622752 profile1
356 144.558267 -4.06322029965066 profile1
357 144.587405 -4.11726878082926 profile1
358 144.587686 -4.17787381725592 profile1
359 144.587968 -4.23791668118393 profile1
360 144.617027 -4.29039273420305 profile1
361 144.705848 -4.50342392453239 profile1
362 144.716797 -4.78805872676858 profile1
363 144.727745 -4.83664547127019 profile1
364 144.897381 -4.8909281268522 profile1
365 144.903395 -4.94504281897111 profile1
366 144.909409 -5.00198879881757 profile1
367 144.916914 -5.06152836476751 profile1
368 144.947844 -5.08759977573125 profile1
369 144.978774 -5.11195060777217 profile1
370 145.106694 -4.8040126946979 profile1
371 145.224788 -5.24411706073947 profile1
372 145.342881 -5.2141128056951 profile1
373 145.729503 -5.25305941815457 profile1
374 145.916546 -5.36484941337949 profile1
375 146.319976 -5.21633594832396 profile1
376 146.322338 -5.17441195234737 profile1
377 146.3247 -5.13547790436185 profile1
378 146.327062 -5.09983373579559 profile1
379 146.329424 -5.06775822641251 profile1
380 146.331786 -5.03950158023014 profile1
381 146.334148 -5.01527583246591 profile1
382 146.33651 -4.80145501772019 profile1
383 146.643419 -4.66439952414592 profile1
384 146.654632 -4.59534243964239 profile1
385 146.665844 -4.53275317052174 profile1
386 146.677056 -4.46207983530669 profile1
387 146.688269 -4.271459968585 profile1
388 146.69133 -3.99652552033672 profile1
389 146.694026 -3.71485389984217 profile1
390 146.696722 -3.44912924986286 profile1
391 146.699418 -3.22459935645138 profile1
392 146.702114 -3.06088349087368 profile1
393 146.70481 -3.0447082157834 profile1
394 146.707507 -3.05946738390703 profile1
395 146.710838 -3.07726572034275 profile1
396 146.716274 -3.09798218602411 profile1
397 146.72171 -3.12145891426709 profile1
398 146.727146 -3.14750554927507 profile1
399 146.734615 -3.17796664159952 profile1
400 146.80381 -3.1843313350451 profile1
401 146.862885 -2.9473376587669 profile1
402 146.863965 -2.60120923556639 profile1
403 146.865044 -2.29445413127214 profile1
404 146.87452 -2.04979960706815 profile1
405 146.889753 -1.90845231004775 profile1
406 146.904986 -1.89032754836157 profile1
407 147.064187 -1.90329472853476 profile1
408 147.069549 -1.60100367531862 profile1
409 147.074911 -1.43718054158442 profile1
410 147.080273 -1.35392412428368 profile1
411 147.089309 -1.29003835663836 profile1
412 147.114764 -1.24968013855595 profile1
413 147.137425 -1.24380032637881 profile1
414 147.157965 -1.23820509072179 profile1
415 147.178504 -1.1916234335819 profile1
416 147.221814 -0.35344506872799 profile1
417 147.253583 0 profile1
418 147.272554 -0.0529294735434891 profile1
419 147.275576 -0.211318725490409 profile1
420 147.278599 -0.407767128995343 profile1
421 147.281622 -0.662929199086583 profile1
422 147.284644 -0.93916336554731 profile1
423 147.286194 -1.23201539661835 profile1
424 147.286753 -1.53669370209461 profile1
425 147.287312 -1.84840207570412 profile1
426 147.287872 -2.16264184493871 profile1
427 147.290648 -2.44611690126004 profile1
428 147.299484 -2.70313648613246 profile1
429 147.327447 -2.82806985768801 profile1
430 147.35561 -2.85695307730771 profile1
431 147.383773 -3.03364525092123 profile1
432 147.397845 -3.04135745728895 profile1
433 147.402328 -3.05234686901031 profile1
434 147.406811 -3.06663724911263 profile1
435 147.411546 -3.08433155750607 profile1
436 147.442387 -3.10535888660216 profile1
437 147.535843 -3.10905583950021 profile1
438 147.551736 -3.11304126015001 profile1
439 147.555599 -3.15148581215634 profile1
440 147.559461 -3.20477134752683 profile1
441 147.563362 -3.28560205216105 profile1
442 147.583398 -3.34307330106691 profile1
443 147.602453 -3.45797322172707 profile1
444 147.621507 -3.60478481972284 profile1
445 147.682611 -3.63821377151743 profile1
446 147.68996 -3.62149220782491 profile1
447 147.695588 -3.54614430740405 profile1
448 147.701215 -3.46193391128362 profile1
449 147.706843 -3.47766596072112 profile1
450 147.719435 -3.63197306930395 profile1
451 147.737975 -3.63860262746296 profile1
452 147.751499 -3.64911382393666 profile1
453 147.760277 -3.66804920733428 profile1
454 147.769056 -3.69328671300794 profile1
455 147.777834 -3.72124324499176 profile1
456 147.786613 -3.87482076289205 profile1
457 147.795391 -3.88311690417992 profile1
458 147.816836 -3.8907843369991 profile1
459 147.850698 -3.87852745871326 profile1
460 147.88456 -3.84947177952895 profile1
461 147.914702 -3.7211744067924 profile1
462 147.91491 -3.71276194343862 profile1
463 147.915116 -3.70549536064345 profile1
464 147.915322 -3.70041864448517 profile1
465 147.915527 -3.69853141831461 profile1
466 147.915733 -3.70072443760663 profile1
467 147.916803 -3.709104772685 profile1
468 147.923623 -3.74336090502964 profile1
469 147.930444 -3.77250209382174 profile1
470 147.937264 -3.80233695925308 profile1
471 147.944084 -3.78101626287434 profile1
472 147.949324 -3.75784216747171 profile1
473 147.953121 -3.8324383184466 profile1
474 147.956917 -3.98597474790922 profile1
475 147.960714 -4.16087359453176 profile1
476 147.964511 -4.34448077813558 profile1
477 147.968307 -4.49465214942918 profile1
478 147.973733 -4.58782534985389 profile1
479 147.982072 -4.57126513399075 profile1
480 147.982175 -4.56461527586561 profile1
481 147.982278 -4.56154987574983 profile1
482 147.986316 -4.54443666743385 profile1
483 147.986987 -4.50284418291074 profile1
484 147.987657 -4.52215992596688 profile1
485 147.988327 -4.60803871803864 profile1
486 147.988998 -4.75802626478936 profile1
487 147.989668 -4.92482596409561 profile1
488 148.006053 -4.96897318138702 profile1
489 148.013144 -5.0259295674561 profile1
490 148.020236 -5.09675888399246 profile1
491 148.027327 -5.18098675505099 profile1
492 148.033269 -5.27771448279893 profile1
493 148.037078 -5.38563935432217 profile1
494 148.040918 -5.57586536503519 profile1
495 148.046494 -5.8555632168869 profile1
496 148.05207 -6.17409554753036 profile1
497 148.180347 -6.4608760350791 profile1
498 148.183086 -6.51573348712629 profile1
499 148.185825 -6.57557420830264 profile1
500 148.188563 -6.63949875008211 profile1
501 148.191302 -6.70316546908516 profile1
502 148.194041 -6.77789390157587 profile1
503 148.19678 -6.84756666710273 profile1
504 148.200032 -6.89558542358367 profile1
505 148.204884 -6.94128082466579 profile1
506 148.213021 -6.99953666690254 profile1
507 148.213171 -7.15286845685654 profile1
508 148.213321 -7.3091289418088 profile1
509 148.326473 -7.44330190203586 profile1
510 148.333368 -7.38433972815453 profile1
511 148.340263 -7.34151551588245 profile1
512 148.347157 -7.29314831241289 profile1
513 148.354052 -7.22305321984789 profile1
514 148.362946 -7.15703795481546 profile1
515 148.380016 -7.09779909552775 profile1
516 148.403283 -7.07319042715525 profile1
517 148.42655 -7.08700312862993 profile1
518 148.430037 -7.08979777217221 profile1
519 148.4319 -7.09159202309791 profile1
520 148.433763 -7.09253370840182 profile1
521 148.435626 -7.62077791457272 profile1
522 148.437489 -8.01392859243432 profile1
523 148.439352 -8.07999530002196 profile1
524 148.441214 -8.11144556931564 profile1
525 148.443077 -8.14780249115077 profile1
526 148.44494 -8.18960341853367 profile1
527 148.446803 -8.2365943729838 profile1
528 148.453459 -8.28055639936431 profile1
529 148.477993 -8.30717899551126 profile1
530 148.493526 -8.32599638395565 profile1
531 148.493644 -8.34390635531448 profile1
532 148.493762 -8.3610500512517 profile1
533 148.502187 -8.29547044965291 profile1
534 148.624196 -8.29180146474465 profile1
535 148.648833 -8.22342707581046 profile1
536 148.673469 -8.25031084463678 profile1
537 148.812084 -7.900785371686 profile1
538 148.815025 -7.92214917679462 profile1
539 142.490795 -4.57303088481626 profile2
540 142.517426 -4.54302355526432 profile2
541 142.560149 -4.51267745922569 profile2
542 142.602873 -4.48362465045453 profile2
543 142.64402 -4.45568140183125 profile2
544 142.685103 -4.42025940454916 profile2
545 142.726186 -4.39170851729373 profile2
546 142.767269 -4.36748565695367 profile2
547 142.808353 -4.34773518154588 profile2
548 142.849436 -4.33797103916319 profile2
549 142.876943 -4.3302106159371 profile2
550 142.880371 -4.32409482199871 profile2
551 142.883799 -4.3196034733798 profile2
552 142.904956 -4.31584770000727 profile2
553 142.989329 -4.3286845131509 profile2
554 143.073701 -4.33218470567536 profile2
555 143.155273 -4.32355091238923 profile2
556 143.159416 -4.3097284659931 profile2
557 143.163559 -4.3020726748497 profile2
558 143.167702 -4.27288944652148 profile2
559 143.171846 -4.24724228138686 profile2
560 143.175989 -4.22754185459014 profile2
561 143.180132 -4.21574857683764 profile2
562 143.240265 -4.16497047401261 profile2
563 143.324863 -4.16984180797604 profile2
564 143.409462 -4.04256675858128 profile2
565 143.484637 -4.02549915114702 profile2
566 143.487347 -4.03698056632125 profile2
567 143.490056 -4.05023196719571 profile2
568 143.492766 -4.06560724102349 profile2
569 143.495555 -4.08302620961645 profile2
570 143.498344 -4.10239936128796 profile2
571 143.501132 -4.12957225225987 profile2
572 143.521072 -4.15349186774604 profile2
573 143.53778 -4.18532859029411 profile2
574 143.554489 -4.13100232150469 profile2
575 143.570345 -4.05554636548329 profile2
576 143.571477 -4.00969877910918 profile2
577 143.572611 -3.99896948221819 profile2
578 143.574439 -4.02515897014425 profile2
579 143.699438 -4.11090784799005 profile2
580 143.824436 -3.95783026817201 profile2
581 143.915168 -3.99869553002481 profile2
582 143.920616 -4.01699174848972 profile2
583 143.926063 -4.04081592959657 profile2
584 143.93182 -4.087863239427 profile2
585 143.935901 -4.05816605174034 profile2
586 143.939982 -4.03200233283988 profile2
587 143.944917 -4.01295752825029 profile2
588 143.975668 -4.00605998409941 profile2
589 144.013221 -3.99041076853868 profile2
590 144.051716 -3.98649627042371 profile2
591 144.090211 -3.99627634486878 profile2
592 144.128706 -4.00064135598482 profile2
593 144.167202 -4.00508407546284 profile2
594 144.176428 -4.0095651602968 profile2
595 144.180816 -4.0140487151772 profile2
596 144.185205 -4.01791742341772 profile2
597 144.348163 -3.96174096205232 profile2
598 144.361337 -3.87282867615867 profile2
599 144.363468 -3.70842680620979 profile2
600 144.365599 -3.57036853191195 profile2
601 144.367577 -3.40640220565919 profile2
602 144.375504 -3.20541445946611 profile2
603 144.385418 -3.01017579785641 profile2
604 144.395332 -2.82764639110515 profile2
605 144.407236 -2.76337795559436 profile2
606 144.411293 -2.76332396271631 profile2
607 144.415349 -2.76455869455815 profile2
608 144.419405 -2.76712194018987 profile2
609 144.423461 -2.77104328818251 profile2
610 144.427517 -2.76763269678139 profile2
611 144.431573 -2.76957372207979 profile2
612 144.437408 -2.78050773662827 profile2
613 144.440911 -2.79677370386148 profile2
614 144.442944 -2.81308344079665 profile2
615 144.444976 -2.79867203323181 profile2
616 144.447008 -2.76177021307072 profile2
617 144.44904 -2.7292810618943 profile2
618 144.454745 -2.68727188238851 profile2
619 144.498681 -2.65015262452065 profile2
620 144.558267 -2.62471315031534 profile2
621 144.587405 -2.62124956609213 profile2
622 144.587686 -2.61952602834446 profile2
623 144.587968 -2.61769625157772 profile2
624 144.617027 -2.61486527263601 profile2
625 144.705848 -2.73158235020786 profile2
626 144.716797 -2.85555924066274 profile2
627 144.727745 -2.71161956430891 profile2
628 144.897381 -2.64025706299853 profile2
629 144.903395 -2.58881979207928 profile2
630 144.909409 -2.54124564498955 profile2
631 144.916914 -2.49769650505711 profile2
632 144.947844 -2.47945784215723 profile2
633 144.978774 -2.46428365477183 profile2
634 145.106694 -2.47673205618138 profile2
635 145.224788 -2.66710781933305 profile2
636 145.342881 -2.66298788474683 profile2
637 145.729503 -1.45193702840164 profile2
638 145.916546 -1.2953367443625 profile2
639 146.10359 -1.23875410778502 profile2
640 146.240909 -1.18240201777696 profile2
641 146.283615 -1.24583475956842 profile2
642 146.304543 -1.21409273959109 profile2
643 146.314537 -1.18525127368571 profile2
644 146.319976 -1.15930749432187 profile2
645 146.322338 -1.13623157881559 profile2
646 146.3247 -1.11596776918773 profile2
647 146.327062 -1.0984354588021 profile2
648 146.329424 -1.08353083823303 profile2
649 146.331786 -1.07113156591009 profile2
650 146.334148 -1.06109859143648 profile2
651 146.33651 -1.59164480205662 profile2
652 146.643419 -1.89800720855334 profile2
653 146.654632 -1.92442446076162 profile2
654 146.665844 -1.95221282750522 profile2
655 146.677056 -1.96839173536233 profile2
656 146.688269 -1.88585727784073 profile2
657 146.69133 -1.77806123327477 profile2
658 146.694026 -1.70728286143413 profile2
659 146.696722 -1.69168801290914 profile2
660 146.699418 -1.74207488101292 profile2
661 146.702114 -1.85675151748369 profile2
662 146.70481 -1.86598791935273 profile2
663 146.707507 -1.84120917280128 profile2
664 146.710838 -1.82044387047897 profile2
665 146.716274 -1.8037852972727 profile2
666 146.72171 -1.79127385802849 profile2
667 146.727146 -1.78289758903374 profile2
668 146.734615 -1.7806476772589 profile2
669 146.80381 -1.77981345768765 profile2
670 146.862885 -1.58509228097209 profile2
671 146.863965 -1.29043043334373 profile2
672 146.865044 -1.05624101422088 profile2
673 146.87452 -0.897470265681052 profile2
674 146.889753 -0.803160840289131 profile2
675 146.904986 -0.741431454357249 profile2
676 147.064187 -0.818849272967244 profile2
677 147.069549 -0.87126912278231 profile2
678 147.074911 -0.854561489237433 profile2
679 147.080273 -0.761177841364027 profile2
680 147.089309 -0.70628634870574 profile2
681 147.114764 -0.691124047165834 profile2
682 147.137425 -0.693715810380016 profile2
683 147.157965 -0.705428618066758 profile2
684 147.178504 -0.728673710910486 profile2
685 147.221814 -0.409881289367234 profile2
686 147.253583 0 profile2
687 147.272554 -0.0350166163744622 profile2
688 147.275576 -0.106093335606057 profile2
689 147.278599 -0.198329855860148 profile2
690 147.281622 -0.322582317178814 profile2
691 147.284644 -0.46322916556816 profile2
692 147.286194 -0.617528426991761 profile2
693 147.286753 -0.782487417382569 profile2
694 147.287312 -0.955054860180761 profile2
695 147.287872 -1.13229171815905 profile2
696 147.290648 -1.33551777572172 profile2
697 147.299484 -1.55963226859597 profile2
698 147.327447 -2.43467406542909 profile2
699 147.35561 -2.43692938981669 profile2
700 147.383773 -2.41697952803079 profile2
701 147.397845 -2.41328797465695 profile2
702 147.402328 -2.41182235080692 profile2
703 147.406811 -2.41254758426887 profile2
704 147.411546 -2.41547173099933 profile2
705 147.442387 -2.42057530284928 profile2
706 147.535843 -2.42400217844154 profile2
707 147.551736 -2.46595212923626 profile2
708 147.555599 -2.51658460816946 profile2
709 147.559461 -2.58557615608189 profile2
710 147.563362 -2.66942170420924 profile2
711 147.583398 -2.8142159094782 profile2
712 147.602453 -2.94928302265679 profile2
713 147.621507 -3.08185254797237 profile2
714 147.682611 -3.11561680988423 profile2
715 147.68996 -3.13548588916012 profile2
716 147.695588 -3.16401208319113 profile2
717 147.701215 -3.17657867310723 profile2
718 147.706843 -3.13319136623169 profile2
719 147.719435 -3.1113483491605 profile2
720 147.737975 -3.12323252340729 profile2
721 147.751499 -3.14420962011043 profile2
722 147.760277 -3.16731713333844 profile2
723 147.769056 -3.19421921116246 profile2
724 147.777834 -3.22310433404871 profile2
725 147.786613 -2.89254488379055 profile2
726 147.795391 -2.91071392233207 profile2
727 147.816836 -2.87842627580289 profile2
728 147.850698 -3.08936930197633 profile2
729 147.88456 -3.2906113648881 profile2
730 147.914702 -3.43563927150556 profile2
731 147.91491 -3.51477963388284 profile2
732 147.915116 -3.59371510099292 profile2
733 147.915322 -3.67105854323684 profile2
734 147.915527 -3.74550734629835 profile2
735 147.915733 -3.81592169432897 profile2
736 147.916803 -3.87860761322578 profile2
737 147.923623 -3.89509636155214 profile2
738 147.930444 -3.90713756012078 profile2
739 147.937264 -3.91931919283995 profile2
740 147.944084 -4.01604245699315 profile2
741 147.949324 -4.15274294942026 profile2
742 147.953121 -4.36704246832634 profile2
743 147.956917 -4.63515838466849 profile2
744 147.960714 -4.90558339475949 profile2
745 147.964511 -5.16849290488381 profile2
746 147.968307 -5.33043608840551 profile2
747 147.973733 -5.43565802010396 profile2
748 147.982072 -5.49650864395908 profile2
749 147.982175 -5.5252082658594 profile2
750 147.982278 -5.55459417442698 profile2
751 147.986316 -5.58655859001971 profile2
752 147.986987 -5.63091272235839 profile2
753 147.987657 -5.68349141329014 profile2
754 147.988327 -5.74238833920851 profile2
755 147.988998 -5.80495182030545 profile2
756 147.989668 -5.84997704469471 profile2
757 148.006053 -5.82233526150061 profile2
758 148.013144 -5.79976512544529 profile2
759 148.020236 -5.77681712120717 profile2
760 148.027327 -5.75398940490344 profile2
761 148.033269 -5.73182075383495 profile2
762 148.037078 -5.71086075375878 profile2
763 148.040918 -5.60280990442917 profile2
764 148.046494 -5.53989639207597 profile2
765 148.05207 -5.50251986095085 profile2
766 148.180347 -5.47920004035663 profile2
767 148.183086 -5.46270477095622 profile2
768 148.185825 -5.44950742671363 profile2
769 148.188563 -5.44110817918194 profile2
770 148.191302 -5.49426414596754 profile2
771 148.194041 -5.55234476813895 profile2
772 148.19678 -5.58272195244622 profile2
773 148.200032 -5.55765488770252 profile2
774 148.204884 -5.53153562294977 profile2
775 148.213021 -5.50485713589216 profile2
776 148.213171 -5.47857513560621 profile2
777 148.213321 -5.45362739142593 profile2
778 148.326473 -5.42984231494867 profile2
779 148.333368 -5.4120627841127 profile2
780 148.340263 -5.38908986598326 profile2
781 148.347157 -5.36690298344449 profile2
782 148.354052 -5.3436482985015 profile2
783 148.362946 -5.32242617766561 profile2
784 148.380016 -5.30033715040128 profile2
785 148.403283 -5.28672901282677 profile2
786 148.42655 -5.26305862418322 profile2
787 148.430037 -5.25917539967627 profile2
788 148.4319 -5.25682259413858 profile2
789 148.433763 -5.25594242478997 profile2
790 148.435626 -4.98461780384456 profile2
791 148.437489 -4.79475772962893 profile2
792 148.439352 -4.74884271446099 profile2
793 148.441214 -4.71755028494457 profile2
794 148.443077 -4.69105337346799 profile2
795 148.44494 -4.67023533112459 profile2
796 148.446803 -4.65559553806672 profile2
797 148.453459 -4.64260454701622 profile2
798 148.477993 -4.61983507634795 profile2
799 148.493526 -4.57712191964561 profile2
800 148.493644 -4.53310195819232 profile2
801 148.493762 -4.48976735124806 profile2
802 148.502187 -4.46888319388978 profile2
803 148.624196 -4.56572713619986 profile2
804 148.648833 -4.41952502356794 profile2
805 148.673469 -4.59605323752009 profile2
806 148.812084 -4.32795482693003 profile2
807 148.815025 -4.33883221811524 profile2
