marker_position lod trace
1 142.490795 -7.59379232530198 pleio
2 142.517426 -7.45228000401375 pleio
3 142.560149 -7.3275832769362 pleio
4 142.602873 -7.20134410676528 pleio
5 142.64402 -7.07301276092353 pleio
6 142.685103 -6.8829419166022 pleio
7 142.726186 -6.72257135665825 pleio
8 142.767269 -6.59338730271635 pleio
9 142.808353 -6.45865929599254 pleio
10 142.849436 -6.30770491903897 pleio
11 142.876943 -6.15850177404515 pleio
12 142.880371 -6.01133427390658 pleio
13 142.883799 -5.86675556026143 pleio
14 142.904956 -5.72642273523707 pleio
15 142.989329 -5.71923489732538 pleio
16 143.073701 -5.52675381510219 pleio
17 143.155273 -5.44090489746234 pleio
18 143.159416 -5.37238606148662 pleio
19 143.163559 -5.23293003803809 pleio
20 143.167702 -5.05327431910754 pleio
21 143.171846 -4.86866031907504 pleio
22 143.175989 -4.68068092473442 pleio
23 143.180132 -4.49145371486622 pleio
24 143.240265 -4.28171901448594 pleio
25 143.324863 -3.83333782321755 pleio
26 143.409462 -3.47812811727363 pleio
27 143.484637 -3.35167523205643 pleio
28 143.487347 -3.25777640441638 pleio
29 143.490056 -3.16316994398185 pleio
30 143.492766 -3.07137229859935 pleio
31 143.495555 -2.9823611236343 pleio
32 143.498344 -2.89612231448225 pleio
33 143.501132 -2.81557388518723 pleio
34 143.521072 -2.71055457946102 pleio
35 143.53778 -2.59673351804682 pleio
36 143.554489 -2.39771722824991 pleio
37 143.570345 -2.17558888700467 pleio
38 143.571477 -1.97847539682559 pleio
39 143.572611 -1.81034897739451 pleio
40 143.574439 -1.67271679064018 pleio
41 143.699438 -1.66853769391647 pleio
42 143.824436 -1.41912997608349 pleio
43 143.915168 -1.31774759044729 pleio
44 143.920616 -1.28730070730993 pleio
45 143.926063 -1.24269853480847 pleio
46 143.93182 -1.12494273171641 pleio
47 143.935901 -0.824045779735117 pleio
48 143.939982 -0.561626101463336 pleio
49 143.944917 -0.351527555533685 pleio
50 143.975668 -0.206970689690134 pleio
51 144.013221 -0.122021161761029 pleio
52 144.051716 -0.0791473417467474 pleio
53 144.090211 -0.0809097239139153 pleio
54 144.128706 -0.064726759357763 pleio
55 144.167202 -0.0480867218677178 pleio
56 144.176428 -0.0314267714511853 pleio
57 144.180816 -0.0151922286719232 pleio
58 144.185205 0 pleio
59 144.348163 -0.304285216169745 pleio
60 144.361337 -0.454515813236889 pleio
61 144.363468 -0.504105165792143 pleio
62 144.365599 -0.580570551689951 pleio
63 144.367577 -0.756827623443791 pleio
64 144.375504 -0.99784960244357 pleio
65 144.385418 -1.27978806310879 pleio
66 144.395332 -1.59749066034609 pleio
67 144.407236 -1.74138413108404 pleio
68 144.411293 -1.76852457930394 pleio
69 144.415349 -1.79462072623514 pleio
70 144.419405 -1.81955571814051 pleio
71 144.423461 -1.84324429865783 pleio
72 144.427517 -1.83915438188727 pleio
73 144.431573 -1.82783950094504 pleio
74 144.437408 -1.81355027710059 pleio
75 144.440911 -1.77070593280672 pleio
76 144.442944 -1.73348623182719 pleio
77 144.444976 -1.71159390810655 pleio
78 144.447008 -1.70955970328549 pleio
79 144.44904 -1.72154953334846 pleio
80 144.454745 -1.75699704279441 pleio
81 144.498681 -1.79967820496431 pleio
82 144.558267 -1.8421092843231 pleio
83 144.587405 -1.84980856607836 pleio
84 144.587686 -1.86785042551653 pleio
85 144.587968 -1.88719471589001 pleio
86 144.617027 -1.89983113525728 pleio
87 144.705848 -1.96607077500941 pleio
88 144.716797 -1.99988183730303 pleio
89 144.727745 -2.03519577034642 pleio
90 144.897381 -2.1340278585662 pleio
91 144.903395 -2.24933831277482 pleio
92 144.909409 -2.3724214665477 pleio
93 144.916914 -2.50269912041325 pleio
94 144.947844 -2.60797378252376 pleio
95 144.978774 -2.71376250849363 pleio
96 145.106694 -2.96150738184621 pleio
97 145.224788 -2.65984393185005 pleio
98 145.342881 -2.51748353866768 pleio
99 145.729503 -2.16381894698271 pleio
100 145.916546 -2.0456996788511 pleio
101 146.10359 -1.87978642163387 pleio
102 146.240909 -1.61718377026701 pleio
103 146.283615 -1.50440050964676 pleio
104 146.304543 -1.51321399377929 pleio
105 146.314537 -1.53168829952713 pleio
106 146.319976 -1.55993792907558 pleio
107 146.322338 -1.59795843537853 pleio
108 146.3247 -1.64562169230042 pleio
109 146.327062 -1.70267309448411 pleio
110 146.329424 -1.76873702393977 pleio
111 146.331786 -1.84332462233052 pleio
112 146.334148 -1.9258488242452 pleio
113 146.33651 -1.99337049437489 pleio
114 146.643419 -2.13552551338192 pleio
115 146.654632 -2.15236986845797 pleio
116 146.665844 -2.17358740000143 pleio
117 146.677056 -2.21179350385947 pleio
118 146.688269 -2.26137902196067 pleio
119 146.69133 -2.35169121039528 pleio
120 146.694026 -2.5151139077846 pleio
121 146.696722 -2.75520965130283 pleio
122 146.699418 -3.05918796143129 pleio
123 146.702114 -3.39916663514714 pleio
124 146.70481 -3.45023522341648 pleio
125 146.707507 -3.4287264173033 pleio
126 146.710838 -3.41173436168263 pleio
127 146.716274 -3.39957414218086 pleio
128 146.72171 -3.39247659511284 pleio
129 146.727146 -3.39058436503758 pleio
130 146.734615 -3.37764531220999 pleio
131 146.80381 -3.36668927443562 pleio
132 146.862885 -3.20443087379934 pleio
133 146.863965 -3.01169111508244 pleio
134 146.865044 -2.89946927573931 pleio
135 146.87452 -2.87695312918365 pleio
136 146.889753 -2.92085022811717 pleio
137 146.904986 -2.9793463947626 pleio
138 147.064187 -3.04993283068779 pleio
139 147.069549 -3.1582577494728 pleio
140 147.074911 -3.21152727489721 pleio
141 147.080273 -3.17452152247782 pleio
142 147.089309 -3.17572789850895 pleio
143 147.114764 -3.23774718388302 pleio
144 147.137425 -3.25350671277764 pleio
145 147.157965 -3.24836105637774 pleio
146 147.178504 -3.24892171900117 pleio
147 147.221814 -3.34783314116598 pleio
148 147.253583 -4.08206100194471 pleio
149 147.272554 -4.23263271775058 pleio
150 147.275576 -4.36987520083079 pleio
151 147.278599 -4.51802383103618 pleio
152 147.281622 -4.71999906155024 pleio
153 147.284644 -4.91529373035907 pleio
154 147.286194 -5.09996280560762 pleio
155 147.286753 -5.27058588899472 pleio
156 147.287312 -5.42451073814462 pleio
157 147.287872 -5.56000024278516 pleio
158 147.290648 -5.66927430639659 pleio
159 147.299484 -5.76054664130802 pleio
160 147.327447 -6.52728671211012 pleio
161 147.35561 -6.53891194632256 pleio
162 147.383773 -6.79951276557211 pleio
163 147.397845 -6.75100391528471 pleio
164 147.402328 -6.70271489440713 pleio
165 147.406811 -6.65505872370508 pleio
166 147.411546 -6.60877031459714 pleio
167 147.442387 -6.56423222977179 pleio
168 147.535843 -6.55825509786975 pleio
169 147.551736 -6.54007207525034 pleio
170 147.555599 -6.56150082288386 pleio
171 147.559461 -6.61902768143655 pleio
172 147.563362 -6.68967053565077 pleio
173 147.583398 -6.76870104343101 pleio
174 147.602453 -6.81526989628291 pleio
175 147.621507 -6.84179980905737 pleio
176 147.682611 -6.85521693039266 pleio
177 147.68996 -6.83193641024889 pleio
178 147.695588 -6.72954896750381 pleio
179 147.701215 -6.62402753663506 pleio
180 147.706843 -6.44300767551487 pleio
181 147.719435 -6.20379627889103 pleio
182 147.737975 -6.21685779269953 pleio
183 147.751499 -6.21144172851336 pleio
184 147.760277 -6.21405119254866 pleio
185 147.769056 -6.22231502888902 pleio
186 147.777834 -6.23178064365316 pleio
187 147.786613 -6.46075184982904 pleio
188 147.795391 -6.5073307290067 pleio
189 147.816836 -6.54055090442734 pleio
190 147.850698 -6.65338736746427 pleio
191 147.88456 -6.78816131013521 pleio
192 147.914702 -6.75407412416356 pleio
193 147.91491 -6.70459177219508 pleio
194 147.915116 -6.65659422486289 pleio
195 147.915322 -6.61062939076897 pleio
196 147.915527 -6.56721025564014 pleio
197 147.915733 -6.52679451106765 pleio
198 147.916803 -6.49058282813772 pleio
199 147.923623 -6.46946660997734 pleio
200 147.930444 -6.45433861397303 pleio
201 147.937264 -6.44105627241611 pleio
202 147.944084 -6.40004826300436 pleio
203 147.949324 -6.36184915286977 pleio
204 147.953121 -6.29375318859263 pleio
205 147.956917 -6.22601104171353 pleio
206 147.960714 -6.19118277537544 pleio
207 147.964511 -6.18742982175068 pleio
208 147.968307 -6.21369069422792 pleio
209 147.973733 -6.25376913022963 pleio
210 147.982072 -6.297596129163 pleio
211 147.982175 -6.3593716399717 pleio
212 147.982278 -6.42773859054766 pleio
213 147.986316 -6.52530866688282 pleio
214 147.986987 -6.70759117241519 pleio
215 147.987657 -6.90110408803217 pleio
216 147.988327 -7.10591522109407 pleio
217 147.988998 -7.32065857166121 pleio
218 147.989668 -7.51436053796813 pleio
219 148.006053 -7.6032257109094 pleio
220 148.013144 -7.74029068703271 pleio
221 148.020236 -7.87853754528901 pleio
222 148.027327 -8.01731454649221 pleio
223 148.033269 -8.15588287542298 pleio
224 148.037078 -8.29342593814718 pleio
225 148.040918 -8.40222645377585 pleio
226 148.046494 -8.6356778074462 pleio
227 148.05207 -8.75537601768838 pleio
228 148.180347 -8.77138556901162 pleio
229 148.183086 -8.80921377037881 pleio
230 148.185825 -8.84957336098727 pleio
231 148.188563 -8.88970296010778 pleio
232 148.191302 -8.81791793036731 pleio
233 148.194041 -8.75083945312229 pleio
234 148.19678 -8.71338632177235 pleio
235 148.200032 -8.71532361236531 pleio
236 148.204884 -8.71723088121017 pleio
237 148.213021 -8.73487231463463 pleio
238 148.213171 -8.8668096633028 pleio
239 148.213321 -8.9949676736397 pleio
240 148.326473 -9.12002362694001 pleio
241 148.333368 -9.32781035754708 pleio
242 148.340263 -9.26145581080587 pleio
243 148.347157 -9.19370307386509 pleio
244 148.354052 -9.11990229652544 pleio
245 148.362946 -9.04867293649781 pleio
246 148.380016 -8.98699857964347 pleio
247 148.403283 -8.9675830285482 pleio
248 148.42655 -8.96418181072092 pleio
249 148.430037 -8.96426767394614 pleio
250 148.4319 -8.96337552667275 pleio
251 148.433763 -8.96142073971598 pleio
252 148.435626 -9.05082770559222 pleio
253 148.437489 -9.20632095124919 pleio
254 148.439352 -9.24836468393381 pleio
255 148.441214 -9.22210835839706 pleio
256 148.443077 -9.17384596811835 pleio
257 148.44494 -9.10400836093461 pleio
258 148.446803 -9.01635039024721 pleio
259 148.453459 -8.96602504303742 pleio
260 148.477993 -8.96404929104317 pleio
261 148.493526 -8.96905165775067 pleio
262 148.493644 -8.97509404366635 pleio
263 148.493762 -8.98109852551928 pleio
264 148.502187 -8.92243596300939 pleio
265 148.624196 -8.84612598791911 pleio
266 148.648833 -8.35379211806852 pleio
267 148.673469 -8.42906045058099 pleio
268 148.812084 -8.08776029912875 pleio
269 148.815025 -8.11910869559418 pleio
270 142.490795 -2.11703758339878 profile1
271 142.517426 -2.00388649265478 profile1
272 142.560149 -1.89510835084766 profile1
273 142.602873 -1.7848938382662 profile1
274 142.64402 -1.67282237620637 profile1
275 142.685103 -1.51180687260204 profile1
276 142.726186 -1.37894597759808 profile1
277 142.767269 -1.26628836025321 profile1
278 142.808353 -1.14929269265308 profile1
279 142.849436 -1.02034874902818 profile1
280 142.876943 -0.893564275060655 profile1
281 142.880371 -0.769441984345285 profile1
282 142.883799 -0.648465937504458 profile1
283 142.904956 -0.531626301044115 profile1
284 142.989329 -0.538285079931592 profile1
285 143.073701 -0.415930574571766 profile1
286 143.155273 -0.318769143392003 profile1
287 143.159416 -0.225947896888202 profile1
288 143.163559 -0.137665642161482 profile1
289 143.167702 -0.0632470492742043 profile1
290 143.171846 0.0145185077920622 profile1
291 143.175989 0.0968912711736997 profile1
292 143.180132 0.184535069226045 profile1
293 143.240265 0.280029455654106 profile1
294 143.324863 0.351155764850799 profile1
295 143.409462 0.554378610084868 profile1
296 143.484637 0.607246051072588 profile1
297 143.487347 0.651189422170981 profile1
298 143.490056 0.721538448917806 profile1
299 143.492766 0.789937457850133 profile1
300 143.495555 0.856361828343917 profile1
301 143.498344 0.920778796709395 profile1
302 143.501132 0.983283024204323 profile1
303 143.521072 1.05369578811453 profile1
304 143.53778 1.12164131341763 profile1
305 143.554489 1.22652777214004 profile1
306 143.570345 1.34739547359082 profile1
307 143.571477 1.46587477213743 profile1
308 143.572611 1.58164512258064 profile1
309 143.574439 1.69411617637101 profile1
310 143.699438 1.66141641886402 profile1
311 143.824436 1.86298893860901 profile1
312 143.915168 1.98456968605376 profile1
313 143.920616 1.89283836059705 profile1
314 143.926063 1.81295930366108 profile1
315 143.93182 1.82569031082125 profile1
316 143.935901 1.93349172717217 profile1
317 143.939982 2.02960561102758 profile1
318 143.944917 2.10897925141438 profile1
319 143.975668 2.1654552607483 profile1
320 144.013221 2.25875698441778 profile1
321 144.051716 2.32667474624859 profile1
322 144.090211 2.32120418419686 profile1
323 144.128706 2.33122902689683 profile1
324 144.167202 2.34036573950843 profile1
325 144.176428 2.34894874223106 profile1
326 144.180816 2.35723528962184 profile1
327 144.185205 2.36504061180052 profile1
328 144.348163 2.28721535551072 profile1
329 144.361337 2.13620700336589 profile1
330 144.363468 1.98493646777625 profile1
331 144.365599 1.81551546651785 profile1
332 144.367577 1.60336387334236 profile1
333 144.375504 1.35480152031458 profile1
334 144.385418 1.08185094002868 profile1
335 144.395332 0.790253183304786 profile1
336 144.407236 0.645972950573351 profile1
337 144.411293 0.59582555422165 profile1
338 144.415349 0.546908864339644 profile1
339 144.419405 0.499367606108382 profile1
340 144.423461 0.453316515572681 profile1
341 144.427517 0.449995878653519 profile1
342 144.431573 0.45914729440863 profile1
343 144.437408 0.470505651725353 profile1
344 144.440911 0.491394110375318 profile1
345 144.442944 0.507846261775111 profile1
346 144.444976 0.514200355932914 profile1
347 144.447008 0.508987113449318 profile1
348 144.44904 0.495962370353836 profile1
349 144.454745 0.478828627100412 profile1
350 144.498681 0.458919231693716 profile1
351 144.558267 0.435702394201446 profile1
352 144.587405 0.436086001546157 profile1
353 144.587686 0.457193788183458 profile1
354 144.587968 0.480557140571433 profile1
355 144.617027 0.482253005816972 profile1
356 144.705848 0.466055634255868 profile1
357 144.716797 0.500880470677925 profile1
358 144.727745 0.540048597869763 profile1
359 144.897381 0.499164920236338 profile1
360 144.903395 0.432572466619907 profile1
361 144.909409 0.359628632897234 profile1
362 144.916914 0.280651087169234 profile1
363 144.947844 0.203840653379264 profile1
364 144.978774 0.12395338148389 profile1
365 145.106694 0.273470353134903 profile1
366 145.224788 0.378853749945487 profile1
367 145.342881 0.445950656772871 profile1
368 145.729503 -0.0138757742112089 profile1
369 145.916546 -0.188841101591554 profile1
370 146.10359 -0.288214506225669 profile1
371 146.240909 -0.255527044056145 profile1
372 146.283615 -0.28016570288404 profile1
373 146.304543 -0.300454184130051 profile1
374 146.314537 -0.328977410806026 profile1
375 146.319976 -0.365828769708865 profile1
376 146.322338 -0.410961807315739 profile1
377 146.3247 -0.464185152522969 profile1
378 146.327062 -0.525163633438524 profile1
379 146.329424 -0.593426130409137 profile1
380 146.331786 -0.668380150639976 profile1
381 146.334148 -0.749331176998068 profile1
382 146.33651 -0.972362794048862 profile1
383 146.643419 -1.10507008305394 profile1
384 146.654632 -1.11183859400931 profile1
385 146.665844 -1.12243619932735 profile1
386 146.677056 -1.16829546387775 profile1
387 146.688269 -1.34901324847938 profile1
388 146.69133 -1.64186025764685 profile1
389 146.694026 -1.99226191867619 profile1
390 146.696722 -2.3787290478429 profile1
391 146.699418 -2.76710290913018 profile1
392 146.702114 -3.11966743483022 profile1
393 146.70481 -3.1943819457156 profile1
394 146.707507 -3.20451375337832 profile1
395 146.710838 -3.21435386620629 profile1
396 146.716274 -3.2239224359498 profile1
397 146.72171 -3.23324038934576 profile1
398 146.727146 -3.24232871557579 profile1
399 146.734615 -3.24891063613102 profile1
400 146.80381 -3.2610168585603 profile1
401 146.862885 -3.17681433088581 profile1
402 146.863965 -3.01169111508244 profile1
403 146.865044 -2.85100303881641 profile1
404 146.87452 -2.70303878888957 profile1
405 146.889753 -2.59539151554202 profile1
406 146.904986 -2.58074954461625 profile1
407 147.064187 -2.56152484217141 profile1
408 147.069549 -2.52615006362116 profile1
409 147.074911 -2.47120086509112 profile1
410 147.080273 -2.38579359373588 profile1
411 147.089309 -2.32594585149778 profile1
412 147.114764 -2.30831146490061 profile1
413 147.137425 -2.30722120905951 profile1
414 147.157965 -2.25648214899504 profile1
415 147.178504 -2.19215813455251 profile1
416 147.221814 -2.09239122079003 profile1
417 147.253583 -2.33602264843162 profile1
418 147.272554 -2.49119715537255 profile1
419 147.275576 -2.64569311429231 profile1
420 147.278599 -2.79830773843349 profile1
421 147.281622 -2.93032397424707 profile1
422 147.284644 -3.05167657211795 profile1
423 147.286194 -3.15946800151947 profile1
424 147.286753 -3.25133990467151 profile1
425 147.287312 -3.3256416142042 profile1
426 147.287872 -3.38151450825088 profile1
427 147.290648 -3.44229926345876 profile1
428 147.299484 -3.51159579298021 profile1
429 147.327447 -3.63056918748185 profile1
430 147.35561 -3.62754578908615 profile1
431 147.383773 -3.41561090740046 profile1
432 147.397845 -3.40553988776053 profile1
433 147.402328 -3.39525521246905 profile1
434 147.406811 -3.38466021173198 profile1
435 147.411546 -3.37408674126287 profile1
436 147.442387 -3.36363071918679 profile1
437 147.535843 -3.36145132646978 profile1
438 147.551736 -3.33646495549417 profile1
439 147.555599 -3.34269823757414 profile1
440 147.559461 -3.37572783085334 profile1
441 147.563362 -3.41362270637766 profile1
442 147.583398 -3.44733538299538 profile1
443 147.602453 -3.44249166246982 profile1
444 147.621507 -3.42687601199573 profile1
445 147.682611 -3.42121612602885 profile1
446 147.68996 -3.40992629619158 profile1
447 147.695588 -3.37198910599719 profile1
448 147.701215 -3.3218177395791 profile1
449 147.706843 -3.26471552640207 profile1
450 147.719435 -3.17061313092344 profile1
451 147.737975 -3.16770025758996 profile1
452 147.751499 -3.16711731577604 profile1
453 147.760277 -3.17048843849789 profile1
454 147.769056 -3.17711839250602 profile1
455 147.777834 -3.18441227371719 profile1
456 147.786613 -3.23734314967625 profile1
457 147.795391 -3.33192335666378 profile1
458 147.816836 -3.20777203911957 profile1
459 147.850698 -3.1511894028248 profile1
460 147.88456 -3.10105646577286 profile1
461 147.914702 -3.049351632498 profile1
462 147.91491 -2.99456835340802 profile1
463 147.915116 -2.93902518884293 profile1
464 147.915322 -2.8835175496729 profile1
465 147.915527 -2.82883799102744 profile1
466 147.915733 -2.77573604728818 profile1
467 147.916803 -2.727309788162 profile1
468 147.923623 -2.71897516750713 profile1
469 147.930444 -2.7233692615387 profile1
470 147.937264 -2.72903739188112 profile1
471 147.944084 -2.71059883797452 profile1
472 147.949324 -2.68643543746354 profile1
473 147.953121 -2.65308060972811 profile1
474 147.956917 -2.62163997336426 profile1
475 147.960714 -2.60207621011384 profile1
476 147.964511 -2.59452582207158 profile1
477 147.968307 -2.58855753823429 profile1
478 147.973733 -2.58244016039752 profile1
479 147.982072 -2.58121203051127 profile1
480 147.982175 -2.59171851851417 profile1
481 147.982278 -2.60414205793675 profile1
482 147.986316 -2.62356638396197 profile1
483 147.986987 -2.66884237955827 profile1
484 147.987657 -2.72737739962099 profile1
485 147.988327 -2.79822615751557 profile1
486 147.988998 -2.87895842865609 profile1
487 147.989668 -2.95131725163965 profile1
488 148.006053 -2.97172762078531 profile1
489 148.013144 -2.986247431813 profile1
490 148.020236 -3.00230718510072 profile1
491 148.027327 -3.01981046347349 profile1
492 148.033269 -3.03858977300546 profile1
493 148.037078 -3.05840825317516 profile1
494 148.040918 -3.04627118165232 profile1
495 148.046494 -3.03363977386403 profile1
496 148.05207 -3.00657482228951 profile1
497 148.180347 -2.98039260377733 profile1
498 148.183086 -2.99877182080935 profile1
499 148.185825 -3.01895970276039 profile1
500 148.188563 -3.04047202341747 profile1
501 148.191302 -3.05158502444956 profile1
502 148.194041 -3.06532778933909 profile1
503 148.19678 -3.07618521916161 profile1
504 148.200032 -3.0783515059051 profile1
505 148.204884 -3.08114553753921 profile1
506 148.213021 -3.09165116482447 profile1
507 148.213171 -3.15996288218359 profile1
508 148.213321 -3.23421194041894 profile1
509 148.326473 -3.30859004020845 profile1
510 148.333368 -3.37878463286916 profile1
511 148.340263 -3.35052524472272 profile1
512 148.347157 -3.3273459733814 profile1
513 148.354052 -3.31162374761786 profile1
514 148.362946 -3.29677353443423 profile1
515 148.380016 -3.2829290081762 profile1
516 148.403283 -3.28097603735052 profile1
517 148.42655 -3.28961262980468 profile1
518 148.430037 -3.29195956165018 profile1
519 148.4319 -3.29244648383087 profile1
520 148.433763 -3.29107641325715 profile1
521 148.435626 -3.36094544758308 profile1
522 148.437489 -3.43862365572331 profile1
523 148.439352 -3.4418740910849 profile1
524 148.441214 -3.41933680787995 profile1
525 148.443077 -3.39529430774926 profile1
526 148.44494 -3.37145478405396 profile1
527 148.446803 -3.34946293684017 profile1
528 148.453459 -3.34015625382426 profile1
529 148.477993 -3.34303811390473 profile1
530 148.493526 -3.35523039239036 profile1
531 148.493644 -3.36818446602684 profile1
532 148.493762 -3.38084178956929 profile1
533 148.502187 -3.3825534175319 profile1
534 148.624196 -3.31538083153849 profile1
535 148.648833 -3.28191378207427 profile1
536 148.673469 -3.39506772987301 profile1
537 148.812084 -3.29605727732348 profile1
538 148.815025 -3.29634159443898 profile1
539 142.490795 -3.17737071225734 profile2
540 142.517426 -3.14399881331143 profile2
541 142.560149 -3.1231866210719 profile2
542 142.602873 -3.10237942759579 profile2
543 142.64402 -3.08143799800007 profile2
544 142.685103 -3.05115479460281 profile2
545 142.726186 -3.01870531940151 profile2
546 142.767269 -2.99792899892343 profile2
547 142.808353 -2.97586050383014 profile2
548 142.849436 -2.94885917661571 profile2
549 142.876943 -2.92169107991702 profile2
550 142.880371 -2.89414587588387 profile2
551 142.883799 -2.86631798692071 profile2
552 142.904956 -2.83896511612997 profile2
553 142.989329 -2.82448480553295 profile2
554 143.073701 -2.75530481073335 profile2
555 143.155273 -2.76345383951805 profile2
556 143.159416 -2.78430302386641 profile2
557 143.163559 -2.73293525525045 profile2
558 143.167702 -2.63091098923316 profile2
559 143.171846 -2.52817900462037 profile2
560 143.175989 -2.42743620101888 profile2
561 143.180132 -2.33125950334611 profile2
562 143.240265 -2.21990561669026 profile2
563 143.324863 -1.82342255573006 profile2
564 143.409462 -1.66697267574423 profile2
565 143.484637 -1.58862599326979 profile2
566 143.487347 -1.53617696662362 profile2
567 143.490056 -1.51249630012818 profile2
568 143.492766 -1.49010000175556 profile2
569 143.495555 -1.46892989030001 profile2
570 143.498344 -1.44892538386399 profile2
571 143.501132 -1.4332619352483 profile2
572 143.521072 -1.39922872641145 profile2
573 143.53778 -1.35221623678034 profile2
574 143.554489 -1.26002328941822 profile2
575 143.570345 -1.16199280211364 profile2
576 143.571477 -1.08646472290777 profile2
577 143.572611 -1.03693151504385 profile2
578 143.574439 -1.01425364919437 profile2
579 143.699438 -0.977944484433878 profile2
580 143.824436 -0.934116853671178 profile2
581 143.915168 -0.960263570544581 profile2
582 143.920616 -0.840412431095621 profile2
583 143.926063 -0.717514490483642 profile2
584 143.93182 -0.610403428335135 profile2
585 143.935901 -0.412901164163919 profile2
586 143.939982 -0.241429745156538 profile2
587 143.944917 -0.104687886722758 profile2
588 143.975668 -0.00984509259165727 profile2
589 144.013221 -0.0159567159603109 profile2
590 144.051716 -0.0395119435784423 profile2
591 144.090211 -0.0361478909155736 profile2
592 144.128706 -0.0302370784551681 profile2
593 144.167202 -0.0229278345191172 profile2
594 144.176428 -0.0150171262264225 profile2
595 144.180816 -0.0072310979969834 profile2
596 144.185205 0 profile2
597 144.348163 -0.228126958227309 profile2
598 144.361337 -0.220194546978961 profile2
599 144.363468 -0.109045438177348 profile2
600 144.365599 -0.0124083630219374 profile2
601 144.367577 0.0243447358917295 profile2
602 144.375504 0.0309027624280097 profile2
603 144.385418 0.0177134021073445 profile2
604 144.395332 -0.0156417418177857 profile2
605 144.407236 -0.0188111424181292 profile2
606 144.411293 0.00391794984538343 profile2
607 144.415349 0.0263905791625594 profile2
608 144.419405 0.0485757890482855 profile2
609 144.423461 0.0704430828205356 profile2
610 144.427517 0.0780069628611223 profile2
611 144.431573 0.0804964799238476 profile2
612 144.437408 0.0834729631726881 profile2
613 144.440911 0.103075800513908 profile2
614 144.442944 0.121887108406952 profile2
615 144.444976 0.135712059916571 profile2
616 144.447008 0.141416065367661 profile2
617 144.44904 0.14120573751467 profile2
618 144.454745 0.122182481470088 profile2
619 144.498681 0.0985765946517217 profile2
620 144.558267 0.0784107646391654 profile2
621 144.587405 0.0687371674011187 profile2
622 144.587686 0.0276261420780508 profile2
623 144.587968 -0.0163938247763636 profile2
624 144.617027 -0.0310366524214468 profile2
625 144.705848 -0.079999514563737 profile2
626 144.716797 -0.154669682085807 profile2
627 144.727745 -0.230907494356682 profile2
628 144.897381 -0.287183433940906 profile2
629 144.903395 -0.334406107979288 profile2
630 144.909409 -0.383895465449777 profile2
631 144.916914 -0.435399862551288 profile2
632 144.947844 -0.464586560848165 profile2
633 144.978774 -0.491686921619869 profile2
634 145.106694 -0.870553697493702 profile2
635 145.224788 -0.677972525164147 profile2
636 145.342881 -0.601645581161613 profile2
637 145.729503 0.189191440636164 profile2
638 145.916546 0.468310212691237 profile2
639 146.10359 0.731285203703798 profile2
640 146.240909 0.958509142199237 profile2
641 146.283615 1.09297064823119 profile2
642 146.304543 1.10857467127589 profile2
643 146.314537 1.12243843167055 profile2
644 146.319976 1.13449246165757 profile2
645 146.322338 1.14465095730191 profile2
646 146.3247 1.15281327332509 profile2
647 146.327062 1.15886944357484 profile2
648 146.329424 1.16270386465098 profile2
649 146.331786 1.16420280597951 profile2
650 146.334148 1.16325898858088 profile2
651 146.33651 1.32555989124244 profile2
652 146.643419 1.32686438824535 profile2
653 146.654632 1.31922372127479 profile2
654 146.665844 1.31132235232859 profile2
655 146.677056 1.32039901542004 profile2
656 146.688269 1.46588449709099 profile2
657 146.69133 1.69337111093182 profile2
658 146.694026 1.89564434162503 profile2
659 146.696722 2.04367199875067 profile2
660 146.699418 2.11434441822702 profile2
661 146.702114 2.099250409846 profile2
662 146.70481 2.11531631623576 profile2
663 146.707507 2.14625183647704 profile2
664 146.710838 2.17217899681361 profile2
665 146.716274 2.19280217229434 profile2
666 146.72171 2.20791381875952 profile2
667 146.727146 2.21739760403049 profile2
668 146.734615 2.23608399497336 profile2
669 146.80381 2.25854440374316 profile2
670 146.862885 2.33864379086825 profile2
671 146.863965 2.36504061180052 profile2
672 146.865044 2.30885781404471 profile2
673 146.87452 2.16968257709392 profile2
674 146.889753 2.00437562661892 profile2
675 146.904986 1.92778716382605 profile2
676 147.064187 1.83655502397681 profile2
677 147.069549 1.69289948549895 profile2
678 147.074911 1.58984271432308 profile2
679 147.080273 1.55240738659772 profile2
680 147.089309 1.49852039125062 profile2
681 147.114764 1.41973167965185 profile2
682 147.137425 1.40271608021177 profile2
683 147.157965 1.36517939503274 profile2
684 147.178504 1.31430989684378 profile2
685 147.221814 1.15290331172004 profile2
686 147.253583 0.676020740976445 profile2
687 147.272554 0.674465834686986 profile2
688 147.275576 0.691231230201463 profile2
689 147.278599 0.695941032658345 profile2
690 147.281622 0.628857946878871 profile2
691 147.284644 0.556901414685068 profile2
692 147.286194 0.481113225480278 profile2
693 147.286753 0.402594705682322 profile2
694 147.287312 0.322425463216251 profile2
695 147.287872 0.241590559216439 profile2
696 147.290648 0.191041851777324 profile2
697 147.299484 0.166224382728721 profile2
698 147.327447 -0.475252118717252 profile2
699 147.35561 -0.491966822949835 profile2
700 147.383773 -0.964930237149393 profile2
701 147.397845 -0.928260402365318 profile2
702 147.402328 -0.89208724711378 profile2
703 147.406811 -0.856900182647631 profile2
704 147.411546 -0.823144533711881 profile2
705 147.442387 -0.791093322075691 profile2
706 147.535843 -0.788007997372975 profile2
707 147.551736 -0.797941145996968 profile2
708 147.555599 -0.821293671413735 profile2
709 147.559461 -0.854537621317849 profile2
710 147.563362 -0.896253685374921 profile2
711 147.583398 -0.950667544694545 profile2
712 147.602453 -1.01151697399909 profile2
713 147.621507 -1.06239492748578 profile2
714 147.682611 -1.08341299327274 profile2
715 147.68996 -1.0747805474297 profile2
716 147.695588 -1.02076262336578 profile2
717 147.701215 -0.97669723663145 profile2
718 147.706843 -0.865011539862198 profile2
719 147.719435 -0.735962089284342 profile2
720 147.737975 -0.752651347339399 profile2
721 147.751499 -0.748560027488353 profile2
722 147.760277 -0.748929449491578 profile2
723 147.769056 -0.751875923674547 profile2
724 147.777834 -0.755322587602266 profile2
725 147.786613 -0.922065588555047 profile2
726 147.795391 -0.883077816284422 profile2
727 147.816836 -1.03770610968663 profile2
728 147.850698 -1.21192586030876 profile2
729 147.88456 -1.40200176675219 profile2
730 147.914702 -1.40850167381391 profile2
731 147.91491 -1.41518476026468 profile2
732 147.915116 -1.42443956228801 profile2
733 147.915322 -1.43602019051603 profile2
734 147.915527 -1.44964087494332 profile2
735 147.915733 -1.46499597048944 profile2
736 147.916803 -1.48008215109476 profile2
737 147.923623 -1.46892436681541 profile2
738 147.930444 -1.4519188059872 profile2
739 147.937264 -1.43550428861664 profile2
740 147.944084 -1.4179410008351 profile2
741 147.949324 -1.41041711888342 profile2
742 147.953121 -1.38375772844101 profile2
743 147.956917 -1.35774584033956 profile2
744 147.960714 -1.35441828427034 profile2
745 147.964511 -1.37133779854651 profile2
746 147.968307 -1.41031650445911 profile2
747 147.973733 -1.45944764493893 profile2
748 147.982072 -1.50542936178898 profile2
749 147.982175 -1.5566009458867 profile2
750 147.982278 -1.61234058935656 profile2
751 147.986316 -1.69202472022009 profile2
752 147.986987 -1.83716073402502 profile2
753 147.987657 -1.9809609656866 profile2
754 147.988327 -2.12400731168224 profile2
755 147.988998 -2.26683593387144 profile2
756 147.989668 -2.39561425347206 profile2
757 148.006053 -2.46845714559189 profile2
758 148.013144 -2.58378030132468 profile2
759 148.020236 -2.69893764088884 profile2
760 148.027327 -2.81339243049516 profile2
761 148.033269 -2.9265849423373 profile2
762 148.037078 -3.03793984094567 profile2
763 148.040918 -3.1610555202405 profile2
764 148.046494 -3.41027267162301 profile2
765 148.05207 -3.56508575630983 profile2
766 148.180347 -3.61779173928054 profile2
767 148.183086 -3.63963275091146 profile2
768 148.185825 -3.66234410793604 profile2
769 148.188563 -3.68372168003489 profile2
770 148.191302 -3.60836056615367 profile2
771 148.194041 -3.53542776111204 profile2
772 148.19678 -3.49387059431467 profile2
773 148.200032 -3.49834774125172 profile2
774 148.204884 -3.50242694668421 profile2
775 148.213021 -3.51473337122983 profile2
776 148.213171 -3.58452076222245 profile2
777 148.213321 -3.64637759505877 profile2
778 148.326473 -3.70383876388049 profile2
779 148.333368 -3.82480713870396 profile2
780 148.340263 -3.78292741273746 profile2
781 148.347157 -3.73565006100897 profile2
782 148.354052 -3.6772190232338 profile2
783 148.362946 -3.62034398139776 profile2
784 148.380016 -3.57170148407635 profile2
785 148.403283 -3.55389554166585 profile2
786 148.42655 -3.5425682886266 profile2
787 148.430037 -3.53984985663751 profile2
788 148.4319 -3.53794971571183 profile2
789 148.433763 -3.53679009543478 profile2
790 148.435626 -3.56013572955825 profile2
791 148.437489 -3.63374286604329 profile2
792 148.439352 -3.66442779198416 profile2
793 148.441214 -3.65311440724016 profile2
794 148.443077 -3.62129160141842 profile2
795 148.44494 -3.56827273259897 profile2
796 148.446803 -3.49669511751946 profile2
797 148.453459 -3.45402166319662 profile2
798 148.477993 -3.45067819350975 profile2
799 148.493526 -3.44454779419314 profile2
800 148.493644 -3.43867240380067 profile2
801 148.493762 -3.43305404371339 profile2
802 148.502187 -3.37296242281475 profile2
803 148.624196 -3.37388527741552 profile2
804 148.648833 -2.90612129488792 profile2
805 148.673469 -2.82703474035859 profile2
806 148.812084 -2.5507480538091 profile2
807 148.815025 -2.58704995550104 profile2
