marker_position lod trace
1 142.490795 -6.13098276217252 pleio
2 142.517426 -6.04019026062238 pleio
3 142.560149 -5.97004072298728 pleio
4 142.602873 -5.90101197443301 pleio
5 142.64402 -5.83298599890606 pleio
6 142.685103 -5.99442796900091 pleio
7 142.726186 -6.01237748527979 pleio
8 142.767269 -5.9470135492181 pleio
9 142.808353 -5.88293533716524 pleio
10 142.849436 -5.82234480375834 pleio
11 142.876943 -5.76561843912258 pleio
12 142.880371 -5.71238295468555 pleio
13 142.883799 -5.66270719368774 pleio
14 142.904956 -5.61508774444794 pleio
15 142.989329 -5.67063523932156 pleio
16 143.073701 -5.66763960549804 pleio
17 143.155273 -5.59048642178837 pleio
18 143.159416 -5.47401974155063 pleio
19 143.163559 -5.38741152168442 pleio
20 143.167702 -5.34304329552492 pleio
21 143.171846 -5.29417869263253 pleio
22 143.175989 -5.24279963761515 pleio
23 143.180132 -5.18977009108617 pleio
24 143.240265 -5.11556594987982 pleio
25 143.324863 -4.62025164928649 pleio
26 143.409462 -4.67980350164988 pleio
27 143.484637 -4.6744571396313 pleio
28 143.487347 -4.65712383532215 pleio
29 143.490056 -4.56866830429769 pleio
30 143.492766 -4.48413466444091 pleio
31 143.495555 -4.40389144944483 pleio
32 143.498344 -4.32828711584427 pleio
33 143.501132 -4.2578585170595 pleio
34 143.521072 -4.17963232037078 pleio
35 143.53778 -4.08229202611171 pleio
36 143.554489 -4.07070485145661 pleio
37 143.570345 -4.11299081587606 pleio
38 143.571477 -4.17238972552179 pleio
39 143.572611 -4.24460876054975 pleio
40 143.574439 -4.32512956305021 pleio
41 143.699438 -4.48194961367466 pleio
42 143.824436 -4.22736789352255 pleio
43 143.915168 -4.02099592068158 pleio
44 143.920616 -3.96291140866223 pleio
45 143.926063 -3.92685970334202 pleio
46 143.93182 -3.98431556228134 pleio
47 143.935901 -4.04923705791288 pleio
48 143.939982 -4.1661441625756 pleio
49 143.944917 -4.32908373949404 pleio
50 143.975668 -4.5308280847639 pleio
51 144.013221 -4.56443697359803 pleio
52 144.051716 -4.56860536056115 pleio
53 144.090211 -4.57701219339274 pleio
54 144.128706 -4.57707773526513 pleio
55 144.167202 -4.57723271234623 pleio
56 144.176428 -4.57753152913997 pleio
57 144.180816 -4.57802051560464 pleio
58 144.185205 -4.57882242624535 pleio
59 144.348163 -4.64841587713491 pleio
60 144.361337 -4.59881776110111 pleio
61 144.363468 -4.26118288434549 pleio
62 144.365599 -3.88374155534982 pleio
63 144.367577 -3.71005924617939 pleio
64 144.375504 -3.67879711334774 pleio
65 144.385418 -3.68605616265781 pleio
66 144.395332 -3.73297375475944 pleio
67 144.407236 -3.79347947138142 pleio
68 144.411293 -3.85031148877768 pleio
69 144.415349 -3.91187295745721 pleio
70 144.419405 -3.97761782581435 pleio
71 144.423461 -4.04697684845334 pleio
72 144.427517 -4.0364240830294 pleio
73 144.431573 -4.0171836963288 pleio
74 144.437408 -4.01442793981766 pleio
75 144.440911 -4.01888068172626 pleio
76 144.442944 -4.02481302425302 pleio
77 144.444976 -4.00948877348102 pleio
78 144.447008 -3.98138269946835 pleio
79 144.44904 -3.96107382117603 pleio
80 144.454745 -3.94176720508852 pleio
81 144.498681 -3.92912864899757 pleio
82 144.558267 -3.92364119513736 pleio
83 144.587405 -3.96626464187309 pleio
84 144.587686 -4.05491377090287 pleio
85 144.587968 -4.15343143629153 pleio
86 144.617027 -4.20884046989761 pleio
87 144.705848 -4.11747782921334 pleio
88 144.716797 -4.06730281773025 pleio
89 144.727745 -3.87291347458507 pleio
90 144.897381 -3.84364051275696 pleio
91 144.903395 -3.84808190565099 pleio
92 144.909409 -3.85891919090817 pleio
93 144.916914 -3.8761268938639 pleio
94 144.947844 -3.89423770423101 pleio
95 144.978774 -3.91488091857948 pleio
96 145.106694 -4.08169350410412 pleio
97 145.224788 -3.5501672571249 pleio
98 145.342881 -3.39108925387497 pleio
99 145.729503 -3.63058347378808 pleio
100 145.916546 -3.62854303138487 pleio
101 146.10359 -3.45713959430442 pleio
102 146.240909 -3.34131725929597 pleio
103 146.283615 -2.9578476137125 pleio
104 146.304543 -2.89755540438167 pleio
105 146.314537 -2.84049342233708 pleio
106 146.319976 -2.78712223547616 pleio
107 146.322338 -2.73791152029681 pleio
108 146.3247 -2.693332429957 pleio
109 146.327062 -2.65384164739642 pleio
110 146.329424 -2.61986191687776 pleio
111 146.331786 -2.59177676386284 pleio
112 146.334148 -2.56990932495654 pleio
113 146.33651 -2.65951016091612 pleio
114 146.643419 -2.79380857176804 pleio
115 146.654632 -2.70769333933616 pleio
116 146.665844 -2.61771119869389 pleio
117 146.677056 -2.49895406023672 pleio
118 146.688269 -2.23816813015052 pleio
119 146.69133 -1.88626437138614 pleio
120 146.694026 -1.59214202618878 pleio
121 146.696722 -1.39708534837576 pleio
122 146.699418 -1.33183569034333 pleio
123 146.702114 -1.4042073664162 pleio
124 146.70481 -1.44000258389133 pleio
125 146.707507 -1.45119629139014 pleio
126 146.710838 -1.47103491798099 pleio
127 146.716274 -1.49917401609017 pleio
128 146.72171 -1.5351732258229 pleio
129 146.727146 -1.57850929775433 pleio
130 146.734615 -1.65102245585223 pleio
131 146.80381 -1.68307496349003 pleio
132 146.862885 -1.43929478096908 pleio
133 146.863965 -1.1404106392639 pleio
134 146.865044 -0.957859412731088 pleio
135 146.87452 -0.909187898861549 pleio
136 146.889753 -0.953358439257161 pleio
137 146.904986 -0.934774060559906 pleio
138 147.064187 -1.02181540009589 pleio
139 147.069549 -1.21145337679224 pleio
140 147.074911 -1.33025432010145 pleio
141 147.080273 -1.29813660192107 pleio
142 147.089309 -1.27789751147454 pleio
143 147.114764 -1.25124415936147 pleio
144 147.137425 -1.24883330169204 pleio
145 147.157965 -1.2522306917939 pleio
146 147.178504 -1.16184168204784 pleio
147 147.221814 -0.339557918482633 pleio
148 147.253583 -0.126789629650109 pleio
149 147.272554 -0.0556814261962864 pleio
150 147.275576 0 pleio
151 147.278599 -0.0109995192328091 pleio
152 147.281622 -0.246788378898043 pleio
153 147.284644 -0.501606122953274 pleio
154 147.286194 -0.770682165491458 pleio
155 147.286753 -1.04915550980579 pleio
156 147.287312 -1.33244232515 pleio
157 147.287872 -1.61653772127132 pleio
158 147.290648 -1.83983050013012 pleio
159 147.299484 -2.01595303784627 pleio
160 147.327447 -3.06751349015529 pleio
161 147.35561 -3.03326392015256 pleio
162 147.383773 -2.52544001350172 pleio
163 147.397845 -2.49989026824377 pleio
164 147.402328 -2.47539912926243 pleio
165 147.406811 -2.45188695307962 pleio
166 147.411546 -2.42921554593664 pleio
167 147.442387 -2.40766576314815 pleio
168 147.535843 -2.40158432304879 pleio
169 147.551736 -2.44143534939718 pleio
170 147.555599 -2.4834603275525 pleio
171 147.559461 -2.70687240175781 pleio
172 147.563362 -3.00884317111279 pleio
173 147.583398 -3.73270269553873 pleio
174 147.602453 -4.1688691646355 pleio
175 147.621507 -4.47123087236517 pleio
176 147.682611 -4.53014565564162 pleio
177 147.68996 -4.49937136921895 pleio
178 147.695588 -4.39260388303059 pleio
179 147.701215 -4.29677115490966 pleio
180 147.706843 -4.36856021122493 pleio
181 147.719435 -4.62070805841673 pleio
182 147.737975 -4.62018149655839 pleio
183 147.751499 -4.61648117548443 pleio
184 147.760277 -4.62060751327356 pleio
185 147.769056 -4.63101298411122 pleio
186 147.777834 -4.6438757759412 pleio
187 147.786613 -4.63518397024083 pleio
188 147.795391 -4.34306902099158 pleio
189 147.816836 -4.59286385244746 pleio
190 147.850698 -4.71984629369573 pleio
191 147.88456 -4.82127502938623 pleio
192 147.914702 -4.7689159472603 pleio
193 147.91491 -4.78258074870504 pleio
194 147.915116 -4.8102173279969 pleio
195 147.915322 -4.8513197944318 pleio
196 147.915527 -4.90507721186918 pleio
197 147.915733 -4.97042685857388 pleio
198 147.916803 -5.04456127227181 pleio
199 147.923623 -5.09985684041026 pleio
200 147.930444 -5.13453724387607 pleio
201 147.937264 -5.16740636248098 pleio
202 147.944084 -5.31877864253716 pleio
203 147.949324 -5.51025219594019 pleio
204 147.953121 -5.80681864515944 pleio
205 147.956917 -6.20504541499394 pleio
206 147.960714 -6.62783653615445 pleio
207 147.964511 -7.0503625836699 pleio
208 147.968307 -7.27843890606346 pleio
209 147.973733 -7.37030389617255 pleio
210 147.982072 -7.31933855334474 pleio
211 147.982175 -7.29793994889659 pleio
212 147.982278 -7.27841533584268 pleio
213 147.986316 -7.26564086415155 pleio
214 147.986987 -7.26507302422481 pleio
215 147.987657 -7.26149057990415 pleio
216 147.988327 -7.25964780128199 pleio
217 147.988998 -7.26647061976303 pleio
218 147.989668 -7.33043563522045 pleio
219 148.006053 -7.56244067876758 pleio
220 148.013144 -7.67283602764988 pleio
221 148.020236 -7.7886518182963 pleio
222 148.027327 -7.90908489301559 pleio
223 148.033269 -8.03308563362708 pleio
224 148.037078 -8.1593855226748 pleio
225 148.040918 -8.38126067473921 pleio
226 148.046494 -8.74747955938974 pleio
227 148.05207 -9.08712069621953 pleio
228 148.180347 -9.34005700122385 pleio
229 148.183086 -9.37325189929316 pleio
230 148.185825 -9.39938632713509 pleio
231 148.188563 -9.41661666106818 pleio
232 148.191302 -9.37898780681468 pleio
233 148.194041 -9.36187978134208 pleio
234 148.19678 -9.38106953542107 pleio
235 148.200032 -9.43410466142275 pleio
236 148.204884 -9.49446461934894 pleio
237 148.213021 -9.55798351755918 pleio
238 148.213171 -9.62114777109112 pleio
239 148.213321 -9.68335124172387 pleio
240 148.326473 -9.71975913085859 pleio
241 148.333368 -9.63661794206824 pleio
242 148.340263 -9.50763257951907 pleio
243 148.347157 -9.38758451338689 pleio
244 148.354052 -9.29141609811633 pleio
245 148.362946 -9.1943193807678 pleio
246 148.380016 -9.11921555176594 pleio
247 148.403283 -9.11873521632392 pleio
248 148.42655 -9.13966640615922 pleio
249 148.430037 -9.16862747534758 pleio
250 148.4319 -9.19734532764337 pleio
251 148.433763 -9.22575078882394 pleio
252 148.435626 -9.60996118346887 pleio
253 148.437489 -10.0084649213469 pleio
254 148.439352 -10.1018906297016 pleio
255 148.441214 -10.1024444523634 pleio
256 148.443077 -10.0977093268953 pleio
257 148.44494 -10.0862620190568 pleio
258 148.446803 -10.0680243821686 pleio
259 148.453459 -10.0591787570889 pleio
260 148.477993 -10.0794639899263 pleio
261 148.493526 -10.1142923767441 pleio
262 148.493644 -10.1506502452388 pleio
263 148.493762 -10.1879355123874 pleio
264 148.502187 -10.3685026436635 pleio
265 148.624196 -10.46951316372 pleio
266 148.648833 -10.8836349989384 pleio
267 148.673469 -11.5577565747895 pleio
268 148.812084 -11.0897341822119 pleio
269 148.815025 -11.0812926399648 pleio
270 142.490795 -4.25467660773669 profile1
271 142.517426 -4.18658933903404 profile1
272 142.560149 -4.13462648626259 profile1
273 142.602873 -4.08176499464726 profile1
274 142.64402 -4.02812198445391 profile1
275 142.685103 -4.19596040971738 profile1
276 142.726186 -4.21791032709491 profile1
277 142.767269 -4.16039145794584 profile1
278 142.808353 -4.10913670625561 profile1
279 142.849436 -4.08029236494146 profile1
280 142.876943 -4.05391786755404 profile1
281 142.880371 -4.02984973325162 profile1
282 142.883799 -4.00808365781152 profile1
283 142.904956 -3.98503132450598 profile1
284 142.989329 -3.99844256621955 profile1
285 143.073701 -4.00805892776603 profile1
286 143.155273 -3.98164351152259 profile1
287 143.159416 -3.96363354050775 profile1
288 143.163559 -3.91464466835435 profile1
289 143.167702 -3.8486356465127 profile1
290 143.171846 -3.77748631086863 profile1
291 143.175989 -3.70314515362178 profile1
292 143.180132 -3.62670398153462 profile1
293 143.240265 -3.57542095020552 profile1
294 143.324863 -3.62803239116206 profile1
295 143.409462 -3.79627305922172 profile1
296 143.484637 -3.81684826705394 profile1
297 143.487347 -3.8488646981249 profile1
298 143.490056 -3.8216887100534 profile1
299 143.492766 -3.79612820802392 profile1
300 143.495555 -3.77216295145113 profile1
301 143.498344 -3.7497694648763 profile1
302 143.501132 -3.72929326495528 profile1
303 143.521072 -3.70121225908699 profile1
304 143.53778 -3.66460784676069 profile1
305 143.554489 -3.71939285299436 profile1
306 143.570345 -3.82165141869094 profile1
307 143.571477 -3.92756770546099 profile1
308 143.572611 -4.03166834311094 profile1
309 143.574439 -4.12862600967926 profile1
310 143.824436 -4.06560838079104 profile1
311 143.915168 -3.8844006535137 profile1
312 143.920616 -3.9050466106725 profile1
313 143.926063 -3.92685970334202 profile1
314 143.93182 -3.95542822411144 profile1
315 144.367577 -3.21776297819772 profile1
316 144.375504 -3.09848781257086 profile1
317 144.385418 -2.99227305289332 profile1
318 144.395332 -2.90265302344193 profile1
319 144.407236 -2.88088966298166 profile1
320 144.411293 -2.89226704717401 profile1
321 144.415349 -2.90398204785119 profile1
322 144.419405 -2.91606459549369 profile1
323 144.423461 -2.92853732253179 profile1
324 144.427517 -2.87876182277085 profile1
325 144.431573 -2.82309577241424 profile1
326 144.437408 -2.78436874573725 profile1
327 144.440911 -2.77845670998665 profile1
328 144.442944 -2.7730628697266 profile1
329 144.444976 -2.74622829508356 profile1
330 144.447008 -2.70419763539268 profile1
331 144.44904 -2.66646810942391 profile1
332 144.454745 -2.63877160208391 profile1
333 144.498681 -2.61510645908277 profile1
334 144.558267 -2.5989149412747 profile1
335 144.587405 -2.59851853498145 profile1
336 144.587686 -2.61014658057428 profile1
337 144.587968 -2.62360752472628 profile1
338 144.617027 -2.62646450857827 profile1
339 144.705848 -2.64813204564246 profile1
340 144.716797 -2.73836712702518 profile1
341 144.727745 -2.64552238185208 profile1
342 144.897381 -2.59574263202844 profile1
343 144.903395 -2.55547179063719 profile1
344 144.909409 -2.51859470810276 profile1
345 144.916914 -2.485294514108 profile1
346 144.947844 -2.46137214915713 profile1
347 144.978774 -2.43978255070569 profile1
348 145.106694 -2.40778741938846 profile1
349 145.224788 -2.33221558595919 profile1
350 145.342881 -2.31313830177647 profile1
351 145.729503 -1.6425870767632 profile1
352 146.319976 -0.951150802949186 profile1
353 146.322338 -0.8759510744143 profile1
354 146.3247 -0.802116431879927 profile1
355 146.327062 -0.73046088431112 profile1
356 146.329424 -0.661779566142114 profile1
357 146.331786 -0.596829515382812 profile1
358 146.334148 -0.536296928338747 profile1
359 146.33651 -0.48473436863936 profile1
360 146.643419 -0.469265945215616 profile1
361 146.654632 -0.373803005257323 profile1
362 146.665844 -0.271067977435153 profile1
363 146.677056 -0.146264192834417 profile1
364 146.688269 0.0721526434958814 profile1
365 146.69133 0.363019739035077 profile1
366 146.694026 0.583976742230423 profile1
367 146.696722 0.692438776646167 profile1
368 146.699418 0.658681507204404 profile1
369 146.702114 0.479728232733615 profile1
370 146.70481 0.380966126766765 profile1
371 146.707507 0.317448589986695 profile1
372 146.710838 0.244696752193835 profile1
373 146.716274 0.163371503390961 profile1
374 146.72171 0.0742421983304617 profile1
375 146.727146 -0.0218348556856535 profile1
376 146.734615 -0.145454890053473 profile1
377 146.80381 -0.191267331845069 profile1
378 146.862885 0.0243566796481754 profile1
379 146.863965 0.26775202780553 profile1
380 146.865044 0.418217187671504 profile1
381 146.87452 0.460237977717765 profile1
382 146.889753 0.420188430993887 profile1
383 146.904986 0.421707124492316 profile1
384 147.064187 0.302194943781227 profile1
385 147.069549 -0.0449646936525148 profile1
386 147.074911 -0.233335789617491 profile1
387 147.080273 -0.155253160234514 profile1
388 147.089309 -0.0961816529187269 profile1
389 147.114764 -0.0508680591541043 profile1
390 147.137425 -0.0447659862351454 profile1
391 147.157965 -0.0342700075994497 profile1
392 147.178504 0.0116641475373334 profile1
393 147.221814 0.0690951416865907 profile1
394 147.253583 -0.0584651291752822 profile1
395 147.272554 -0.0401461034799467 profile1
396 147.275576 0 profile1
397 147.278599 0.000850776586944667 profile1
398 147.281622 -0.094565143826747 profile1
399 147.284644 -0.212166585564006 profile1
400 143.699438 -4.29237605989708 profile1
401 143.935901 -3.98166716192205 profile1
402 143.939982 -3.98730905515968 profile1
403 143.944917 -4.00848997138912 profile1
404 143.975668 -4.04458995334038 profile1
405 144.013221 -4.06537740228368 profile1
406 144.051716 -4.08327473998285 profile1
407 144.090211 -4.09397157811606 profile1
408 144.128706 -4.09512219403145 profile1
409 144.167202 -4.09515205982314 profile1
410 144.176428 -4.09465703158222 profile1
411 144.180816 -4.09419190455417 profile1
412 144.185205 -4.09414273188606 profile1
413 144.348163 -4.1904101460535 profile1
414 144.361337 -4.21837163386371 profile1
415 144.363468 -3.86084837343378 profile1
416 144.365599 -3.44802993899799 profile1
417 145.916546 -1.51080531587757 profile1
418 146.10359 -1.452606814225 profile1
419 146.240909 -1.43085281567791 profile1
420 146.283615 -1.17592347658931 profile1
421 146.304543 -1.10173402323567 profile1
422 146.314537 -1.02664735646817 profile1
423 147.286194 -0.345531395302365 profile1
424 147.286753 -0.495580882841815 profile1
425 147.287312 -0.66018651816723 profile1
426 147.287872 -0.836251915221257 profile1
427 147.290648 -0.995718505110632 profile1
428 147.299484 -1.13946638745901 profile1
429 147.327447 -1.71006109351681 profile1
430 147.35561 -1.69934860670327 profile1
431 147.383773 -1.66903545560965 profile1
432 147.397845 -1.62452944885564 profile1
433 147.402328 -1.5801459455711 profile1
434 147.406811 -1.53609594513141 profile1
435 147.411546 -1.49243239528741 profile1
436 147.442387 -1.44958715421173 profile1
437 147.535843 -1.43898625171705 profile1
438 147.551736 -1.39854459339244 profile1
439 147.555599 -1.36038139287844 profile1
440 147.559461 -1.46986632668306 profile1
441 147.563362 -1.63721376598155 profile1
442 147.583398 -2.35245986548735 profile1
443 147.602453 -2.64607529386739 profile1
444 147.621507 -2.78976364250087 profile1
445 147.682611 -2.81780322531993 profile1
446 147.68996 -2.80026045270612 profile1
447 147.695588 -2.73819584057014 profile1
448 147.701215 -2.67864834063337 profile1
449 147.706843 -2.69066455085451 profile1
450 147.719435 -2.82173811715417 profile1
451 147.737975 -2.80947801551866 profile1
452 147.751499 -2.79563207330949 profile1
453 147.760277 -2.78154524407397 profile1
454 147.769056 -2.76478048156421 profile1
455 147.777834 -2.74768769166988 profile1
456 147.786613 -2.51542025095642 profile1
457 147.795391 -2.35977749030667 profile1
458 147.816836 -2.63214729851187 profile1
459 147.850698 -2.75349488009867 profile1
460 147.88456 -2.87641253265793 profile1
461 147.914702 -2.9033916411871 profile1
462 147.91491 -2.87777758347933 profile1
463 147.915116 -2.85306331635751 profile1
464 147.915322 -2.82965274736101 profile1
465 147.915527 -2.80792372901478 profile1
466 147.915733 -2.78821060787429 profile1
467 147.916803 -2.77315980133824 profile1
468 147.923623 -2.79769007784702 profile1
469 147.930444 -2.8249880059022 profile1
470 147.937264 -2.85246576289098 profile1
471 147.944084 -2.91163454009715 profile1
472 147.949324 -2.98627296797479 profile1
473 147.953121 -3.12254756845833 profile1
474 147.956917 -3.33251684715342 profile1
475 147.960714 -3.57057247780126 profile1
476 147.964511 -3.81488022799074 profile1
477 147.968307 -3.96637576359555 profile1
478 147.973733 -4.04870810797102 profile1
479 147.982072 -4.05116935701052 profile1
480 147.982175 -4.06296981954236 profile1
481 147.982278 -4.07392532582915 profile1
482 147.986316 -4.13079560482308 profile1
483 147.986987 -4.32405723922117 profile1
484 147.987657 -4.47898874749472 profile1
485 147.988327 -4.58659438577089 profile1
486 147.988998 -4.64501201274559 profile1
487 147.989668 -4.67358516391262 profile1
488 148.006053 -4.73767003039669 profile1
489 148.013144 -4.77322415725065 profile1
490 148.020236 -4.80710540877731 profile1
491 148.027327 -4.83885662755435 profile1
492 148.033269 -4.86804657013934 profile1
493 148.037078 -4.89429433272626 profile1
494 148.040918 -4.99813564001992 profile1
495 148.046494 -5.23159179286692 profile1
496 148.05207 -5.42866756898588 profile1
497 148.180347 -5.54674302208798 profile1
498 148.183086 -5.5491405220855 profile1
499 148.185825 -5.54505098217374 profile1
500 148.188563 -5.53561466282559 profile1
501 148.191302 -5.55782353820111 profile1
502 148.194041 -5.57306348560386 profile1
503 148.19678 -5.58826584046377 profile1
504 148.200032 -5.61434017200479 profile1
505 148.204884 -5.64679352728349 profile1
506 148.213021 -5.67565738241295 profile1
507 148.213171 -5.66688313190798 profile1
508 148.213321 -5.65985104735546 profile1
509 148.326473 -5.65002992444665 profile1
510 148.333368 -5.68580146471534 profile1
511 148.340263 -5.65351645431972 profile1
512 148.347157 -5.6284898261563 profile1
513 148.354052 -5.61564189589592 profile1
514 148.362946 -5.60464024366748 profile1
515 148.380016 -5.59891665644454 profile1
516 148.403283 -5.60195045488192 profile1
517 148.42655 -5.60761986638262 profile1
518 148.430037 -5.62104606854141 profile1
519 148.4319 -5.63354973821661 profile1
520 148.433763 -5.64509217147258 profile1
521 148.435626 -5.74488973090705 profile1
522 148.437489 -5.89563933146839 profile1
523 148.439352 -5.92890401199403 profile1
524 148.441214 -5.90023890096591 profile1
525 148.443077 -5.85689395917934 profile1
526 148.44494 -5.80020467510343 profile1
527 148.446803 -5.7338494414309 profile1
528 148.453459 -5.69512317463215 profile1
529 148.477993 -5.70165256423124 profile1
530 148.493526 -5.71432212934749 profile1
531 148.493644 -5.7274653678878 profile1
532 148.493762 -5.74113416924092 profile1
533 148.502187 -5.92023128837954 profile1
534 148.624196 -5.93764329530182 profile1
535 148.648833 -5.90177461885807 profile1
536 148.673469 -6.26265848734575 profile1
537 148.812084 -6.20119370272936 profile1
538 148.815025 -6.20123090169784 profile1
539 142.490795 -2.72991578349739 profile2
540 142.517426 -2.69023443543421 profile2
541 142.560149 -2.65227317464658 profile2
542 142.602873 -2.61572241786264 profile2
543 142.64402 -2.58047839210058 profile2
544 142.685103 -2.56760214446419 profile2
545 142.726186 -2.54494806583093 profile2
546 142.767269 -2.51567547858936 profile2
547 142.808353 -2.48271117720739 profile2
548 142.849436 -2.43490737455206 profile2
549 142.876943 -2.38870148075519 profile2
550 142.880371 -2.34401767344289 profile2
551 142.883799 -2.30101992329695 profile2
552 142.904956 -2.2614875238556 profile2
553 142.989329 -2.27398449867088 profile2
554 143.073701 -2.22651288104094 profile2
555 143.155273 -2.20452535110359 profile2
556 143.159416 -2.16515696193106 profile2
557 143.163559 -2.13887472940291 profile2
558 143.167702 -2.1364247553673 profile2
559 143.171846 -2.13628464498839 profile2
560 143.175989 -2.1386028648277 profile2
561 143.180132 -2.1432626481877 profile2
562 143.240265 -2.10375035431832 profile2
563 143.324863 -1.59256135531798 profile2
564 143.409462 -1.47124651237517 profile2
565 143.484637 -1.43663762034215 profile2
566 143.487347 -1.39061923483889 profile2
567 143.490056 -1.33072387177398 profile2
568 143.492766 -1.27334760051312 profile2
569 143.495555 -1.21880085006137 profile2
570 143.498344 -1.16738613785118 profile2
571 143.501132 -1.11885460458431 profile2
572 143.521072 -1.06447638310079 profile2
573 143.53778 -0.994345748900084 profile2
574 143.554489 -0.90184137803038 profile2
575 143.570345 -0.816685871297146 profile2
576 143.571477 -0.756887663884485 profile2
577 143.572611 -0.724134167483438 profile2
578 143.574439 -0.718772129058657 profile2
579 143.699438 -0.706923453760519 profile2
580 143.824436 -0.639690570503831 profile2
581 143.915168 -0.58679365660066 profile2
582 143.920616 -0.529144472648549 profile2
583 143.926063 -0.489290828403079 profile2
584 143.93182 -0.501368848997607 profile2
585 143.935901 -0.524629820759737 profile2
586 143.939982 -0.601030687827267 profile2
587 143.944917 -0.72503060565597 profile2
588 143.975668 -0.888860181056172 profile2
589 144.013221 -0.913682321617682 profile2
590 144.051716 -0.911080868930088 profile2
591 144.090211 -0.913527462066754 profile2
592 144.128706 -0.915726435420123 profile2
593 144.167202 -0.919001438358754 profile2
594 144.176428 -0.922896399171359 profile2
595 144.180816 -0.92697026013176 profile2
596 144.185205 -0.930977885070922 profile2
597 144.348163 -0.938783786371172 profile2
598 144.361337 -0.842213435576084 profile2
599 144.363468 -0.794803941044248 profile2
600 144.365599 -0.780327243983452 profile2
601 144.367577 -0.824172092301027 profile2
602 144.375504 -0.91690051467304 profile2
603 144.385418 -1.04394030731762 profile2
604 144.395332 -1.20218716335154 profile2
605 144.407236 -1.29088926239372 profile2
606 144.411293 -1.33055719474454 profile2
607 144.415349 -1.37434278602661 profile2
608 144.419405 -1.42165011831593 profile2
609 144.423461 -1.47186019342721 profile2
610 144.427517 -1.51236098613276 profile2
611 144.431573 -1.55169203369653 profile2
612 144.437408 -1.58949702909771 profile2
613 144.440911 -1.59620243884325 profile2
614 144.442944 -1.60301667130506 profile2
615 144.444976 -1.6056950113612 profile2
616 144.447008 -1.60915062853783 profile2
617 144.44904 -1.61816852386973 profile2
618 144.454745 -1.62848928303722 profile2
619 144.498681 -1.64422650724597 profile2
620 144.558267 -1.65986915252334 profile2
621 144.587405 -1.70598789296108 profile2
622 144.587686 -1.7894549038785 profile2
623 144.587968 -1.87775178603204 profile2
624 144.617027 -1.92957817311504 profile2
625 144.705848 -1.7530683159102 profile2
626 144.716797 -1.53525811832179 profile2
627 144.727745 -1.39611637079125 profile2
628 144.897381 -1.40698439005305 profile2
629 144.903395 -1.44761712223646 profile2
630 144.909409 -1.49358402723925 profile2
631 144.916914 -1.54470659694402 profile2
632 144.947844 -1.59014924629196 profile2
633 144.978774 -1.6370490229538 profile2
634 145.106694 -1.86011221062099 profile2
635 145.224788 -1.38461615747219 profile2
636 145.342881 -1.24179859244533 profile2
637 145.729503 -1.92658345179047 profile2
638 145.916546 -2.02563017401851 profile2
639 146.10359 -1.88823696704966 profile2
640 146.240909 -1.78486880470332 profile2
641 146.283615 -1.60572918435054 profile2
642 146.304543 -1.61216205399736 profile2
643 146.314537 -1.62354101245323 profile2
644 146.319976 -1.63973121537357 profile2
645 146.322338 -1.66053947739457 profile2
646 146.3247 -1.68572022812884 profile2
647 146.327062 -1.71498395377761 profile2
648 146.329424 -1.74800648308046 profile2
649 146.331786 -1.78444149869371 profile2
650 146.334148 -1.82393111440707 profile2
651 146.33651 -1.97498343142683 profile2
652 146.643419 -2.13983819606474 profile2
653 146.654632 -2.14185123323624 profile2
654 146.665844 -2.14854264440795 profile2
655 146.677056 -2.15004888500137 profile2
656 146.688269 -2.01847936758717 profile2
657 146.69133 -1.80359412919406 profile2
658 146.694026 -1.59214202618878 profile2
659 146.696722 -1.39708534837576 profile2
660 146.699418 -1.22424640541626 profile2
661 146.702114 -1.11095591620427 profile2
662 146.70481 -1.05131306523984 profile2
663 146.707507 -0.997194604555304 profile2
664 146.710838 -0.945960608145673 profile2
665 146.716274 -0.897867558129731 profile2
666 146.72171 -0.853120675213773 profile2
667 146.727146 -0.811871003278652 profile2
668 146.734615 -0.775917125429107 profile2
669 146.80381 -0.769655089053752 profile2
670 146.862885 -0.680521983568647 profile2
671 146.863965 -0.564697704054277 profile2
672 146.865044 -0.525728252372387 profile2
673 146.87452 -0.567881042417987 profile2
674 146.889753 -0.633469046087292 profile2
675 146.904986 -0.606699562170082 profile2
676 147.064187 -0.568975049075595 profile2
677 147.069549 -0.456048854471451 profile2
678 147.074911 -0.419283965323011 profile2
679 147.080273 -0.450587543008048 profile2
680 147.089309 -0.481637596159149 profile2
681 147.114764 -0.502748134087724 profile2
682 147.137425 -0.507952847315244 profile2
683 147.157965 -0.509494529439811 profile2
684 147.178504 -0.453920184603181 profile2
685 147.221814 0.291104197675099 profile2
686 147.253583 0.590636302145705 profile2
687 147.272554 0.657437653857962 profile2
688 147.275576 0.692438776646167 profile2
689 147.278599 0.686713698665312 profile2
690 147.281622 0.550917603567321 profile2
691 147.284644 0.405391899489337 profile2
692 147.286194 0.253305963091742 profile2
693 147.286753 0.0978123483501812 profile2
694 147.287312 -0.0582115158879663 profile2
695 147.287872 -0.21236364107165 profile2
696 147.290648 -0.326439234372661 profile2
697 147.299484 -0.410718566104671 profile2
698 147.327447 -1.18265404003967 profile2
699 147.35561 -1.1681527572453 profile2
700 147.383773 -0.742144887577688 profile2
701 147.397845 -0.762890250725734 profile2
702 147.402328 -0.78545958228708 profile2
703 147.406811 -0.809562039412347 profile2
704 147.411546 -0.835120840664567 profile2
705 147.442387 -0.861955140628581 profile2
706 147.535843 -0.867923675602591 profile2
707 147.551736 -0.956726978146137 profile2
708 147.555599 -1.04328826477229 profile2
709 147.559461 -1.19787485281165 profile2
710 147.563362 -1.39345181801491 profile2
711 147.583398 -1.48770876544142 profile2
712 147.602453 -1.70014623729655 profile2
713 147.621507 -1.92824090395954 profile2
714 147.682611 -1.97276007594522 profile2
715 147.68996 -1.96541926011958 profile2
716 147.695588 -1.93949294802686 profile2
717 147.701215 -1.92704665745112 profile2
718 147.706843 -2.00661612900337 profile2
719 147.719435 -2.14532009205491 profile2
720 147.737975 -2.15947689597488 profile2
721 147.751499 -2.17076904856323 profile2
722 147.760277 -2.19015723193573 profile2
723 147.769056 -2.21838485475371 profile2
724 147.777834 -2.24889158767371 profile2
725 147.786613 -2.49601858842865 profile2
726 147.795391 -2.48246678348778 profile2
727 147.816836 -2.53763199413915 profile2
728 147.850698 -2.57800935743511 profile2
729 147.88456 -2.58776548171989 profile2
730 147.914702 -2.53802353380725 profile2
731 147.91491 -2.57247531074056 profile2
732 147.915116 -2.61704073211766 profile2
733 147.915322 -2.67097401814384 profile2
734 147.915527 -2.73330920814666 profile2
735 147.915733 -2.80291891015914 profile2
736 147.916803 -2.87589483444679 profile2
737 147.923623 -2.90924558219322 profile2
738 147.930444 -2.92423640996544 profile2
739 147.937264 -2.93772305480855 profile2
740 147.944084 -3.04298281842084 profile2
741 147.949324 -3.18017023194306 profile2
742 147.953121 -3.3692652575522 profile2
743 147.956917 -3.58789178264158 profile2
744 147.960714 -3.79764503199236 profile2
745 147.964511 -3.99250989246681 profile2
746 147.968307 -4.07836691044746 profile2
747 147.973733 -4.10135593141075 profile2
748 147.982072 -4.07143082254137 profile2
749 147.982175 -4.05769230504112 profile2
750 147.982278 -4.04526592685488 profile2
751 147.986316 -4.00317080338866 profile2
752 147.986987 -3.86425205370898 profile2
753 147.987657 -3.74451695763037 profile2
754 147.988327 -3.65607275861754 profile2
755 147.988998 -3.60824334951552 profile2
756 147.989668 -3.63390578869767 profile2
757 148.006053 -3.79167721974481 profile2
758 148.013144 -3.87819352747472 profile2
759 148.020236 -3.97270996914582 profile2
760 148.027327 -4.07468653663021 profile2
761 148.033269 -4.18325553682061 profile2
762 148.037078 -4.29723958186904 profile2
763 148.040918 -4.43341222547641 profile2
764 148.046494 -4.59997986356504 profile2
765 148.05207 -4.77075906190152 profile2
766 148.180347 -4.92381090929291 profile2
767 148.183086 -4.97022267137137 profile2
768 148.185825 -5.01393008003841 profile2
769 148.188563 -5.05218827679939 profile2
770 148.191302 -5.00569084845921 profile2
771 148.194041 -4.97730616756657 profile2
772 148.19678 -4.9800195281456 profile2
773 148.200032 -5.00999369234064 profile2
774 148.204884 -5.04146545065524 profile2
775 148.213021 -5.08258445652155 profile2
776 148.213171 -5.1807124317167 profile2
777 148.213321 -5.274184211231 profile2
778 148.326473 -5.33761523931698 profile2
779 148.333368 -5.19919918452037 profile2
780 148.340263 -5.07785785046577 profile2
781 148.347157 -4.96158122868439 profile2
782 148.354052 -4.86437530854158 profile2
783 148.362946 -4.76501489126622 profile2
784 148.380016 -4.68379362061294 profile2
785 148.403283 -4.67566120641447 profile2
786 148.42655 -4.68921410265977 profile2
787 148.430037 -4.70143766880618 profile2
788 148.4319 -4.71327142927693 profile2
789 148.433763 -4.72467454328817 profile2
790 148.435626 -4.99994992284329 profile2
791 148.437489 -5.17744176552433 profile2
792 148.439352 -5.21149209080033 profile2
793 148.441214 -5.2386277208432 profile2
794 148.443077 -5.26932860509901 profile2
795 148.44494 -5.30195041375648 profile2
796 148.446803 -5.33467866902551 profile2
797 148.453459 -5.35527990519346 profile2
798 148.477993 -5.36490523115783 profile2
799 148.493526 -5.38146774229754 profile2
800 148.493644 -5.39887745070282 profile2
801 148.493762 -5.41644975373605 profile2
802 148.502187 -5.37845073126067 profile2
803 148.624196 -5.44364233710865 profile2
804 148.648833 -5.81251226737156 profile2
805 148.673469 -6.17575319946493 profile2
806 148.812084 -5.87330960516471 profile2
807 148.815025 -5.86587616995502 profile2
