marker_position lod trace
1 142.490795 -10.2496571639082 pleio
2 142.517426 -10.1866697093383 pleio
3 142.560149 -10.1278854602975 pleio
4 142.602873 -10.0657339019642 pleio
5 142.64402 -9.99984390119488 pleio
6 142.685103 -9.6525452678002 pleio
7 142.726186 -9.50854749562614 pleio
8 142.767269 -9.43519086194242 pleio
9 142.808353 -9.34448202175779 pleio
10 142.849436 -9.20688840611207 pleio
11 142.876943 -9.06662281806347 pleio
12 142.880371 -8.92386133691609 pleio
13 142.883799 -8.77927705670119 pleio
14 142.904956 -8.63757063858651 pleio
15 142.989329 -8.56574543318159 pleio
16 143.073701 -8.5029911651778 pleio
17 143.155273 -8.39514771749017 pleio
18 143.159416 -8.26337008747769 pleio
19 143.163559 -8.14567014394605 pleio
20 143.167702 -8.02281777765217 pleio
21 143.171846 -7.88014164751635 pleio
22 143.175989 -7.72016339707907 pleio
23 143.180132 -7.54615483119375 pleio
24 143.240265 -7.35541324614463 pleio
25 143.324863 -7.19796815844638 pleio
26 143.409462 -7.15751573305912 pleio
27 143.484637 -6.98447107968871 pleio
28 143.487347 -6.78656738699945 pleio
29 143.490056 -6.62405250989504 pleio
30 143.492766 -6.46263968903631 pleio
31 143.495555 -6.30286607472339 pleio
32 143.498344 -6.14525077920222 pleio
33 143.501132 -5.97840109745283 pleio
34 143.521072 -5.86907985979372 pleio
35 143.53778 -5.79193527343917 pleio
36 143.554489 -5.54703459632799 pleio
37 143.570345 -5.20779815123516 pleio
38 143.571477 -4.85458008264725 pleio
39 143.572611 -4.49942159176129 pleio
40 143.574439 -4.15636738619549 pleio
41 143.699438 -3.88195634654946 pleio
42 143.824436 -3.92590441075997 pleio
43 143.915168 -3.83170368061889 pleio
44 143.920616 -3.88913439843645 pleio
45 143.926063 -3.9521243845785 pleio
46 143.93182 -3.66018482514773 pleio
47 143.935901 -3.06980546242618 pleio
48 143.939982 -2.51901698353406 pleio
49 143.944917 -2.0323886372399 pleio
50 143.975668 -1.63189410596886 pleio
51 144.013221 -1.39151093083131 pleio
52 144.051716 -1.22591812526316 pleio
53 144.090211 -1.1905159198734 pleio
54 144.128706 -1.18592316157158 pleio
55 144.167202 -1.18189979349853 pleio
56 144.176428 -1.17822811174462 pleio
57 144.180816 -1.17474471157763 pleio
58 144.185205 -1.17089381498733 pleio
59 144.348163 -1.40361879515262 pleio
60 144.361337 -1.66992440812703 pleio
61 144.363468 -1.36691592273864 pleio
62 144.365599 -1.13273878489906 pleio
63 144.367577 -0.880362706072489 pleio
64 144.375504 -0.620752627549332 pleio
65 144.385418 -0.451225624904715 pleio
66 144.395332 -0.369896273313664 pleio
67 144.407236 -0.29826747273969 pleio
68 144.411293 -0.207039869321576 pleio
69 144.415349 -0.126795067446443 pleio
70 144.419405 -0.057756941755645 pleio
71 144.423461 0 pleio
72 144.427517 -0.0692303160630468 pleio
73 144.431573 -0.195774480507122 pleio
74 144.437408 -0.334971035344241 pleio
75 144.440911 -0.370202529596596 pleio
76 144.442944 -0.409583410161714 pleio
77 144.444976 -0.441860267207452 pleio
78 144.447008 -0.472860685602298 pleio
79 144.44904 -0.512374320002661 pleio
80 144.454745 -0.51298039881128 pleio
81 144.498681 -0.519964084310996 pleio
82 144.558267 -0.525032334623416 pleio
83 144.587405 -0.472292604185795 pleio
84 144.587686 -0.416079438293378 pleio
85 144.587968 -0.364993585275639 pleio
86 144.617027 -0.323543024696502 pleio
87 144.705848 -0.375929161862552 pleio
88 144.716797 -0.767437278352993 pleio
89 144.727745 -1.15752273812662 pleio
90 144.897381 -1.39723632898997 pleio
91 144.903395 -1.59562897433347 pleio
92 144.909409 -1.79996734220206 pleio
93 144.916914 -2.00927459943621 pleio
94 144.947844 -2.19055519365846 pleio
95 144.978774 -2.37086185180995 pleio
96 145.106694 -3.09706653820202 pleio
97 145.224788 -2.04259931498147 pleio
98 145.342881 -2.12346591648132 pleio
99 145.729503 -2.38496839539078 pleio
100 145.916546 -2.49548794992499 pleio
101 146.10359 -2.49001567630847 pleio
102 146.240909 -2.7383330074694 pleio
103 146.283615 -2.7011611964866 pleio
104 146.304543 -2.62610796807667 pleio
105 146.314537 -2.56306823784598 pleio
106 146.319976 -2.51273554009556 pleio
107 146.322338 -2.47566084057783 pleio
108 146.3247 -2.45223397010815 pleio
109 146.327062 -2.44266586534643 pleio
110 146.329424 -2.44697620789482 pleio
111 146.331786 -2.46499946741512 pleio
112 146.334148 -2.49638703741056 pleio
113 146.33651 -2.52938166672267 pleio
114 146.643419 -2.68244191533904 pleio
115 146.654632 -2.71393155043045 pleio
116 146.665844 -2.75787375836311 pleio
117 146.677056 -2.80732166261949 pleio
118 146.688269 -2.99488328364238 pleio
119 146.69133 -3.34304581451639 pleio
120 146.694026 -3.76159433573425 pleio
121 146.696722 -4.22562492114331 pleio
122 146.699418 -4.69717073603406 pleio
123 146.702114 -5.13544073560428 pleio
124 146.70481 -5.25044427552435 pleio
125 146.707507 -5.28816419859019 pleio
126 146.710838 -5.32776860538705 pleio
127 146.716274 -5.36897497598206 pleio
128 146.72171 -5.41149689879717 pleio
129 146.727146 -5.45505118550984 pleio
130 146.734615 -5.50698182674102 pleio
131 146.80381 -5.53810249184055 pleio
132 146.862885 -5.52617780838293 pleio
133 146.863965 -5.47700255917913 pleio
134 146.865044 -5.43688649062545 pleio
135 146.87452 -5.40577086135077 pleio
136 146.889753 -5.40983694744186 pleio
137 146.904986 -5.49025691836146 pleio
138 147.064187 -5.84053494544894 pleio
139 147.069549 -5.99877055748321 pleio
140 147.074911 -6.07165965595562 pleio
141 147.080273 -6.08463571867305 pleio
142 147.089309 -6.12223473194533 pleio
143 147.114764 -6.18249198521876 pleio
144 147.137425 -6.1974988603405 pleio
145 147.157965 -6.18648181158692 pleio
146 147.178504 -6.16849588263001 pleio
147 147.221814 -5.87549991893282 pleio
148 147.253583 -5.8525575080864 pleio
149 147.272554 -5.73447456822081 pleio
150 147.275576 -5.62598630574469 pleio
151 147.278599 -5.54101394558204 pleio
152 147.281622 -5.64742093178637 pleio
153 147.284644 -5.75489773708761 pleio
154 147.286194 -5.86083502569943 pleio
155 147.286753 -5.96296959405439 pleio
156 147.287312 -6.05954952918065 pleio
157 147.287872 -6.14942571286734 pleio
158 147.290648 -6.20817979138097 pleio
159 147.299484 -6.24183018043211 pleio
160 147.327447 -6.43032606747522 pleio
161 147.35561 -6.38707231134166 pleio
162 147.383773 -6.53481316437787 pleio
163 147.397845 -6.46112007717612 pleio
164 147.402328 -6.38779697878406 pleio
165 147.406811 -6.31512481563601 pleio
166 147.411546 -6.2430174192802 pleio
167 147.442387 -6.17175860895684 pleio
168 147.535843 -6.14734950719735 pleio
169 147.551736 -6.26159931269457 pleio
170 147.555599 -6.47039092785421 pleio
171 147.559461 -6.5468910003126 pleio
172 147.563362 -6.58507265718464 pleio
173 147.583398 -6.36919388893904 pleio
174 147.602453 -6.24309931066868 pleio
175 147.621507 -6.18931904366083 pleio
176 147.682611 -6.17934739908255 pleio
177 147.68996 -6.15559370433061 pleio
178 147.695588 -6.08486515969659 pleio
179 147.701215 -6.01127611350617 pleio
180 147.706843 -5.91732678957416 pleio
181 147.719435 -5.95915366765867 pleio
182 147.737975 -5.96376228725184 pleio
183 147.751499 -5.97873564105508 pleio
184 147.760277 -6.00005594126915 pleio
185 147.769056 -6.03145150813765 pleio
186 147.777834 -6.07195163703609 pleio
187 147.786613 -6.22404432257051 pleio
188 147.795391 -6.59601551030235 pleio
189 147.816836 -6.72477983709484 pleio
190 147.850698 -6.7736049305168 pleio
191 147.88456 -6.87091737833773 pleio
192 147.914702 -6.6071118847887 pleio
193 147.91491 -6.59146310578411 pleio
194 147.915116 -6.58173905623396 pleio
195 147.915322 -6.57843180524808 pleio
196 147.915527 -6.58195988254358 pleio
197 147.915733 -6.5926335752564 pleio
198 147.916803 -6.61128598173742 pleio
199 147.923623 -6.64626204162092 pleio
200 147.930444 -6.67817129786554 pleio
201 147.937264 -6.7122816270098 pleio
202 147.944084 -6.78312716193415 pleio
203 147.949324 -6.87731461962719 pleio
204 147.953121 -7.14664803672583 pleio
205 147.956917 -7.53268357989085 pleio
206 147.960714 -7.90590572538672 pleio
207 147.964511 -8.2394753277438 pleio
208 147.968307 -8.39532222213534 pleio
209 147.973733 -8.44022401246936 pleio
210 147.982072 -8.37910745045305 pleio
211 147.982175 -8.34067042704097 pleio
212 147.982278 -8.29912978385054 pleio
213 147.986316 -8.29375063349595 pleio
214 147.986987 -8.47939592403046 pleio
215 147.987657 -8.76619338161401 pleio
216 147.988327 -9.13982046507585 pleio
217 147.988998 -9.57365823541473 pleio
218 147.989668 -9.946523873005 pleio
219 148.006053 -9.9880364912077 pleio
220 148.013144 -10.0465391155089 pleio
221 148.020236 -10.1164137736406 pleio
222 148.027327 -10.196644949895 pleio
223 148.033269 -10.2857245618169 pleio
224 148.037078 -10.3817024373252 pleio
225 148.040918 -10.4703802605027 pleio
226 148.046494 -10.5950468757194 pleio
227 148.05207 -10.759601472006 pleio
228 148.180347 -10.9248674160813 pleio
229 148.183086 -11.012775933838 pleio
230 148.185825 -11.1051580031496 pleio
231 148.188563 -11.1982107942413 pleio
232 148.191302 -11.185958489128 pleio
233 148.194041 -11.1850711259862 pleio
234 148.19678 -11.1930837026847 pleio
235 148.200032 -11.1998784955789 pleio
236 148.204884 -11.2057459699465 pleio
237 148.213021 -11.2182433145671 pleio
238 148.213171 -11.2701457870733 pleio
239 148.213321 -11.3166493350404 pleio
240 148.326473 -11.3499897651174 pleio
241 148.333368 -11.2659629087496 pleio
242 148.340263 -11.2010649536705 pleio
243 148.347157 -11.1341107715395 pleio
244 148.354052 -11.0693424173924 pleio
245 148.362946 -11.0033298584182 pleio
246 148.380016 -10.9356967291161 pleio
247 148.403283 -10.9051738995722 pleio
248 148.42655 -10.9164513819439 pleio
249 148.430037 -10.9258042365995 pleio
250 148.4319 -10.932514047949 pleio
251 148.433763 -10.9366253241309 pleio
252 148.435626 -10.9013644193118 pleio
253 148.437489 -11.0348370840497 pleio
254 148.439352 -11.144749356114 pleio
255 148.441214 -11.1997548068223 pleio
256 148.443077 -11.2555038989009 pleio
257 148.44494 -11.3107494127505 pleio
258 148.446803 -11.3641690211594 pleio
259 148.453459 -11.3935228903632 pleio
260 148.477993 -11.4016293541221 pleio
261 148.493526 -11.4013355973491 pleio
262 148.493644 -11.3991597730065 pleio
263 148.493762 -11.3961051745511 pleio
264 148.502187 -11.3199212027945 pleio
265 148.624196 -11.3723224451542 pleio
266 148.648833 -11.4209901117594 pleio
267 148.673469 -11.5930351858289 pleio
268 148.812084 -11.6597453774677 pleio
269 148.815025 -11.646761948282 pleio
270 142.490795 -5.39507354709251 profile1
271 142.517426 -5.38282649284284 profile1
272 142.560149 -5.36254268377124 profile1
273 142.602873 -5.34072169588276 profile1
274 142.64402 -5.31729630895272 profile1
275 142.685103 -5.09999457255869 profile1
276 142.726186 -5.01602365458624 profile1
277 142.767269 -4.98821946948091 profile1
278 142.808353 -4.95569947450077 profile1
279 142.849436 -4.91152661762669 profile1
280 142.876943 -4.86732853446114 profile1
281 142.880371 -4.82302511661616 profile1
282 142.883799 -4.77880749767601 profile1
283 142.904956 -4.73551077304633 profile1
284 142.989329 -4.71945463150204 profile1
285 143.073701 -4.70911990563803 profile1
286 143.155273 -4.65422944989889 profile1
287 143.159416 -4.57761888569152 profile1
288 143.163559 -4.52257481211282 profile1
289 143.167702 -4.46574060976616 profile1
290 143.171846 -4.39396493725282 profile1
291 143.175989 -4.30906085156112 profile1
292 143.180132 -4.21348248059662 profile1
293 143.240265 -4.11057765905923 profile1
294 143.324863 -3.92981811613257 profile1
295 143.409462 -3.8818090870357 profile1
296 143.484637 -3.82041827773146 profile1
297 143.487347 -3.73811980153771 profile1
298 143.490056 -3.6604601540918 profile1
299 143.492766 -3.58269239408889 profile1
300 143.495555 -3.50498343668776 profile1
301 143.498344 -3.42749518906097 profile1
302 143.501132 -3.33810634606344 profile1
303 143.521072 -3.26796961204346 profile1
304 143.53778 -3.20469162022437 profile1
305 143.554489 -3.04058634125298 profile1
306 143.570345 -2.83041094315339 profile1
307 143.571477 -2.62325893464274 profile1
308 143.572611 -2.42514793174892 profile1
309 143.574439 -2.24174335802174 profile1
310 143.699438 -2.18589997827549 profile1
311 143.824436 -2.32301815824125 profile1
312 143.915168 -2.24654335337324 profile1
313 143.920616 -2.20754655535104 profile1
314 143.926063 -2.18081857096593 profile1
315 143.93182 -1.91096570980737 profile1
316 143.935901 -1.45465248955807 profile1
317 143.939982 -1.00198145466362 profile1
318 143.944917 -0.573288891709433 profile1
319 143.975668 -0.187783661602558 profile1
320 144.013221 0.107007690226565 profile1
321 144.051716 0.329611637558401 profile1
322 144.090211 0.371283219685546 profile1
323 144.128706 0.372833476654628 profile1
324 144.167202 0.374273314068456 profile1
325 144.176428 0.375684017103701 profile1
326 144.180816 0.377086196441495 profile1
327 144.185205 0.378600803362472 profile1
328 144.348163 0.233195260404093 profile1
329 144.361337 -0.14531474122425 profile1
330 144.363468 -0.112403698670247 profile1
331 144.365599 -0.125735450892208 profile1
332 144.367577 -0.0976335306399477 profile1
333 144.375504 -0.0621306991487769 profile1
334 144.385418 -0.0927540755980334 profile1
335 144.395332 -0.184522799060853 profile1
336 144.407236 -0.194105602432845 profile1
337 144.411293 -0.136867781687935 profile1
338 144.415349 -0.0853132086072085 profile1
339 144.419405 -0.0396523246630932 profile1
340 144.423461 0 profile1
341 144.427517 -0.0245196892528581 profile1
342 144.431573 -0.0743806180015096 profile1
343 144.437408 -0.126188255745592 profile1
344 144.440911 -0.119438348428925 profile1
345 144.442944 -0.113396877495683 profile1
346 144.444976 -0.0961963197939893 profile1
347 144.447008 -0.0713592056054217 profile1
348 144.44904 -0.0494742565460337 profile1
349 144.454745 -0.0339086991455842 profile1
350 144.498681 -0.0202952355319563 profile1
351 144.558267 -0.00932806258107772 profile1
352 144.587405 -0.000888578562681836 profile1
353 144.587686 0.00892685392608971 profile1
354 144.587968 0.0167138097929058 profile1
355 144.617027 0.0226186993857836 profile1
356 144.705848 0.164593093251749 profile1
357 144.716797 0.0573718911794753 profile1
358 144.727745 -0.304846696246873 profile1
359 144.897381 -0.429593327936596 profile1
360 144.903395 -0.490775183059006 profile1
361 144.909409 -0.553977443884481 profile1
362 144.916914 -0.618889553513834 profile1
363 144.947844 -0.685400984604968 profile1
364 144.978774 -0.753305492470041 profile1
365 145.106694 -1.17565488693668 profile1
366 145.224788 -0.545135071616873 profile1
367 145.342881 -0.57788222079965 profile1
368 145.729503 -0.59081155947791 profile1
369 145.916546 -0.619885128355149 profile1
370 146.10359 -0.650634940926382 profile1
371 146.240909 -0.951094225579071 profile1
372 146.283615 -1.00178760612789 profile1
373 146.304543 -1.02355028041132 profile1
374 146.314537 -1.05273520482972 profile1
375 146.319976 -1.08933311892607 profile1
376 146.322338 -1.13321067067391 profile1
377 146.3247 -1.18411128674498 profile1
378 146.327062 -1.24165926729428 profile1
379 146.329424 -1.30536770313222 profile1
380 146.331786 -1.37465858068854 profile1
381 146.334148 -1.44887900233444 profile1
382 146.33651 -1.56834982770869 profile1
383 146.643419 -1.72179196123459 profile1
384 146.654632 -1.77238610155793 profile1
385 146.665844 -1.8328823614642 profile1
386 146.677056 -1.93597628715891 profile1
387 146.688269 -2.17350724931565 profile1
388 146.69133 -2.42651218223637 profile1
389 146.694026 -2.7130574083359 profile1
390 146.696722 -3.0164030575893 profile1
391 146.699418 -3.31339461089033 profile1
392 146.702114 -3.58102167538331 profile1
393 146.70481 -3.66845658955192 profile1
394 146.707507 -3.7143712743 profile1
395 146.710838 -3.76098687320784 profile1
396 146.716274 -3.80803271464204 profile1
397 146.72171 -3.85523964644399 profile1
398 146.727146 -3.90234629393118 profile1
399 146.734615 -3.95316436269143 profile1
400 146.80381 -3.97932022031944 profile1
401 146.862885 -4.07909602762179 profile1
402 146.863965 -4.2406932498719 profile1
403 146.865044 -4.40948305908034 profile1
404 146.87452 -4.57764739699564 profile1
405 146.889753 -4.72581855207543 profile1
406 146.904986 -4.81476717518189 profile1
407 147.064187 -4.94811128563302 profile1
408 147.069549 -4.90293213386389 profile1
409 147.074911 -4.86826675843317 profile1
410 147.080273 -4.84634870820512 profile1
411 147.089309 -4.83656466148488 profile1
412 147.114764 -4.83893007606743 profile1
413 147.137425 -4.84080368571095 profile1
414 147.157965 -4.8403810286712 profile1
415 147.178504 -4.83883320158037 profile1
416 147.221814 -4.9746721738713 profile1
417 147.253583 -5.14412730607552 profile1
418 147.272554 -5.07638936288358 profile1
419 147.275576 -4.99328270861917 profile1
420 147.278599 -4.91304494497568 profile1
421 147.281622 -4.90832590150747 profile1
422 147.284644 -4.90222612537404 profile1
423 147.286194 -4.89483305480133 profile1
424 147.286753 -4.8863469325012 profile1
425 147.287312 -4.87706836479742 profile1
426 147.287872 -4.86737263172759 profile1
427 147.290648 -4.84982865798885 profile1
428 147.299484 -4.82583637406449 profile1
429 147.327447 -4.81342527894037 profile1
430 147.35561 -4.83111544879265 profile1
431 147.383773 -5.02382438722003 profile1
432 147.397845 -5.02593422821984 profile1
433 147.402328 -5.02786378224247 profile1
434 147.406811 -5.02964342507702 profile1
435 147.411546 -5.03085396780982 profile1
436 147.442387 -5.03125810285726 profile1
437 147.535843 -5.02656981405842 profile1
438 147.551736 -5.09427632636719 profile1
439 147.555599 -5.23316958729887 profile1
440 147.559461 -5.2290400176022 profile1
441 147.563362 -5.18273585937649 profile1
442 147.583398 -5.01860421387571 profile1
443 147.602453 -4.99399348537155 profile1
444 147.621507 -5.01586732572878 profile1
445 147.682611 -5.02940003430779 profile1
446 147.68996 -5.02021776907603 profile1
447 147.695588 -4.96183098480033 profile1
448 147.701215 -4.89678942443956 profile1
449 147.706843 -4.75368829679436 profile1
450 147.719435 -4.59082608712029 profile1
451 147.737975 -4.60116893256815 profile1
452 147.751499 -4.63355626706251 profile1
453 147.760277 -4.67826057738528 profile1
454 147.769056 -4.72463999263776 profile1
455 147.777834 -4.77417631592473 profile1
456 147.786613 -4.96468757501016 profile1
457 147.795391 -5.40170931786397 profile1
458 147.816836 -5.58464137446872 profile1
459 147.850698 -5.58863047303975 profile1
460 147.88456 -5.57737368038526 profile1
461 147.914702 -5.39226840444758 profile1
462 147.91491 -5.38215169331561 profile1
463 147.915116 -5.37208713965723 profile1
464 147.915322 -5.36194680245162 profile1
465 147.915527 -5.35163006396259 profile1
466 147.915733 -5.34106851282669 profile1
467 147.916803 -5.33040540364185 profile1
468 147.923623 -5.32268176574034 profile1
469 147.930444 -5.31217985504564 profile1
470 147.937264 -5.30169963056599 profile1
471 147.944084 -5.29667810662395 profile1
472 147.949324 -5.29309969572482 profile1
473 147.953121 -5.44213008845282 profile1
474 147.956917 -5.67113560329792 profile1
475 147.960714 -5.85906890712824 profile1
476 147.964511 -5.99038184393361 profile1
477 147.968307 -6.01012119217072 profile1
478 147.973733 -5.9850176916617 profile1
479 147.982072 -5.94326727746086 profile1
480 147.982175 -5.90824064967354 profile1
481 147.982278 -5.86908958972053 profile1
482 147.986316 -5.83131594901121 profile1
483 147.986987 -5.80966657555605 profile1
484 147.987657 -5.79005492474189 profile1
485 147.988327 -5.77444683353785 profile1
486 147.988998 -5.76431650367752 profile1
487 147.989668 -5.76130257994945 profile1
488 148.006053 -5.76508976830988 profile1
489 148.013144 -5.76904631135687 profile1
490 148.020236 -5.77171577112051 profile1
491 148.027327 -5.77285931525477 profile1
492 148.033269 -5.77223818604319 profile1
493 148.037078 -5.76962392339543 profile1
494 148.040918 -5.76725354206535 profile1
495 148.046494 -5.76971847600468 profile1
496 148.05207 -5.77005522962236 profile1
497 148.180347 -5.76945775166929 profile1
498 148.183086 -5.7788536472321 profile1
499 148.185825 -5.78852485259982 profile1
500 148.188563 -5.79794667962485 profile1
501 148.191302 -5.78668548917825 profile1
502 148.194041 -5.77623139865375 profile1
503 148.19678 -5.7592919459298 profile1
504 148.200032 -5.72831682386573 profile1
505 148.204884 -5.69778040203776 profile1
506 148.213021 -5.6653567361973 profile1
507 148.213171 -5.61541410739266 profile1
508 148.213321 -5.56853581184546 profile1
509 148.326473 -5.53067945329524 profile1
510 148.333368 -5.52159086229378 profile1
511 148.340263 -5.50935829684048 profile1
512 148.347157 -5.49936160672227 profile1
513 148.354052 -5.5015874320524 profile1
514 148.362946 -5.5036991842089 profile1
515 148.380016 -5.5062061076439 profile1
516 148.403283 -5.50846742650591 profile1
517 148.42655 -5.51199379883485 profile1
518 148.430037 -5.51497518413634 profile1
519 148.4319 -5.51348241042268 profile1
520 148.433763 -5.50751264929822 profile1
521 148.435626 -5.50925357525314 profile1
522 148.437489 -5.50467619308823 profile1
523 148.439352 -5.51172258342096 profile1
524 148.441214 -5.52198207254984 profile1
525 148.443077 -5.53067494435897 profile1
526 148.44494 -5.53784928424733 profile1
527 148.446803 -5.54359458839352 profile1
528 148.453459 -5.54613219728243 profile1
529 148.477993 -5.54654793215228 profile1
530 148.493526 -5.54025572432554 profile1
531 148.493644 -5.53300654138884 profile1
532 148.493762 -5.52555863476949 profile1
533 148.502187 -5.57008313747871 profile1
534 148.624196 -5.57247119953551 profile1
535 148.648833 -5.54599726189023 profile1
536 148.673469 -5.34321858418772 profile1
537 148.812084 -5.39107046286526 profile1
538 148.815025 -5.36970129622745 profile1
539 142.490795 -4.67774562007385 profile2
540 142.517426 -4.62170331338044 profile2
541 142.560149 -4.57776322333352 profile2
542 142.602873 -4.53202411227698 profile2
543 142.64402 -4.48417844225554 profile2
544 142.685103 -4.34753683249262 profile2
545 142.726186 -4.28087998943551 profile2
546 142.767269 -4.23024415812159 profile2
547 142.808353 -4.16751638984605 profile2
548 142.849436 -4.07077795429025 profile2
549 142.876943 -3.97126281426276 profile2
550 142.880371 -3.86922863181945 profile2
551 142.883799 -3.76515318652966 profile2
552 142.904956 -3.66286000898003 profile2
553 142.989329 -3.6013944954288 profile2
554 143.073701 -3.54593952686043 profile2
555 143.155273 -3.49004098778942 profile2
556 143.159416 -3.43256673818088 profile2
557 143.163559 -3.36327773483921 profile2
558 143.167702 -3.28618550876353 profile2
559 143.171846 -3.20452209229362 profile2
560 143.175989 -3.11932825550059 profile2
561 143.180132 -3.03167657226219 profile2
562 143.240265 -2.93505053958891 profile2
563 143.324863 -2.94188676749231 profile2
564 143.409462 -2.94527495628684 profile2
565 143.484637 -2.83379884039148 profile2
566 143.487347 -2.71739424288242 profile2
567 143.490056 -2.6309963064802 profile2
568 143.492766 -2.54615967397109 profile2
569 143.495555 -2.46324039789629 profile2
570 143.498344 -2.38257984807576 profile2
571 143.501132 -2.30449839766234 profile2
572 143.521072 -2.26455284028821 profile2
573 143.53778 -2.24976280226446 profile2
574 143.554489 -2.16293402730632 profile2
575 143.570345 -2.02603875454495 profile2
576 143.571477 -1.87314858989041 profile2
577 143.572611 -1.71065595299315 profile2
578 143.574439 -1.54718476046779 profile2
579 143.699438 -1.32592870497325 profile2
580 143.824436 -1.23456579600018 profile2
581 143.915168 -1.2167596409562 profile2
582 143.920616 -1.30801692536375 profile2
583 143.926063 -1.39426756927787 profile2
584 143.93182 -1.36715689666582 profile2
585 143.935901 -1.2324271238339 profile2
586 143.939982 -1.1350710037182 profile2
587 143.944917 -1.0787781691528 profile2
588 143.975668 -1.06562396308447 profile2
589 144.013221 -1.12072880679476 profile2
590 144.051716 -1.17734486624884 profile2
591 144.090211 -1.18335852454892 profile2
592 144.128706 -1.18029400086392 profile2
593 144.167202 -1.17768281454354 profile2
594 144.176428 -1.17538881610635 profile2
595 144.180816 -1.17327005540204 profile2
596 144.185205 -1.17089381498733 profile2
597 144.348163 -1.26249031313551 profile2
598 144.361337 -1.15474956380142 profile2
599 144.363468 -0.881642209040746 profile2
600 144.365599 -0.629007684316841 profile2
601 144.367577 -0.401645194281359 profile2
602 144.375504 -0.178469285882553 profile2
603 144.385418 0.0190958439381925 profile2
604 144.395332 0.188022076170751 profile2
605 144.407236 0.267798807562074 profile2
606 144.411293 0.302889903025159 profile2
607 144.415349 0.333065124041242 profile2
608 144.419405 0.358295757634734 profile2
609 144.423461 0.378600803362472 profile2
610 144.427517 0.335806629898946 profile2
611 144.431573 0.26207819719201 profile2
612 144.437408 0.178524645294278 profile2
613 144.440911 0.137775480115974 profile2
614 144.442944 0.0936703667318203 profile2
615 144.444976 0.0458577212825113 profile2
616 144.447008 -0.00833208097904343 profile2
617 144.44904 -0.0684364054226155 profile2
618 144.454745 -0.0851547307812287 profile2
619 144.498681 -0.106691780091964 profile2
620 144.558267 -0.124030555891986 profile2
621 144.587405 -0.0803948217823369 profile2
622 144.587686 -0.0347623402683977 profile2
623 144.587968 0.00774856276171165 profile2
624 144.617027 0.0427817665600198 profile2
625 144.705848 -0.152828851021937 profile2
626 144.716797 -0.433949139083226 profile2
627 144.727745 -0.459790477106599 profile2
628 144.897381 -0.572826104634122 profile2
629 144.903395 -0.70850721746606 profile2
630 144.909409 -0.848738317386942 profile2
631 144.916914 -0.992861500645871 profile2
632 144.947844 -1.10869177331114 profile2
633 144.978774 -1.22276136065192 profile2
634 145.106694 -1.5419435127102 profile2
635 145.224788 -1.09618400563547 profile2
636 145.342881 -1.14539143338171 profile2
637 145.729503 -1.39987060546602 profile2
638 145.916546 -1.48034212103594 profile2
639 146.10359 -1.4439570586615 profile2
640 146.240909 -1.39142619417687 profile2
641 146.283615 -1.30532344792852 profile2
642 146.304543 -1.21084703496333 profile2
643 146.314537 -1.12146354634213 profile2
644 146.319976 -1.03787466154335 profile2
645 146.322338 -0.960750045476253 profile2
646 146.3247 -0.890707263984478 profile2
647 146.327062 -0.828290172789563 profile2
648 146.329424 -0.773949791450058 profile2
649 146.331786 -0.728032137556154 profile2
650 146.334148 -0.690766865104809 profile2
651 146.33651 -0.616338123573408 profile2
652 146.643419 -0.621270018445774 profile2
653 146.654632 -0.600236553345403 profile2
654 146.665844 -0.581271585407883 profile2
655 146.677056 -0.526627337192131 profile2
656 146.688269 -0.481040016624556 profile2
657 146.69133 -0.581092980927666 profile2
658 146.694026 -0.719721920934952 profile2
659 146.696722 -0.888040694587871 profile2
660 146.699418 -1.07023754775427 profile2
661 146.702114 -1.24765593896445 profile2
662 146.70481 -1.27648259372273 profile2
663 146.707507 -1.26818968104661 profile2
664 146.710838 -1.26109804986855 profile2
665 146.716274 -1.2551999596859 profile2
666 146.72171 -1.25048206293712 profile2
667 146.727146 -1.24692621637411 profile2
668 146.734615 -1.24827002351633 profile2
669 146.80381 -1.25357732398582 profile2
670 146.862885 -1.1412485690692 profile2
671 146.863965 -0.928815265327179 profile2
672 146.865044 -0.718629075856849 profile2
673 146.87452 -0.518484428365256 profile2
674 146.889753 -0.37345264779657 profile2
675 146.904986 -0.362917616456524 profile2
676 147.064187 -0.579100419228879 profile2
677 147.069549 -0.786021840710781 profile2
678 147.074911 -0.893957088783466 profile2
679 147.080273 -0.926645949652454 profile2
680 147.089309 -0.972572004041456 profile2
681 147.114764 -1.02977579369128 profile2
682 147.137425 -1.04285797556371 profile2
683 147.157965 -1.03252380683092 profile2
684 147.178504 -1.01623194905602 profile2
685 147.221814 -0.576722586097912 profile2
686 147.253583 -0.363143837671267 profile2
687 147.272554 -0.311015237521695 profile2
688 147.275576 -0.283867042738051 profile2
689 147.278599 -0.278257527645969 profile2
690 147.281622 -0.396383409181734 profile2
691 147.284644 -0.516968254380215 profile2
692 147.286194 -0.637158833183559 profile2
693 147.286753 -0.75435666856725 profile2
694 147.287312 -0.866405902291858 profile2
695 147.287872 -0.971715569448271 profile2
696 147.290648 -1.05333113839828 profile2
697 147.299484 -1.1158314090167 profile2
698 147.327447 -1.35111308208355 profile2
699 147.35561 -1.28979257483451 profile2
700 147.383773 -1.24494885794304 profile2
701 147.397845 -1.168533014336 profile2
702 147.402328 -1.0926367807085 profile2
703 147.406811 -1.01751528526606 profile2
704 147.411546 -0.943521440360864 profile2
705 147.442387 -0.871196798220245 profile2
706 147.535843 -0.851946858418934 profile2
707 147.551736 -0.9019375459196 profile2
708 147.555599 -0.974903625698763 profile2
709 147.559461 -1.06224563291813 profile2
710 147.563362 -1.15435990818121 profile2
711 147.583398 -1.10948642935013 profile2
712 147.602453 -1.01663000734238 profile2
713 147.621507 -0.948942754796495 profile2
714 147.682611 -0.927100955689131 profile2
715 147.68996 -0.911849058701528 profile2
716 147.695588 -0.896134732397499 profile2
717 147.701215 -0.883760593517246 profile2
718 147.706843 -0.922832078380479 profile2
719 147.719435 -1.11377015889224 profile2
720 147.737975 -1.10708791157396 profile2
721 147.751499 -1.09098810204915 profile2
722 147.760277 -1.06951149805464 profile2
723 147.769056 -1.05608712147582 profile2
724 147.777834 -1.04875553423711 profile2
725 147.786613 -1.0131855527951 profile2
726 147.795391 -0.940109152544888 profile2
727 147.816836 -0.879979550025724 profile2
728 147.850698 -0.918234390724792 profile2
729 147.88456 -1.02040038980335 profile2
730 147.914702 -0.938561514506029 profile2
731 147.91491 -0.929881828951139 profile2
732 147.915116 -0.927216391373676 profile2
733 147.915322 -0.931186274120638 profile2
734 147.915527 -0.942301128420391 profile2
735 147.915733 -0.960921808174789 profile2
736 147.916803 -0.987757439418268 profile2
737 147.923623 -1.02867257753684 profile2
738 147.930444 -1.06923971495426 profile2
739 147.937264 -1.11199286235473 profile2
740 147.944084 -1.18525526347478 profile2
741 147.949324 -1.28031531066806 profile2
742 147.953121 -1.39737418191804 profile2
743 147.956917 -1.55124632598827 profile2
744 147.960714 -1.73427846201262 profile2
745 147.964511 -1.93534403780429 profile2
746 147.968307 -2.07143611162374 profile2
747 147.973733 -2.14211118547881 profile2
748 147.982072 -2.12381930626541 profile2
749 147.982175 -2.12147437906175 profile2
750 147.982278 -2.11994219307294 profile2
751 147.986316 -2.15254693552843 profile2
752 147.986987 -2.3590704909204 profile2
753 147.987657 -2.66577305380643 profile2
754 147.988327 -3.05658710887495 profile2
755 147.988998 -3.50345379550381 profile2
756 147.989668 -3.88297437762501 profile2
757 148.006053 -3.92331405667082 profile2
758 148.013144 -3.98085542413408 profile2
759 148.020236 -4.05121938018995 profile2
760 148.027327 -4.13360916930764 profile2
761 148.033269 -4.22672832789156 profile2
762 148.037078 -4.32882147118936 profile2
763 148.040918 -4.4222934429943 profile2
764 148.046494 -4.55007855721351 profile2
765 148.05207 -4.72038638842388 profile2
766 148.180347 -4.89193851463217 profile2
767 148.183086 -4.97387989525114 profile2
768 148.185825 -5.06003853001164 profile2
769 148.188563 -5.1470555249112 profile2
770 148.191302 -5.14773014904801 profile2
771 148.194041 -5.15895893135438 profile2
772 148.19678 -5.18585267029603 profile2
773 148.200032 -5.22629004000966 profile2
774 148.204884 -5.26551220252586 profile2
775 148.213021 -5.31344280070995 profile2
776 148.213171 -5.41908041651605 profile2
777 148.213321 -5.51588217137617 profile2
778 148.326473 -5.58944518240078 profile2
779 148.333368 -5.51415744798827 profile2
780 148.340263 -5.45944167619604 profile2
781 148.347157 -5.40058332640209 profile2
782 148.354052 -5.33229492039839 profile2
783 148.362946 -5.26276896199224 profile2
784 148.380016 -5.1915297283474 profile2
785 148.403283 -5.15891975857578 profile2
786 148.42655 -5.16779397808941 profile2
787 148.430037 -5.17484679985162 profile2
788 148.4319 -5.18366964146254 profile2
789 148.433763 -5.19430234460397 profile2
790 148.435626 -5.16099154851855 profile2
791 148.437489 -5.30332584791693 profile2
792 148.439352 -5.40903954182367 profile2
793 148.441214 -5.45614848808254 profile2
794 148.443077 -5.50543807366483 profile2
795 148.44494 -5.55557392807342 profile2
796 148.446803 -5.60509504405778 profile2
797 148.453459 -5.63328935917629 profile2
798 148.477993 -5.64204240839461 profile2
799 148.493526 -5.64896582322089 profile2
800 148.493644 -5.65485643528941 profile2
801 148.493762 -5.65996733507914 profile2
802 148.502187 -5.53134170128656 profile2
803 148.624196 -5.57494486367131 profile2
804 148.648833 -5.64610122648888 profile2
805 148.673469 -6.03446415270602 profile2
806 148.812084 -6.04314924193838 profile2
807 148.815025 -6.05062748258294 profile2
