marker_position lod trace
1 142.490795 -6.77476266994276 pleio
2 142.517426 -6.74945793270356 pleio
3 142.560149 -6.71733707600815 pleio
4 142.602873 -6.68503647925838 pleio
5 142.64402 -6.65257920940077 pleio
6 142.685103 -6.81128238315496 pleio
7 142.726186 -6.84620613988288 pleio
8 142.767269 -6.8155640242599 pleio
9 142.808353 -6.78811172920015 pleio
10 142.849436 -6.77156889504467 pleio
11 142.876943 -6.75616154970004 pleio
12 142.880371 -6.74150105728948 pleio
13 142.883799 -6.72751623074382 pleio
14 142.904956 -6.71268022611693 pleio
15 142.989329 -6.54848954835568 pleio
16 143.073701 -6.38656040709058 pleio
17 143.155273 -6.36903024455851 pleio
18 143.159416 -6.35844910034323 pleio
19 143.163559 -6.29155232896393 pleio
20 143.167702 -6.17657451886591 pleio
21 143.171846 -6.08720872723894 pleio
22 143.175989 -6.02692645808631 pleio
23 143.180132 -5.99676479678775 pleio
24 143.240265 -5.93902610300062 pleio
25 143.324863 -5.21152189005313 pleio
26 143.409462 -4.92472126056627 pleio
27 143.484637 -4.90546547132654 pleio
28 143.487347 -4.90310573643331 pleio
29 143.490056 -4.87344603574077 pleio
30 143.492766 -4.84700389093746 pleio
31 143.495555 -4.82364196905732 pleio
32 143.498344 -4.80320089637631 pleio
33 143.501132 -4.78764800135114 pleio
34 143.521072 -4.78391114223318 pleio
35 143.53778 -4.79324034216551 pleio
36 143.554489 -4.74311932495987 pleio
37 143.570345 -4.69697197095321 pleio
38 143.571477 -4.69197008293438 pleio
39 143.572611 -4.72901403607127 pleio
40 143.574439 -4.80418708272375 pleio
41 143.699438 -4.70850396666107 pleio
42 143.824436 -4.47352836160088 pleio
43 143.915168 -4.35902042254642 pleio
44 143.920616 -4.35471282887652 pleio
45 143.926063 -4.34965463231677 pleio
46 143.93182 -4.31263207002671 pleio
47 143.935901 -4.15542027357074 pleio
48 143.939982 -4.0272396341115 pleio
49 143.944917 -3.94253061732601 pleio
50 143.975668 -3.91383895534115 pleio
51 144.013221 -4.05019594444388 pleio
52 144.051716 -4.19347121194294 pleio
53 144.090211 -4.19287531307339 pleio
54 144.128706 -4.19114891236447 pleio
55 144.167202 -4.18675094601549 pleio
56 144.176428 -4.181255496432 pleio
57 144.180816 -4.17604419040638 pleio
58 144.185205 -4.17121845380627 pleio
59 144.348163 -3.83583748177743 pleio
60 144.361337 -3.85194054264722 pleio
61 144.363468 -3.69767691267379 pleio
62 144.365599 -3.54722816894913 pleio
63 144.367577 -3.41179892854801 pleio
64 144.375504 -3.28141793475068 pleio
65 144.385418 -3.18002631289346 pleio
66 144.395332 -3.10802817878007 pleio
67 144.407236 -3.07616831759578 pleio
68 144.411293 -3.05950936593362 pleio
69 144.415349 -3.04687139831302 pleio
70 144.419405 -3.03840087450159 pleio
71 144.423461 -3.03420992493136 pleio
72 144.427517 -3.03638305531352 pleio
73 144.431573 -3.04015303969049 pleio
74 144.437408 -3.05046916958845 pleio
75 144.440911 -3.12239986764995 pleio
76 144.442944 -3.20268934898241 pleio
77 144.444976 -3.2874218932047 pleio
78 144.447008 -3.37787857075043 pleio
79 144.44904 -3.47598265650584 pleio
80 144.454745 -3.47523634123327 pleio
81 144.498681 -3.47657522948764 pleio
82 144.558267 -3.48682495986014 pleio
83 144.587405 -3.59687246117799 pleio
84 144.587686 -3.76521382631647 pleio
85 144.587968 -3.93900428303639 pleio
86 144.617027 -4.0590483480457 pleio
87 144.705848 -4.01435901111804 pleio
88 144.716797 -4.10874168996097 pleio
89 144.727745 -4.0757596505824 pleio
90 144.897381 -4.04352150175236 pleio
91 144.903395 -4.02736009798142 pleio
92 144.909409 -4.01247187632417 pleio
93 144.916914 -3.99893324985493 pleio
94 144.947844 -3.99127301300478 pleio
95 144.978774 -3.98439647193358 pleio
96 145.106694 -3.75126423781453 pleio
97 145.224788 -3.74472874703789 pleio
98 145.342881 -3.52453435364587 pleio
99 145.729503 -3.88987318807885 pleio
100 145.916546 -4.02655167551665 pleio
101 146.10359 -3.97329167384757 pleio
102 146.240909 -3.83189005940991 pleio
103 146.283615 -3.6680857699585 pleio
104 146.304543 -3.71372658305187 pleio
105 146.314537 -3.76511494946621 pleio
106 146.319976 -3.82206864649677 pleio
107 146.322338 -3.88435733732403 pleio
108 146.3247 -3.95170624374918 pleio
109 146.327062 -4.02379857396432 pleio
110 146.329424 -4.10028026580115 pleio
111 146.331786 -4.1807669299224 pleio
112 146.334148 -4.26484897702735 pleio
113 146.33651 -4.42441699392764 pleio
114 146.643419 -4.3523557625463 pleio
115 146.654632 -4.18016913516132 pleio
116 146.665844 -4.01773194136749 pleio
117 146.677056 -3.84915300611489 pleio
118 146.688269 -3.6844986532626 pleio
119 146.69133 -3.52678378606555 pleio
120 146.694026 -3.36487988662409 pleio
121 146.696722 -3.20900276569419 pleio
122 146.699418 -3.07077720994745 pleio
123 146.702114 -2.95971762965221 pleio
124 146.70481 -2.92306059679439 pleio
125 146.707507 -2.9048227508364 pleio
126 146.710838 -2.88891306572058 pleio
127 146.716274 -2.87533981207234 pleio
128 146.72171 -2.86408669366605 pleio
129 146.727146 -2.85511346211684 pleio
130 146.734615 -2.85045886068904 pleio
131 146.80381 -2.86154259618857 pleio
132 146.862885 -2.65130677780125 pleio
133 146.863965 -2.2490973565958 pleio
134 146.865044 -1.87110541974929 pleio
135 146.87452 -1.53520265812158 pleio
136 146.889753 -1.23203173797634 pleio
137 146.904986 -0.954355231061446 pleio
138 147.064187 -0.916208651377499 pleio
139 147.069549 -0.897295548605716 pleio
140 147.074911 -0.882581257583667 pleio
141 147.080273 -0.869020796161806 pleio
142 147.089309 -0.895872218046764 pleio
143 147.114764 -0.956994999143262 pleio
144 147.137425 -0.974363310581137 pleio
145 147.157965 -1.00383542860518 pleio
146 147.178504 -1.07800929546919 pleio
147 147.221814 -0.0837776412297715 pleio
148 147.253583 0 pleio
149 147.272554 -0.234649734216264 pleio
150 147.275576 -0.510555093720243 pleio
151 147.278599 -0.810668894246154 pleio
152 147.281622 -1.10247293872033 pleio
153 147.284644 -1.40551392317089 pleio
154 147.286194 -1.7145556561485 pleio
155 147.286753 -2.02442611353343 pleio
156 147.287312 -2.33032397687459 pleio
157 147.287872 -2.62806774021548 pleio
158 147.290648 -2.9645105831825 pleio
159 147.299484 -3.34115046975419 pleio
160 147.327447 -4.0782385954398 pleio
161 147.35561 -4.0836255328286 pleio
162 147.383773 -4.10911928286589 pleio
163 147.397845 -4.10428280153602 pleio
164 147.402328 -4.10105263356915 pleio
165 147.406811 -4.09950465029545 pleio
166 147.411546 -4.09979271845592 pleio
167 147.442387 -4.10209625520104 pleio
168 147.535843 -4.10297881376946 pleio
169 147.551736 -4.03606094959047 pleio
170 147.555599 -4.04384546309701 pleio
171 147.559461 -4.027027345909 pleio
172 147.563362 -4.01033223467765 pleio
173 147.583398 -4.14993539221346 pleio
174 147.602453 -4.20282173465476 pleio
175 147.621507 -4.23280058979012 pleio
176 147.682611 -4.22446875936292 pleio
177 147.68996 -4.19327888371669 pleio
178 147.695588 -4.13877499617179 pleio
179 147.701215 -4.09596440900412 pleio
180 147.706843 -4.0689635028444 pleio
181 147.719435 -4.0497938536975 pleio
182 147.737975 -4.04094643866317 pleio
183 147.751499 -4.02735305931721 pleio
184 147.760277 -4.02112521319664 pleio
185 147.769056 -4.01971514438835 pleio
186 147.777834 -4.01941763963013 pleio
187 147.786613 -3.93673305239417 pleio
188 147.795391 -3.00524335532627 pleio
189 147.816836 -2.69878123990588 pleio
190 147.850698 -2.69927103886077 pleio
191 147.88456 -2.66771104621601 pleio
192 147.914702 -2.57195969246925 pleio
193 147.91491 -2.58180093310556 pleio
194 147.915116 -2.61398349284051 pleio
195 147.915322 -2.66843536729588 pleio
196 147.915527 -2.744322632228 pleio
197 147.915733 -2.84011972773176 pleio
198 147.916803 -2.94951595787966 pleio
199 147.923623 -3.00085881360578 pleio
200 147.930444 -3.02071373108861 pleio
201 147.937264 -3.03851424111372 pleio
202 147.944084 -3.0574746127875 pleio
203 147.949324 -3.09497552288644 pleio
204 147.953121 -3.18424933627938 pleio
205 147.956917 -3.32579154298547 pleio
206 147.960714 -3.50172381143464 pleio
207 147.964511 -3.7076410923389 pleio
208 147.968307 -3.8457223411533 pleio
209 147.973733 -3.91529833541674 pleio
210 147.982072 -3.92683254948753 pleio
211 147.982175 -3.94096854281916 pleio
212 147.982278 -3.95981490745688 pleio
213 147.986316 -3.91051864885388 pleio
214 147.986987 -3.63417588634491 pleio
215 147.987657 -3.39002032319455 pleio
216 147.988327 -3.19503695858514 pleio
217 147.988998 -3.06158366901525 pleio
218 147.989668 -2.97577301443729 pleio
219 148.006053 -2.84922990846334 pleio
220 148.013144 -2.71391093894418 pleio
221 148.020236 -2.5918009950272 pleio
222 148.027327 -2.48503776677945 pleio
223 148.033269 -2.39538339417401 pleio
224 148.037078 -2.32410345095973 pleio
225 148.040918 -2.34575629230847 pleio
226 148.046494 -2.47585602722657 pleio
227 148.05207 -2.61489285238516 pleio
228 148.180347 -2.74202083600709 pleio
229 148.183086 -2.80716671141177 pleio
230 148.185825 -2.88757989373114 pleio
231 148.188563 -2.98017138026497 pleio
232 148.191302 -3.01929833691486 pleio
233 148.194041 -3.1084004338371 pleio
234 148.19678 -3.18552446901539 pleio
235 148.200032 -3.17310283362564 pleio
236 148.204884 -3.15752719131341 pleio
237 148.213021 -3.1901436260554 pleio
238 148.213171 -3.58913516601467 pleio
239 148.213321 -4.02138591699045 pleio
240 148.326473 -4.43434263771544 pleio
241 148.333368 -4.52471431131734 pleio
242 148.340263 -4.57196760466451 pleio
243 148.347157 -4.5861537684078 pleio
244 148.354052 -4.52033470327002 pleio
245 148.362946 -4.45798074917764 pleio
246 148.380016 -4.38916756789336 pleio
247 148.403283 -4.33922748296169 pleio
248 148.42655 -4.32081015211775 pleio
249 148.430037 -4.28688583670598 pleio
250 148.4319 -4.2592469464177 pleio
251 148.433763 -4.2380294121229 pleio
252 148.435626 -4.53425846696297 pleio
253 148.437489 -5.17561435655074 pleio
254 148.439352 -5.37453443702374 pleio
255 148.441214 -5.36526503002291 pleio
256 148.443077 -5.35092127398385 pleio
257 148.44494 -5.3297249388754 pleio
258 148.446803 -5.30163016372658 pleio
259 148.453459 -5.28876126825724 pleio
260 148.477993 -5.29036972604724 pleio
261 148.493526 -5.30604589637728 pleio
262 148.493644 -5.32534227496341 pleio
263 148.493762 -5.34616604093512 pleio
264 148.502187 -5.4893602304362 pleio
265 148.624196 -5.58673876232188 pleio
266 148.648833 -5.37762252433983 pleio
267 148.673469 -5.14675785299181 pleio
268 148.812084 -4.82371134967666 pleio
269 148.815025 -4.78718749636521 pleio
270 142.490795 -2.94765233732781 profile1
271 142.517426 -2.94545974296302 profile1
272 142.560149 -2.93193561238039 profile1
273 142.602873 -2.91808922599448 profile1
274 142.64402 -2.90387237017362 profile1
275 142.685103 -2.83956091314057 profile1
276 142.726186 -2.81474482533447 profile1
277 142.767269 -2.80011430904542 profile1
278 142.808353 -2.78751178442122 profile1
279 142.849436 -2.78159744230159 profile1
280 142.876943 -2.77594854195612 profile1
281 142.880371 -2.77046987233106 profile1
282 142.883799 -2.76511338610195 profile1
283 142.904956 -2.75909373697138 profile1
284 142.989329 -2.70993957079723 profile1
285 143.073701 -2.62594653428594 profile1
286 143.155273 -2.62346472862004 profile1
287 143.159416 -2.63287896572361 profile1
288 143.163559 -2.57850296571774 profile1
289 143.167702 -2.46800976672947 profile1
290 143.171846 -2.36762072828869 profile1
291 143.175989 -2.28094122791973 profile1
292 143.180132 -2.21051198834294 profile1
293 143.240265 -2.14081139682979 profile1
294 143.324863 -1.80249800567605 profile1
295 143.409462 -1.37540973171463 profile1
296 143.484637 -1.41367207824763 profile1
297 143.487347 -1.45940067874504 profile1
298 143.490056 -1.4488913291559 profile1
299 143.492766 -1.43987434253999 profile1
300 143.495555 -1.43223845617081 profile1
301 143.498344 -1.42586177966432 profile1
302 143.501132 -1.41623684738205 profile1
303 143.521072 -1.41368579567795 profile1
304 143.53778 -1.41647403270382 profile1
305 143.554489 -1.41734462370647 profile1
306 143.570345 -1.43459028405768 profile1
307 143.571477 -1.47112927771358 profile1
308 143.572611 -1.52456362102935 profile1
309 143.574439 -1.59039367329607 profile1
310 143.699438 -1.53934917988519 profile1
311 143.824436 -1.17872428237595 profile1
312 143.915168 -0.813459950738814 profile1
313 143.920616 -0.79349367362571 profile1
314 143.926063 -0.77010618522487 profile1
315 143.93182 -0.700867292016055 profile1
316 143.935901 -0.443106605029182 profile1
317 143.939982 -0.200619838242365 profile1
318 143.944917 0.0102600707564023 profile1
319 143.975668 0.174045646124337 profile1
320 144.013221 0.103045791307322 profile1
321 144.051716 0.00406367769637279 profile1
322 144.090211 0.0106319665420823 profile1
323 144.128706 0.0132235543481276 profile1
324 144.167202 0.0176762800023071 profile1
325 144.176428 0.022851837695708 profile1
326 144.180816 0.0277705680999208 profile1
327 144.185205 0.0324897634696173 profile1
328 144.348163 0.16074459814801 profile1
329 144.361337 0.22260292702151 profile1
330 144.363468 0.392981045732037 profile1
331 144.365599 0.584715776018987 profile1
332 144.367577 0.76590898734796 profile1
333 144.375504 0.944837091578285 profile1
334 144.385418 1.09865849803615 profile1
335 144.395332 1.22473072249182 profile1
336 144.407236 1.27881350613507 profile1
337 144.411293 1.29784223617442 profile1
338 144.415349 1.31171790022688 profile1
339 144.419405 1.32032929017589 profile1
340 144.423461 1.32360991144169 profile1
341 144.427517 1.32689182208549 profile1
342 144.431573 1.33095515939102 profile1
343 144.437408 1.32858566815791 profile1
344 144.440911 1.26076538782463 profile1
345 144.442944 1.18480175888895 profile1
346 144.444976 1.10066639962138 profile1
347 144.447008 1.00901008630028 profile1
348 144.44904 0.911654430133167 profile1
349 144.454745 0.91197136449717 profile1
350 144.498681 0.911949811625062 profile1
351 144.558267 0.906802690464604 profile1
352 144.587405 0.860978447657369 profile1
353 144.587686 0.797114343876036 profile1
354 144.587968 0.723463728676735 profile1
355 144.617027 0.661771818223763 profile1
356 144.705848 0.617328505740718 profile1
357 144.716797 0.436034819065808 profile1
358 144.727745 0.380702216880325 profile1
359 144.897381 0.386024211550142 profile1
360 144.903395 0.389450072947837 profile1
361 144.909409 0.392075411791537 profile1
362 144.916914 0.393904477231679 profile1
363 144.947844 0.395161117787594 profile1
364 144.978774 0.396433349985224 profile1
365 145.106694 0.428843905650185 profile1
366 145.224788 0.00556353533059324 profile1
367 145.342881 0.116125354878699 profile1
368 145.729503 -0.23664413960094 profile1
369 145.916546 -0.388654104219817 profile1
370 146.10359 -0.395454680512686 profile1
371 146.240909 -0.390170441677429 profile1
372 146.283615 -0.294556381192044 profile1
373 146.304543 -0.389394700613026 profile1
374 146.314537 -0.48777051395299 profile1
375 146.319976 -0.589298246584684 profile1
376 146.322338 -0.693566033852698 profile1
377 146.3247 -0.800143137106947 profile1
378 146.327062 -0.908586492376057 profile1
379 146.329424 -1.0184492399222 profile1
380 146.331786 -1.12928710241569 profile1
381 146.334148 -1.24066603637291 profile1
382 146.33651 -1.38503586757035 profile1
383 146.643419 -1.28542310689471 profile1
384 146.654632 -1.19442863259262 profile1
385 146.665844 -1.10998872586184 profile1
386 146.677056 -1.03769929424643 profile1
387 146.688269 -1.01699890249203 profile1
388 146.69133 -0.997932793053897 profile1
389 146.694026 -0.965625053921604 profile1
390 146.696722 -0.921155281673906 profile1
391 146.699418 -0.868440921858134 profile1
392 146.702114 -0.81350456432222 profile1
393 146.70481 -0.801552882637461 profile1
394 146.707507 -0.801973607495764 profile1
395 146.710838 -0.801099338206467 profile1
396 146.716274 -0.798939974217105 profile1
397 146.72171 -0.795528596103707 profile1
398 146.727146 -0.790919191131389 profile1
399 146.734615 -0.778667875813643 profile1
400 146.80381 -0.784465740865718 profile1
401 146.862885 -0.701499047916149 profile1
402 146.863965 -0.520428200302555 profile1
403 146.865044 -0.349056866361239 profile1
404 146.87452 -0.193415068594439 profile1
405 146.889753 -0.0100223817619453 profile1
406 146.904986 0.245276750531361 profile1
407 147.064187 0.295428058634642 profile1
408 147.069549 0.240548401828995 profile1
409 147.074911 0.181408128957178 profile1
410 147.080273 0.102762297782952 profile1
411 147.089309 0.0109965853898335 profile1
412 147.114764 -0.0794777549952053 profile1
413 147.137425 -0.100205443091332 profile1
414 147.157965 -0.115263725084322 profile1
415 147.178504 -0.172882423854646 profile1
416 147.221814 0.0792883735651767 profile1
417 147.253583 0 profile1
418 147.272554 -0.106552271234465 profile1
419 147.275576 -0.213419770488061 profile1
420 147.278599 -0.323517961893412 profile1
421 147.281622 -0.41876979707474 profile1
422 147.284644 -0.521702382131724 profile1
423 147.286194 -0.630386082776056 profile1
424 147.286753 -0.742738062571332 profile1
425 147.287312 -0.856647858379266 profile1
426 147.287872 -0.97009978169417 profile1
427 147.290648 -1.13723377459142 profile1
428 147.299484 -1.35470605223083 profile1
429 147.327447 -1.50421379974195 profile1
430 147.35561 -1.50091611421592 profile1
431 147.383773 -1.36141126417999 profile1
432 147.397845 -1.34574145585817 profile1
433 147.402328 -1.32986785368558 profile1
434 147.406811 -1.31382830006633 profile1
435 147.411546 -1.29748682090232 profile1
436 147.442387 -1.28092385590607 profile1
437 147.535843 -1.27734588211532 profile1
438 147.551736 -1.29643830320604 profile1
439 147.555599 -1.39329903273593 profile1
440 147.559461 -1.4403814067381 profile1
441 147.563362 -1.46294893908492 profile1
442 147.583398 -1.68646809594693 profile1
443 147.602453 -1.74910964904306 profile1
444 147.621507 -1.76420596373565 profile1
445 147.682611 -1.75124613554381 profile1
446 147.68996 -1.73319461674571 profile1
447 147.695588 -1.72195966580102 profile1
448 147.701215 -1.71730853394768 profile1
449 147.706843 -1.66818701400654 profile1
450 147.719435 -1.57588883007923 profile1
451 147.737975 -1.54484083160741 profile1
452 147.751499 -1.51489891102593 profile1
453 147.760277 -1.48201472730124 profile1
454 147.769056 -1.44687369303844 profile1
455 147.777834 -1.41193158411155 profile1
456 147.786613 -1.20891080134643 profile1
457 147.795391 -0.952893650870209 profile1
458 147.816836 -0.820711813582089 profile1
459 147.850698 -0.881236514242499 profile1
460 147.88456 -0.907052058732322 profile1
461 147.914702 -0.85685406543443 profile1
462 147.91491 -0.86290059453875 profile1
463 147.915116 -0.882029280374731 profile1
464 147.915322 -0.914119210303763 profile1
465 147.915527 -0.95857914060275 profile1
466 147.915733 -1.01439798646701 profile1
467 147.916803 -1.07871062625662 profile1
468 147.923623 -1.12447211161674 profile1
469 147.930444 -1.13803220550142 profile1
470 147.937264 -1.14905830247495 profile1
471 147.944084 -1.12058900953905 profile1
472 147.949324 -1.09178941981582 profile1
473 147.953121 -1.1175628023453 profile1
474 147.956917 -1.19066193766942 profile1
475 147.960714 -1.28434536022494 profile1
476 147.964511 -1.39447171076471 profile1
477 147.968307 -1.46299557050692 profile1
478 147.973733 -1.49470689627316 profile1
479 147.982072 -1.48531741426358 profile1
480 147.982175 -1.48438405825348 profile1
481 147.982278 -1.48400965162985 profile1
482 147.986316 -1.42383090576311 profile1
483 147.986987 -1.16298056951074 profile1
484 147.987657 -0.908553114602662 profile1
485 147.988327 -0.67382519477177 profile1
486 147.988998 -0.470744895615068 profile1
487 147.989668 -0.327651662272205 profile1
488 148.006053 -0.288660674854439 profile1
489 148.013144 -0.216165791698525 profile1
490 148.020236 -0.152592629373185 profile1
491 148.027327 -0.0991157733601904 profile1
492 148.033269 -0.0566450048168235 profile1
493 148.037078 -0.025752285186083 profile1
494 148.040918 -0.0497617227185994 profile1
495 148.046494 -0.112621939108062 profile1
496 148.05207 -0.191577249886748 profile1
497 148.180347 -0.278110999207046 profile1
498 148.183086 -0.32501219052925 profile1
499 148.185825 -0.381423719862535 profile1
500 148.188563 -0.44468796950033 profile1
501 148.191302 -0.441979852559388 profile1
502 148.194041 -0.470505195511428 profile1
503 148.19678 -0.50250327548098 profile1
504 148.200032 -0.496612118437844 profile1
505 148.204884 -0.491789621336951 profile1
506 148.213021 -0.514405187789493 profile1
507 148.213171 -0.737818403816788 profile1
508 148.213321 -0.982953365415507 profile1
509 148.326473 -1.22227618707079 profile1
510 148.333368 -1.33613642465787 profile1
511 148.340263 -1.37595075710083 profile1
512 148.347157 -1.39354900092566 profile1
513 148.354052 -1.36483063534853 profile1
514 148.362946 -1.33545291966608 profile1
515 148.380016 -1.30038893429528 profile1
516 148.403283 -1.27081017902617 profile1
517 148.42655 -1.25475995128798 profile1
518 148.430037 -1.25302765840717 profile1
519 148.4319 -1.25473553406288 profile1
520 148.433763 -1.25985985879689 profile1
521 148.435626 -1.59930741913901 profile1
522 148.437489 -2.05447211287476 profile1
523 148.439352 -2.15546026149813 profile1
524 148.441214 -2.13138246907664 profile1
525 148.443077 -2.10733841312701 profile1
526 148.44494 -2.08179912599815 profile1
527 148.446803 -2.05392452452928 profile1
528 148.453459 -2.0422567103309 profile1
529 148.477993 -2.04092979455344 profile1
530 148.493526 -2.03333246722671 profile1
531 148.493644 -2.02654935054287 profile1
532 148.493762 -2.02069713525813 profile1
533 148.502187 -1.96106487540254 profile1
534 148.624196 -1.99516609707936 profile1
535 148.648833 -1.74943154961894 profile1
536 148.673469 -1.31557193510815 profile1
537 148.812084 -1.17812161226819 profile1
538 148.815025 -1.17153843560786 profile1
539 142.490795 -2.87730985021446 profile2
540 142.517426 -2.85027126936055 profile2
541 142.560149 -2.82961384683532 profile2
542 142.602873 -2.80910690033039 profile2
543 142.64402 -2.78880509440834 profile2
544 142.685103 -3.00648625713656 profile2
545 142.726186 -3.0628958172407 profile2
546 142.767269 -3.04492754645602 profile2
547 142.808353 -3.02819749256023 profile2
548 142.849436 -3.01560710092418 profile2
549 142.876943 -3.00371904511518 profile2
550 142.880371 -2.99219435127229 profile2
551 142.883799 -2.98102142452003 profile2
552 142.904956 -2.9695561275798 profile2
553 142.989329 -2.86307274161444 profile2
554 143.073701 -2.78974482035624 profile2
555 143.155273 -2.77442321744826 profile2
556 143.159416 -2.75628937910522 profile2
557 143.163559 -2.74186356544212 profile2
558 143.167702 -2.72807684979485 profile2
559 143.171846 -2.72775042377337 profile2
560 143.175989 -2.74111828977044 profile2
561 143.180132 -2.76720908228955 profile2
562 143.240265 -2.76095438317586 profile2
563 143.324863 -2.31108758223473 profile2
564 143.409462 -2.4409837446253 profile2
565 143.484637 -2.37599733437331 profile2
566 143.487347 -2.32287530866047 profile2
567 143.490056 -2.29974598815303 profile2
568 143.492766 -2.27849422122168 profile2
569 143.495555 -2.25910212999579 profile2
570 143.498344 -2.24154055336894 profile2
571 143.501132 -2.23340112987993 profile2
572 143.521072 -2.22899183781884 profile2
573 143.53778 -2.23227321387924 profile2
574 143.554489 -2.16748111460143 profile2
575 143.570345 -2.08559633788855 profile2
576 143.571477 -2.02674694438957 profile2
577 143.572611 -1.99522383082372 profile2
578 143.574439 -1.9924652617616 profile2
579 143.699438 -1.9378808147488 profile2
580 143.824436 -2.06308358504102 profile2
581 143.915168 -2.33092315647656 profile2
582 143.920616 -2.34117595804278 profile2
583 143.926063 -2.35523630485187 profile2
584 143.93182 -2.38856006984874 profile2
585 143.935901 -2.48016141404085 profile2
586 143.939982 -2.5885071857972 profile2
587 143.944917 -2.71247770945883 profile2
588 143.975668 -2.84973038725556 profile2
589 144.013221 -2.91190269814344 profile2
590 144.051716 -2.95368641538244 profile2
591 144.090211 -2.95893520705362 profile2
592 144.128706 -2.95918090442937 profile2
593 144.167202 -2.9585668906068 profile2
594 144.176428 -2.9575585929029 profile2
595 144.180816 -2.95658538625732 profile2
596 144.185205 -2.95583294161159 profile2
597 144.348163 -2.73824093794197 profile2
598 144.361337 -2.81186912960429 profile2
599 144.363468 -2.81526446715669 profile2
600 144.365599 -2.84049497815305 profile2
601 144.367577 -2.87406819932249 profile2
602 144.375504 -2.91225645743116 profile2
603 144.385418 -2.95583686864562 profile2
604 144.395332 -3.00277087967022 profile2
605 144.407236 -3.02269210419965 profile2
606 144.411293 -3.02507890079447 profile2
607 144.415349 -3.02656151166377 profile2
608 144.419405 -3.02717235936523 profile2
609 144.423461 -3.02695248577298 profile2
610 144.427517 -3.03243893723287 profile2
611 144.431573 -3.04015303969049 profile2
612 144.437408 -3.04822695932939 profile2
613 144.440911 -3.05414746616176 profile2
614 144.442944 -3.06029056508323 profile2
615 144.444976 -3.06284280514602 profile2
616 144.447008 -3.06385600848922 profile2
617 144.44904 -3.06696542952435 profile2
618 144.454745 -3.06698792250209 profile2
619 144.498681 -3.0689103095133 profile2
620 144.558267 -3.07451877990293 profile2
621 144.587405 -3.13797876875013 profile2
622 144.587686 -3.2424379043018 profile2
623 144.587968 -3.34425666629468 profile2
624 144.617027 -3.40444221757769 profile2
625 144.705848 -3.31251020838067 profile2
626 144.716797 -3.21760665102518 profile2
627 144.727745 -3.12408497031655 profile2
628 144.897381 -3.09683097722565 profile2
629 144.903395 -3.08463708785553 profile2
630 144.909409 -3.07313099056164 profile2
631 144.916914 -3.06239549529072 profile2
632 144.947844 -3.05637951759127 profile2
633 144.978774 -3.05111795516278 profile2
634 145.106694 -2.84083446529631 profile2
635 145.224788 -2.43235242644025 profile2
636 145.342881 -2.3118058078359 profile2
637 145.729503 -2.32997133557707 profile2
638 145.916546 -2.32525868271987 profile2
639 146.10359 -2.26300458550582 profile2
640 146.240909 -2.12378578620643 profile2
641 146.283615 -2.05430637056686 profile2
642 146.304543 -2.00563599554297 profile2
643 146.314537 -1.9595479064149 profile2
644 146.319976 -1.91623052628316 profile2
645 146.322338 -1.87584918148973 profile2
646 146.3247 -1.83854286599863 profile2
647 146.327062 -1.8044205286782 profile2
648 146.329424 -1.77355767156192 profile2
649 146.331786 -1.74599709151949 profile2
650 146.334148 -1.72174653218216 profile2
651 146.33651 -1.72623075801931 profile2
652 146.643419 -1.75609297203559 profile2
653 146.654632 -1.67717377731465 profile2
654 146.665844 -1.60136205197111 profile2
655 146.677056 -1.50804936203233 profile2
656 146.688269 -1.36932382486432 profile2
657 146.69133 -1.23254730335439 profile2
658 146.694026 -1.10420461002926 profile2
659 146.696722 -0.993638623213023 profile2
660 146.699418 -0.90891007013189 profile2
661 146.702114 -0.85388813785216 profile2
662 146.70481 -0.828494347776958 profile2
663 146.707507 -0.80830213060881 profile2
664 146.710838 -0.791328229979458 profile2
665 146.716274 -0.777585732753953 profile2
666 146.72171 -0.767045340173115 profile2
667 146.727146 -0.759637666918432 profile2
668 146.734615 -0.763602871921051 profile2
669 146.80381 -0.768425882913921 profile2
670 146.862885 -0.637882396501633 profile2
671 146.863965 -0.410282087330182 profile2
672 146.865044 -0.201129428556437 profile2
673 146.87452 -0.0215499547068002 profile2
674 146.889753 0.0974418645977904 profile2
675 146.904986 0.121010231647628 profile2
676 147.064187 0.101758724658225 profile2
677 147.069549 0.179760684674904 profile2
678 147.074911 0.257725943463957 profile2
679 147.080273 0.350996484155629 profile2
680 147.089309 0.415572939976775 profile2
681 147.114764 0.44344810116641 profile2
682 147.137425 0.446315473006759 profile2
683 147.157965 0.432757673668952 profile2
684 147.178504 0.415634104162949 profile2
685 147.221814 1.17499027789802 profile2
686 147.253583 1.33095515939102 profile2
687 147.272554 1.20299069306189 profile2
688 147.275576 1.03353651494999 profile2
689 147.278599 0.842229498634042 profile2
690 147.281622 0.641370957514146 profile2
691 147.284644 0.435534159201809 profile2
692 147.286194 0.228101592137016 profile2
693 147.286753 0.0222885300411139 profile2
694 147.287312 -0.179046282684019 profile2
695 147.287872 -0.373539724151149 profile2
696 147.290648 -0.553393710505245 profile2
697 147.299484 -0.723721403722301 profile2
698 147.327447 -1.33621017663857 profile2
699 147.35561 -1.34355590692745 profile2
700 147.383773 -1.51185914142804 profile2
701 147.397845 -1.52159879402535 profile2
702 147.402328 -1.53322747655692 profile2
703 147.406811 -1.54679997804331 profile2
704 147.411546 -1.56257940402326 profile2
705 147.442387 -1.58067023097417 profile2
706 147.535843 -1.58496194512317 profile2
707 147.551736 -1.50511265880111 profile2
708 147.555599 -1.42828892338154 profile2
709 147.559461 -1.37290767885535 profile2
710 147.563362 -1.34038648956962 profile2
711 147.583398 -1.27263705861262 profile2
712 147.602453 -1.26784780034021 profile2
713 147.621507 -1.28398421945437 profile2
714 147.682611 -1.28862135898058 profile2
715 147.68996 -1.27553422783427 profile2
716 147.695588 -1.23255429495345 profile2
717 147.701215 -1.19414308457644 profile2
718 147.706843 -1.21960312726546 profile2
719 147.719435 -1.29878715098326 profile2
720 147.737975 -1.32017885270972 profile2
721 147.751499 -1.3347117772664 profile2
722 147.760277 -1.35955641690413 profile2
723 147.769056 -1.39178904663157 profile2
724 147.777834 -1.42511633024098 profile2
725 147.786613 -1.52823124000476 profile2
726 147.795391 -0.867671111994431 profile2
727 147.816836 -0.690632811510529 profile2
728 147.850698 -0.6341854679408 profile2
729 147.88456 -0.583345087724873 profile2
730 147.914702 -0.554544724776891 profile2
731 147.91491 -0.562488000146648 profile2
732 147.915116 -0.579961659722659 profile2
733 147.915322 -0.606898952800396 profile2
734 147.915527 -0.64295927021989 profile2
735 147.915733 -0.687552655173236 profile2
736 147.916803 -0.737005725324482 profile2
737 147.923623 -0.744110026331204 profile2
738 147.930444 -0.751327756237226 profile2
739 147.937264 -0.758962587081717 profile2
740 147.944084 -0.805708853131889 profile2
741 147.949324 -0.872082920064816 profile2
742 147.953121 -0.93725477379102 profile2
743 147.956917 -1.01060668745492 profile2
744 147.960714 -1.10097899760563 profile2
745 147.964511 -1.20758587505016 profile2
746 147.968307 -1.2791184019839 profile2
747 147.973733 -1.31370928796278 profile2
748 147.982072 -1.32919182885357 profile2
749 147.982175 -1.34070422950167 profile2
750 147.982278 -1.35644416207262 profile2
751 147.986316 -1.36677539967003 profile2
752 147.986987 -1.36348632383411 profile2
753 147.987657 -1.39142322748897 profile2
754 147.988327 -1.45360565462906 profile2
755 147.988998 -1.5491282318122 profile2
756 147.989668 -1.63058233745349 profile2
757 148.006053 -1.55420275184812 profile2
758 148.013144 -1.49545702367695 profile2
759 148.020236 -1.44161101142708 profile2
760 148.027327 -1.39355807634234 profile2
761 148.033269 -1.35205035212905 profile2
762 148.037078 -1.31765450635069 profile2
763 148.040918 -1.3170095783245 profile2
764 148.046494 -1.38198811464801 profile2
765 148.05207 -1.44324615585223 profile2
766 148.180347 -1.48863128369529 profile2
767 148.183086 -1.51242914287282 profile2
768 148.185825 -1.5423336778031 profile2
769 148.188563 -1.57782485719257 profile2
770 148.191302 -1.62590427958569 profile2
771 148.194041 -1.69494721094246 profile2
772 148.19678 -1.74768964390548 profile2
773 148.200032 -1.74418665691993 profile2
774 148.204884 -1.73695891001758 profile2
775 148.213021 -1.75163461262583 profile2
776 148.213171 -1.93852676077616 profile2
777 148.213321 -2.13641568921862 profile2
778 148.326473 -2.31819797393916 profile2
779 148.333368 -2.2948780205969 profile2
780 148.340263 -2.29752931733797 profile2
781 148.347157 -2.28927699594967 profile2
782 148.354052 -2.24829124130263 profile2
783 148.362946 -2.21121205866795 profile2
784 148.380016 -2.17327807203099 profile2
785 148.403283 -2.15081163430606 profile2
786 148.42655 -2.14714409861596 profile2
787 148.430037 -2.11645652984342 profile2
788 148.4319 -2.08882736726285 profile2
789 148.433763 -2.06440625972418 profile2
790 148.435626 -2.02938158692943 profile2
791 148.437489 -2.21784079242443 profile2
792 148.439352 -2.31173347380586 profile2
793 148.441214 -2.32150261531423 profile2
794 148.443077 -2.32629321668298 profile2
795 148.44494 -2.32580900407907 profile2
796 148.446803 -2.32080345187528 profile2
797 148.453459 -2.31598508619459 profile2
798 148.477993 -2.31725006851041 profile2
799 148.493526 -2.33753541117919 profile2
800 148.493644 -2.36052579859992 profile2
801 148.493762 -2.38421865369003 profile2
802 148.502187 -2.57803416045024 profile2
803 148.624196 -2.65403149872603 profile2
804 148.648833 -2.67578815344726 profile2
805 148.673469 -2.84689421563283 profile2
806 148.812084 -2.67826137538343 profile2
807 148.815025 -2.64464630416285 profile2
