marker_position lod trace
1 142.490795 -12.739496920216 pleio
2 142.517426 -12.6893424652103 pleio
3 142.560149 -12.6487118598563 pleio
4 142.602873 -12.6088224961231 pleio
5 142.64402 -12.569120398964 pleio
6 142.685103 -12.6520963205363 pleio
7 142.726186 -12.7015904256039 pleio
8 142.767269 -12.6683608987312 pleio
9 142.808353 -12.6355941084295 pleio
10 142.849436 -12.6057059814414 pleio
11 142.876943 -12.5835320568039 pleio
12 142.880371 -12.5685685867675 pleio
13 142.883799 -12.560854572693 pleio
14 142.904956 -12.5587118188511 pleio
15 142.989329 -12.4195637501312 pleio
16 143.073701 -12.3378921339075 pleio
17 143.155273 -12.3026029218911 pleio
18 143.159416 -12.2387421868041 pleio
19 143.163559 -12.1712952642153 pleio
20 143.167702 -12.1313165085499 pleio
21 143.171846 -12.1147012540539 pleio
22 143.175989 -12.1215350800474 pleio
23 143.180132 -12.1509053029578 pleio
24 143.240265 -12.1770778254845 pleio
25 143.324863 -11.8938061333385 pleio
26 143.409462 -12.3242197424614 pleio
27 143.484637 -12.453311407257 pleio
28 143.487347 -12.6023322975175 pleio
29 143.490056 -12.6360744677299 pleio
30 143.492766 -12.6762513502789 pleio
31 143.495555 -12.7225874511657 pleio
32 143.498344 -12.7747481842819 pleio
33 143.501132 -12.8337484098398 pleio
34 143.521072 -12.8875627861647 pleio
35 143.53778 -12.9476051991327 pleio
36 143.554489 -12.8544920990152 pleio
37 143.570345 -12.7222897234513 pleio
38 143.571477 -12.6335751488416 pleio
39 143.572611 -12.5925695179655 pleio
40 143.574439 -12.5997834760017 pleio
41 143.699438 -12.3501267260553 pleio
42 143.824436 -12.3664224903216 pleio
43 143.915168 -12.4526212873889 pleio
44 143.920616 -12.4247282983631 pleio
45 143.926063 -12.4035208411304 pleio
46 143.93182 -12.3538875561918 pleio
47 143.935901 -12.2360518033427 pleio
48 143.939982 -12.1596569629117 pleio
49 143.944917 -12.1283862481405 pleio
50 143.975668 -12.1435712483153 pleio
51 144.013221 -12.2030316967402 pleio
52 144.051716 -12.2605418787915 pleio
53 144.090211 -12.2715001283589 pleio
54 144.128706 -12.2737052183092 pleio
55 144.167202 -12.2752153654278 pleio
56 144.176428 -12.2764581524715 pleio
57 144.180816 -12.27779926571 pleio
58 144.185205 -12.2792954105913 pleio
59 144.348163 -12.109092970975 pleio
60 144.361337 -11.9491913612257 pleio
61 144.363468 -11.7355387394266 pleio
62 144.365599 -11.5163434717931 pleio
63 144.367577 -11.2276494336848 pleio
64 144.375504 -10.9301585064665 pleio
65 144.385418 -10.6952860244533 pleio
66 144.395332 -10.5278813597539 pleio
67 144.407236 -10.5223568664946 pleio
68 144.411293 -10.5935179949302 pleio
69 144.415349 -10.6742781647037 pleio
70 144.419405 -10.7639501020536 pleio
71 144.423461 -10.8617568469606 pleio
72 144.427517 -10.745024550535 pleio
73 144.431573 -10.5881515663557 pleio
74 144.437408 -10.469437135856 pleio
75 144.440911 -10.4906782320557 pleio
76 144.442944 -10.5124458891399 pleio
77 144.444976 -10.5189551005805 pleio
78 144.447008 -10.5185927565135 pleio
79 144.44904 -10.5263523773893 pleio
80 144.454745 -10.5215106356059 pleio
81 144.498681 -10.5241056608475 pleio
82 144.558267 -10.536650374402 pleio
83 144.587405 -10.6075956211023 pleio
84 144.587686 -10.7286245204669 pleio
85 144.587968 -10.8472956251769 pleio
86 144.617027 -10.9143680606371 pleio
87 144.705848 -10.3781506096046 pleio
88 144.716797 -9.42442470774261 pleio
89 144.727745 -8.80521258461194 pleio
90 144.897381 -8.72140060023523 pleio
91 144.903395 -8.73941580336319 pleio
92 144.909409 -8.76566769980913 pleio
93 144.916914 -8.80014041733084 pleio
94 144.947844 -8.82035069947267 pleio
95 144.978774 -8.84332474704575 pleio
96 145.106694 -8.04904854454884 pleio
97 145.224788 -7.16605538468641 pleio
98 145.342881 -7.00410502302408 pleio
99 145.729503 -6.25028234721903 pleio
100 145.916546 -6.21075422505965 pleio
101 146.10359 -6.15817640863606 pleio
102 146.240909 -5.98231321549179 pleio
103 146.283615 -5.72384136361379 pleio
104 146.304543 -5.62147322298652 pleio
105 146.314537 -5.52699449036798 pleio
106 146.319976 -5.44107901250905 pleio
107 146.322338 -5.36432252854303 pleio
108 146.3247 -5.29722326867941 pleio
109 146.327062 -5.24016626905836 pleio
110 146.329424 -5.1934144194834 pleio
111 146.331786 -5.15710043450507 pleio
112 146.334148 -5.13122860002392 pleio
113 146.33651 -4.6113066519697 pleio
114 146.643419 -4.48306089099305 pleio
115 146.654632 -4.41271509676373 pleio
116 146.665844 -4.35024102438988 pleio
117 146.677056 -4.2647006762226 pleio
118 146.688269 -3.74474950633262 pleio
119 146.69133 -2.97256260145838 pleio
120 146.694026 -2.21343179857262 pleio
121 146.696722 -1.53261380040407 pleio
122 146.699418 -0.995169714824192 pleio
123 146.702114 -0.643951714464864 pleio
124 146.70481 -0.556273708927254 pleio
125 146.707507 -0.520624854610721 pleio
126 146.710838 -0.496780298514622 pleio
127 146.716274 -0.484828625174144 pleio
128 146.72171 -0.484706478195243 pleio
129 146.727146 -0.496203295934672 pleio
130 146.734615 -0.496268369915405 pleio
131 146.80381 -0.479835686777244 pleio
132 146.862885 -0.172069016729418 pleio
133 146.863965 0 pleio
134 146.865044 -0.192073485652139 pleio
135 146.87452 -0.719984414838267 pleio
136 146.889753 -1.27094246881122 pleio
137 146.904986 -1.33001794541296 pleio
138 147.064187 -1.41700019002231 pleio
139 147.069549 -1.50494946914579 pleio
140 147.074911 -1.4970927027368 pleio
141 147.080273 -1.38327589478844 pleio
142 147.089309 -1.32058073065544 pleio
143 147.114764 -1.31616246610032 pleio
144 147.137425 -1.31919607774466 pleio
145 147.157965 -1.39250905128987 pleio
146 147.178504 -1.51708872373183 pleio
147 147.221814 -1.5794238410736 pleio
148 147.253583 -2.53057358058485 pleio
149 147.272554 -2.72275457195 pleio
150 147.275576 -2.92899222204381 pleio
151 147.278599 -3.18089769657559 pleio
152 147.281622 -3.39742807587121 pleio
153 147.284644 -3.63655249105958 pleio
154 147.286194 -3.89562883317653 pleio
155 147.286753 -4.17185221527386 pleio
156 147.287312 -4.4624004967956 pleio
157 147.287872 -4.76456515753985 pleio
158 147.290648 -5.04557901685269 pleio
159 147.299484 -5.31095850477334 pleio
160 147.327447 -5.70925505173523 pleio
161 147.35561 -5.76393446785698 pleio
162 147.383773 -6.26502234738681 pleio
163 147.397845 -6.28742578119218 pleio
164 147.402328 -6.31396450238763 pleio
165 147.406811 -6.34488155691867 pleio
166 147.411546 -6.37954311266919 pleio
167 147.442387 -6.41807109717234 pleio
168 147.535843 -6.42801569368156 pleio
169 147.551736 -6.45293530475104 pleio
170 147.555599 -6.70627221304687 pleio
171 147.559461 -6.85657596691973 pleio
172 147.563362 -6.97044363761861 pleio
173 147.583398 -7.24089619727408 pleio
174 147.602453 -7.50056352723567 pleio
175 147.621507 -7.7205287618077 pleio
176 147.682611 -7.77817510404041 pleio
177 147.68996 -7.79070543175187 pleio
178 147.695588 -7.80557452391187 pleio
179 147.701215 -7.84592397004136 pleio
180 147.706843 -8.02428566107008 pleio
181 147.719435 -8.45254408559455 pleio
182 147.737975 -8.49674579319662 pleio
183 147.751499 -8.535698111258 pleio
184 147.760277 -8.59509594791462 pleio
185 147.769056 -8.66890090619444 pleio
186 147.777834 -8.74859996840456 pleio
187 147.786613 -8.8117181356037 pleio
188 147.795391 -7.9589087875124 pleio
189 147.816836 -7.74289330885086 pleio
190 147.850698 -7.79415687765153 pleio
191 147.88456 -7.84956903540991 pleio
192 147.914702 -8.01601390654066 pleio
193 147.91491 -8.06951483200947 pleio
194 147.915116 -8.1385253755045 pleio
195 147.915322 -8.22326492830834 pleio
196 147.915527 -8.32346363659634 pleio
197 147.915733 -8.43838371364024 pleio
198 147.916803 -8.56411754227377 pleio
199 147.923623 -8.65338760455692 pleio
200 147.930444 -8.73246388677754 pleio
201 147.937264 -8.8129003259571 pleio
202 147.944084 -8.98733318067729 pleio
203 147.949324 -9.21397701422469 pleio
204 147.953121 -9.52661111451591 pleio
205 147.956917 -9.95368863435554 pleio
206 147.960714 -10.4566438501971 pleio
207 147.964511 -11.0127245587249 pleio
208 147.968307 -11.3347865303297 pleio
209 147.973733 -11.5086723542185 pleio
210 147.982072 -11.5887790052052 pleio
211 147.982175 -11.6324956533701 pleio
212 147.982278 -11.6798201490375 pleio
213 147.986316 -11.812568112773 pleio
214 147.986987 -12.2646742431288 pleio
215 147.987657 -12.7822719441759 pleio
216 147.988327 -13.3402911016321 pleio
217 147.988998 -13.9072944725726 pleio
218 147.989668 -14.3297505843756 pleio
219 148.006053 -14.2669472861376 pleio
220 148.013144 -14.3344721255793 pleio
221 148.020236 -14.4070969679217 pleio
222 148.027327 -14.4844986655636 pleio
223 148.033269 -14.5661928226804 pleio
224 148.037078 -14.6515437237436 pleio
225 148.040918 -14.7615402895221 pleio
226 148.046494 -15.0220978802506 pleio
227 148.05207 -15.2631764683038 pleio
228 148.180347 -15.4460842975746 pleio
229 148.183086 -15.506027982305 pleio
230 148.185825 -15.5708964895621 pleio
231 148.188563 -15.6396615943349 pleio
232 148.191302 -15.7025216486999 pleio
233 148.194041 -15.7900584476218 pleio
234 148.19678 -15.8444441505133 pleio
235 148.200032 -15.8073148255876 pleio
236 148.204884 -15.7685118811216 pleio
237 148.213021 -15.7616507605631 pleio
238 148.213171 -15.9935341887743 pleio
239 148.213321 -16.2405260711472 pleio
240 148.326473 -16.4634151919989 pleio
241 148.333368 -16.4156677859973 pleio
242 148.340263 -16.3920086789992 pleio
243 148.347157 -16.358727051222 pleio
244 148.354052 -16.2954568537075 pleio
245 148.362946 -16.2362994520632 pleio
246 148.380016 -16.1826706101591 pleio
247 148.403283 -16.1645257130301 pleio
248 148.42655 -16.1696027732267 pleio
249 148.430037 -16.1628758536691 pleio
250 148.4319 -16.159686961612 pleio
251 148.433763 -16.1599709542212 pleio
252 148.435626 -16.2483206605884 pleio
253 148.437489 -16.6243018740756 pleio
254 148.439352 -16.7781279363906 pleio
255 148.441214 -16.7798287234238 pleio
256 148.443077 -16.7667396735794 pleio
257 148.44494 -16.7410565687169 pleio
258 148.446803 -16.7072817852197 pleio
259 148.453459 -16.6868584378124 pleio
260 148.477993 -16.691233424722 pleio
261 148.493526 -16.7285591242623 pleio
262 148.493644 -16.7704675918623 pleio
263 148.493762 -16.8137233772772 pleio
264 148.502187 -17.1799216060921 pleio
265 148.624196 -17.3041468664546 pleio
266 148.648833 -17.2405754073263 pleio
267 148.673469 -17.5775269748141 pleio
268 148.812084 -17.4134911367386 pleio
269 148.815025 -17.3679962365731 pleio
270 142.490795 -2.6583370844554 profile1
271 142.517426 -2.63381789324965 profile1
272 142.560149 -2.61354638293997 profile1
273 142.602873 -2.5933393277184 profile1
274 142.64402 -2.57324565268921 profile1
275 142.685103 -2.79586783574008 profile1
276 142.726186 -2.85502874827837 profile1
277 142.767269 -2.83708297120365 profile1
278 142.808353 -2.82060264798057 profile1
279 142.849436 -2.80925974351059 profile1
280 142.876943 -2.79866207531906 profile1
281 142.880371 -2.78847301367437 profile1
282 142.883799 -2.77867413331712 profile1
283 142.904956 -2.7684822236028 profile1
284 142.989329 -2.65860760844527 profile1
285 143.073701 -2.57934463042102 profile1
286 143.155273 -2.56776965361568 profile1
287 143.159416 -2.55512536104839 profile1
288 143.163559 -2.53855084382975 profile1
289 143.167702 -2.51787146832976 profile1
290 143.171846 -2.5119840750166 profile1
291 143.175989 -2.52135470605366 profile1
292 143.180132 -2.5450957425382 profile1
293 143.240265 -2.53344884095868 profile1
294 143.324863 -2.03043668829665 profile1
295 143.409462 -2.10755194523588 profile1
296 143.484637 -2.03523825863089 profile1
297 143.487347 -1.97676804553054 profile1
298 143.490056 -1.95306688210534 profile1
299 143.492766 -1.93152647200867 profile1
300 143.495555 -1.9121108760395 profile1
301 143.498344 -1.89477028744125 profile1
302 143.501132 -1.88736491743149 profile1
303 143.521072 -1.8839909920267 profile1
304 143.53778 -1.89118023601273 profile1
305 143.554489 -1.8305980232069 profile1
306 143.570345 -1.75547052267676 profile1
307 143.571477 -1.70622323426898 profile1
308 143.572611 -1.68667693638964 profile1
309 143.574439 -1.69754004318056 profile1
310 143.699438 -1.64720026350061 profile1
311 143.824436 -1.76526721048591 profile1
312 143.915168 -2.01727463013609 profile1
313 143.920616 -2.03454358475417 profile1
314 143.926063 -2.05577634540362 profile1
315 143.93182 -2.10357382997671 profile1
316 143.935901 -2.21760894697531 profile1
317 143.939982 -2.34780464041729 profile1
318 143.944917 -2.49255879905671 profile1
319 143.975668 -2.64913515763299 profile1
320 144.013221 -2.72031946928124 profile1
321 144.051716 -2.76871232260599 profile1
322 144.090211 -2.77643329065125 profile1
323 144.128706 -2.77786637201881 profile1
324 144.167202 -2.77837628569528 profile1
325 144.176428 -2.77846721833597 profile1
326 144.180816 -2.77860184144786 profile1
327 144.185205 -2.77893488942648 profile1
328 144.348163 -2.54803874499521 profile1
329 144.361337 -2.63639587703329 profile1
330 144.363468 -2.64789511095242 profile1
331 144.365599 -2.68039440954381 profile1
332 144.367577 -2.72268011050932 profile1
333 144.375504 -2.77077807786056 profile1
334 144.385418 -2.8245995762584 profile1
335 144.395332 -2.88194515873115 profile1
336 144.407236 -2.90970305371053 profile1
337 144.411293 -2.91841385747632 profile1
338 144.415349 -2.92626265420031 profile1
339 144.419405 -2.93326449260571 profile1
340 144.423461 -2.93944289527319 profile1
341 144.427517 -2.94802110052349 profile1
342 144.431573 -2.95796525899266 profile1
343 144.437408 -2.96847268034234 profile1
344 144.440911 -2.97846339736282 profile1
345 144.442944 -2.98873105511708 profile1
346 144.444976 -2.99323037481199 profile1
347 144.447008 -2.99414429215171 profile1
348 144.44904 -2.99688974270674 profile1
349 144.454745 -2.99321910882234 profile1
350 144.498681 -2.99129668487551 profile1
351 144.558267 -2.9944866853742 profile1
352 144.587405 -3.06382920545736 profile1
353 144.587686 -3.17596643625042 profile1
354 144.587968 -3.28518558055238 profile1
355 144.617027 -3.35071081942531 profile1
356 144.705848 -3.2663786134717 profile1
357 144.716797 -3.17856824304488 profile1
358 144.727745 -3.08018638563827 profile1
359 144.897381 -3.04858591545652 profile1
360 144.903395 -3.03327496489255 profile1
361 144.909409 -3.01847818399969 profile1
362 144.916914 -3.00429392580727 profile1
363 144.947844 -2.99624281123134 profile1
364 144.978774 -2.98894762024886 profile1
365 145.106694 -2.79294144121137 profile1
366 145.224788 -2.40489863145555 profile1
367 145.342881 -2.27918819690082 profile1
368 145.729503 -2.24638152413613 profile1
369 145.916546 -2.23484670979437 profile1
370 146.10359 -2.16994360486029 profile1
371 146.240909 -2.01291256394625 profile1
372 146.283615 -1.93009506337166 profile1
373 146.304543 -1.87227035389616 profile1
374 146.314537 -1.81686891456253 profile1
375 146.319976 -1.76413353477772 profile1
376 146.322338 -1.71429039265424 profile1
377 146.3247 -1.6675443870675 profile1
378 146.327062 -1.62407345597972 profile1
379 146.329424 -1.58402275440383 profile1
380 146.331786 -1.5475034889402 profile1
381 146.334148 -1.51458799879594 profile1
382 146.33651 -1.4822328607689 profile1
383 146.643419 -1.50384850212769 profile1
384 146.654632 -1.42556722506679 profile1
385 146.665844 -1.3503704432402 profile1
386 146.677056 -1.25577698881954 profile1
387 146.688269 -1.09611443624904 profile1
388 146.69133 -0.933837843085229 profile1
389 146.694026 -0.7807215110161 profile1
390 146.696722 -0.647828506859004 profile1
391 146.699418 -0.544813132141143 profile1
392 146.702114 -0.476458344533555 profile1
393 146.70481 -0.441414578455284 profile1
394 146.707507 -0.411763101873632 profile1
395 146.710838 -0.385743534593049 profile1
396 146.716274 -0.363433354501983 profile1
397 146.72171 -0.34486055312671 profile1
398 146.727146 -0.330004871717569 profile1
399 146.734615 -0.328713398593117 profile1
400 146.80381 -0.331117234330444 profile1
401 146.862885 -0.172069016729418 profile1
402 146.863965 0.101961835311452 profile1
403 146.865044 0.355354384439156 profile1
404 146.87452 0.574002568127075 profile1
405 146.889753 0.724414871705651 profile1
406 146.904986 0.770205880340632 profile1
407 147.064187 0.776226610485446 profile1
408 147.069549 0.85638024799069 profile1
409 147.074911 0.932412321900286 profile1
410 147.080273 1.01733308584177 profile1
411 147.089309 1.0660618901634 profile1
412 147.114764 1.07316677123552 profile1
413 147.137425 1.07078732551258 profile1
414 147.157965 1.05480034038205 profile1
415 147.178504 1.0321344454981 profile1
416 147.221814 1.75423369140807 profile1
417 147.253583 1.85617626585022 profile1
418 147.272554 1.71499290725779 profile1
419 147.275576 1.53518340438449 profile1
420 147.278599 1.33212835669394 profile1
421 147.281622 1.1226676746465 profile1
422 147.284644 0.906557126033402 profile1
423 147.286194 0.687327970323853 profile1
424 147.286753 0.468394655324605 profile1
425 147.287312 0.252853589025588 profile1
426 147.287872 0.043329508611037 profile1
427 147.290648 -0.157448898338837 profile1
428 147.299484 -0.353535427850166 profile1
429 147.327447 -1.05552062102925 profile1
430 147.35561 -1.05668868187921 profile1
431 147.383773 -1.18790582861118 profile1
432 147.397845 -1.19503420479226 profile1
433 147.402328 -1.20401044101838 profile1
434 147.406811 -1.21488272822683 profile1
435 147.411546 -1.2278795479912 profile1
436 147.442387 -1.24308798674218 profile1
437 147.535843 -1.24613890459993 profile1
438 147.551736 -1.16329099184978 profile1
439 147.555599 -1.08976414090819 profile1
440 147.559461 -1.03523207360035 profile1
441 147.563362 -1.00418651706202 profile1
442 147.583398 -0.963273087318217 profile1
443 147.602453 -0.969714748549881 profile1
444 147.621507 -0.994352627549057 profile1
445 147.682611 -1.00092202474473 profile1
446 147.68996 -0.98854085448667 profile1
447 147.695588 -0.947397796172206 profile1
448 147.701215 -0.910435320326017 profile1
449 147.706843 -0.920552340367707 profile1
450 147.719435 -0.977226283316468 profile1
451 147.737975 -0.997140293844497 profile1
452 147.751499 -1.0103326626981 profile1
453 147.760277 -1.03345762786062 profile1
454 147.769056 -1.06348661856653 profile1
455 147.777834 -1.09460682726535 profile1
456 147.786613 -1.20436270484496 profile1
457 147.795391 -0.515492174958499 profile1
458 147.816836 -0.323411639951541 profile1
459 147.850698 -0.26093841362821 profile1
460 147.88456 -0.203193749756721 profile1
461 147.914702 -0.16506764644645 profile1
462 147.91491 -0.178719279094706 profile1
463 147.915116 -0.20288683286584 profile1
464 147.915322 -0.237414712084995 profile1
465 147.915527 -0.281840882416772 profile1
466 147.915733 -0.33542906031731 profile1
467 147.916803 -0.394067766681588 profile1
468 147.923623 -0.406182420031443 profile1
469 147.930444 -0.414281620074693 profile1
470 147.937264 -0.422456849310712 profile1
471 147.944084 -0.46322287236225 profile1
472 147.949324 -0.522311248139234 profile1
473 147.953121 -0.59461097427425 profile1
474 147.956917 -0.684632534496588 profile1
475 147.960714 -0.792054572391999 profile1
476 147.964511 -0.915363173063608 profile1
477 147.968307 -0.997133883480298 profile1
478 147.973733 -1.0395899816135 profile1
479 147.982072 -1.05786202967928 profile1
480 147.982175 -1.06989435286829 profile1
481 147.982278 -1.08618347088001 profile1
482 147.986316 -1.09083307897993 profile1
483 147.986987 -1.05923104116404 profile1
484 147.987657 -1.05710411675473 profile1
485 147.988327 -1.08980487741809 profile1
486 147.988998 -1.15882818273155 profile1
487 147.989668 -1.22094987652043 profile1
488 148.006053 -1.13567084591042 profile1
489 148.013144 -1.06264163139722 profile1
490 148.020236 -0.995273170396954 profile1
491 148.027327 -0.93480158683709 profile1
492 148.033269 -0.882322444112379 profile1
493 148.037078 -0.838724656782546 profile1
494 148.040918 -0.838137015304139 profile1
495 148.046494 -0.92705843221148 profile1
496 148.05207 -1.01496277545499 profile1
497 148.180347 -1.07888026210055 profile1
498 148.183086 -1.08890285685221 profile1
499 148.185825 -1.1064043228138 profile1
500 148.188563 -1.13124370661939 profile1
501 148.191302 -1.18340169837005 profile1
502 148.194041 -1.25869975807717 profile1
503 148.19678 -1.31584053388694 profile1
504 148.200032 -1.31057278002973 profile1
505 148.204884 -1.30068436942721 profile1
506 148.213021 -1.31460183963787 profile1
507 148.213171 -1.51830522118196 profile1
508 148.213321 -1.73399086853288 profile1
509 148.326473 -1.93112763237358 profile1
510 148.333368 -1.89822701713689 profile1
511 148.340263 -1.88897709491271 profile1
512 148.347157 -1.86984072263479 profile1
513 148.354052 -1.81906327245152 profile1
514 148.362946 -1.77237893884989 profile1
515 148.380016 -1.72441618792272 profile1
516 148.403283 -1.69669020102583 profile1
517 148.42655 -1.69448316504582 profile1
518 148.430037 -1.66653822084989 profile1
519 148.4319 -1.64186215154348 profile1
520 148.433763 -1.62058818800322 profile1
521 148.435626 -1.6472406138753 profile1
522 148.437489 -1.91403936144674 profile1
523 148.439352 -2.02537717047415 profile1
524 148.441214 -2.03303938197269 profile1
525 148.443077 -2.03599468087412 profile1
526 148.44494 -2.03440082728146 profile1
527 148.446803 -2.02941283408443 profile1
528 148.453459 -2.02744078393986 profile1
529 148.477993 -2.03146494509246 profile1
530 148.493526 -2.05061424353361 profile1
531 148.493644 -2.07218442498124 profile1
532 148.493762 -2.09446759660094 profile1
533 148.502187 -2.27292678543306 profile1
534 148.624196 -2.36564123683147 profile1
535 148.648833 -2.3992293707309 profile1
536 148.673469 -2.60251995677184 profile1
537 148.812084 -2.33893814798701 profile1
538 148.815025 -2.30667215094216 profile1
539 142.490795 -8.71660334602149 profile2
540 142.517426 -8.68786092115758 profile2
541 142.560149 -8.66535442606663 profile2
542 142.602873 -8.64366505963327 profile2
543 142.64402 -8.62218464061716 profile2
544 142.685103 -8.49255169308174 profile2
545 142.726186 -8.48368457856358 profile2
546 142.767269 -8.46705479673349 profile2
547 142.808353 -8.44921899025607 profile2
548 142.849436 -8.42828416075344 profile2
549 142.876943 -8.41461984700395 profile2
550 142.880371 -8.4080471349054 profile2
551 142.883799 -8.40863415865339 profile2
552 142.904956 -8.41556477878352 profile2
553 142.989329 -8.39357172117424 profile2
554 143.073701 -8.39564655643986 profile2
555 143.155273 -8.37112669258805 profile2
556 143.159416 -8.31744426304136 profile2
557 143.163559 -8.26781371505573 profile2
558 143.167702 -8.2548901139303 profile2
559 143.171846 -8.25054946058519 profile2
560 143.175989 -8.25418968055435 profile2
561 143.180132 -8.2656007055193 profile2
562 143.240265 -8.30633233157393 profile2
563 143.324863 -8.52057806999045 profile2
564 143.409462 -8.86299095846623 profile2
565 143.484637 -9.06899806291744 profile2
566 143.487347 -9.28267881199581 profile2
567 143.490056 -9.34391912943087 profile2
568 143.492766 -9.40955234588716 profile2
569 143.495555 -9.47931180892335 profile2
570 143.498344 -9.5528852829597 profile2
571 143.501132 -9.62306559302638 profile2
572 143.521072 -9.68076535926137 profile2
573 143.53778 -9.73220167685414 profile2
574 143.554489 -9.70149344109515 profile2
575 143.570345 -9.64795881760434 profile2
576 143.571477 -9.61212940874058 profile2
577 143.572611 -9.59412868643791 profile2
578 143.574439 -9.59356623930236 profile2
579 143.699438 -9.38908812807365 profile2
580 143.824436 -9.29253728616185 profile2
581 143.915168 -9.12617590739752 profile2
582 143.920616 -9.08015071896799 profile2
583 143.926063 -9.03581838256654 profile2
584 143.93182 -8.92795222848641 profile2
585 143.935901 -8.67751659644282 profile2
586 143.939982 -8.45437617463461 profile2
587 143.944917 -8.26413703857848 profile2
588 143.975668 -8.11106241055713 profile2
589 144.013221 -8.09577566121088 profile2
590 144.051716 -8.10280959978866 profile2
591 144.090211 -8.10603946621516 profile2
592 144.128706 -8.10719921274995 profile2
593 144.167202 -8.10857142479576 profile2
594 144.176428 -8.11008981908317 profile2
595 144.180816 -8.11166609816275 profile2
596 144.185205 -8.11322206749072 profile2
597 144.348163 -8.18478156264313 profile2
598 144.361337 -7.92784130565474 profile2
599 144.363468 -7.68665048512881 profile2
600 144.365599 -7.42676529517081 profile2
601 144.367577 -7.08781649678391 profile2
602 144.375504 -6.73346864877578 profile2
603 144.385418 -6.43685398561396 profile2
604 144.395332 -6.20530937150814 profile2
605 144.407236 -6.1686047190026 profile2
606 144.411293 -6.22904374435833 profile2
607 144.415349 -6.29988060547107 profile2
608 144.419405 -6.38042564142293 profile2
609 144.423461 -6.46989073885119 profile2
610 144.427517 -6.34160236851296 profile2
611 144.431573 -6.17170709873268 profile2
612 144.437408 -6.03989469222695 profile2
613 144.440911 -6.05145050221283 profile2
614 144.442944 -6.06326444971037 profile2
615 144.444976 -6.0642405426042 profile2
616 144.447008 -6.06132716439519 profile2
617 144.44904 -6.06540402011735 profile2
618 144.454745 -6.06400287681235 profile2
619 144.498681 -6.06903103209852 profile2
620 144.558267 -6.07956092618817 profile2
621 144.587405 -6.08355205357769 profile2
622 144.587686 -6.09459385597654 profile2
623 144.587968 -6.10527574091826 profile2
624 144.617027 -6.10775664224617 profile2
625 144.705848 -5.64235269833339 profile2
626 144.716797 -4.78138257863622 profile2
627 144.727745 -4.26491134452332 profile2
628 144.897381 -4.21227432227681 profile2
629 144.903395 -4.24489067356059 profile2
630 144.909409 -4.28580694719145 profile2
631 144.916914 -4.33491852359712 profile2
632 144.947844 -4.36356120153255 profile2
633 144.978774 -4.3944775120162 profile2
634 145.106694 -3.79814353294805 profile2
635 145.224788 -3.32584639160519 profile2
636 145.342881 -3.29173852681698 profile2
637 145.729503 -2.52986258504802 profile2
638 145.916546 -2.50090476191515 profile2
639 146.10359 -2.50895804338513 profile2
640 146.240909 -2.48829244778561 profile2
641 146.283615 -2.30583773569815 profile2
642 146.304543 -2.25423768057974 profile2
643 146.314537 -2.20853695325464 profile2
644 146.319976 -2.16921723131949 profile2
645 146.322338 -2.13669358564961 profile2
646 146.3247 -2.11129813686155 profile2
647 146.327062 -2.09326865370313 profile2
648 146.329424 -2.08274441211245 profile2
649 146.331786 -2.0797587621075 profile2
650 146.334148 -2.08424568234158 profile2
651 146.33651 -1.56904927970265 profile2
652 146.643419 -1.40889013305321 profile2
653 146.654632 -1.41362926650498 profile2
654 146.665844 -1.42363573897499 profile2
655 146.677056 -1.43144736635109 profile2
656 146.688269 -1.04410346252381 profile2
657 146.69133 -0.382538050466362 profile2
658 146.694026 0.275248911529575 profile2
659 146.696722 0.869744199966971 profile2
660 146.699418 1.34007773984328 profile2
661 146.702114 1.64447451083785 profile2
662 146.70481 1.70404622656144 profile2
663 146.707507 1.71478096391854 profile2
664 146.710838 1.71645449593056 profile2
665 146.716274 1.70903773598582 profile2
666 146.72171 1.69261750803313 profile2
667 146.727146 1.66739279054452 profile2
668 146.734615 1.66658680549946 profile2
669 146.80381 1.68685717666429 profile2
670 146.862885 1.85617626585022 profile2
671 146.863965 1.77600042034924 profile2
672 146.865044 1.34057630500692 profile2
673 146.87452 0.590830295807626 profile2
674 146.889753 -0.119797850198636 profile2
675 146.904986 -0.223127552677376 profile2
676 147.064187 -0.315048507107479 profile2
677 147.069549 -0.48499377026353 profile2
678 147.074911 -0.556949169614823 profile2
679 147.080273 -0.528016986449986 profile2
680 147.089309 -0.513719861265639 profile2
681 147.114764 -0.514769652782003 profile2
682 147.137425 -0.515033358994928 profile2
683 147.157965 -0.573481672118955 profile2
684 147.178504 -0.675459975179394 profile2
685 147.221814 -1.4758058027797 profile2
686 147.253583 -2.53057358058485 profile2
687 147.272554 -2.577660387866 profile2
688 147.275576 -2.59510274699214 profile2
689 147.278599 -2.63558167829447 profile2
690 147.281622 -2.63949014566482 profile2
691 147.284644 -2.66034868435793 profile2
692 147.286194 -2.69911611734616 profile2
693 147.286753 -2.75646682560714 profile2
694 147.287312 -2.83273147074346 profile2
695 147.287872 -2.92787022017493 profile2
696 147.290648 -3.01241856028859 profile2
697 147.299484 -3.08772928975884 profile2
698 147.327447 -2.83765360375163 profile2
699 147.35561 -2.89299206904702 profile2
700 147.383773 -3.25223095915403 profile2
701 147.397845 -3.2684814753763 profile2
702 147.402328 -3.28735719938606 profile2
703 147.406811 -3.30903628962294 profile2
704 147.411546 -3.33268380277509 profile2
705 147.442387 -3.35831677203279 profile2
706 147.535843 -3.36587867118299 profile2
707 147.551736 -3.47236884664254 profile2
708 147.555599 -3.79299775368504 profile2
709 147.559461 -4.00558719277559 profile2
710 147.563362 -4.16857458936308 profile2
711 147.583398 -4.49837826865121 profile2
712 147.602453 -4.77952663834252 profile2
713 147.621507 -5.00519945931131 profile2
714 147.682611 -5.06192527430631 profile2
715 147.68996 -5.08803451530518 profile2
716 147.695588 -5.14844176733126 profile2
717 147.701215 -5.23118526223044 profile2
718 147.706843 -5.40208837652655 profile2
719 147.719435 -5.78006905015005 profile2
720 147.737975 -5.80540148634614 profile2
721 147.751499 -5.83198621605473 profile2
722 147.760277 -5.86959395898017 profile2
723 147.769056 -5.91496464637618 profile2
724 147.777834 -5.96528816919675 profile2
725 147.786613 -5.94091284432306 profile2
726 147.795391 -5.82415777350919 profile2
727 147.816836 -5.81485213117854 profile2
728 147.850698 -5.93572455099912 profile2
729 147.88456 -6.05437182375513 profile2
730 147.914702 -6.25386318648435 profile2
731 147.91491 -6.29674542234851 profile2
732 147.915116 -6.34501812604732 profile2
733 147.915322 -6.39896645268844 profile2
734 147.915527 -6.4586889852522 profile2
735 147.915733 -6.52409334612065 profile2
736 147.916803 -6.59510597641287 profile2
737 147.923623 -6.67313283180737 profile2
738 147.930444 -6.74526168870484 profile2
739 147.937264 -6.81879178890854 profile2
740 147.944084 -6.95779949846718 profile2
741 147.949324 -7.13363759960755 profile2
742 147.953121 -7.38273096217829 profile2
743 147.956917 -7.72868472555503 profile2
744 147.960714 -8.13374176725383 profile2
745 147.964511 -8.57648998673726 profile2
746 147.968307 -8.82414201783865 profile2
747 147.973733 -8.96350646646891 profile2
748 147.982072 -9.03496256364954 profile2
749 147.982175 -9.07435152481604 profile2
750 147.982278 -9.11323348971438 profile2
751 147.986316 -9.2528184273068 profile2
752 147.986987 -9.76148350464556 profile2
753 147.987657 -10.3087503495736 profile2
754 147.988327 -10.8635948185908 profile2
755 147.988998 -11.3921237875563 profile2
756 147.989668 -11.7764965146537 profile2
757 148.006053 -11.7973350225647 profile2
758 148.013144 -11.9385411233107 profile2
759 148.020236 -12.0801026910837 profile2
760 148.027327 -12.2205048687212 profile2
761 148.033269 -12.3581876208862 profile2
762 148.037078 -12.4916185849169 profile2
763 148.040918 -12.6054386347183 profile2
764 148.046494 -12.7954427467646 profile2
765 148.05207 -12.9744650133887 profile2
766 148.180347 -13.117856097858 profile2
767 148.183086 -13.1708447559706 profile2
768 148.185825 -13.2216886934779 profile2
769 148.188563 -13.2694451518435 profile2
770 148.191302 -13.2836035320524 profile2
771 148.194041 -13.2999513346003 profile2
772 148.19678 -13.300332530637 profile2
773 148.200032 -13.2687061705776 profile2
774 148.204884 -13.2394956313936 profile2
775 148.213021 -13.2189115349352 profile2
776 148.213171 -13.2533088857748 profile2
777 148.213321 -13.2897937580474 profile2
778 148.326473 -13.3185363957675 profile2
779 148.333368 -13.2963710255396 profile2
780 148.340263 -13.2750894347769 profile2
781 148.347157 -13.2537507269401 profile2
782 148.354052 -13.2331086055629 profile2
783 148.362946 -13.2126694206666 profile2
784 148.380016 -13.1998188341277 profile2
785 148.403283 -13.2070359993422 profile2
786 148.42655 -13.2143374223554 profile2
787 148.430037 -13.2354879342602 profile2
788 148.4319 -13.2568618875453 profile2
789 148.433763 -13.2782671309394 profile2
790 148.435626 -13.3496329275036 profile2
791 148.437489 -13.4662039578618 profile2
792 148.439352 -13.5085666362223 profile2
793 148.441214 -13.5018375482205 profile2
794 148.443077 -13.4858157450979 profile2
795 148.44494 -13.4629882785986 profile2
796 148.446803 -13.4370237416864 profile2
797 148.453459 -13.4229878436764 profile2
798 148.477993 -13.4264555304835 profile2
799 148.493526 -13.4471138647793 profile2
800 148.493644 -13.4699554833076 profile2
801 148.493762 -13.4934018699595 profile2
802 148.502187 -13.6778680964756 profile2
803 148.624196 -13.7212769389567 profile2
804 148.648833 -13.626635391706 profile2
805 148.673469 -13.7931471695176 profile2
806 148.812084 -13.8972035369236 profile2
807 148.815025 -13.8848954209331 profile2
