marker_position lod trace
1 142.490795 -14.5963253156408 pleio
2 142.517426 -14.5649122539817 pleio
3 142.560149 -14.5389782311842 pleio
4 142.602873 -14.5144371113729 pleio
5 142.64402 -14.4906039519164 pleio
6 142.685103 -14.2781480830319 pleio
7 142.726186 -14.2413001248457 pleio
8 142.767269 -14.2235096362063 pleio
9 142.808353 -14.2150900760407 pleio
10 142.849436 -14.2333705641299 pleio
11 142.876943 -14.2596971971185 pleio
12 142.880371 -14.2935094312596 pleio
13 142.883799 -14.3345298712601 pleio
14 142.904956 -14.3786548237453 pleio
15 142.989329 -14.4347282170103 pleio
16 143.073701 -14.4933032267016 pleio
17 143.155273 -14.4083269042598 pleio
18 143.159416 -14.2589653871512 pleio
19 143.163559 -14.1545451142045 pleio
20 143.167702 -14.1097595880365 pleio
21 143.171846 -14.0776444620831 pleio
22 143.175989 -14.0596048593647 pleio
23 143.180132 -14.056583059174 pleio
24 143.240265 -14.0786216467121 pleio
25 143.324863 -14.0955038073086 pleio
26 143.409462 -14.4106010509307 pleio
27 143.484637 -14.6040508205422 pleio
28 143.487347 -14.8206469905206 pleio
29 143.490056 -14.8935696913357 pleio
30 143.492766 -14.9720128762801 pleio
31 143.495555 -15.0557086965058 pleio
32 143.498344 -15.1443345735081 pleio
33 143.501132 -15.2329799854861 pleio
34 143.521072 -15.2860400691683 pleio
35 143.53778 -15.3210949787795 pleio
36 143.554489 -15.2268854848428 pleio
37 143.570345 -15.0882280689579 pleio
38 143.571477 -14.9721065765205 pleio
39 143.572611 -14.8829764376545 pleio
40 143.574439 -14.8236114677542 pleio
41 143.699438 -14.6137064369013 pleio
42 143.824436 -14.5654045651382 pleio
43 143.915168 -14.2926351335618 pleio
44 143.920616 -14.2227469043509 pleio
45 143.926063 -14.1608870020425 pleio
46 143.93182 -14.0645981911256 pleio
47 143.935901 -13.8425461643543 pleio
48 143.939982 -13.6448047898553 pleio
49 143.944917 -13.4738390228722 pleio
50 143.975668 -13.3317905966199 pleio
51 144.013221 -13.3139655646894 pleio
52 144.051716 -13.3160717049041 pleio
53 144.090211 -13.3231695925134 pleio
54 144.128706 -13.3251284286316 pleio
55 144.167202 -13.3273477191853 pleio
56 144.176428 -13.329756518607 pleio
57 144.180816 -13.3322621824397 pleio
58 144.185205 -13.3351193808595 pleio
59 144.348163 -13.4197107591582 pleio
60 144.361337 -13.1297076559906 pleio
61 144.363468 -12.8277342091429 pleio
62 144.365599 -12.5370035182688 pleio
63 144.367577 -12.189243419806 pleio
64 144.375504 -11.8296011819753 pleio
65 144.385418 -11.5276650579172 pleio
66 144.395332 -11.2900222704478 pleio
67 144.407236 -11.2488791146388 pleio
68 144.411293 -11.3088745003065 pleio
69 144.415349 -11.3822957348606 pleio
70 144.419405 -11.4683613827473 pleio
71 144.423461 -11.5661600023709 pleio
72 144.427517 -11.4488477100846 pleio
73 144.431573 -11.2919247844407 pleio
74 144.437408 -11.1703419031921 pleio
75 144.440911 -11.148979245083 pleio
76 144.442944 -11.1276245215987 pleio
77 144.444976 -11.091066569933 pleio
78 144.447008 -11.0464883496838 pleio
79 144.44904 -11.0088552437476 pleio
80 144.454745 -10.9973793979535 pleio
81 144.498681 -10.991356903722 pleio
82 144.558267 -10.9917030470744 pleio
83 144.587405 -10.9803408722387 pleio
84 144.587686 -10.9643481560414 pleio
85 144.587968 -10.9484644679498 pleio
86 144.617027 -10.9363345428375 pleio
87 144.705848 -10.5123459366943 pleio
88 144.716797 -9.97883332359707 pleio
89 144.727745 -9.80467465777187 pleio
90 144.897381 -9.81280721507632 pleio
91 144.903395 -9.84234929927849 pleio
92 144.909409 -9.88044996698196 pleio
93 144.916914 -9.92707691950286 pleio
94 144.947844 -9.95171627345374 pleio
95 144.978774 -9.97839793576599 pleio
96 145.106694 -9.28000298868226 pleio
97 145.224788 -8.64748885893988 pleio
98 145.342881 -8.53949698323622 pleio
99 145.729503 -6.74253619874361 pleio
100 145.916546 -6.48727002844154 pleio
101 146.10359 -6.45705452023314 pleio
102 146.240909 -6.31987719808304 pleio
103 146.283615 -5.81004510200644 pleio
104 146.304543 -5.72817481416106 pleio
105 146.314537 -5.65438747384088 pleio
106 146.319976 -5.58924023496799 pleio
107 146.322338 -5.53321001058486 pleio
108 146.3247 -5.48667788677977 pleio
109 146.327062 -5.44991846913949 pleio
110 146.329424 -5.42309354498193 pleio
111 146.331786 -5.4062482514669 pleio
112 146.334148 -5.39931463759699 pleio
113 146.33651 -4.34261842260698 pleio
114 146.643419 -4.06138024087532 pleio
115 146.654632 -4.03521982369168 pleio
116 146.665844 -4.01882834694439 pleio
117 146.677056 -4.0114790824625 pleio
118 146.688269 -3.57279915245133 pleio
119 146.69133 -2.78905548897317 pleio
120 146.694026 -2.00717665335958 pleio
121 146.696722 -1.30148560438504 pleio
122 146.699418 -0.748707419798939 pleio
123 146.702114 -0.402352240281854 pleio
124 146.70481 -0.325047152074479 pleio
125 146.707507 -0.294074087672349 pleio
126 146.710838 -0.273363703964734 pleio
127 146.716274 -0.263039322168336 pleio
128 146.72171 -0.263104061452477 pleio
129 146.727146 -0.273442812724831 pleio
130 146.734615 -0.266837757363151 pleio
131 146.80381 -0.24198421344892 pleio
132 146.862885 0 pleio
133 146.863965 -0.0409728766202742 pleio
134 146.865044 -0.499715352164875 pleio
135 146.87452 -1.33641416234233 pleio
136 146.889753 -2.13693520095216 pleio
137 146.904986 -2.21204332940497 pleio
138 147.064187 -2.27504312023099 pleio
139 147.069549 -2.4357169491682 pleio
140 147.074911 -2.48447025621973 pleio
141 147.080273 -2.40965061040396 pleio
142 147.089309 -2.37236758749206 pleio
143 147.114764 -2.36666804755659 pleio
144 147.137425 -2.36495853076353 pleio
145 147.157965 -2.39081455211892 pleio
146 147.178504 -2.45407174629009 pleio
147 147.221814 -3.61133269592069 pleio
148 147.253583 -4.78845160884855 pleio
149 147.272554 -4.84208835649021 pleio
150 147.275576 -4.85416975823589 pleio
151 147.278599 -4.88967012214434 pleio
152 147.281622 -4.86429186410797 pleio
153 147.284644 -4.8579760051592 pleio
154 147.286194 -4.87160666499556 pleio
155 147.286753 -4.90580121958988 pleio
156 147.287312 -4.96087321975824 pleio
157 147.287872 -5.03681765548824 pleio
158 147.290648 -5.0870054360683 pleio
159 147.299484 -5.12676848440476 pleio
160 147.327447 -4.76865282327982 pleio
161 147.35561 -4.84193651955717 pleio
162 147.383773 -5.28235107497813 pleio
163 147.397845 -5.31400151430859 pleio
164 147.402328 -5.34862090772821 pleio
165 147.406811 -5.38636070281321 pleio
166 147.411546 -5.42631954905362 pleio
167 147.442387 -5.46842760843712 pleio
168 147.535843 -5.48239533444849 pleio
169 147.551736 -5.48061009462588 pleio
170 147.555599 -5.70700026420646 pleio
171 147.559461 -5.83254526659478 pleio
172 147.563362 -5.92377887103597 pleio
173 147.583398 -6.50676565171022 pleio
174 147.602453 -6.85048332324636 pleio
175 147.621507 -7.0777215463755 pleio
176 147.682611 -7.14319842558245 pleio
177 147.68996 -7.1864502922585 pleio
178 147.695588 -7.28315105745867 pleio
179 147.701215 -7.40354440356415 pleio
180 147.706843 -7.61537305753189 pleio
181 147.719435 -8.04343306289974 pleio
182 147.737975 -8.05851826074121 pleio
183 147.751499 -8.08237746366103 pleio
184 147.760277 -8.11861047352015 pleio
185 147.769056 -8.16372214838531 pleio
186 147.777834 -8.21453120375145 pleio
187 147.786613 -8.15709856371362 pleio
188 147.795391 -8.45075383865001 pleio
189 147.816836 -8.3554348636729 pleio
190 147.850698 -8.39620547381817 pleio
191 147.88456 -8.44627546591504 pleio
192 147.914702 -8.63523382811562 pleio
193 147.91491 -8.60793769215081 pleio
194 147.915116 -8.59418068900416 pleio
195 147.915322 -8.59555808924185 pleio
196 147.915527 -8.61310974262689 pleio
197 147.915733 -8.64726493324561 pleio
198 147.916803 -8.70004746097276 pleio
199 147.923623 -8.79677205783819 pleio
200 147.930444 -8.86805268845497 pleio
201 147.937264 -8.93864868479531 pleio
202 147.944084 -9.07447176287028 pleio
203 147.949324 -9.2599389069427 pleio
204 147.953121 -9.57087425115043 pleio
205 147.956917 -10.0204377632202 pleio
206 147.960714 -10.5461448343726 pleio
207 147.964511 -11.12380504781 pleio
208 147.968307 -11.4564288189109 pleio
209 147.973733 -11.6511617580988 pleio
210 147.982072 -11.7879920035852 pleio
211 147.982175 -11.923675835731 pleio
212 147.982278 -12.0589373668287 pleio
213 147.986316 -12.3244946989306 pleio
214 147.986987 -13.0713863798445 pleio
215 147.987657 -13.8763116949753 pleio
216 147.988327 -14.7013885617725 pleio
217 147.988998 -15.5037742506851 pleio
218 147.989668 -16.1116333732182 pleio
219 148.006053 -16.1715765300406 pleio
220 148.013144 -16.1843982089398 pleio
221 148.020236 -16.196481326084 pleio
222 148.027327 -16.2076631223598 pleio
223 148.033269 -16.2178202128918 pleio
224 148.037078 -16.2268663887313 pleio
225 148.040918 -16.2310525555806 pleio
226 148.046494 -16.3350616380284 pleio
227 148.05207 -16.490163987825 pleio
228 148.180347 -16.6549833650474 pleio
229 148.183086 -16.6712377877933 pleio
230 148.185825 -16.6909616530076 pleio
231 148.188563 -16.714396142786 pleio
232 148.191302 -16.7528892886355 pleio
233 148.194041 -16.7976248571206 pleio
234 148.19678 -16.819646821739 pleio
235 148.200032 -16.794408512944 pleio
236 148.204884 -16.7729025639699 pleio
237 148.213021 -16.7540261981034 pleio
238 148.213171 -16.7454595906938 pleio
239 148.213321 -16.7673256643429 pleio
240 148.326473 -16.8173652050726 pleio
241 148.333368 -16.8508510705557 pleio
242 148.340263 -16.92445443236 pleio
243 148.347157 -16.9729044623889 pleio
244 148.354052 -16.9603919985002 pleio
245 148.362946 -16.9488789979243 pleio
246 148.380016 -16.9490440053864 pleio
247 148.403283 -16.9795557033701 pleio
248 148.42655 -17.0241283094486 pleio
249 148.430037 -17.0877730979428 pleio
250 148.4319 -17.1529842627236 pleio
251 148.433763 -17.219417616235 pleio
252 148.435626 -17.2548132909292 pleio
253 148.437489 -17.4477091177228 pleio
254 148.439352 -17.567822025515 pleio
255 148.441214 -17.6156173531445 pleio
256 148.443077 -17.6606813412097 pleio
257 148.44494 -17.7058410692006 pleio
258 148.446803 -17.754190704216 pleio
259 148.453459 -17.8049774979656 pleio
260 148.477993 -17.8481369646628 pleio
261 148.493526 -17.8999216908733 pleio
262 148.493644 -17.953076602045 pleio
263 148.493762 -18.006197120364 pleio
264 148.502187 -18.1208954011611 pleio
265 148.624196 -18.2359587570537 pleio
266 148.648833 -18.3898557427226 pleio
267 148.673469 -18.9331378771615 pleio
268 148.812084 -19.1613692840341 pleio
269 148.815025 -19.1540857234265 pleio
270 142.490795 -5.24000830106017 profile1
271 142.517426 -5.23709139582468 profile1
272 142.560149 -5.23328919541325 profile1
273 142.602873 -5.23033761708861 profile1
274 142.64402 -5.22812392194196 profile1
275 142.685103 -5.13726258565592 profile1
276 142.726186 -5.11249476540932 profile1
277 142.767269 -5.11254251416007 profile1
278 142.808353 -5.12284711681946 profile1
279 142.849436 -5.16219757950133 profile1
280 142.876943 -5.20381035974606 profile1
281 142.880371 -5.24733193905453 profile1
282 142.883799 -5.29240457832368 profile1
283 142.904956 -5.33545908509733 profile1
284 142.989329 -5.41986085958691 profile1
285 143.073701 -5.48924682958207 profile1
286 143.155273 -5.42350859540464 profile1
287 143.159416 -5.31632180949432 profile1
288 143.163559 -5.25599650951609 profile1
289 143.167702 -5.22467029379199 profile1
290 143.171846 -5.19962172550813 profile1
291 143.175989 -5.18302320297088 profile1
292 143.180132 -5.17603970497079 profile1
293 143.240265 -5.16498784437042 profile1
294 143.324863 -4.97795698427703 profile1
295 143.409462 -4.91451453649315 profile1
296 143.484637 -4.91256950596544 profile1
297 143.487347 -4.92846151525309 profile1
298 143.490056 -4.94590271804385 profile1
299 143.492766 -4.96523513043314 profile1
300 143.495555 -4.98645935211389 profile1
301 143.498344 -5.00955820834249 profile1
302 143.501132 -5.03614244057122 profile1
303 143.521072 -5.03193511254686 profile1
304 143.53778 -5.01037332805756 profile1
305 143.554489 -4.92696786128049 profile1
306 143.570345 -4.81856867935439 profile1
307 143.571477 -4.71977268473702 profile1
308 143.572611 -4.63535910362094 profile1
309 143.574439 -4.56857793065781 profile1
310 143.699438 -4.53770261682597 profile1
311 143.824436 -4.55816822123417 profile1
312 143.915168 -4.41492254257752 profile1
313 143.920616 -4.38951929348778 profile1
314 143.926063 -4.37096545852674 profile1
315 143.93182 -4.36913874659559 profile1
316 143.935901 -4.37004537292414 profile1
317 143.939982 -4.3697033262002 profile1
318 143.944917 -4.36566356912017 profile1
319 143.975668 -4.356438617836 profile1
320 144.013221 -4.34675530247365 profile1
321 144.051716 -4.33823547501586 profile1
322 144.090211 -4.34316031646557 profile1
323 144.128706 -4.34456275511857 profile1
324 144.167202 -4.3461252766485 profile1
325 144.176428 -4.34778722287087 profile1
326 144.180816 -4.34949096198209 profile1
327 144.185205 -4.35150800170419 profile1
328 144.348163 -4.4217306682409 profile1
329 144.361337 -4.3663074307814 profile1
330 144.363468 -4.26943496063644 profile1
331 144.365599 -4.21397905201818 profile1
332 144.367577 -4.18726858791594 profile1
333 144.375504 -4.17321130476705 profile1
334 144.385418 -4.16819288413255 profile1
335 144.395332 -4.17097724332707 profile1
336 144.407236 -4.17538917604547 profile1
337 144.411293 -4.1816820464507 profile1
338 144.415349 -4.19231838215653 profile1
339 144.419405 -4.20711617989818 profile1
340 144.423461 -4.22584827572909 profile1
341 144.427517 -4.23284719546209 profile1
342 144.431573 -4.23911750699971 profile1
343 144.437408 -4.24481039887513 profile1
344 144.440911 -4.21318381121067 profile1
345 144.442944 -4.18151565333872 profile1
346 144.444976 -4.14304729135021 profile1
347 144.447008 -4.09888479770088 profile1
348 144.44904 -4.05544194102179 profile1
349 144.454745 -4.04229181034083 profile1
350 144.498681 -4.02868239858363 profile1
351 144.558267 -4.0164536451278 profile1
352 144.587405 -4.00581667767183 profile1
353 144.587686 -3.98696844726072 profile1
354 144.587968 -3.96789512404856 profile1
355 144.617027 -3.95709203304018 profile1
356 144.705848 -3.94843958486144 profile1
357 144.716797 -4.24997310334739 profile1
358 144.727745 -4.6637270220046 profile1
359 144.897381 -4.74058721019661 profile1
360 144.903395 -4.73632910906161 profile1
361 144.909409 -4.7332283720201 profile1
362 144.916914 -4.731377494247 profile1
363 144.947844 -4.72613079654125 profile1
364 144.978774 -4.72087294167072 profile1
365 145.106694 -4.68746371952996 profile1
366 145.224788 -4.55441998728777 profile1
367 145.342881 -4.51746383781655 profile1
368 145.729503 -3.17602773345254 profile1
369 145.916546 -2.90901901068739 profile1
370 146.10359 -2.87118175057954 profile1
371 146.240909 -2.76514774741817 profile1
372 146.283615 -2.41738775859694 profile1
373 146.304543 -2.38224261875621 profile1
374 146.314537 -2.34978198170008 profile1
375 146.319976 -2.32008489295776 profile1
376 146.322338 -2.29320840415324 profile1
377 146.3247 -2.26918822587507 profile1
378 146.327062 -2.24803988906188 profile1
379 146.329424 -2.22975723321267 profile1
380 146.331786 -2.21431727296439 profile1
381 146.334148 -2.20167859437199 profile1
382 146.33651 -1.53617757244261 profile1
383 146.643419 -1.38031250645333 profile1
384 146.654632 -1.34644702628737 profile1
385 146.665844 -1.31723275946312 profile1
386 146.677056 -1.30037034558221 profile1
387 146.688269 -1.19838832606714 profile1
388 146.69133 -0.97495833338272 profile1
389 146.694026 -0.746330647539029 profile1
390 146.696722 -0.53791368645174 profile1
391 146.699418 -0.377276122576112 profile1
392 146.702114 -0.284994353109741 profile1
393 146.70481 -0.252916699349035 profile1
394 146.707507 -0.223482423610594 profile1
395 146.710838 -0.196033919853584 profile1
396 146.716274 -0.170729862936115 profile1
397 146.72171 -0.147713189314766 profile1
398 146.727146 -0.127108323941845 profile1
399 146.734615 -0.114152234840844 profile1
400 146.80381 -0.104278664244078 profile1
401 146.862885 0 profile1
402 146.863965 0.0392429033002819 profile1
403 146.865044 -0.0257708295584829 profile1
404 146.87452 -0.195849547071763 profile1
405 146.889753 -0.364994228481034 profile1
406 146.904986 -0.332429730817873 profile1
407 147.064187 -0.258647584554356 profile1
408 147.069549 -0.248079034655152 profile1
409 147.074911 -0.227686128189504 profile1
410 147.080273 -0.188366861889375 profile1
411 147.089309 -0.17172879294297 profile1
412 147.114764 -0.166204200174571 profile1
413 147.137425 -0.164469179237297 profile1
414 147.157965 -0.136622457284252 profile1
415 147.178504 -0.125187336789842 profile1
416 147.221814 -0.615226194216984 profile1
417 147.253583 -0.706169877984906 profile1
418 147.272554 -0.687847529813727 profile1
419 147.275576 -0.64832539460925 profile1
420 147.278599 -0.612603143556455 profile1
421 147.281622 -0.561010469964944 profile1
422 147.284644 -0.513700894850513 profile1
423 147.286194 -0.470596551983741 profile1
424 147.286753 -0.431595587325841 profile1
425 147.287312 -0.396611809138694 profile1
426 147.287872 -0.365603954601053 profile1
427 147.290648 -0.326699278528375 profile1
428 147.299484 -0.293974991701803 profile1
429 147.327447 -0.143597885223716 profile1
430 147.35561 -0.169469415476203 profile1
431 147.383773 -0.261467001872655 profile1
432 147.397845 -0.279540627193299 profile1
433 147.402328 -0.298256752732068 profile1
434 147.406811 -0.317570053020738 profile1
435 147.411546 -0.337427537416662 profile1
436 147.442387 -0.357760206367224 profile1
437 147.535843 -0.364534657445243 profile1
438 147.551736 -0.243737879224717 profile1
439 147.555599 -0.144818861946771 profile1
440 147.559461 -0.0640440310223466 profile1
441 147.563362 -0.00998536529871342 profile1
442 147.583398 -0.404042084468235 profile1
443 147.602453 -0.537690473545778 profile1
444 147.621507 -0.583806048206831 profile1
445 147.682611 -0.602251201183845 profile1
446 147.68996 -0.619906470695161 profile1
447 147.695588 -0.655122489336448 profile1
448 147.701215 -0.69238426339956 profile1
449 147.706843 -0.740908104530432 profile1
450 147.719435 -0.818368658048921 profile1
451 147.737975 -0.809914914865337 profile1
452 147.751499 -0.808797897766869 profile1
453 147.760277 -0.808318969087316 profile1
454 147.769056 -0.80881914498604 profile1
455 147.777834 -0.810276597012272 profile1
456 147.786613 -0.747041646312786 profile1
457 147.795391 -1.34144037756298 profile1
458 147.816836 -1.29131303149893 profile1
459 147.850698 -1.25593094111139 profile1
460 147.88456 -1.22546643718751 profile1
461 147.914702 -1.2491431797117 profile1
462 147.91491 -1.1787837610531 profile1
463 147.915116 -1.11764407105193 profile1
464 147.915322 -1.06699321762868 profile1
465 147.915527 -1.02769045579552 profile1
466 147.915733 -1.00014121360587 profile1
467 147.916803 -0.985987643141702 profile1
468 147.923623 -1.00408271782514 profile1
469 147.930444 -1.00569100087868 profile1
470 147.937264 -1.00580312110998 profile1
471 147.944084 -1.00802096456265 profile1
472 147.949324 -1.02796265458426 profile1
473 147.953121 -1.11443778530654 profile1
474 147.956917 -1.25582613639443 profile1
475 147.960714 -1.42090088812232 profile1
476 147.964511 -1.60557507435142 profile1
477 147.968307 -1.71812936942416 profile1
478 147.973733 -1.79007531861542 profile1
479 147.982072 -1.86364976131063 profile1
480 147.982175 -1.96460868092678 profile1
481 147.982278 -2.06576747929909 profile1
482 147.986316 -2.20351941272464 profile1
483 147.986987 -2.48114754563409 profile1
484 147.987657 -2.78459489604 profile1
485 147.988327 -3.10419698056835 profile1
486 147.988998 -3.42759981382876 profile1
487 147.989668 -3.68722963693227 profile1
488 148.006053 -3.72003302965922 profile1
489 148.013144 -3.5728364205421 profile1
490 148.020236 -3.42640075068742 profile1
491 148.027327 -3.2823167254036 profile1
492 148.033269 -3.14221995642293 profile1
493 148.037078 -3.00770072408425 profile1
494 148.040918 -2.88393734718632 profile1
495 148.046494 -2.79114782801796 profile1
496 148.05207 -2.79129240074085 profile1
497 148.180347 -2.85324932911719 profile1
498 148.183086 -2.82026270275327 profile1
499 148.185825 -2.79413948868321 profile1
500 148.188563 -2.77602968477873 profile1
501 148.191302 -2.80795154163318 profile1
502 148.194041 -2.84417237785904 profile1
503 148.19678 -2.8711896386412 profile1
504 148.200032 -2.87840420176766 profile1
505 148.204884 -2.88724750149717 profile1
506 148.213021 -2.8918075866484 profile1
507 148.213171 -2.86256582708559 profile1
508 148.213321 -2.86293332005444 profile1
509 148.326473 -2.89961197053815 profile1
510 148.333368 -2.95845206730141 profile1
511 148.340263 -3.05423444372437 profile1
512 148.347157 -3.12338580396101 profile1
513 148.354052 -3.12719461901147 profile1
514 148.362946 -3.13211026835702 profile1
515 148.380016 -3.14228280184071 profile1
516 148.403283 -3.16605625906829 profile1
517 148.42655 -3.20242355463467 profile1
518 148.430037 -3.24447444134346 profile1
519 148.4319 -3.2883411875139 profile1
520 148.433763 -3.33386730764543 profile1
521 148.435626 -3.30952159940703 profile1
522 148.437489 -3.39728490702061 profile1
523 148.439352 -3.49107291125586 profile1
524 148.441214 -3.56622232568952 profile1
525 148.443077 -3.65011216739359 profile1
526 148.44494 -3.74214782291114 profile1
527 148.446803 -3.84074953689775 profile1
528 148.453459 -3.92049393581046 profile1
529 148.477993 -3.96329211428068 profile1
530 148.493526 -3.99857651205341 profile1
531 148.493644 -4.03368010267747 profile1
532 148.493762 -4.06855139537913 profile1
533 148.502187 -4.02665390705654 profile1
534 148.624196 -4.10705981013969 profile1
535 148.648833 -4.34129913871861 profile1
536 148.673469 -4.71789120958376 profile1
537 148.812084 -4.84534882036767 profile1
538 148.815025 -4.84147717637145 profile1
539 142.490795 -10.6034539686202 profile2
540 142.517426 -10.5710893783828 profile2
541 142.560149 -10.5453875104178 profile2
542 142.602873 -10.520386323389 profile2
543 142.64402 -10.4954641847458 profile2
544 142.685103 -10.3669708918521 profile2
545 142.726186 -10.3505725342458 profile2
546 142.767269 -10.3299457987274 profile2
547 142.808353 -10.3084255409974 profile2
548 142.849436 -10.284405821027 profile2
549 142.876943 -10.2669764655014 profile2
550 142.880371 -10.2558896095175 profile2
551 142.883799 -10.2512291683064 profile2
552 142.904956 -10.2523369929247 profile2
553 142.989329 -10.2198773156141 profile2
554 143.073701 -10.2085580275495 profile2
555 143.155273 -10.1881874797631 profile2
556 143.159416 -10.147237844494 profile2
557 143.163559 -10.1010177527181 profile2
558 143.167702 -10.0825535868676 profile2
559 143.171846 -10.071003650738 profile2
560 143.175989 -10.0657431093218 profile2
561 143.180132 -10.0666787547332 profile2
562 143.240265 -10.09841708384 profile2
563 143.324863 -10.3090445461505 profile2
564 143.409462 -10.701926845726 profile2
565 143.484637 -10.9054215799366 profile2
566 143.487347 -11.1171863842186 profile2
567 143.490056 -11.1723855501344 profile2
568 143.492766 -11.2315904019738 profile2
569 143.495555 -11.2945365004289 profile2
570 143.498344 -11.3609207357605 profile2
571 143.501132 -11.4252956617157 profile2
572 143.521072 -11.4821775232384 profile2
573 143.53778 -11.5363525893922 profile2
574 143.554489 -11.5130221102423 profile2
575 143.570345 -11.4656307794955 profile2
576 143.571477 -11.4322687911129 profile2
577 143.572611 -11.4135449997708 profile2
578 143.574439 -11.4098276287697 profile2
579 143.699438 -11.23023287319 profile2
580 143.824436 -11.1416112627165 profile2
581 143.915168 -10.9964397195763 profile2
582 143.920616 -10.9541137171908 profile2
583 143.926063 -10.9124683268835 profile2
584 143.93182 -10.8021541041368 profile2
585 143.935901 -10.54499290012 profile2
586 143.939982 -10.3177965508037 profile2
587 143.944917 -10.1263662070968 profile2
588 143.975668 -9.97482836995368 profile2
589 144.013221 -9.96573234608917 profile2
590 144.051716 -9.97745247348596 profile2
591 144.090211 -9.97940153590645 profile2
592 144.128706 -9.98041776353102 profile2
593 144.167202 -9.98145595842083 profile2
594 144.176428 -9.98255200645564 profile2
595 144.180816 -9.98370854077075 profile2
596 144.185205 -9.9849064550332 profile2
597 144.348163 -9.98999077813037 profile2
598 144.361337 -9.73944040872281 profile2
599 144.363468 -9.52955043840711 profile2
600 144.365599 -9.30433381911801 profile2
601 144.367577 -8.97978977369692 profile2
602 144.375504 -8.62269087648452 profile2
603 144.385418 -8.32029418894061 profile2
604 144.395332 -8.08030321782622 profile2
605 144.407236 -8.03165507352615 profile2
606 144.411293 -8.0788669825731 profile2
607 144.415349 -8.13639290508034 profile2
608 144.419405 -8.20363218091327 profile2
609 144.423461 -8.27988271717141 profile2
610 144.427517 -8.14361054554655 profile2
611 144.431573 -7.96765001328191 profile2
612 144.437408 -7.83070700982659 profile2
613 144.440911 -7.84026102199289 profile2
614 144.442944 -7.8501377448209 profile2
615 144.444976 -7.85169082107928 profile2
616 144.447008 -7.85137615551117 profile2
617 144.44904 -7.85798485883653 profile2
618 144.454745 -7.86070379636146 profile2
619 144.498681 -7.86985626227307 profile2
620 144.558267 -7.88406739737043 profile2
621 144.587405 -7.88337847420213 profile2
622 144.587686 -7.88678549612137 profile2
623 144.587968 -7.89048468185463 profile2
624 144.617027 -7.8892857017971 profile2
625 144.705848 -7.45005310609355 profile2
626 144.716797 -6.58227964429705 profile2
627 144.727745 -5.97471592941248 profile2
628 144.897381 -5.9028358476754 profile2
629 144.903395 -5.93388218967434 profile2
630 144.909409 -5.97323866782559 profile2
631 144.916914 -6.02080498692183 profile2
632 144.947844 -6.04939564928532 profile2
633 144.978774 -6.0802934138567 profile2
634 145.106694 -5.37388668901826 profile2
635 145.224788 -4.86687015247522 profile2
636 145.342881 -4.79237589277242 profile2
637 145.729503 -4.24373300280167 profile2
638 145.916546 -4.24966147706642 profile2
639 146.10359 -4.24642600027749 profile2
640 146.240909 -4.21140265274139 profile2
641 146.283615 -4.03560318943593 profile2
642 146.304543 -3.98112571810598 profile2
643 146.314537 -3.93225608794642 profile2
644 146.319976 -3.88953159149485 profile2
645 146.322338 -3.853430024299 profile2
646 146.3247 -3.82435141189429 profile2
647 146.327062 -3.80260443169789 profile2
648 146.329424 -3.78839959466614 profile2
649 146.331786 -3.78183951298858 profile2
650 146.334148 -3.78292289138043 profile2
651 146.33651 -3.27304739426412 profile2
652 146.643419 -3.11684209475657 profile2
653 146.654632 -3.11964930015873 profile2
654 146.665844 -3.12810240325955 profile2
655 146.677056 -3.13367708053182 profile2
656 146.688269 -2.74925499901528 profile2
657 146.69133 -2.099864650028 profile2
658 146.694026 -1.45575125968818 profile2
659 146.696722 -0.876016144797824 profile2
660 146.699418 -0.421157407373831 profile2
661 146.702114 -0.132508869581053 profile2
662 146.70481 -0.0796044201332594 profile2
663 146.707507 -0.0730332169057086 profile2
664 146.710838 -0.0756966156951175 profile2
665 146.716274 -0.0875896608230675 profile2
666 146.72171 -0.10858954642397 profile2
667 146.727146 -0.13846030329676 profile2
668 146.734615 -0.144741308831473 profile2
669 146.80381 -0.12784155103355 profile2
670 146.862885 0.0392429033002819 profile2
671 146.863965 -0.0409728766202742 profile2
672 146.865044 -0.472464371530384 profile2
673 146.87452 -1.19205825781915 profile2
674 146.889753 -1.8831295460194 profile2
675 146.904986 -1.99542749994832 profile2
676 147.064187 -2.13526698982268 profile2
677 147.069549 -2.30245998422076 profile2
678 147.074911 -2.37080234675251 profile2
679 147.080273 -2.33771327080727 profile2
680 147.089309 -2.31953647162522 profile2
681 147.114764 -2.31746492876792 profile2
682 147.137425 -2.31705752245401 profile2
683 147.157965 -2.37156875937936 profile2
684 147.178504 -2.45407174629009 profile2
685 147.221814 -3.18553649510379 profile2
686 147.253583 -4.27451420089056 profile2
687 147.272554 -4.33245402174088 profile2
688 147.275576 -4.36239558647103 profile2
689 147.278599 -4.41436131766457 profile2
690 147.281622 -4.41949829949868 profile2
691 147.284644 -4.44053450785962 profile2
692 147.286194 -4.47878919935962 profile2
693 147.286753 -4.53535152935749 profile2
694 147.287312 -4.6109806984168 profile2
695 147.287872 -4.70603748749377 profile2
696 147.290648 -4.7899923496248 profile2
697 147.299484 -4.86451490116326 profile2
698 147.327447 -4.65771049515295 profile2
699 147.35561 -4.70153571801599 profile2
700 147.383773 -5.03579559687966 profile2
701 147.397845 -5.04836310287438 profile2
702 147.402328 -5.06354212775241 profile2
703 147.406811 -5.08153172136378 profile2
704 147.411546 -5.10149986082262 profile2
705 147.442387 -5.12347410459255 profile2
706 147.535843 -5.13048465337325 profile2
707 147.551736 -5.23181794930256 profile2
708 147.555599 -5.55206910794239 profile2
709 147.559461 -5.76371946012468 profile2
710 147.563362 -5.92377887103597 profile2
711 147.583398 -6.16043322689191 profile2
712 147.602453 -6.41729093255653 profile2
713 147.621507 -6.6389545799336 profile2
714 147.682611 -6.69456580058353 profile2
715 147.68996 -6.72143160143765 profile2
716 147.695588 -6.78603200227392 profile2
717 147.701215 -6.8738468229021 profile2
718 147.706843 -7.04399194772962 profile2
719 147.719435 -7.42210033008366 profile2
720 147.737975 -7.44754793570435 profile2
721 147.751499 -7.47446240465519 profile2
722 147.760277 -7.51388452217144 profile2
723 147.769056 -7.56197500704117 profile2
724 147.777834 -7.61533155922856 profile2
725 147.786613 -7.63838028364664 profile2
726 147.795391 -7.36308901296566 profile2
727 147.816836 -7.3398389875695 profile2
728 147.850698 -7.44363032171959 profile2
729 147.88456 -7.5505708842621 profile2
730 147.914702 -7.73353351369659 profile2
731 147.91491 -7.78464314222017 profile2
732 147.915116 -7.84259990454458 profile2
733 147.915322 -7.90752802383132 profile2
734 147.915527 -7.97931831222107 profile2
735 147.915733 -8.05764013899636 profile2
736 147.916803 -8.14169493664013 profile2
737 147.923623 -8.22542713267449 profile2
738 147.930444 -8.29942954486244 profile2
739 147.937264 -8.3744877068886 profile2
740 147.944084 -8.51817431631466 profile2
741 147.949324 -8.69951704648082 profile2
742 147.953121 -8.95086716429267 profile2
743 147.956917 -9.29944599916883 profile2
744 147.960714 -9.7095748930851 profile2
745 147.964511 -10.1587258286486 profile2
746 147.968307 -10.4168461190149 profile2
747 147.973733 -10.5661539331053 profile2
748 147.982072 -10.6439479797837 profile2
749 147.982175 -10.6896652799908 profile2
750 147.982278 -10.7351626006959 profile2
751 147.986316 -10.8773775131117 profile2
752 147.986987 -11.3760445019595 profile2
753 147.987657 -11.9165083313835 profile2
754 147.988327 -12.4690194757716 profile2
755 147.988998 -13.0004246634066 profile2
756 147.989668 -13.3928001969226 profile2
757 148.006053 -13.4231176951108 profile2
758 148.013144 -13.5831873715289 profile2
759 148.020236 -13.7425195696906 profile2
760 148.027327 -13.8994117991793 profile2
761 148.033269 -14.0521416039824 profile2
762 148.037078 -14.1990499203553 profile2
763 148.040918 -14.331689912119 profile2
764 148.046494 -14.5432467202425 profile2
765 148.05207 -14.7345562671107 profile2
766 148.180347 -14.8826210689118 profile2
767 148.183086 -14.9373613633553 profile2
768 148.185825 -14.9893613771361 profile2
769 148.188563 -15.0376649934322 profile2
770 148.191302 -15.0505168249476 profile2
771 148.194041 -15.0656493824685 profile2
772 148.19678 -15.0672588726345 profile2
773 148.200032 -15.0412756504019 profile2
774 148.204884 -15.0179559226507 profile2
775 148.213021 -15.0026922343209 profile2
776 148.213171 -15.0370139525507 profile2
777 148.213321 -15.0733631021075 profile2
778 148.326473 -15.1017566535796 profile2
779 148.333368 -15.0782930431847 profile2
780 148.340263 -15.0562131196088 profile2
781 148.347157 -15.0348852897127 profile2
782 148.354052 -15.0153076993421 profile2
783 148.362946 -14.9958647066967 profile2
784 148.380016 -14.9835454404617 profile2
785 148.403283 -14.9903300799623 profile2
786 148.42655 -14.9987902677063 profile2
787 148.430037 -15.0214804620751 profile2
788 148.4319 -15.0442501868941 profile2
789 148.433763 -15.0668996672972 profile2
790 148.435626 -15.1322809911141 profile2
791 148.437489 -15.2443537142589 profile2
792 148.439352 -15.2773573325872 profile2
793 148.441214 -15.2578951368701 profile2
794 148.443077 -15.2286816895511 profile2
795 148.44494 -15.1928245332496 profile2
796 148.446803 -15.1545477697101 profile2
797 148.453459 -15.133093907241 profile2
798 148.477993 -15.1347158870488 profile2
799 148.493526 -15.1524455125823 profile2
800 148.493644 -15.1720078484418 profile2
801 148.493762 -15.192021876437 profile2
802 148.502187 -15.3531792662542 profile2
803 148.624196 -15.4026737821699 profile2
804 148.648833 -15.3408066527375 profile2
805 148.673469 -15.5627560780575 profile2
806 148.812084 -15.6623982128422 profile2
807 148.815025 -15.6563759429858 profile2
