marker_position lod trace
1 142.490795 -8.68442780298064 pleio
2 142.517426 -8.59551094622674 pleio
3 142.560149 -8.53453795249101 pleio
4 142.602873 -8.47314524725872 pleio
5 142.64402 -8.41127862193341 pleio
6 142.685103 -8.49532424232351 pleio
7 142.726186 -8.48304190746834 pleio
8 142.767269 -8.41919810598045 pleio
9 142.808353 -8.3577561302675 pleio
10 142.849436 -8.30509880569694 pleio
11 142.876943 -8.25445386865061 pleio
12 142.880371 -8.20536172486591 pleio
13 142.883799 -8.15790810053761 pleio
14 142.904956 -8.11025885875838 pleio
15 142.989329 -8.15536465826504 pleio
16 143.073701 -8.12693455643584 pleio
17 143.155273 -8.096012033256 pleio
18 143.159416 -8.07424238760286 pleio
19 143.163559 -7.98626528064232 pleio
20 143.167702 -7.85394332711637 pleio
21 143.171846 -7.71587759660439 pleio
22 143.175989 -7.57599397658947 pleio
23 143.180132 -7.43724984948718 pleio
24 143.240265 -7.29453161154852 pleio
25 143.324863 -6.87885174861182 pleio
26 143.409462 -6.8285382876598 pleio
27 143.484637 -6.78338685066186 pleio
28 143.487347 -6.7688294914675 pleio
29 143.490056 -6.72782706995203 pleio
30 143.492766 -6.68885917553671 pleio
31 143.495555 -6.65181745629133 pleio
32 143.498344 -6.61659164659323 pleio
33 143.501132 -6.58732473847911 pleio
34 143.521072 -6.53469586031611 pleio
35 143.53778 -6.46283936152669 pleio
36 143.554489 -6.42484674297216 pleio
37 143.570345 -6.4158533720764 pleio
38 143.571477 -6.42547148951353 pleio
39 143.572611 -6.45366454339017 pleio
40 143.574439 -6.49851136565327 pleio
41 143.699438 -6.65097495484928 pleio
42 143.824436 -6.43166780588634 pleio
43 143.915168 -6.28655615738392 pleio
44 143.920616 -6.16089891935364 pleio
45 143.926063 -6.03243769517597 pleio
46 143.93182 -5.93462509417369 pleio
47 143.935901 -5.74991560446258 pleio
48 143.939982 -5.60654971334375 pleio
49 143.944917 -5.51254823603235 pleio
50 143.975668 -5.47339079750969 pleio
51 144.013221 -5.50242900020908 pleio
52 144.051716 -5.54197583299051 pleio
53 144.090211 -5.54435360447813 pleio
54 144.128706 -5.5372761529433 pleio
55 144.167202 -5.52831872092844 pleio
56 144.176428 -5.51852551779309 pleio
57 144.180816 -5.50885402262169 pleio
58 144.185205 -5.49989340427232 pleio
59 144.348163 -5.75120219427155 pleio
60 144.361337 -5.73128303642556 pleio
61 144.363468 -5.30997367154828 pleio
62 144.365599 -4.81496086668361 pleio
63 144.367577 -4.54065317036482 pleio
64 144.375504 -4.41063548945 pleio
65 144.385418 -4.31748358701175 pleio
66 144.395332 -4.26490706847091 pleio
67 144.407236 -4.26171731044418 pleio
68 144.411293 -4.27167108938833 pleio
69 144.415349 -4.28255255672577 pleio
70 144.419405 -4.29430876310382 pleio
71 144.423461 -4.30688616637844 pleio
72 144.427517 -4.24970265500266 pleio
73 144.431573 -4.18506832090349 pleio
74 144.437408 -4.13723371009308 pleio
75 144.440911 -4.1159177703733 pleio
76 144.442944 -4.09582674894278 pleio
77 144.444976 -4.06370216429921 pleio
78 144.447008 -4.02775179416091 pleio
79 144.44904 -4.00123418258569 pleio
80 144.454745 -3.99717371000385 pleio
81 144.498681 -4.00066202783205 pleio
82 144.558267 -4.00542842394857 pleio
83 144.587405 -4.00733559554597 pleio
84 144.587686 -4.04545836339332 pleio
85 144.587968 -4.08969799197791 pleio
86 144.617027 -4.10055943220163 pleio
87 144.705848 -4.1574231597894 pleio
88 144.716797 -4.2966532425398 pleio
89 144.727745 -4.25766304831691 pleio
90 144.897381 -4.26694356395819 pleio
91 144.903395 -4.28371428797745 pleio
92 144.909409 -4.30568202322295 pleio
93 144.916914 -4.33271972476095 pleio
94 144.947844 -4.34452260636193 pleio
95 144.978774 -4.35633429594531 pleio
96 145.106694 -4.792934462086 pleio
97 145.224788 -4.3747508805313 pleio
98 145.342881 -4.28888309371623 pleio
99 145.729503 -3.26489701944437 pleio
100 145.916546 -2.95076799985458 pleio
101 146.10359 -2.66513285532654 pleio
102 146.240909 -2.44582476996721 pleio
103 146.283615 -2.14259237519106 pleio
104 146.304543 -2.07931112977393 pleio
105 146.314537 -2.01885819055658 pleio
106 146.319976 -1.96180047818564 pleio
107 146.322338 -1.90872543384142 pleio
108 146.3247 -1.86022890901108 pleio
109 146.327062 -1.81689123400251 pleio
110 146.329424 -1.77925507086312 pleio
111 146.331786 -1.74781122797527 pleio
112 146.334148 -1.72297599986903 pleio
113 146.33651 -1.56089861792582 pleio
114 146.643419 -1.50997110991052 pleio
115 146.654632 -1.42249227301607 pleio
116 146.665844 -1.32748738611107 pleio
117 146.677056 -1.2010937467038 pleio
118 146.688269 -0.908338977987795 pleio
119 146.69133 -0.506981464878863 pleio
120 146.694026 -0.188998419369202 pleio
121 146.696722 -0.0078105903035948 pleio
122 146.699418 0 pleio
123 146.702114 -0.169920975335812 pleio
124 146.70481 -0.233969752606598 pleio
125 146.707507 -0.255284656457456 pleio
126 146.710838 -0.287215626291066 pleio
127 146.716274 -0.329572010755107 pleio
128 146.72171 -0.382019039365233 pleio
129 146.727146 -0.444088292663391 pleio
130 146.734615 -0.517620379662503 pleio
131 146.80381 -0.531244364949989 pleio
132 146.862885 -0.297036566594899 pleio
133 146.863965 -0.0872071783570573 pleio
134 146.865044 -0.0226612294120486 pleio
135 146.87452 -0.113312166626838 pleio
136 146.889753 -0.295910466493987 pleio
137 146.904986 -0.38369954050151 pleio
138 147.064187 -0.510868062540364 pleio
139 147.069549 -0.776762937245491 pleio
140 147.074911 -0.942821007636693 pleio
141 147.080273 -0.896655219489744 pleio
142 147.089309 -0.884017772487385 pleio
143 147.114764 -0.912118394059474 pleio
144 147.137425 -0.920667062405736 pleio
145 147.157965 -0.952716891074954 pleio
146 147.178504 -0.953074995030076 pleio
147 147.221814 -1.07778250873732 pleio
148 147.253583 -1.73740122478528 pleio
149 147.272554 -1.76952632544329 pleio
150 147.275576 -1.78117096229495 pleio
151 147.278599 -1.83431186611341 pleio
152 147.281622 -2.02358271550721 pleio
153 147.284644 -2.22988973931481 pleio
154 147.286194 -2.44982242311629 pleio
155 147.286753 -2.67978547473932 pleio
156 147.287312 -2.91626585581545 pleio
157 147.287872 -3.15606495130889 pleio
158 147.290648 -3.35085931174252 pleio
159 147.299484 -3.50762305970125 pleio
160 147.327447 -4.59048465046197 pleio
161 147.35561 -4.59038482584201 pleio
162 147.383773 -5.01832740176077 pleio
163 147.397845 -4.95068871380432 pleio
164 147.402328 -4.88354451475363 pleio
165 147.406811 -4.81752730906514 pleio
166 147.411546 -4.75280711123956 pleio
167 147.442387 -4.68993912362589 pleio
168 147.535843 -4.67952710428513 pleio
169 147.551736 -4.69309408732218 pleio
170 147.555599 -4.73530222500154 pleio
171 147.559461 -4.88181356242573 pleio
172 147.563362 -5.07257320865996 pleio
173 147.583398 -5.64719398061603 pleio
174 147.602453 -5.93916402506408 pleio
175 147.621507 -6.11470748552712 pleio
176 147.682611 -6.15906902596264 pleio
177 147.68996 -6.1323314602612 pleio
178 147.695588 -6.01448331304533 pleio
179 147.701215 -5.90501191151113 pleio
180 147.706843 -5.82455966854236 pleio
181 147.719435 -5.82485338992324 pleio
182 147.737975 -5.83461158973237 pleio
183 147.751499 -5.82647536651202 pleio
184 147.760277 -5.82425222622529 pleio
185 147.769056 -5.82332799277945 pleio
186 147.777834 -5.82280551173065 pleio
187 147.786613 -5.8812050902719 pleio
188 147.795391 -5.64116812519332 pleio
189 147.816836 -5.98963791745081 pleio
190 147.850698 -6.22849326791774 pleio
191 147.88456 -6.47003971189827 pleio
192 147.914702 -6.47447735912516 pleio
193 147.91491 -6.45120267309968 pleio
194 147.915116 -6.43062938356984 pleio
195 147.915322 -6.41287973070768 pleio
196 147.915527 -6.3980246661067 pleio
197 147.915733 -6.38608909968865 pleio
198 147.916803 -6.37747125503329 pleio
199 147.923623 -6.37745640779145 pleio
200 147.930444 -6.37547155575114 pleio
201 147.937264 -6.3741797700221 pleio
202 147.944084 -6.40199263413817 pleio
203 147.949324 -6.44869318397017 pleio
204 147.953121 -6.50519427951983 pleio
205 147.956917 -6.5995943986569 pleio
206 147.960714 -6.72917454293006 pleio
207 147.964511 -6.87913604651918 pleio
208 147.968307 -7.01961414943563 pleio
209 147.973733 -7.13035562930138 pleio
210 147.982072 -7.17384303773622 pleio
211 147.982175 -7.23608345504816 pleio
212 147.982278 -7.30349369839256 pleio
213 147.986316 -7.41834605201274 pleio
214 147.986987 -7.6610720795266 pleio
215 147.987657 -7.87493048228686 pleio
216 147.988327 -8.0554023191148 pleio
217 147.988998 -8.20273632219083 pleio
218 147.989668 -8.32639305167205 pleio
219 148.006053 -8.45607849898761 pleio
220 148.013144 -8.59904999115691 pleio
221 148.020236 -8.74189429899193 pleio
222 148.027327 -8.88370752753519 pleio
223 148.033269 -9.02355021821314 pleio
224 148.037078 -9.16047447847779 pleio
225 148.040918 -9.35698214590189 pleio
226 148.046494 -9.74608137625256 pleio
227 148.05207 -10.0197104472414 pleio
228 148.180347 -10.1512388323307 pleio
229 148.183086 -10.1910869296822 pleio
230 148.185825 -10.2281751965478 pleio
231 148.188563 -10.2603545173031 pleio
232 148.191302 -10.1930497512172 pleio
233 148.194041 -10.1199647881921 pleio
234 148.19678 -10.0781333912563 pleio
235 148.200032 -10.0940963266484 pleio
236 148.204884 -10.1153526104032 pleio
237 148.213021 -10.1406948532928 pleio
238 148.213171 -10.1867857335971 pleio
239 148.213321 -10.2291588092501 pleio
240 148.326473 -10.2745579843634 pleio
241 148.333368 -10.4993749513657 pleio
242 148.340263 -10.4322794572877 pleio
243 148.347157 -10.3601953611029 pleio
244 148.354052 -10.2743996925816 pleio
245 148.362946 -10.1914175868577 pleio
246 148.380016 -10.1262381415378 pleio
247 148.403283 -10.1128994006636 pleio
248 148.42655 -10.1096707400645 pleio
249 148.430037 -10.1231695154724 pleio
250 148.4319 -10.137052701535 pleio
251 148.433763 -10.1512151021938 pleio
252 148.435626 -10.1915239548406 pleio
253 148.437489 -10.328368751063 pleio
254 148.439352 -10.3457987426343 pleio
255 148.441214 -10.2595505863353 pleio
256 148.443077 -10.1313993188825 pleio
257 148.44494 -9.96511681472304 pleio
258 148.446803 -9.77066883173499 pleio
259 148.453459 -9.66255601230668 pleio
260 148.477993 -9.67312480649592 pleio
261 148.493526 -9.68970179962377 pleio
262 148.493644 -9.70716911844673 pleio
263 148.493762 -9.72553222604366 pleio
264 148.502187 -9.85811471605147 pleio
265 148.624196 -9.89204688806817 pleio
266 148.648833 -9.58632475859955 pleio
267 148.673469 -9.87208409265128 pleio
268 148.812084 -9.50665933366179 pleio
269 148.815025 -9.54283818479373 pleio
270 146.3247 -1.14383101967805 profile1
271 146.327062 -1.09362499713074 profile1
272 146.329424 -1.04741479025336 profile1
273 146.331786 -1.00565647744022 profile1
274 146.334148 -0.96872904702465 profile1
275 146.33651 -0.983906780056393 profile1
276 146.643419 -0.953380565242321 profile1
277 146.654632 -0.857728661925412 profile1
278 146.688269 -0.420271666489526 profile1
279 146.69133 -0.122965495881134 profile1
280 146.694026 0.111820527131534 profile1
281 146.696722 0.244337105639448 profile1
282 146.699418 0.246539877376664 profile1
283 146.710838 -0.0828502210629269 profile1
284 146.716274 -0.153224394825632 profile1
285 146.72171 -0.230740456371515 profile1
286 146.727146 -0.314674194190574 profile1
287 146.734615 -0.424800223739759 profile1
288 146.80381 -0.469490311655562 profile1
289 142.490795 -4.26084476429363 profile1
290 142.517426 -4.19349879170789 profile1
291 142.560149 -4.14380051240262 profile1
292 142.602873 -4.09395473215158 profile1
293 142.64402 -4.04406465354875 profile1
294 142.685103 -4.14180595468079 profile1
295 142.726186 -4.14768504614793 profile1
296 142.767269 -4.09640000454155 profile1
297 142.808353 -4.04908687086584 profile1
298 142.849436 -4.01604148056812 profile1
299 142.876943 -3.98610270093942 profile1
300 142.880371 -3.95896097921468 profile1
301 142.883799 -3.93461531088168 profile1
302 142.904956 -3.91020221672614 profile1
303 142.989329 -3.97692701739814 profile1
304 143.073701 -4.02799614417514 profile1
305 143.155273 -3.98776817652261 profile1
306 143.159416 -3.94699239545886 profile1
307 143.163559 -3.91167268190482 profile1
308 143.167702 -3.87964637696262 profile1
309 143.171846 -3.8425321592632 profile1
310 143.175989 -3.80182309433186 profile1
311 143.180132 -3.75800106934952 profile1
312 143.240265 -3.72413911801416 profile1
313 143.324863 -3.73884711203292 profile1
314 143.409462 -3.88979409611865 profile1
315 143.484637 -3.92383630088006 profile1
316 143.487347 -3.96483310665993 profile1
317 143.490056 -3.9452005168956 profile1
318 143.492766 -3.92675798371201 profile1
319 143.495555 -3.9094571728788 profile1
320 143.498344 -3.89324990945991 profile1
321 143.501132 -3.87987269390668 profile1
322 143.521072 -3.86020961848954 profile1
323 143.53778 -3.83193938836905 profile1
324 143.554489 -3.89134819061065 profile1
325 143.570345 -3.9941751586179 profile1
326 143.571477 -4.09857363299685 profile1
327 143.572611 -4.20008963555674 profile1
328 143.574439 -4.29463621268698 profile1
329 143.699438 -4.48353910054236 profile1
330 143.824436 -4.28519369686087 profile1
331 143.915168 -4.1188820733833 profile1
332 143.920616 -4.12099573155097 profile1
333 143.926063 -4.1235604419311 profile1
334 143.93182 -4.1433010489296 profile1
335 143.935901 -4.16212062420542 profile1
336 143.939982 -4.19575353813292 profile1
337 143.944917 -4.24311709575236 profile1
338 143.975668 -4.30252266780393 profile1
339 144.013221 -4.322122076629 profile1
340 144.051716 -4.33481718967025 profile1
341 144.090211 -4.34232924580214 profile1
342 144.128706 -4.34200028582333 profile1
343 144.167202 -4.34101224963209 profile1
344 144.176428 -4.33970528206302 profile1
345 144.180816 -4.33839872746122 profile1
346 144.185205 -4.33731824205454 profile1
347 144.348163 -4.35823489460705 profile1
348 144.361337 -4.31367030720883 profile1
349 144.363468 -3.94180425591215 profile1
350 144.365599 -3.4952214087521 profile1
351 144.367577 -3.22507132965674 profile1
352 144.375504 -3.07569309540673 profile1
353 144.385418 -2.94659646720029 profile1
354 144.395332 -2.84159151082196 profile1
355 144.407236 -2.82687620135773 profile1
356 144.411293 -2.85613666420344 profile1
357 144.415349 -2.88625992277063 profile1
358 144.419405 -2.91718196856684 profile1
359 144.423461 -2.94883496458222 profile1
360 144.427517 -2.89750560634683 profile1
361 144.431573 -2.83391525227981 profile1
362 144.437408 -2.78783725132588 profile1
363 144.440911 -2.78586796461458 profile1
364 144.442944 -2.78432867683213 profile1
365 144.444976 -2.75745616572248 profile1
366 144.447008 -2.71242303024604 profile1
367 144.44904 -2.67202218045487 profile1
368 144.454745 -2.63775543529073 profile1
369 144.498681 -2.60774192710913 profile1
370 144.558267 -2.58528544892001 profile1
371 144.587405 -2.57743465510177 profile1
372 144.587686 -2.57778828630789 profile1
373 144.587968 -2.57999675943645 profile1
374 144.617027 -2.574763846094 profile1
375 144.705848 -2.5419139255922 profile1
376 144.716797 -2.57175925450182 profile1
377 144.727745 -2.42756134326617 profile1
378 144.897381 -2.36915480377035 profile1
379 144.903395 -2.33114869066134 profile1
380 144.909409 -2.29719176016357 profile1
381 144.916914 -2.26744922959607 profile1
382 144.947844 -2.24714388738357 profile1
383 144.978774 -2.22958655960771 profile1
384 145.106694 -2.29587177420856 profile1
385 145.224788 -2.17198674918802 profile1
386 145.342881 -2.16649119004024 profile1
387 145.729503 -1.73248381506723 profile1
388 145.916546 -1.66251416764356 profile1
389 146.10359 -1.61769332058424 profile1
390 146.240909 -1.60376635224339 profile1
391 146.283615 -1.43346593217763 profile1
392 146.304543 -1.37210649038876 profile1
393 146.314537 -1.31191676637523 profile1
394 146.319976 -1.25346813382412 profile1
395 146.322338 -1.19734106869118 profile1
396 146.665844 -0.755020675462685 profile1
397 146.677056 -0.635308126289404 profile1
398 146.702114 0.115139478312326 profile1
399 146.70481 0.0347901871867048 profile1
400 146.707507 -0.0200624746146625 profile1
401 146.862885 -0.287909034330759 profile1
402 146.863965 -0.0872071783570573 profile1
403 146.865044 0.0151016710228333 profile1
404 146.87452 0.0103811416305762 profile1
405 146.889753 -0.0601697047442308 profile1
406 146.904986 -0.0614407966426589 profile1
407 147.064187 -0.0959479200439731 profile1
408 147.069549 -0.249472424915539 profile1
409 147.074911 -0.322016021212277 profile1
410 147.080273 -0.213099363482807 profile1
411 147.089309 -0.131490610978832 profile1
412 147.114764 -0.0804326421671564 profile1
413 147.137425 -0.0729018268028757 profile1
414 147.157965 -0.063116661144553 profile1
415 147.178504 -0.00459649252447314 profile1
416 147.221814 -0.0551372797834302 profile1
417 147.253583 -0.274409442883422 profile1
418 147.272554 -0.288245212806625 profile1
419 147.275576 -0.286837913994445 profile1
420 147.278599 -0.320958976444656 profile1
421 147.281622 -0.4438481243953 profile1
422 147.284644 -0.584009295913129 profile1
423 147.286194 -0.738984945675993 profile1
424 147.286753 -0.906020686343865 profile1
425 147.287312 -1.08228195024922 profile1
426 147.287872 -1.26505443583541 profile1
427 147.290648 -1.42818448949092 profile1
428 147.299484 -1.57389334109907 profile1
429 147.327447 -2.16864194176604 profile1
430 147.35561 -2.15479129400563 profile1
431 147.383773 -2.1317386190438 profile1
432 147.397845 -2.09749209011903 profile1
433 147.402328 -2.06359422729526 profile1
434 147.406811 -2.03021252060684 profile1
435 147.411546 -1.99713873762745 profile1
436 147.442387 -1.96461343248905 profile1
437 147.535843 -1.9564379598851 profile1
438 147.551736 -1.99153718742107 profile1
439 147.555599 -2.04933013133251 profile1
440 147.559461 -2.20085848803802 profile1
441 147.563362 -2.38972129042558 profile1
442 147.583398 -2.96001075514623 profile1
443 147.602453 -3.23764471606918 profile1
444 147.621507 -3.40378182399037 profile1
445 147.682611 -3.43556053635445 profile1
446 147.68996 -3.42123190880156 profile1
447 147.695588 -3.36794913522421 profile1
448 147.701215 -3.31516314400992 profile1
449 147.706843 -3.37765608298638 profile1
450 147.719435 -3.56018420911303 profile1
451 147.737975 -3.55133056488196 profile1
452 147.751499 -3.54536719730427 profile1
453 147.760277 -3.54007370623082 profile1
454 147.769056 -3.53331039723228 profile1
455 147.777834 -3.52649237958324 profile1
456 147.786613 -3.36049229749807 profile1
457 147.795391 -3.18506509814522 profile1
458 147.816836 -3.44810933997722 profile1
459 147.850698 -3.57947307656009 profile1
460 147.88456 -3.69837016144665 profile1
461 147.914702 -3.7231738288749 profile1
462 147.91491 -3.70588677828769 profile1
463 147.915116 -3.6882875381634 profile1
464 147.915322 -3.67068845942223 profile1
465 147.915527 -3.65340626182086 profile1
466 147.915733 -3.63674686401466 profile1
467 147.916803 -3.623083075101 profile1
468 147.923623 -3.64374799527699 profile1
469 147.930444 -3.66891502092765 profile1
470 147.937264 -3.69427351551605 profile1
471 147.944084 -3.77838362692203 profile1
472 147.949324 -3.88241300101562 profile1
473 147.953121 -4.02326775510035 profile1
474 147.956917 -4.20663218796676 profile1
475 147.960714 -4.40191521142104 profile1
476 147.964511 -4.59458012306842 profile1
477 147.968307 -4.73399749707634 profile1
478 147.973733 -4.82149996589258 profile1
479 147.982072 -4.83671456124708 profile1
480 147.982175 -4.85972613254825 profile1
481 147.982278 -4.8827583784438 profile1
482 147.986316 -4.93683442444079 profile1
483 147.986987 -5.07986430617169 profile1
484 147.987657 -5.19341110193188 profile1
485 147.988327 -5.27016126963512 profile1
486 147.988998 -5.30793285409586 profile1
487 147.989668 -5.32162331579461 profile1
488 148.006053 -5.36485530487935 profile1
489 148.013144 -5.37859692435147 profile1
490 148.020236 -5.39173120375092 profile1
491 148.027327 -5.40400736996649 profile1
492 148.033269 -5.41518580646723 profile1
493 148.037078 -5.42505266770182 profile1
494 148.040918 -5.5047096403216 profile1
495 148.046494 -5.67368994504407 profile1
496 148.05207 -5.81044614995639 profile1
497 148.180347 -5.89465500917897 profile1
498 148.183086 -5.91424544197951 profile1
499 148.185825 -5.93017843188278 profile1
500 148.188563 -5.94285713369108 profile1
501 148.191302 -5.96670467188902 profile1
502 148.194041 -5.98308901196237 profile1
503 148.19678 -5.99682161256075 profile1
504 148.200032 -6.01729390096229 profile1
505 148.204884 -6.04340956310854 profile1
506 148.213021 -6.06473370579795 profile1
507 148.213171 -6.04270018743834 profile1
508 148.213321 -6.02244062629255 profile1
509 148.326473 -6.00351457602445 profile1
510 148.333368 -6.05672169179014 profile1
511 148.340263 -6.02296959165081 profile1
512 148.347157 -5.99016482432546 profile1
513 148.354052 -5.95804635538781 profile1
514 148.362946 -5.92686086089007 profile1
515 148.380016 -5.90583757723248 profile1
516 148.403283 -5.90871757470544 profile1
517 148.42655 -5.91519778550862 profile1
518 148.430037 -5.92557486151386 profile1
519 148.4319 -5.93530719956297 profile1
520 148.433763 -5.94439221728706 profile1
521 148.435626 -5.93693362574998 profile1
522 148.437489 -5.95791523611715 profile1
523 148.439352 -5.92536688298505 profile1
524 148.441214 -5.84365767418968 profile1
525 148.443077 -5.74203819899747 profile1
526 148.44494 -5.62537061483948 profile1
527 148.446803 -5.50109792374306 profile1
528 148.453459 -5.43459706847427 profile1
529 148.477993 -5.44618810763795 profile1
530 148.493526 -5.46568652729231 profile1
531 148.493644 -5.48561247063975 profile1
532 148.493762 -5.50606781639567 profile1
533 148.502187 -5.69615663401084 profile1
534 148.624196 -5.72931345070138 profile1
535 148.648833 -5.88623935149927 profile1
536 148.673469 -6.25056385422082 profile1
537 148.812084 -6.13935810787797 profile1
538 148.815025 -6.14516511570265 profile1
539 142.490795 -5.41061647167762 profile2
540 142.517426 -5.38231652793157 profile2
541 142.560149 -5.36478173852628 profile2
542 142.602873 -5.34717466772608 profile2
543 142.64402 -5.32927737371516 profile2
544 142.685103 -5.28499107487155 profile2
545 142.726186 -5.25401801719894 profile2
546 142.767269 -5.2363920828922 profile2
547 142.808353 -5.21802874675758 profile2
548 142.849436 -5.19607141582818 profile2
549 142.876943 -5.17348187872035 profile2
550 142.880371 -5.15007420457074 profile2
551 142.883799 -5.12593619183483 profile2
552 142.904956 -5.10190150626308 profile2
553 142.989329 -5.0891720730935 profile2
554 143.073701 -5.02113181517001 profile2
555 143.155273 -5.02224788103563 profile2
556 143.159416 -5.02920701636979 profile2
557 143.163559 -4.97155343814802 profile2
558 143.167702 -4.87228437181523 profile2
559 143.171846 -4.77308412246997 profile2
560 143.175989 -4.67638944485762 profile2
561 143.180132 -4.58465203233344 profile2
562 143.240265 -4.47272590041207 profile2
563 143.324863 -4.04687372590489 profile2
564 143.409462 -3.81896953700154 profile2
565 143.484637 -3.7411601639921 profile2
566 143.487347 -3.68974617999896 profile2
567 143.490056 -3.6712975675394 profile2
568 143.492766 -3.6538610324386 profile2
569 143.495555 -3.63734014495771 profile2
570 143.498344 -3.62163826820672 profile2
571 143.501132 -3.60968757787706 profile2
572 143.521072 -3.58058718227927 profile2
573 143.53778 -3.53971906486385 profile2
574 143.554489 -3.42099427282232 profile2
575 143.570345 -3.28081318501694 profile2
576 143.571477 -3.16393073719699 profile2
577 143.572611 -3.07609060396751 profile2
578 143.574439 -3.02013316490456 profile2
579 143.699438 -2.97536180110113 profile2
580 143.824436 -2.95181447625952 profile2
581 143.915168 -2.98257933382251 profile2
582 143.920616 -2.85765464729639 profile2
583 143.926063 -2.72772916747074 profile2
584 143.93182 -2.59402456851064 profile2
585 143.935901 -2.36749856781817 profile2
586 143.939982 -2.1718628409291 profile2
587 143.944917 -2.01654169283725 profile2
588 143.975668 -1.90863600900921 profile2
589 144.013221 -1.91959865265954 profile2
590 144.051716 -1.94896013147003 profile2
591 144.090211 -1.94491428845471 profile2
592 144.128706 -1.93882413651716 profile2
593 144.167202 -1.93152419419059 profile2
594 144.176428 -1.92371646669415 profile2
595 144.180816 -1.91603494843062 profile2
596 144.185205 -1.90886830648207 profile2
597 144.348163 -2.11693285792723 profile2
598 144.361337 -2.1144542826372 profile2
599 144.363468 -2.01710774010883 profile2
600 144.365599 -1.93274587589214 profile2
601 144.367577 -1.90279020031411 profile2
602 144.375504 -1.89912044132392 profile2
603 144.385418 -1.91833131790105 profile2
604 144.395332 -1.96064827896959 profile2
605 144.407236 -1.96555506075376 profile2
606 144.411293 -1.93913048498439 profile2
607 144.415349 -1.91291973427749 profile2
608 144.419405 -1.88696879866244 profile2
609 144.423461 -1.86132424741938 profile2
610 144.427517 -1.85337167372999 profile2
611 144.431573 -1.85121183848233 profile2
612 144.437408 -1.84812584590501 profile2
613 144.440911 -1.82652283436349 profile2
614 144.442944 -1.80584056835644 profile2
615 144.444976 -1.79579982853814 profile2
616 144.447008 -1.79906989817529 profile2
617 144.44904 -1.80889152464994 profile2
618 144.454745 -1.83835400164798 profile2
619 144.498681 -1.8726070762496 profile2
620 144.558267 -1.90103267754587 profile2
621 144.587405 -1.91057949440504 profile2
622 144.587686 -1.95043908756462 profile2
623 144.587968 -1.99403619272255 profile2
624 144.617027 -2.01007088911872 profile2
625 144.705848 -2.05968205986205 profile2
626 144.716797 -2.13530587996526 profile2
627 144.727745 -2.2209719765029 profile2
628 144.897381 -2.28329719137359 profile2
629 144.903395 -2.33543432759827 profile2
630 144.909409 -2.38971109300087 profile2
631 144.916914 -2.44584150608563 profile2
632 144.947844 -2.47848787700759 profile2
633 144.978774 -2.50878713900062 profile2
634 145.106694 -2.83330986671813 profile2
635 145.224788 -2.52852421903372 profile2
636 145.342881 -2.44439545117181 profile2
637 145.729503 -1.71306447564705 profile2
638 145.916546 -1.45428138139393 profile2
639 146.10359 -1.20386236903256 profile2
640 146.240909 -0.997066016128631 profile2
641 146.283615 -0.860458451818877 profile2
642 146.304543 -0.847605611936731 profile2
643 146.314537 -0.836599660697808 profile2
644 146.319976 -0.827509768562262 profile2
645 146.322338 -0.820421313907435 profile2
646 146.3247 -0.815433335950145 profile2
647 146.327062 -0.812653186279673 profile2
648 146.329424 -0.812193089405625 profile2
649 146.331786 -0.814161388692057 profile2
650 146.334148 -0.818658945517714 profile2
651 146.33651 -0.662474664419047 profile2
652 146.643419 -0.650793012423661 profile2
653 146.654632 -0.652825866565104 profile2
654 146.665844 -0.655875150664091 profile2
655 146.677056 -0.645055473582039 profile2
656 146.688269 -0.508462836415859 profile2
657 146.69133 -0.302370566828572 profile2
658 146.694026 -0.126396849750167 profile2
659 146.696722 -0.0078105903035948 profile2
660 146.699418 0.0332855559822439 profile2
661 146.702114 -0.00787666355983702 profile2
662 146.70481 0.00645590760223626 profile2
663 146.707507 0.0415755082106838 profile2
664 146.710838 0.0717721777763313 profile2
665 146.716274 0.0967128193329977 profile2
666 146.72171 0.11615556756254 profile2
667 146.727146 0.129953539720337 profile2
668 146.734615 0.156752895359142 profile2
669 146.80381 0.183433222848234 profile2
670 146.862885 0.246539877376664 profile2
671 146.863965 0.245790944358793 profile2
672 146.865044 0.162821940735654 profile2
673 146.87452 0.000471043982893848 profile2
674 146.889753 -0.182451635360207 profile2
675 146.904986 -0.274650882068288 profile2
676 147.064187 -0.378852482954603 profile2
677 147.069549 -0.519792250954887 profile2
678 147.074911 -0.622581853930661 profile2
679 147.080273 -0.677774968908805 profile2
680 147.089309 -0.746800973565787 profile2
681 147.114764 -0.834095934107115 profile2
682 147.137425 -0.852830274420302 profile2
683 147.157965 -0.892850412586382 profile2
684 147.178504 -0.953074995030076 profile2
685 147.221814 -1.05925168224497 profile2
686 147.253583 -1.55978672139936 profile2
687 147.272554 -1.57450463527265 profile2
688 147.275576 -1.57687740770392 profile2
689 147.278599 -1.5890156621593 profile2
690 147.281622 -1.65170808956089 profile2
691 147.284644 -1.71901939263359 profile2
692 147.286194 -1.78997841797838 profile2
693 147.286753 -1.86355772098515 profile2
694 147.287312 -1.9387483746233 profile2
695 147.287872 -2.01462712272751 profile2
696 147.290648 -2.06827759699695 profile2
697 147.299484 -2.10363653133501 profile2
698 147.327447 -2.73358642313381 profile2
699 147.35561 -2.74629070240618 profile2
700 147.383773 -3.17500669744423 profile2
701 147.397845 -3.14123972740592 profile2
702 147.402328 -3.1084601197626 profile2
703 147.406811 -3.07710525244927 profile2
704 147.411546 -3.04759196812885 profile2
705 147.442387 -3.02019040854602 profile2
706 147.535843 -3.01858923611797 profile2
707 147.551736 -3.00957997465964 profile2
708 147.555599 -3.01155256001713 profile2
709 147.559461 -3.0253273990017 profile2
710 147.563362 -3.0475458603187 profile2
711 147.583398 -3.07252106159007 profile2
712 147.602453 -3.10693934788982 profile2
713 147.621507 -3.13509254440475 profile2
714 147.682611 -3.15071604439358 profile2
715 147.68996 -3.14238889077114 profile2
716 147.695588 -3.09338609126311 profile2
717 147.701215 -3.05503551483266 profile2
718 147.706843 -2.92211509590913 profile2
719 147.719435 -2.75111996050654 profile2
720 147.737975 -2.76933059932464 profile2
721 147.751499 -2.76707379205412 profile2
722 147.760277 -2.77026575057123 profile2
723 147.769056 -2.77671094794527 profile2
724 147.777834 -2.78376613104519 profile2
725 147.786613 -3.00988472166691 profile2
726 147.795391 -3.0193780502798 profile2
727 147.816836 -3.1449403109866 profile2
728 147.850698 -3.28620792809586 profile2
729 147.88456 -3.44306166913453 profile2
730 147.914702 -3.44036629296757 profile2
731 147.91491 -3.43850356768502 profile2
732 147.915116 -3.43872688406519 profile2
733 147.915322 -3.44087498505215 profile2
734 147.915527 -3.44475347212132 profile2
735 147.915733 -3.45015096773602 profile2
736 147.916803 -3.45526544772564 profile2
737 147.923623 -3.43567034002917 profile2
738 147.930444 -3.41072372889867 profile2
739 147.937264 -3.38628246346499 profile2
740 147.944084 -3.34170313023256 profile2
741 147.949324 -3.30114870769101 profile2
742 147.953121 -3.23950426651406 profile2
743 147.956917 -3.17855440481048 profile2
744 147.960714 -3.14305552245986 profile2
745 147.964511 -3.13167093023425 profile2
746 147.968307 -3.15215578153646 profile2
747 147.973733 -3.18982870396101 profile2
748 147.982072 -3.22710661975288 profile2
749 147.982175 -3.27164496626934 profile2
750 147.982278 -3.32121025871752 profile2
751 147.986316 -3.39029108153655 profile2
752 147.986987 -3.5065877971934 profile2
753 147.987657 -3.61900194300954 profile2
754 147.988327 -3.73015030861999 profile2
755 147.988998 -3.84298471093007 profile2
756 147.989668 -3.95284677673667 profile2
757 148.006053 -4.03804742912962 profile2
758 148.013144 -4.17964351035269 profile2
759 148.020236 -4.32271936079572 profile2
760 148.027327 -4.46656010878903 profile2
761 148.033269 -4.61038310454788 profile2
762 148.037078 -4.7533523352858 profile2
763 148.040918 -4.87617143399509 profile2
764 148.046494 -5.14931228998263 profile2
765 148.05207 -5.35487833065827 profile2
766 148.180347 -5.46109132335477 profile2
767 148.183086 -5.48621483035734 profile2
768 148.185825 -5.51281815147099 profile2
769 148.188563 -5.53842298871483 profile2
770 148.191302 -5.45607078893667 profile2
771 148.194041 -5.37066927929063 profile2
772 148.19678 -5.31415041131831 profile2
773 148.200032 -5.30661951175156 profile2
774 148.204884 -5.29894528269573 profile2
775 148.213021 -5.30245424212333 profile2
776 148.213171 -5.38666222794535 profile2
777 148.213321 -5.46506559184943 profile2
778 148.326473 -5.54185191371678 profile2
779 148.333368 -5.69604018705671 profile2
780 148.340263 -5.65708836624619 profile2
781 148.347157 -5.61057879902231 profile2
782 148.354052 -5.54654135479774 profile2
783 148.362946 -5.48474751384356 profile2
784 148.380016 -5.43220753281327 profile2
785 148.403283 -5.41455815958621 profile2
786 148.42655 -5.40677157180155 profile2
787 148.430037 -5.40908963067351 profile2
788 148.4319 -5.41199324891668 profile2
789 148.433763 -5.41538880025164 profile2
790 148.435626 -5.43178741668937 profile2
791 148.437489 -5.49340029679136 profile2
792 148.439352 -5.50306849958317 profile2
793 148.441214 -5.46301185100664 profile2
794 148.443077 -5.39841007908397 profile2
795 148.44494 -5.31135620150073 profile2
796 148.446803 -5.20749622822007 profile2
797 148.453459 -5.15270075979964 profile2
798 148.477993 -5.15463227707895 profile2
799 148.493526 -5.1531481966725 profile2
800 148.493644 -5.1520077878267 profile2
801 148.493762 -5.15115730472917 profile2
802 148.502187 -5.0706205500301 profile2
803 148.624196 -5.06811012459519 profile2
804 148.648833 -4.57294054315366 profile2
805 148.673469 -4.45501819116061 profile2
806 148.812084 -4.16767557432912 profile2
807 148.815025 -4.21121109193835 profile2
