marker_position lod trace
1 142.490795 -8.29324482924026 pleio
2 142.517426 -8.16204071517095 pleio
3 142.560149 -8.03654262458107 pleio
4 142.602873 -7.90936688446183 pleio
5 142.64402 -7.779962629015 pleio
6 142.685103 -7.63437826730565 pleio
7 142.726186 -7.50272522531278 pleio
8 142.767269 -7.37090448455499 pleio
9 142.808353 -7.23853253776934 pleio
10 142.849436 -7.10455244212588 pleio
11 142.876943 -6.97095545935758 pleio
12 142.880371 -6.83781434843484 pleio
13 142.883799 -6.70557969249017 pleio
14 142.904956 -6.57467784741939 pleio
15 142.989329 -6.51012889241659 pleio
16 143.073701 -6.38886438994582 pleio
17 143.155273 -6.30061187521178 pleio
18 143.159416 -6.23208401402908 pleio
19 143.163559 -6.15718284206954 pleio
20 143.167702 -6.07116964046625 pleio
21 143.171846 -5.96273324696321 pleio
22 143.175989 -5.83151447382128 pleio
23 143.180132 -5.67880703988911 pleio
24 143.240265 -5.44796071146569 pleio
25 143.324863 -4.86991051241226 pleio
26 143.409462 -4.40036407283539 pleio
27 143.484637 -4.33118353192584 pleio
28 143.487347 -4.26322117954878 pleio
29 143.490056 -4.1196721582179 pleio
30 143.492766 -3.97878738007743 pleio
31 143.495555 -3.84077990978904 pleio
32 143.498344 -3.70586943603029 pleio
33 143.501132 -3.57894457600379 pleio
34 143.521072 -3.48081534551395 pleio
35 143.53778 -3.41041571073326 pleio
36 143.554489 -3.20429114634181 pleio
37 143.570345 -2.91652912556748 pleio
38 143.571477 -2.61525685662804 pleio
39 143.572611 -2.31180865158091 pleio
40 143.574439 -2.01917262413134 pleio
41 143.699438 -1.84396305937085 pleio
42 143.824436 -1.41921744209716 pleio
43 143.915168 -1.06635243227513 pleio
44 143.920616 -1.15947776748627 pleio
45 143.926063 -1.26198024018486 pleio
46 143.93182 -1.36697360111553 pleio
47 143.935901 -1.35201365115337 pleio
48 143.939982 -1.4004932369743 pleio
49 143.944917 -1.51178442477653 pleio
50 143.975668 -1.6826941381274 pleio
51 144.013221 -1.74889132287654 pleio
52 144.051716 -1.79155890350837 pleio
53 144.090211 -1.81097720084078 pleio
54 144.128706 -1.81196900126225 pleio
55 144.167202 -1.81474940181216 pleio
56 144.176428 -1.81849185733464 pleio
57 144.180816 -1.82241588434058 pleio
58 144.185205 -1.82650643380082 pleio
59 144.348163 -1.52824643421094 pleio
60 144.361337 -1.38564346484715 pleio
61 144.363468 -1.05133428707557 pleio
62 144.365599 -0.730823207370739 pleio
63 144.367577 -0.495516966796126 pleio
64 144.375504 -0.313792440799911 pleio
65 144.385418 -0.185606450072156 pleio
66 144.395332 -0.113069675121875 pleio
67 144.407236 -0.100257273741638 pleio
68 144.411293 -0.104622888633096 pleio
69 144.415349 -0.114164419556735 pleio
70 144.419405 -0.128742445702885 pleio
71 144.423461 -0.14818042807345 pleio
72 144.427517 -0.127886707950736 pleio
73 144.431573 -0.102556312794685 pleio
74 144.437408 -0.0863570833482984 pleio
75 144.440911 -0.0883164154289015 pleio
76 144.442944 -0.0983833407550307 pleio
77 144.444976 -0.0916733590792652 pleio
78 144.447008 -0.0775662453365407 pleio
79 144.44904 -0.0778922435868272 pleio
80 144.454745 -0.0525529633675021 pleio
81 144.498681 -0.0355832130333257 pleio
82 144.558267 -0.0294462176356765 pleio
83 144.587405 -0.0156574825136065 pleio
84 144.587686 -0.00328612444977391 pleio
85 144.587968 0 pleio
86 144.617027 -0.00451706893121378 pleio
87 144.705848 -0.272880980573147 pleio
88 144.716797 -0.634226488312855 pleio
89 144.727745 -0.72971107033695 pleio
90 144.897381 -0.840572070331557 pleio
91 144.903395 -0.969675753140986 pleio
92 144.909409 -1.11003297901722 pleio
93 144.916914 -1.26106929853636 pleio
94 144.947844 -1.39025553024284 pleio
95 144.978774 -1.52178465239833 pleio
96 145.106694 -1.58761682495336 pleio
97 145.224788 -2.64775608626352 pleio
98 145.342881 -2.56831801486878 pleio
99 145.729503 -3.24898766874529 pleio
100 145.916546 -3.50023183601522 pleio
101 146.10359 -3.4961156470918 pleio
102 146.240909 -3.48207592832581 pleio
103 146.283615 -3.3280319704641 pleio
104 146.304543 -3.31663863423321 pleio
105 146.314537 -3.31481591858613 pleio
106 146.319976 -3.32294216544292 pleio
107 146.322338 -3.34126622132326 pleio
108 146.3247 -3.36989284083474 pleio
109 146.327062 -3.4087740470787 pleio
110 146.329424 -3.45770422377119 pleio
111 146.331786 -3.51632912829531 pleio
112 146.334148 -3.58415044756608 pleio
113 146.33651 -4.12909858734495 pleio
114 146.643419 -4.22874022568966 pleio
115 146.654632 -4.11466310239485 pleio
116 146.665844 -4.0002577126137 pleio
117 146.677056 -3.88115139334262 pleio
118 146.688269 -3.78122539269952 pleio
119 146.69133 -3.77404865601315 pleio
120 146.694026 -3.8243872242421 pleio
121 146.696722 -3.9301272078611 pleio
122 146.699418 -4.07751356362833 pleio
123 146.702114 -4.24387229350295 pleio
124 146.70481 -4.26548398711841 pleio
125 146.707507 -4.24640461268952 pleio
126 146.710838 -4.2283290214213 pleio
127 146.716274 -4.21136435352017 pleio
128 146.72171 -4.19559486301847 pleio
129 146.727146 -4.18108197790309 pleio
130 146.734615 -4.18294066610366 pleio
131 146.80381 -4.20627138140112 pleio
132 146.862885 -4.14726022722571 pleio
133 146.863965 -3.93784393134322 pleio
134 146.865044 -3.70147065538506 pleio
135 146.87452 -3.45676860277872 pleio
136 146.889753 -3.29125386977035 pleio
137 146.904986 -3.33966284647812 pleio
138 147.064187 -3.3894031593903 pleio
139 147.069549 -3.42319214722907 pleio
140 147.074911 -3.42884814028493 pleio
141 147.080273 -3.40551455156252 pleio
142 147.089309 -3.4088575438477 pleio
143 147.114764 -3.42934787387792 pleio
144 147.137425 -3.43870213893933 pleio
145 147.157965 -3.48033164016873 pleio
146 147.178504 -3.53646055062889 pleio
147 147.221814 -2.75681314708023 pleio
148 147.253583 -2.62388478861701 pleio
149 147.272554 -2.67314022065914 pleio
150 147.275576 -2.77262947910733 pleio
151 147.278599 -2.90569001674167 pleio
152 147.281622 -3.0454201910795 pleio
153 147.284644 -3.20109144613674 pleio
154 147.286194 -3.36971544067711 pleio
155 147.286753 -3.54802901967801 pleio
156 147.287312 -3.7327031411838 pleio
157 147.287872 -3.92053103505109 pleio
158 147.290648 -4.09287272457661 pleio
159 147.299484 -4.2546469217861 pleio
160 147.327447 -4.77303329228967 pleio
161 147.35561 -4.68904690987978 pleio
162 147.383773 -4.23847021034932 pleio
163 147.397845 -4.16093302353475 pleio
164 147.402328 -4.0852464438743 pleio
165 147.406811 -4.01159845677276 pleio
166 147.411546 -3.94057373434537 pleio
167 147.442387 -3.87305188109836 pleio
168 147.535843 -3.85646293687102 pleio
169 147.551736 -3.81587090046667 pleio
170 147.555599 -3.81937582029898 pleio
171 147.559461 -3.81675142195921 pleio
172 147.563362 -3.82257756102615 pleio
173 147.583398 -3.93700267606821 pleio
174 147.602453 -4.07839445357036 pleio
175 147.621507 -4.22523569999952 pleio
176 147.682611 -4.26618830338645 pleio
177 147.68996 -4.22479960276045 pleio
178 147.695588 -4.06434604244598 pleio
179 147.701215 -3.91082524070036 pleio
180 147.706843 -3.74959568037624 pleio
181 147.719435 -3.64430729874489 pleio
182 147.737975 -3.68476667896226 pleio
183 147.751499 -3.73873967288728 pleio
184 147.760277 -3.81407686134721 pleio
185 147.769056 -3.88537622069798 pleio
186 147.777834 -3.9528500812438 pleio
187 147.786613 -4.16557107925088 pleio
188 147.795391 -3.64689475791984 pleio
189 147.816836 -3.48191295741421 pleio
190 147.850698 -3.35729106950887 pleio
191 147.88456 -3.22873411572446 pleio
192 147.914702 -3.25134577278602 pleio
193 147.91491 -3.22861681729904 pleio
194 147.915116 -3.21462702009023 pleio
195 147.915322 -3.21052553992695 pleio
196 147.915527 -3.21721614354546 pleio
197 147.915733 -3.23529565898567 pleio
198 147.916803 -3.26650122421433 pleio
199 147.923623 -3.32948135314981 pleio
200 147.930444 -3.36064658387714 pleio
201 147.937264 -3.39075028527759 pleio
202 147.944084 -3.36546224204308 pleio
203 147.949324 -3.33723870316152 pleio
204 147.953121 -3.34479486101172 pleio
205 147.956917 -3.40165784011188 pleio
206 147.960714 -3.50018583521581 pleio
207 147.964511 -3.63491314409678 pleio
208 147.968307 -3.72471340628961 pleio
209 147.973733 -3.78470594404407 pleio
210 147.982072 -3.81304957199257 pleio
211 147.982175 -3.85995503317031 pleio
212 147.982278 -3.90769257936301 pleio
213 147.986316 -3.98241233790347 pleio
214 147.986987 -4.1705925223117 pleio
215 147.987657 -4.39995016066786 pleio
216 147.988327 -4.66358732180829 pleio
217 147.988998 -4.95055987080927 pleio
218 147.989668 -5.22229224412357 pleio
219 148.006053 -5.39442009084497 pleio
220 148.013144 -5.49152097950444 pleio
221 148.020236 -5.59898553490967 pleio
222 148.027327 -5.71481321245042 pleio
223 148.033269 -5.83659333000396 pleio
224 148.037078 -5.96162350607307 pleio
225 148.040918 -6.04223342088247 pleio
226 148.046494 -6.20346169021763 pleio
227 148.05207 -6.37297574662842 pleio
228 148.180347 -6.52741897384471 pleio
229 148.183086 -6.66010459368678 pleio
230 148.185825 -6.78347573956425 pleio
231 148.188563 -6.89634773755614 pleio
232 148.191302 -6.97360569583483 pleio
233 148.194041 -7.0540505315241 pleio
234 148.19678 -7.13061472383984 pleio
235 148.200032 -7.19920765466818 pleio
236 148.204884 -7.26906344377287 pleio
237 148.213021 -7.34954992548185 pleio
238 148.213171 -7.50484837992011 pleio
239 148.213321 -7.67089729733789 pleio
240 148.326473 -7.82042841911854 pleio
241 148.333368 -7.79784780695889 pleio
242 148.340263 -7.70050930988075 pleio
243 148.347157 -7.61031925524941 pleio
244 148.354052 -7.52873284007988 pleio
245 148.362946 -7.44958945479168 pleio
246 148.380016 -7.37754057315714 pleio
247 148.403283 -7.34953029677988 pleio
248 148.42655 -7.35415845664173 pleio
249 148.430037 -7.40705685663208 pleio
250 148.4319 -7.46008582043749 pleio
251 148.433763 -7.5129867280412 pleio
252 148.435626 -7.77994681156121 pleio
253 148.437489 -8.19428414913791 pleio
254 148.439352 -8.38926408885101 pleio
255 148.441214 -8.47805836398279 pleio
256 148.443077 -8.55808266987795 pleio
257 148.44494 -8.62711600235993 pleio
258 148.446803 -8.68400506195207 pleio
259 148.453459 -8.7088756763665 pleio
260 148.477993 -8.70603649111593 pleio
261 148.493526 -8.68118731303145 pleio
262 148.493644 -8.65463278423061 pleio
263 148.493762 -8.62877857409137 pleio
264 148.502187 -8.48923535260647 pleio
265 148.624196 -8.47880490881148 pleio
266 148.648833 -8.43060504446714 pleio
267 148.673469 -8.2180884317545 pleio
268 148.812084 -8.07546802629323 pleio
269 148.815025 -8.05416183068666 pleio
270 142.490795 -5.81166082458861 profile1
271 142.517426 -5.73758966005458 profile1
272 142.560149 -5.66874188916691 profile1
273 142.602873 -5.59850874940954 profile1
274 142.64402 -5.52648167612825 profile1
275 142.685103 -5.45469430058432 profile1
276 142.726186 -5.38044787935713 profile1
277 142.767269 -5.3045931906383 profile1
278 142.808353 -5.22560289976088 profile1
279 142.849436 -5.13595788500651 profile1
280 142.876943 -5.0421938211668 profile1
281 142.880371 -4.94457469984037 profile1
282 142.883799 -4.84351123070638 profile1
283 142.904956 -4.74140842818052 profile1
284 142.989329 -4.72338638107519 profile1
285 143.073701 -4.62993063274831 profile1
286 143.155273 -4.54801657671432 profile1
287 143.159416 -4.46080546785232 profile1
288 143.163559 -4.36321965045543 profile1
289 143.167702 -4.25028983507857 profile1
290 143.171846 -4.14160626870788 profile1
291 143.175989 -4.03971129416095 profile1
292 143.180132 -3.94662923054438 profile1
293 143.240265 -3.85914477030452 profile1
294 143.324863 -3.78773262771184 profile1
295 143.409462 -3.96205388425086 profile1
296 143.484637 -3.87503787620738 profile1
297 143.487347 -3.8015865472446 profile1
298 143.490056 -3.73124755640719 profile1
299 143.492766 -3.66294742622561 profile1
300 143.495555 -3.59667429225979 profile1
301 143.498344 -3.53241191059674 profile1
302 143.501132 -3.47066420816278 profile1
303 143.521072 -3.39403350325645 profile1
304 143.53778 -3.31801271627584 profile1
305 143.554489 -3.10993412523443 profile1
306 143.570345 -2.82021028414278 profile1
307 143.571477 -2.51400638170842 profile1
308 143.572611 -2.20516446085076 profile1
309 143.574439 -1.90981817983289 profile1
310 143.699438 -1.72147815261973 profile1
311 143.824436 -1.35137091396237 profile1
312 143.915168 -1.06635243227513 profile1
313 143.920616 -1.03209566339778 profile1
314 143.926063 -1.01904948076173 profile1
315 143.93182 -1.09169771498886 profile1
316 143.935901 -1.22577410326608 profile1
317 143.939982 -1.34860618701588 profile1
318 143.944917 -1.46144060414726 profile1
319 143.975668 -1.62845307858711 profile1
320 144.013221 -1.70100219890519 profile1
321 144.051716 -1.74740966116369 profile1
322 144.090211 -1.75247240984524 profile1
323 144.128706 -1.74252916035266 profile1
324 144.167202 -1.73207243511642 profile1
325 144.176428 -1.72135179831168 profile1
326 144.180816 -1.71062261434164 profile1
327 144.185205 -1.70007002041116 profile1
328 144.348163 -1.52824643421094 profile1
329 144.361337 -1.33853613900597 profile1
330 144.363468 -1.0200706956286 profile1
331 144.365599 -0.730823207370739 profile1
332 144.367577 -0.429829624456855 profile1
333 144.375504 -0.118146393637091 profile1
334 144.385418 0.145755700803234 profile1
335 146.33651 -1.88962469204155 profile1
336 146.643419 -1.93263182218586 profile1
337 146.654632 -1.86910116047441 profile1
338 146.665844 -1.80833999842049 profile1
339 146.677056 -1.74212322484045 profile1
340 146.688269 -1.5790188177996 profile1
341 146.69133 -1.39946954930657 profile1
342 146.694026 -1.2850652149725 profile1
343 146.696722 -1.25556861575422 profile1
344 146.699418 -1.31579966993509 profile1
345 146.702114 -1.45214549380126 profile1
346 146.70481 -1.46787358978252 profile1
347 146.707507 -1.43911061742359 profile1
348 146.710838 -1.4116327630226 profile1
349 146.716274 -1.38560228830404 profile1
350 146.72171 -1.36115382347529 profile1
351 146.727146 -1.33839409506844 profile1
352 146.734615 -1.33588132487333 profile1
353 146.80381 -1.33327607816281 profile1
354 146.862885 -1.12478798446946 profile1
355 146.863965 -0.821948221878546 profile1
356 146.865044 -0.579469409014226 profile1
357 146.87452 -0.417903772773012 profile1
358 146.889753 -0.322334449465906 profile1
359 146.904986 -0.220669294127595 profile1
360 147.064187 -0.226108551958899 profile1
361 147.069549 -0.248906212898235 profile1
362 147.074911 -0.255765095441223 profile1
363 147.080273 -0.267522730973541 profile1
364 147.089309 -0.331248773280755 profile1
365 147.114764 -0.432438199720317 profile1
366 147.137425 -0.461033485042945 profile1
367 147.157965 -0.483625626598791 profile1
368 147.178504 -0.530495883543242 profile1
369 147.221814 0.0211719977150316 profile1
370 147.253583 0.251522313552743 profile1
371 147.272554 0.0882971311744538 profile1
372 147.275576 -0.106863292737333 profile1
373 147.278599 -0.327522978093992 profile1
374 147.281622 -0.545374678186342 profile1
375 147.284644 -0.77710795776243 profile1
376 147.286194 -1.01896817253649 profile1
377 147.286753 -1.2670863569779 profile1
378 147.287312 -1.51770490331715 profile1
379 147.287872 -1.76735985448722 profile1
380 147.290648 -2.0003708413868 profile1
381 147.299484 -2.21943787874655 profile1
382 147.327447 -2.56667506229738 profile1
383 147.35561 -2.58560508642836 profile1
384 147.383773 -2.75279490177439 profile1
385 147.397845 -2.74252695800578 profile1
386 147.402328 -2.73246923633405 profile1
387 147.406811 -2.72270555263629 profile1
388 147.411546 -2.71351502353498 profile1
389 147.442387 -2.70549310880702 profile1
390 147.535843 -2.7063910763789 profile1
391 147.551736 -2.60706926216632 profile1
392 147.555599 -2.54187754871913 profile1
393 147.559461 -2.52835661885111 profile1
394 147.563362 -2.54946033633108 profile1
395 147.583398 -2.81801055776585 profile1
396 147.602453 -2.90710803660192 profile1
397 147.621507 -2.95566325001349 profile1
398 147.682611 -2.96086933380461 profile1
399 147.68996 -2.91086956251616 profile1
400 147.695588 -2.76503237554047 profile1
401 147.701215 -2.62093030043191 profile1
402 147.706843 -2.36119714808956 profile1
403 147.719435 -2.11387389773966 profile1
404 147.737975 -2.13084400387807 profile1
405 147.751499 -2.1300819183087 profile1
406 147.760277 -2.12830979585892 profile1
407 147.769056 -2.13185292831921 profile1
408 147.777834 -2.1339276409484 profile1
409 147.786613 -2.45132640321475 profile1
410 147.795391 -2.38283099934634 profile1
411 147.816836 -2.3050275591689 profile1
412 147.850698 -2.28980958483362 profile1
413 147.88456 -2.29764266923534 profile1
414 147.914702 -2.2736903549024 profile1
415 147.91491 -2.22046392775115 profile1
416 147.915116 -2.17086855926324 profile1
417 147.915322 -2.12630744839034 profile1
418 147.915527 -2.08804494555377 profile1
419 147.915733 -2.05712254819284 profile1
420 147.916803 -2.03724745140593 profile1
421 147.923623 -2.07082471687186 profile1
422 147.930444 -2.10192486580623 profile1
423 147.937264 -2.13486387540521 profile1
424 147.944084 -2.17507301984057 profile1
425 147.949324 -2.22735289467222 profile1
426 147.953121 -2.23831061326479 profile1
427 147.956917 -2.23803267055107 profile1
428 147.960714 -2.26237243881899 profile1
429 147.964511 -2.30670058366075 profile1
430 147.968307 -2.32705862237515 profile1
431 147.973733 -2.33756359069423 profile1
432 147.982072 -2.35885484524095 profile1
433 147.982175 -2.38678336382763 profile1
434 147.982278 -2.41333148126125 profile1
435 147.986316 -2.50491443586566 profile1
436 147.986987 -2.83035399749355 profile1
437 147.987657 -3.16465723622016 profile1
438 147.988327 -3.48451077785443 profile1
439 147.988998 -3.76850205181165 profile1
440 147.989668 -3.93314947449336 profile1
441 148.006053 -3.80834226783316 profile1
442 148.013144 -3.71262009985971 profile1
443 148.020236 -3.61695051356672 profile1
444 148.027327 -3.52228378208772 profile1
445 148.033269 -3.42958447238878 profile1
446 148.037078 -3.33978482343944 profile1
447 148.040918 -3.19987362018382 profile1
448 148.046494 -3.15120412591651 profile1
449 148.05207 -3.12724932066217 profile1
450 148.180347 -3.11788880476423 profile1
451 148.183086 -3.10857610738935 profile1
452 148.185825 -3.10284257143294 profile1
453 148.188563 -3.10407997096768 profile1
454 148.191302 -3.24282792873169 profile1
455 148.194041 -3.3872612000285 profile1
456 148.19678 -3.51076435453832 profile1
457 148.200032 -3.59676409543339 profile1
458 148.204884 -3.6840373115662 profile1
459 148.213021 -3.76495770984361 profile1
460 148.213171 -3.80651160708317 profile1
461 148.213321 -3.87483572331316 profile1
462 148.326473 -3.95966012604752 profile1
463 148.333368 -3.97962521124491 profile1
464 148.340263 -3.94476959888537 profile1
465 148.347157 -3.90654759334455 profile1
466 148.354052 -3.86204414739672 profile1
467 148.362946 -3.81682081545996 profile1
468 148.380016 -3.77441821424896 profile1
469 148.403283 -3.75881937785879 profile1
470 148.42655 -3.77825034822943 profile1
471 148.430037 -3.8440468530067 profile1
472 148.4319 -3.91072340218112 profile1
473 148.433763 -3.97801444296975 profile1
474 148.435626 -4.27419948315281 profile1
475 148.437489 -4.68280241732768 profile1
476 148.439352 -4.88982690957203 profile1
477 148.441214 -5.00898450411772 profile1
478 148.443077 -5.1229953137987 profile1
479 148.44494 -5.22908161556628 profile1
480 148.446803 -5.32525367171698 profile1
481 148.453459 -5.37366972274191 profile1
482 148.477993 -5.37988104816632 profile1
483 148.493526 -5.36269721066525 profile1
484 148.493644 -5.34290411657315 profile1
485 148.493762 -5.32327005703255 profile1
486 148.502187 -5.28434301475449 profile1
487 148.624196 -5.36319641605829 profile1
488 148.648833 -5.03511851136589 profile1
489 148.673469 -4.43925741995862 profile1
490 148.812084 -4.53821799845279 profile1
491 148.815025 -4.5451805766205 profile1
492 144.395332 0.369578129351597 profile1
493 144.407236 0.433491145198519 profile1
494 144.411293 0.412663337899642 profile1
495 144.415349 0.388546773215757 profile1
496 144.419405 0.36134034993055 profile1
497 144.423461 0.33126733903181 profile1
498 144.427517 0.333538031056958 profile1
499 144.431573 0.3361889353348 profile1
500 144.437408 0.33051467715148 profile1
501 144.440911 0.333161847474176 profile1
502 144.442944 0.332411055804646 profile1
503 144.444976 0.351715651768746 profile1
504 144.447008 0.38187403596251 profile1
505 144.44904 0.401934954174637 profile1
506 144.454745 0.42579278397588 profile1
507 144.498681 0.441411898951694 profile1
508 144.558267 0.448235168278367 profile1
509 144.587405 0.460555083173222 profile1
510 144.587686 0.467176518200559 profile1
511 144.587968 0.468568171321139 profile1
512 144.617027 0.470024721515335 profile1
513 144.705848 0.415275942520593 profile1
514 144.716797 0.236116012987638 profile1
515 144.727745 0.134575796414468 profile1
516 144.897381 0.116173560392805 profile1
517 144.903395 0.107437646054015 profile1
518 144.909409 0.0872867811463925 profile1
519 144.916914 0.0557098259015354 profile1
520 144.947844 0.0311449864187954 profile1
521 144.978774 0.00114257858084838 profile1
522 145.106694 -0.109639100858442 profile1
523 145.224788 -0.532138425991193 profile1
524 145.342881 -0.54404782124331 profile1
525 145.729503 -1.35202951970945 profile1
526 145.916546 -1.6355169852864 profile1
527 146.10359 -1.68931979829229 profile1
528 146.240909 -1.69198488983462 profile1
529 146.283615 -1.54163909841268 profile1
530 146.304543 -1.51178959630141 profile1
531 146.314537 -1.4913288874097 profile1
532 146.319976 -1.48043838855563 profile1
533 146.322338 -1.47911970383099 profile1
534 146.3247 -1.48719099029865 profile1
535 146.327062 -1.50429596295531 profile1
536 146.329424 -1.52991634879229 profile1
537 146.331786 -1.563401647882 profile1
538 146.334148 -1.60399395871747 profile1
539 142.490795 -4.17626954443906 profile2
540 142.517426 -4.08328911338149 profile2
541 142.560149 -3.9933637886783 profile2
542 142.602873 -3.90340401869417 profile2
543 142.64402 -3.81309972264759 profile2
544 142.685103 -3.71173524343782 profile2
545 142.726186 -3.62191679411582 profile2
546 142.767269 -3.53478918594876 profile2
547 142.808353 -3.45245035089547 profile2
548 142.849436 -3.38378707957852 profile2
549 142.876943 -3.32005795707417 profile2
550 142.880371 -3.26104834469067 profile2
551 142.883799 -3.20690172240239 profile2
552 142.904956 -3.1555574859119 profile2
553 142.989329 -3.02639749281797 profile2
554 143.073701 -2.96113984249933 profile2
555 143.155273 -2.92782454251227 profile2
556 143.159416 -2.91663260395453 profile2
557 143.163559 -2.89347731972596 profile2
558 143.167702 -2.86254386913803 profile2
559 143.171846 -2.81493180813207 profile2
560 143.175989 -2.74968264438483 profile2
561 143.180132 -2.66739219048076 profile2
562 143.240265 -2.49599386079199 profile2
563 143.324863 -1.90164355786942 profile2
564 143.409462 -1.24827058950023 profile2
565 143.484637 -1.24903991760028 profile2
566 143.487347 -1.25374413523582 profile2
567 143.490056 -1.18028269080944 profile2
568 143.492766 -1.11065646439004 profile2
569 143.495555 -1.04499354667864 profile2
570 143.498344 -0.983411604302613 profile2
571 143.501132 -0.931615680864263 profile2
572 143.521072 -0.906607886179769 profile2
573 143.53778 -0.892690477216435 profile2
574 143.554489 -0.847122505019032 profile2
575 143.570345 -0.790334303112399 profile2
576 143.571477 -0.74280627474532 profile2
577 143.572611 -0.706898856919374 profile2
578 143.574439 -0.684614571648471 profile2
579 143.699438 -0.679713411008036 profile2
580 143.824436 -0.467431584231447 profile2
581 143.915168 -0.312532670158425 profile2
582 143.920616 -0.40018295996907 profile2
583 143.926063 -0.485150664945017 profile2
584 143.93182 -0.48080161236744 profile2
585 143.935901 -0.320744297765206 profile2
586 143.939982 -0.197542193742895 profile2
587 143.944917 -0.114855178909941 profile2
588 143.975668 -0.0749851301963001 profile2
589 144.013221 -0.0679183557687957 profile2
590 144.051716 -0.0682826017050611 profile2
591 144.090211 -0.0814860159991131 profile2
592 144.128706 -0.0921077059146167 profile2
593 144.167202 -0.104938637269527 profile2
594 144.176428 -0.119003815093123 profile2
595 144.180816 -0.133347425882205 profile2
596 144.185205 -0.147771826323392 profile2
597 144.348163 0.0349752548143766 profile2
598 144.361337 0.0523788043330478 profile2
599 144.363468 0.226639883824928 profile2
600 144.365599 0.428853205365802 profile2
601 144.367577 0.470024721515335 profile2
602 144.375504 0.400198312237219 profile2
603 144.385418 0.271956589527819 profile2
604 144.395332 0.0871649242796543 profile2
605 144.407236 0.0172639031700094 profile2
606 144.411293 0.0331189680671522 profile2
607 144.415349 0.0435805365510913 profile2
608 144.419405 0.0486903804837034 profile2
609 144.423461 0.0485437561455644 profile2
610 144.427517 0.066679207601663 profile2
611 144.431573 0.0873894344076881 profile2
612 144.437408 0.102776756737042 profile2
613 144.440911 0.105351851651304 profile2
614 144.442944 0.0982040811073377 profile2
615 144.444976 0.0881792514463878 profile2
616 144.447008 0.0692814563817275 profile2
617 144.44904 0.034781685604563 profile2
618 144.454745 0.0284459364619816 profile2
619 144.498681 0.0155811258268614 profile2
620 144.558267 -0.000487671073067942 profile2
621 144.587405 0.00670210354519862 profile2
622 144.587686 0.013983684644582 profile2
623 144.587968 0.0103062463788294 profile2
624 144.617027 -0.00451706893121378 profile2
625 144.705848 -0.22658204187805 profile2
626 144.716797 -0.469506695195512 profile2
627 144.727745 -0.503295092058267 profile2
628 144.897381 -0.610506848130378 profile2
629 144.903395 -0.747266641134059 profile2
630 144.909409 -0.894249578417593 profile2
631 144.916914 -1.05063404777832 profile2
632 144.947844 -1.18984168405386 profile2
633 144.978774 -1.31135285497864 profile2
634 145.106694 -1.25925875747499 profile2
635 145.224788 -1.8682361648339 profile2
636 145.342881 -1.77405532431154 profile2
637 145.729503 -1.95479488281025 profile2
638 145.916546 -2.07445433492238 profile2
639 146.10359 -2.05403112916267 profile2
640 146.240909 -2.0341918100292 profile2
641 146.283615 -2.02303084600449 profile2
642 146.304543 -2.01800303736638 profile2
643 146.314537 -2.01848666711795 profile2
644 146.319976 -2.02485660378234 profile2
645 146.322338 -2.03743202288609 profile2
646 146.3247 -2.0564609320902 profile2
647 146.327062 -2.08210567908869 profile2
648 146.329424 -2.11443290822299 profile2
649 146.331786 -2.15340766518873 profile2
650 146.334148 -2.19889027078676 profile2
651 146.33651 -2.35939323015859 profile2
652 146.643419 -2.31253740241582 profile2
653 146.654632 -2.24261687679072 profile2
654 146.665844 -2.17354225288006 profile2
655 146.677056 -2.11250844876893 profile2
656 146.688269 -2.11359322053303 profile2
657 146.69133 -2.18748057345567 profile2
658 146.694026 -2.30260262816913 profile2
659 146.696722 -2.45382160550691 profile2
660 146.699418 -2.62663130279128 profile2
661 146.702114 -2.80023400785954 profile2
662 146.70481 -2.84611496072968 profile2
663 146.707507 -2.86013066468202 profile2
664 146.710838 -2.87353859465608 profile2
665 146.716274 -2.88627250143688 profile2
666 146.72171 -2.89826987501445 profile2
667 146.727146 -2.90947362111437 profile2
668 146.734615 -2.92328618063303 profile2
669 146.80381 -2.95622424301293 profile2
670 146.862885 -3.03912358840626 profile2
671 146.863965 -3.05492181562207 profile2
672 146.865044 -3.03094372148524 profile2
673 146.87452 -2.9622724486045 profile2
674 146.889753 -2.9291824318348 profile2
675 146.904986 -3.09964966204172 profile2
676 147.064187 -3.14501387089154 profile2
677 147.069549 -3.13493927215933 profile2
678 147.074911 -3.09291643817925 profile2
679 147.080273 -2.9931160443417 profile2
680 147.089309 -2.88681847615976 profile2
681 147.114764 -2.78287283153081 profile2
682 147.137425 -2.76101693701246 profile2
683 147.157965 -2.79790159101048 profile2
684 147.178504 -2.85891939559 profile2
685 147.221814 -2.57814903711113 profile2
686 147.253583 -2.62388478861701 profile2
687 147.272554 -2.52714501897313 profile2
688 147.275576 -2.4564209595138 profile2
689 147.278599 -2.4053740553642 profile2
690 147.281622 -2.34490795168744 profile2
691 147.284644 -2.29708939330421 profile2
692 147.286194 -2.26200907752683 profile2
693 147.286753 -2.2392551746839 profile2
694 147.287312 -2.22799676652071 profile2
695 147.287872 -2.22710550550352 profile2
696 147.290648 -2.23213983528288 profile2
697 147.299484 -2.24479925921077 profile2
698 147.327447 -2.36152555579437 profile2
699 147.35561 -2.27125678024178 profile2
700 147.383773 -1.74643044503967 profile2
701 147.397845 -1.69104097707662 profile2
702 147.402328 -1.63870529399099 profile2
703 147.406811 -1.58954620153599 profile2
704 147.411546 -1.54388737178932 profile2
705 147.442387 -1.50204697425232 profile2
706 147.535843 -1.49005076971435 profile2
707 147.551736 -1.56880511190033 profile2
708 147.555599 -1.68433143622188 profile2
709 147.559461 -1.77460954186703 profile2
710 147.563362 -1.86215729763078 profile2
711 147.583398 -1.91075468749858 profile2
712 147.602453 -2.10561027709523 profile2
713 147.621507 -2.32695709340254 profile2
714 147.682611 -2.38587983201718 profile2
715 147.68996 -2.37533890363351 profile2
716 147.695588 -2.29930989919736 profile2
717 147.701215 -2.23255377213892 profile2
718 147.706843 -2.28310414891693 profile2
719 147.719435 -2.41292064096347 profile2
720 147.737975 -2.44444003315821 profile2
721 147.751499 -2.50572507011769 profile2
722 147.760277 -2.58766964779485 profile2
723 147.769056 -2.65709293257949 profile2
724 147.777834 -2.72099977688314 profile2
725 147.786613 -2.63707248732664 profile2
726 147.795391 -2.28930180556684 profile2
727 147.816836 -2.22186772313381 profile2
728 147.850698 -2.10918621676038 profile2
729 147.88456 -1.97279340742522 profile2
730 147.914702 -2.01476780587362 profile2
731 147.91491 -2.05555390416344 profile2
732 147.915116 -2.1055296127129 profile2
733 147.915322 -2.16407202387762 profile2
734 147.915527 -2.2303253967189 profile2
735 147.915733 -2.30326051941573 profile2
736 147.916803 -2.37972197486162 profile2
737 147.923623 -2.42688444691077 profile2
738 147.930444 -2.44109149201462 profile2
739 147.937264 -2.45323573928935 profile2
740 147.944084 -2.45751929464201 profile2
741 147.949324 -2.47325900712308 profile2
742 147.953121 -2.59352451940866 profile2
743 147.956917 -2.79545607396254 profile2
744 147.960714 -3.02037102586868 profile2
745 147.964511 -3.26265357304013 profile2
746 147.968307 -3.42862821223309 profile2
747 147.973733 -3.54866521110003 profile2
748 147.982072 -3.60966115430787 profile2
749 147.982175 -3.66883884770216 profile2
750 147.982278 -3.72938780581283 profile2
751 147.986316 -3.75749927666963 profile2
752 147.986987 -3.68574680509217 profile2
753 147.987657 -3.64301954888581 profile2
754 147.988327 -3.64333581490739 profile2
755 147.988998 -3.6941859676842 profile2
756 147.989668 -3.83290100397668 profile2
757 148.006053 -4.13648335239587 profile2
758 148.013144 -4.35183484617958 profile2
759 148.020236 -4.57865455830623 profile2
760 148.027327 -4.81319898450492 profile2
761 148.033269 -5.05119348417238 profile2
762 148.037078 -5.28806336009125 profile2
763 148.040918 -5.51890027026364 profile2
764 148.046494 -5.682535773636 profile2
765 148.05207 -5.86324695211752 profile2
766 148.180347 -6.04380014759464 profile2
767 148.183086 -6.19547977123818 profile2
768 148.185825 -6.33031768640519 profile2
769 148.188563 -6.4450563794692 profile2
770 148.191302 -6.44075593054696 profile2
771 148.194041 -6.43302423948742 profile2
772 148.19678 -6.42520623574394 profile2
773 148.200032 -6.42155609670238 profile2
774 148.204884 -6.41831086796707 profile2
775 148.213021 -6.42563425202781 profile2
776 148.213171 -6.49930796100393 profile2
777 148.213321 -6.55777697529 profile2
778 148.326473 -6.58877820291829 profile2
779 148.333368 -6.51989245067919 profile2
780 148.340263 -6.47599246603467 profile2
781 148.347157 -6.44000835058111 profile2
782 148.354052 -6.41588925194987 profile2
783 148.362946 -6.39384018535783 profile2
784 148.380016 -6.37476729377852 profile2
785 148.403283 -6.36967680137535 profile2
786 148.42655 -6.37056569926177 profile2
787 148.430037 -6.36983261298505 profile2
788 148.4319 -6.36872639159628 profile2
789 148.433763 -6.36724548234211 profile2
790 148.435626 -6.35313426946258 profile2
791 148.437489 -6.3596910355599 profile2
792 148.439352 -6.35700699237229 profile2
793 148.441214 -6.34127249275517 profile2
794 148.443077 -6.32118958524193 profile2
795 148.44494 -6.2974236608144 profile2
796 148.446803 -6.27094599997671 profile2
797 148.453459 -6.25919502266088 profile2
798 148.477993 -6.26342569652405 profile2
799 148.493526 -6.26432330830087 profile2
800 148.493644 -6.26531089584479 profile2
801 148.493762 -6.26669129872337 profile2
802 148.502187 -6.20784106943892 profile2
803 148.624196 -6.14866906437819 profile2
804 148.648833 -6.47177897408883 profile2
805 148.673469 -6.66374994607188 profile2
806 148.812084 -6.42597105257466 profile2
807 148.815025 -6.4004725630264 profile2
