marker_position lod trace
1 142.490795 -5.56954711982563 pleio
2 142.517426 -5.43003340976222 pleio
3 142.560149 -5.30103414531311 pleio
4 142.602873 -5.1728037014059 pleio
5 142.64402 -5.04497684669253 pleio
6 142.685103 -4.7626147401757 pleio
7 142.726186 -4.61592034493226 pleio
8 142.767269 -4.49093090269635 pleio
9 142.808353 -4.3593824288405 pleio
10 142.849436 -4.20771611304046 pleio
11 142.876943 -4.06321649622068 pleio
12 142.880371 -3.92636724669714 pleio
13 142.883799 -3.79771557178142 pleio
14 142.904956 -3.67803893529336 pleio
15 142.989329 -3.79451714608412 pleio
16 143.073701 -3.76425792833234 pleio
17 143.155273 -3.52788557054274 pleio
18 143.159416 -3.20545383125957 pleio
19 143.163559 -3.01762553468794 pleio
20 143.167702 -2.94725930336631 pleio
21 143.171846 -2.88343676973998 pleio
22 143.175989 -2.82658976930498 pleio
23 143.180132 -2.77591601006621 pleio
24 143.240265 -2.70716518298545 pleio
25 143.324863 -2.51848511505903 pleio
26 143.409462 -2.44755132551549 pleio
27 143.484637 -2.42300999244747 pleio
28 143.487347 -2.38950916047065 pleio
29 143.490056 -2.3183547871637 pleio
30 143.492766 -2.25270536098834 pleio
31 143.495555 -2.19258552928682 pleio
32 143.498344 -2.13799159561493 pleio
33 143.501132 -2.09115910686857 pleio
34 143.521072 -2.06932430416539 pleio
35 143.53778 -2.05890773481193 pleio
36 143.554489 -2.04388836061992 pleio
37 143.570345 -2.02557740333821 pleio
38 143.571477 -2.00414607952576 pleio
39 143.572611 -1.9748377842052 pleio
40 143.574439 -1.934939784251 pleio
41 143.699438 -2.07714595218237 pleio
42 143.824436 -2.10241919009251 pleio
43 143.915168 -1.90672554630729 pleio
44 143.920616 -1.72951544181616 pleio
45 143.926063 -1.55561720913865 pleio
46 143.93182 -1.33850919715861 pleio
47 143.935901 -1.06394166496022 pleio
48 143.939982 -0.831894209293565 pleio
49 143.944917 -0.648103480360205 pleio
50 143.975668 -0.515042985914156 pleio
51 144.013221 -0.497462814766477 pleio
52 144.051716 -0.501514478494082 pleio
53 144.090211 -0.498465814379263 pleio
54 144.128706 -0.504143690607753 pleio
55 144.167202 -0.510483505768684 pleio
56 144.176428 -0.517267674958364 pleio
57 144.180816 -0.524257805053664 pleio
58 144.185205 -0.53149070792758 pleio
59 144.348163 0 pleio
60 144.361337 -0.135825729744951 pleio
61 144.363468 -0.139742216441284 pleio
62 144.365599 -0.258823416937871 pleio
63 144.367577 -0.391650880951584 pleio
64 144.375504 -0.527217011674873 pleio
65 144.385418 -0.719530513299919 pleio
66 144.395332 -0.962147942954511 pleio
67 144.407236 -1.11552158238055 pleio
68 144.411293 -1.20488006613577 pleio
69 144.415349 -1.30248659523497 pleio
70 144.419405 -1.40787223195313 pleio
71 144.423461 -1.52050620356613 pleio
72 144.427517 -1.54835755918562 pleio
73 144.431573 -1.57579403017255 pleio
74 144.437408 -1.62700701511394 pleio
75 144.440911 -1.66512614777584 pleio
76 144.442944 -1.70902854270915 pleio
77 144.444976 -1.73989034547193 pleio
78 144.447008 -1.76193632516595 pleio
79 144.44904 -1.79021260306415 pleio
80 144.454745 -1.7728470894627 pleio
81 144.498681 -1.75913808581136 pleio
82 144.558267 -1.75406871006034 pleio
83 144.587405 -1.76239543209268 pleio
84 144.587686 -1.75694081412392 pleio
85 144.587968 -1.74663728542082 pleio
86 144.617027 -1.74644746524326 pleio
87 144.705848 -1.84747036436277 pleio
88 144.716797 -2.05284478796718 pleio
89 144.727745 -2.01068861015567 pleio
90 144.897381 -2.0478009728744 pleio
91 144.903395 -2.1088732135057 pleio
92 144.909409 -2.17775088372496 pleio
93 144.916914 -2.25407224128912 pleio
94 144.947844 -2.32526111907099 pleio
95 144.978774 -2.39900839412805 pleio
96 145.106694 -2.12558729496179 pleio
97 145.224788 -1.62249856145851 pleio
98 145.342881 -1.666103144547 pleio
99 145.729503 -1.01559757199481 pleio
100 145.916546 -1.03681845935608 pleio
101 146.10359 -1.1044790773294 pleio
102 146.240909 -1.01035622142318 pleio
103 146.283615 -0.832523707621852 pleio
104 146.304543 -0.826498689180029 pleio
105 146.314537 -0.830128343906761 pleio
106 146.319976 -0.843874742894536 pleio
107 146.322338 -0.868112857968818 pleio
108 146.3247 -0.903116643385914 pleio
109 146.327062 -0.949044120238964 pleio
110 146.329424 -1.00592769014962 pleio
111 146.331786 -1.07367269519199 pleio
112 146.334148 -1.15205619927875 pleio
113 146.33651 -0.99970987373328 pleio
114 146.643419 -1.29922671829753 pleio
115 146.654632 -1.35194444466385 pleio
116 146.665844 -1.41060921805312 pleio
117 146.677056 -1.43675226548559 pleio
118 146.688269 -1.4329656962604 pleio
119 146.69133 -1.51747509862604 pleio
120 146.694026 -1.65064512667474 pleio
121 146.696722 -1.83401760475779 pleio
122 146.699418 -2.06002254717162 pleio
123 146.702114 -2.31260046575819 pleio
124 146.70481 -2.38643625449408 pleio
125 146.707507 -2.41473042201496 pleio
126 146.710838 -2.44616781364551 pleio
127 146.716274 -2.48063813058398 pleio
128 146.72171 -2.51800167028794 pleio
129 146.727146 -2.55809186532818 pleio
130 146.734615 -2.60723585599746 pleio
131 146.80381 -2.62250944246296 pleio
132 146.862885 -2.5255924131255 pleio
133 146.863965 -2.50360981523845 pleio
134 146.865044 -2.61998946938673 pleio
135 146.87452 -2.86028856258722 pleio
136 146.889753 -3.14845819822091 pleio
137 146.904986 -3.32838136858011 pleio
138 147.064187 -3.57422282618041 pleio
139 147.069549 -3.84828730043718 pleio
140 147.074911 -3.93754867957035 pleio
141 147.080273 -3.78634167293439 pleio
142 147.089309 -3.6486723696496 pleio
143 147.114764 -3.52098884638425 pleio
144 147.137425 -3.4975715134589 pleio
145 147.157965 -3.49015304743896 pleio
146 147.178504 -3.53266586540196 pleio
147 147.221814 -3.71438543321004 pleio
148 147.253583 -4.16100230132444 pleio
149 147.272554 -4.20813086026475 pleio
150 147.275576 -4.24200012985996 pleio
151 147.278599 -4.29741993709948 pleio
152 147.281622 -4.40941314194586 pleio
153 147.284644 -4.53696896400516 pleio
154 147.286194 -4.67785655088572 pleio
155 147.286753 -4.82953622391171 pleio
156 147.287312 -4.98934724645996 pleio
157 147.287872 -5.15468989844809 pleio
158 147.290648 -5.29788421660646 pleio
159 147.299484 -5.42469820795804 pleio
160 147.327447 -5.33412991985995 pleio
161 147.35561 -5.36434681443726 pleio
162 147.383773 -5.50577210318683 pleio
163 147.397845 -5.4930541075911 pleio
164 147.402328 -5.47900818947895 pleio
165 147.406811 -5.46373818316563 pleio
166 147.411546 -5.44772650728578 pleio
167 147.442387 -5.43124083125048 pleio
168 147.535843 -5.42910957901405 pleio
169 147.551736 -5.36123886131474 pleio
170 147.555599 -5.36090172763036 pleio
171 147.559461 -5.40835652051376 pleio
172 147.563362 -5.48556510682186 pleio
173 147.583398 -5.94706340873804 pleio
174 147.602453 -6.17359931715898 pleio
175 147.621507 -6.31334042396254 pleio
176 147.682611 -6.34937044518449 pleio
177 147.68996 -6.33545204079876 pleio
178 147.695588 -6.26686329050439 pleio
179 147.701215 -6.19646816577265 pleio
180 147.706843 -6.15947306155834 pleio
181 147.719435 -6.23353463468592 pleio
182 147.737975 -6.23888085120869 pleio
183 147.751499 -6.2489635698835 pleio
184 147.760277 -6.26189727898686 pleio
185 147.769056 -6.27176068280894 pleio
186 147.777834 -6.2813426546645 pleio
187 147.786613 -6.19776145262346 pleio
188 147.795391 -6.36196439160025 pleio
189 147.816836 -6.51589342759529 pleio
190 147.850698 -6.56859765448294 pleio
191 147.88456 -6.62880247557714 pleio
192 147.914702 -6.52409837255574 pleio
193 147.91491 -6.42552626637701 pleio
194 147.915116 -6.32925505538974 pleio
195 147.915322 -6.23660203620734 pleio
196 147.915527 -6.14876815876389 pleio
197 147.915733 -6.06677295684238 pleio
198 147.916803 -5.99524807363929 pleio
199 147.923623 -5.98878224830753 pleio
200 147.930444 -5.99263725694602 pleio
201 147.937264 -5.99741719062408 pleio
202 147.944084 -6.01178744027519 pleio
203 147.949324 -6.03414326857585 pleio
204 147.953121 -6.188099817306 pleio
205 147.956917 -6.43893911291141 pleio
206 147.960714 -6.68033394448662 pleio
207 147.964511 -6.88437622632727 pleio
208 147.968307 -6.91995011749945 pleio
209 147.973733 -6.86996350246997 pleio
210 147.982072 -6.78318489701531 pleio
211 147.982175 -6.73293373468555 pleio
212 147.982278 -6.68295325456114 pleio
213 147.986316 -6.669202336402 pleio
214 147.986987 -6.76633347608784 pleio
215 147.987657 -6.84275636194518 pleio
216 147.988327 -6.88459552291169 pleio
217 147.988998 -6.88220341430092 pleio
218 147.989668 -6.82990842622789 pleio
219 148.006053 -6.7461091593588 pleio
220 148.013144 -6.71770999928125 pleio
221 148.020236 -6.69011463413759 pleio
222 148.027327 -6.66320810658662 pleio
223 148.033269 -6.63687183527757 pleio
224 148.037078 -6.61099339425076 pleio
225 148.040918 -6.6563800460826 pleio
226 148.046494 -6.78869542304661 pleio
227 148.05207 -6.99542364429837 pleio
228 148.180347 -7.2039834694876 pleio
229 148.183086 -7.19361769863497 pleio
230 148.185825 -7.1819486274363 pleio
231 148.188563 -7.16969902792404 pleio
232 148.191302 -7.18071941970007 pleio
233 148.194041 -7.19923674026252 pleio
234 148.19678 -7.23250389221198 pleio
235 148.200032 -7.28437541082906 pleio
236 148.204884 -7.34563682046501 pleio
237 148.213021 -7.39056362906277 pleio
238 148.213171 -7.29060034936703 pleio
239 148.213321 -7.20069844599646 pleio
240 148.326473 -7.14875442340671 pleio
241 148.333368 -7.38643194142002 pleio
242 148.340263 -7.38751545713812 pleio
243 148.347157 -7.41298878821075 pleio
244 148.354052 -7.47593890917838 pleio
245 148.362946 -7.54150828019075 pleio
246 148.380016 -7.61357647086459 pleio
247 148.403283 -7.67017768289923 pleio
248 148.42655 -7.70813575529738 pleio
249 148.430037 -7.76154939311003 pleio
250 148.4319 -7.81793123695027 pleio
251 148.433763 -7.87710469341255 pleio
252 148.435626 -7.88205248518211 pleio
253 148.437489 -8.01750141183267 pleio
254 148.439352 -8.1236271476395 pleio
255 148.441214 -8.18789829402166 pleio
256 148.443077 -8.25539206893424 pleio
257 148.44494 -8.32134911870951 pleio
258 148.446803 -8.38202930294792 pleio
259 148.453459 -8.43607139682285 pleio
260 148.477993 -8.49023479879357 pleio
261 148.493526 -8.53849157577286 pleio
262 148.493644 -8.58626474096633 pleio
263 148.493762 -8.63436511214776 pleio
264 148.502187 -8.96757550964395 pleio
265 148.624196 -9.03326941557685 pleio
266 148.648833 -9.29310297797531 pleio
267 148.673469 -9.84580616039842 pleio
268 148.812084 -10.1475322328559 pleio
269 148.815025 -10.1881883850219 pleio
270 144.909409 -0.147170190201147 profile1
271 144.916914 -0.245036821506588 profile1
272 144.947844 -0.335061935716633 profile1
273 144.978774 -0.427550173568257 profile1
274 145.106694 -0.203829511680158 profile1
275 145.224788 -0.0513511661748453 profile1
276 145.342881 -0.18735175760384 profile1
277 145.729503 -0.151770936316123 profile1
278 145.916546 -0.281699558256222 profile1
279 146.10359 -0.375420602658386 profile1
280 146.240909 -0.365710107854333 profile1
281 146.283615 -0.28353573458225 profile1
282 146.304543 -0.24986465443244 profile1
283 146.314537 -0.224120426015622 profile1
284 146.319976 -0.206769819358626 profile1
285 146.322338 -0.19815901429733 profile1
286 146.3247 -0.198498048701277 profile1
287 148.443077 -5.49744475374345 profile1
288 148.44494 -5.53739963051868 profile1
289 148.446803 -5.56385433685181 profile1
290 148.453459 -5.57714792244768 profile1
291 148.477993 -5.58524652458963 profile1
292 148.493526 -5.58431318163554 profile1
293 148.493644 -5.58180892284777 profile1
294 148.493762 -5.57861632918095 profile1
295 148.502187 -5.52719827727451 profile1
296 148.624196 -5.55364530476882 profile1
297 148.648833 -5.85370979529538 profile1
298 148.673469 -6.13155954156608 profile1
299 148.812084 -6.27522663823984 profile1
300 148.815025 -6.28102877823717 profile1
301 142.490795 -1.95077898367214 profile1
302 142.517426 -1.83585441995075 profile1
303 142.560149 -1.71977029666121 profile1
304 142.602873 -1.604178085712 profile1
305 142.64402 -1.48868104804896 profile1
306 142.685103 -1.31350237128909 profile1
307 142.726186 -1.19011160756118 profile1
308 142.767269 -1.07825149365449 profile1
309 142.808353 -0.968256795267306 profile1
310 142.849436 -0.861364881502726 profile1
311 142.876943 -0.759794185477571 profile1
312 142.880371 -0.663997761002793 profile1
313 142.883799 -0.574310886041236 profile1
314 142.904956 -0.490076584779474 profile1
315 142.989329 -0.50523281099561 profile1
316 143.073701 -0.413067014975609 profile1
317 143.155273 -0.301893070717268 profile1
318 143.159416 -0.188219048629588 profile1
319 143.163559 -0.104033281541322 profile1
320 143.167702 -0.043135667017676 profile1
321 143.171846 0.00921807631570025 profile1
322 143.175989 0.0535111824014593 profile1
323 143.180132 0.0907111957806425 profile1
324 143.240265 0.144426972104009 profile1
325 143.324863 0.337656185328314 profile1
326 143.409462 0.34993627119108 profile1
327 143.484637 0.328356136653758 profile1
328 143.487347 0.295968250803053 profile1
329 143.490056 0.306556849147926 profile1
330 143.492766 0.313562680532472 profile1
331 143.495555 0.317202263661228 profile1
332 143.498344 0.317705277391485 profile1
333 143.501132 0.314659630600517 profile1
334 143.521072 0.3127454889973 profile1
335 143.53778 0.313170704492943 profile1
336 143.554489 0.27205467178652 profile1
337 143.570345 0.219959100106235 profile1
338 143.571477 0.179257663713642 profile1
339 143.572611 0.153650828226193 profile1
340 143.574439 0.14500711145723 profile1
341 143.699438 0.292359993271353 profile1
342 143.824436 0.310144590946478 profile1
343 143.915168 0.477982576571673 profile1
344 143.920616 0.573198551989685 profile1
345 143.926063 0.658125548784513 profile1
346 143.93182 0.754369547005249 profile1
347 143.935901 0.93105040299503 profile1
348 143.939982 1.07446032568049 profile1
349 143.944917 1.18065843514538 profile1
350 143.975668 1.24857295141355 profile1
351 144.013221 1.25120950173029 profile1
352 144.051716 1.23949585054816 profile1
353 144.090211 1.23981364240999 profile1
354 144.128706 1.23277773533306 profile1
355 144.167202 1.2250266615356 profile1
356 144.176428 1.21681045780603 profile1
357 144.180816 1.20841021254353 profile1
358 144.185205 1.19969603055001 profile1
359 144.348163 1.70131515553142 profile1
360 144.361337 1.73467305711692 profile1
361 144.363468 1.72334683381909 profile1
362 144.365599 1.72793112245829 profile1
363 144.367577 1.68787436347254 profile1
364 144.375504 1.5575663160778 profile1
365 144.385418 1.38709024070608 profile1
366 144.395332 1.18092054765749 profile1
367 144.407236 1.05014255348264 profile1
368 144.411293 0.973500453801944 profile1
369 144.415349 0.892878750477654 profile1
370 144.419405 0.808577557573187 profile1
371 144.423461 0.720924511187703 profile1
372 144.427517 0.721389870286226 profile1
373 144.431573 0.739370028723775 profile1
374 144.437408 0.743927528383129 profile1
375 144.440911 0.694141239589387 profile1
376 144.442944 0.639774927180882 profile1
377 144.444976 0.599538621137499 profile1
378 144.447008 0.569678409248124 profile1
379 144.44904 0.535397817297295 profile1
380 144.454745 0.554527330429396 profile1
381 144.498681 0.570522553443127 profile1
382 144.558267 0.580747869036993 profile1
383 144.587405 0.559968686959183 profile1
384 144.587686 0.525263920221084 profile1
385 144.587968 0.496890155667976 profile1
386 144.617027 0.483606237227675 profile1
387 144.705848 0.278923318876169 profile1
388 144.716797 0.0642109125920068 profile1
389 144.727745 0.0833413752721895 profile1
390 144.897381 0.0260688311029119 profile1
391 144.903395 -0.0566729158516931 profile1
392 146.327062 -0.207812136839019 profile1
393 146.329424 -0.225967191356856 profile1
394 146.331786 -0.252813786319089 profile1
395 146.334148 -0.287984081949084 profile1
396 146.33651 -0.088340431044424 profile1
397 146.643419 0.0787689098703904 profile1
398 146.654632 0.0701005781299141 profile1
399 146.665844 0.0520846570242894 profile1
400 146.677056 0.0565416957028464 profile1
401 146.688269 -0.0117018912778378 profile1
402 146.69133 -0.314446720163703 profile1
403 146.694026 -0.721225805949941 profile1
404 146.696722 -1.21121080141561 profile1
405 146.699418 -1.74160070164924 profile1
406 146.702114 -2.25797272394792 profile1
407 146.70481 -2.38445548692155 profile1
408 146.707507 -2.41473042201496 profile1
409 146.710838 -2.44463680370923 profile1
410 146.716274 -2.47413791775512 profile1
411 146.72171 -2.50320664546033 profile1
412 146.727146 -2.53182531791425 profile1
413 146.734615 -2.557082083792 profile1
414 146.80381 -2.55959548742409 profile1
415 146.862885 -2.46973752727908 profile1
416 146.863965 -2.40873856956953 profile1
417 146.865044 -2.42336933921213 profile1
418 146.87452 -2.5061155864499 profile1
419 146.889753 -2.64755369895807 profile1
420 146.904986 -2.82758050549646 profile1
421 147.064187 -2.9919650641075 profile1
422 147.069549 -3.09274091393888 profile1
423 147.074911 -3.05207818942831 profile1
424 147.080273 -2.88526304695017 profile1
425 147.089309 -2.73328236194943 profile1
426 147.114764 -2.60666467950919 profile1
427 147.137425 -2.58282683563315 profile1
428 147.157965 -2.58053302172691 profile1
429 147.178504 -2.62859071754308 profile1
430 147.221814 -3.13858428465926 profile1
431 147.253583 -3.3797436561714 profile1
432 147.272554 -3.41124698256148 profile1
433 147.275576 -3.47311330721767 profile1
434 147.278599 -3.54253549930075 profile1
435 147.281622 -3.6115744433274 profile1
436 147.284644 -3.68851859407192 profile1
437 147.286194 -3.7723878708687 profile1
438 147.286753 -3.86195358707509 profile1
439 147.287312 -3.95581574925708 profile1
440 147.287872 -4.05249255322982 profile1
441 147.290648 -4.13424930481441 profile1
442 147.299484 -4.20510887989066 profile1
443 147.327447 -3.92640092851819 profile1
444 147.35561 -3.92156613821178 profile1
445 147.383773 -3.95666209641574 profile1
446 147.397845 -3.94385129980695 profile1
447 147.402328 -3.93017848390239 profile1
448 147.406811 -3.91575617065757 profile1
449 147.411546 -3.90069035981634 profile1
450 147.442387 -3.88496152989934 profile1
451 147.535843 -3.88315741523426 profile1
452 147.551736 -3.94841751493474 profile1
453 147.555599 -4.03412988727392 profile1
454 147.559461 -4.09645244480684 profile1
455 147.563362 -4.15178116925335 profile1
456 147.583398 -4.28267731844485 profile1
457 147.602453 -4.3511210027441 profile1
458 147.621507 -4.40679253221165 profile1
459 147.682611 -4.4111604670478 profile1
460 147.68996 -4.39380791846846 profile1
461 147.695588 -4.3549479513387 profile1
462 147.701215 -4.31605759195828 profile1
463 147.706843 -4.28683159607522 profile1
464 147.719435 -4.28911994817348 profile1
465 147.737975 -4.28443369404805 profile1
466 147.751499 -4.28025827581046 profile1
467 147.760277 -4.26863985522206 profile1
468 147.769056 -4.24983066562022 profile1
469 147.777834 -4.23088098918215 profile1
470 147.786613 -4.11618088439725 profile1
471 147.795391 -4.07103102644841 profile1
472 147.816836 -4.03397224871181 profile1
473 147.850698 -4.03600018102076 profile1
474 147.88456 -4.06145545483043 profile1
475 147.914702 -4.04474257610325 profile1
476 147.91491 -3.99321331396427 profile1
477 147.915116 -3.94396765009682 profile1
478 147.915322 -3.89769442172111 profile1
479 147.915527 -3.85499000407907 profile1
480 147.915733 -3.81632023158188 profile1
481 147.916803 -3.78369558159317 profile1
482 147.923623 -3.78012608282681 profile1
483 147.930444 -3.77289802994137 profile1
484 147.937264 -3.76528647824567 profile1
485 147.944084 -3.76466382670214 profile1
486 147.949324 -3.77556189895125 profile1
487 147.953121 -3.75517502701974 profile1
488 147.956917 -3.71058811639459 profile1
489 147.960714 -3.66934701661011 profile1
490 147.964511 -3.63496448831323 profile1
491 147.968307 -3.57113376140507 profile1
492 147.973733 -3.51637669686291 profile1
493 147.982072 -3.52687837040645 profile1
494 147.982175 -3.54997219845259 profile1
495 147.982278 -3.57289161476903 profile1
496 147.986316 -3.65484863348885 profile1
497 147.986987 -3.93074926927 profile1
498 147.987657 -4.19095888548951 profile1
499 147.988327 -4.41707155729881 profile1
500 147.988998 -4.59434431601316 profile1
501 147.989668 -4.69399255557525 profile1
502 148.006053 -4.68703986207707 profile1
503 148.013144 -4.67910442209617 profile1
504 148.020236 -4.67394453344422 profile1
505 148.027327 -4.6712997336124 profile1
506 148.033269 -4.6708497621929 profile1
507 148.037078 -4.67223457872125 profile1
508 148.040918 -4.75044021363356 profile1
509 148.046494 -4.77168415413948 profile1
510 148.05207 -4.82491333719671 profile1
511 148.180347 -4.89447822864974 profile1
512 148.183086 -4.89667153844732 profile1
513 148.185825 -4.89736275938284 profile1
514 148.188563 -4.8966142066268 profile1
515 148.191302 -4.8989351800617 profile1
516 148.194041 -4.9077011673087 profile1
517 148.19678 -4.91666303563516 profile1
518 148.200032 -4.91815443542052 profile1
519 148.204884 -4.92172324304671 profile1
520 148.213021 -4.91728163943128 profile1
521 148.213171 -4.8499577682016 profile1
522 148.213321 -4.79756567001336 profile1
523 148.326473 -4.76421229777581 profile1
524 148.333368 -4.75798597910935 profile1
525 148.340263 -4.75904452333199 profile1
526 148.347157 -4.77464028128031 profile1
527 148.354052 -4.81227079264509 profile1
528 148.362946 -4.8509204638468 profile1
529 148.380016 -4.8891228999916 profile1
530 148.403283 -4.91410363943724 profile1
531 148.42655 -4.93521258316505 profile1
532 148.430037 -4.97530687677593 profile1
533 148.4319 -5.01604502892338 profile1
534 148.433763 -5.05724264645732 profile1
535 148.435626 -5.17081521966184 profile1
536 148.437489 -5.29837621245783 profile1
537 148.439352 -5.38255044739792 profile1
538 148.441214 -5.44495928752441 profile1
539 142.490795 -2.21855988007953 profile2
540 142.517426 -2.18753122369317 profile2
541 142.560149 -2.16659889555855 profile2
542 142.602873 -2.14601857515204 profile2
543 142.64402 -2.12578478341646 profile2
544 142.685103 -2.01418080040248 profile2
545 142.726186 -1.98538751529219 profile2
546 142.767269 -1.96470599723627 profile2
547 142.808353 -1.93481894064533 profile2
548 142.849436 -1.87906907667469 profile2
549 142.876943 -1.82553535857787 profile2
550 142.880371 -1.77429710840473 profile2
551 142.883799 -1.72562876811661 profile2
552 142.904956 -1.68127058850129 profile2
553 142.989329 -1.75275163723674 profile2
554 143.073701 -1.79614946323461 profile2
555 143.155273 -1.66887658556125 profile2
556 143.159416 -1.45859606209775 profile2
557 143.163559 -1.34753591760499 profile2
558 143.167702 -1.32735673548458 profile2
559 143.171846 -1.30612770331234 profile2
560 143.175989 -1.28500463916958 profile2
561 143.180132 -1.26434499543099 profile2
562 143.240265 -1.24213775367362 profile2
563 143.324863 -1.24249169017512 profile2
564 143.409462 -1.17451658827765 profile2
565 143.484637 -1.12603359728673 profile2
566 143.487347 -1.05746196759098 profile2
567 143.490056 -0.99329601856537 profile2
568 143.492766 -0.931426411485321 profile2
569 143.495555 -0.872107890073893 profile2
570 143.498344 -0.815577597021201 profile2
571 143.501132 -0.764232076764466 profile2
572 143.521072 -0.741272912384144 profile2
573 143.53778 -0.730653812990696 profile2
574 143.554489 -0.681992823507649 profile2
575 143.570345 -0.621810786213985 profile2
576 143.571477 -0.568099077161131 profile2
577 143.572611 -0.518890768571059 profile2
578 143.574439 -0.472761507350604 profile2
579 143.699438 -0.767971376940969 profile2
580 143.824436 -0.788571588109627 profile2
581 143.915168 -0.740242284904062 profile2
582 143.920616 -0.64881417614374 profile2
583 143.926063 -0.550841663535264 profile2
584 143.93182 -0.412908396433682 profile2
585 143.935901 -0.295942241505092 profile2
586 143.939982 -0.192508970737442 profile2
587 143.944917 -0.10509498671645 profile2
588 143.975668 -0.0355067121614487 profile2
589 144.013221 -0.0214239053693438 profile2
590 144.051716 -0.0149243886106509 profile2
591 144.090211 -0.011925638199603 profile2
592 144.128706 -0.0106110918203505 profile2
593 144.167202 -0.00922234596367172 profile2
594 144.176428 -0.00780959605026661 profile2
595 144.180816 -0.00642865251040182 profile2
596 144.185205 -0.00499872094164236 profile2
597 144.348163 0.023327572216674 profile2
598 144.361337 -0.135825729744951 profile2
599 144.363468 -0.133559423547035 profile2
600 144.365599 -0.258823416937871 profile2
601 144.367577 -0.348257177949551 profile2
602 144.375504 -0.351373653136936 profile2
603 144.385418 -0.379617399726956 profile2
604 144.395332 -0.430640929360303 profile2
605 144.407236 -0.463507766411918 profile2
606 144.411293 -0.481375765165084 profile2
607 144.415349 -0.504125021570653 profile2
608 144.419405 -0.53154739869273 profile2
609 144.423461 -0.56339530913214 profile2
610 144.427517 -0.592451333084407 profile2
611 144.431573 -0.639452588443833 profile2
612 144.437408 -0.699099740159018 profile2
613 144.440911 -0.686741637134505 profile2
614 144.442944 -0.675568217312878 profile2
615 144.444976 -0.663812671958547 profile2
616 144.447008 -0.652582818005298 profile2
617 144.44904 -0.643635449365723 profile2
618 144.454745 -0.643931309253063 profile2
619 144.498681 -0.645281524471655 profile2
620 144.558267 -0.650278725931575 profile2
621 144.587405 -0.637489576764233 profile2
622 144.587686 -0.59536022767112 profile2
623 144.587968 -0.554203966750533 profile2
624 144.617027 -0.53932787246627 profile2
625 144.705848 -0.423580126784286 profile2
626 144.716797 -0.421360496580168 profile2
627 144.727745 -0.399525682645987 profile2
628 144.897381 -0.380383325659109 profile2
629 144.903395 -0.360579627189169 profile2
630 144.909409 -0.341805327538214 profile2
631 144.916914 -0.324159231071668 profile2
632 144.947844 -0.309814629088889 profile2
633 144.978774 -0.296100510440647 profile2
634 145.106694 -0.241346983935872 profile2
635 145.224788 0.135189647156346 profile2
636 145.342881 0.246324876147013 profile2
637 145.729503 0.845391174364157 profile2
638 145.916546 0.93453067540381 profile2
639 146.10359 0.956287218759058 profile2
640 146.240909 1.04689611630269 profile2
641 146.283615 1.15720945126346 profile2
642 146.304543 1.13459987100691 profile2
643 146.314537 1.10942490795292 profile2
644 146.319976 1.08158815524129 profile2
645 146.322338 1.05097320848034 profile2
646 146.3247 1.01744605748739 profile2
647 146.327062 0.980862711063995 profile2
648 146.329424 0.941078276629214 profile2
649 146.331786 0.897952717056728 profile2
650 146.334148 0.851363010115069 profile2
651 146.33651 0.785571198932147 profile2
652 146.643419 0.324852700915118 profile2
653 146.654632 0.284163269808111 profile2
654 146.665844 0.246743949459524 profile2
655 146.677056 0.219902924664254 profile2
656 146.688269 0.315692447976206 profile2
657 146.69133 0.566718914074314 profile2
658 146.694026 0.862256815998361 profile2
659 146.696722 1.1719407383281 profile2
660 146.699418 1.45950009022645 profile2
661 146.702114 1.69058222425943 profile2
662 146.70481 1.73382884503489 profile2
663 146.707507 1.73467305711692 profile2
664 146.710838 1.73180014898856 profile2
665 146.716274 1.72529032559774 profile2
666 146.72171 1.71526651478541 profile2
667 146.727146 1.70189123013075 profile2
668 146.734615 1.6749077499064 profile2
669 146.80381 1.66003721300628 profile2
670 146.862885 1.66819668662149 profile2
671 146.863965 1.62181045877807 profile2
672 146.865044 1.50118173571633 profile2
673 146.87452 1.31487153609438 profile2
674 146.889753 1.13876203201255 profile2
675 146.904986 1.12703679095175 profile2
676 147.064187 1.03855787316278 profile2
677 147.069549 0.852720935509921 profile2
678 147.074911 0.7168489275736 profile2
679 147.080273 0.702069662611241 profile2
680 147.089309 0.685712695115164 profile2
681 147.114764 0.680354967189896 profile2
682 147.137425 0.678199434311552 profile2
683 147.157965 0.679881667259536 profile2
684 147.178504 0.682021603413848 profile2
685 147.221814 1.02645317848919 profile2
686 147.253583 0.765849126526325 profile2
687 147.272554 0.736783570504661 profile2
688 147.275576 0.759714734429745 profile2
689 147.278599 0.769386263646242 profile2
690 147.281622 0.742750306082894 profile2
691 147.284644 0.707772616781003 profile2
692 147.286194 0.665421628669865 profile2
693 147.286753 0.616733915538325 profile2
694 147.287312 0.562720044784681 profile2
695 147.287872 0.50428669093605 profile2
696 147.290648 0.449866533688576 profile2
697 147.299484 0.398583923280934 profile2
698 147.327447 0.269229094909791 profile2
699 147.35561 0.236198400910322 profile2
700 147.383773 0.164034971122213 profile2
701 147.397845 0.163740707822752 profile2
702 147.402328 0.163643143742641 profile2
703 147.406811 0.163769629203721 profile2
704 147.411546 0.163670143285735 profile2
705 147.442387 0.163066854500423 profile2
706 147.535843 0.163418346581972 profile2
707 147.551736 0.299194410964587 profile2
708 147.555599 0.380330666663544 profile2
709 147.559461 0.385274600177883 profile2
710 147.563362 0.351078039179874 profile2
711 147.583398 -0.0254518401537826 profile2
712 147.602453 -0.215805635221845 profile2
713 147.621507 -0.323097816340839 profile2
714 147.682611 -0.359737284776463 profile2
715 147.68996 -0.362567579225909 profile2
716 147.695588 -0.329417032499067 profile2
717 147.701215 -0.294844046481635 profile2
718 147.706843 -0.292288152441175 profile2
719 147.719435 -0.385182749936875 profile2
720 147.737975 -0.396780607978484 profile2
721 147.751499 -0.412417673741291 profile2
722 147.760277 -0.436680251996648 profile2
723 147.769056 -0.463979741915618 profile2
724 147.777834 -0.491012422273555 profile2
725 147.786613 -0.53506512950704 profile2
726 147.795391 -0.741126931882741 profile2
727 147.816836 -0.927702772454443 profile2
728 147.850698 -0.991553480792797 profile2
729 147.88456 -1.03850563890584 profile2
730 147.914702 -0.91894968675133 profile2
731 147.91491 -0.86707806895742 profile2
732 147.915116 -0.815269875228223 profile2
733 147.915322 -0.764167956167597 profile2
734 147.915527 -0.71439906970703 profile2
735 147.915733 -0.666546521603127 profile2
736 147.916803 -0.623413588463163 profile2
737 147.923623 -0.618742682438851 profile2
738 147.930444 -0.627783823543607 profile2
739 147.937264 -0.638056688597947 profile2
740 147.944084 -0.646899186689744 profile2
741 147.949324 -0.652019185408304 profile2
742 147.953121 -0.831217604454669 profile2
743 147.956917 -1.13957542460492 profile2
744 147.960714 -1.43539842883619 profile2
745 147.964511 -1.68568192940531 profile2
746 147.968307 -1.7884886507531 profile2
747 147.973733 -1.79233412665166 profile2
748 147.982072 -1.69049624565361 profile2
749 147.982175 -1.6127713028241 profile2
750 147.982278 -1.53581489965071 profile2
751 147.986316 -1.43827670677535 profile2
752 147.986987 -1.26724811113341 profile2
753 147.987657 -1.09618659139895 profile2
754 147.988327 -0.928541032060997 profile2
755 147.988998 -0.767975714292937 profile2
756 147.989668 -0.63397511319299 profile2
757 148.006053 -0.567339836322956 profile2
758 148.013144 -0.554972156128268 profile2
759 148.020236 -0.541096131509933 profile2
760 148.027327 -0.525746031553405 profile2
761 148.033269 -0.508996784258782 profile2
762 148.037078 -0.49095953869793 profile2
763 148.040918 -0.462769701361559 profile2
764 148.046494 -0.55675088164871 profile2
765 148.05207 -0.707205341761333 profile2
766 148.180347 -0.855815168822018 profile2
767 148.183086 -0.845645497234593 profile2
768 148.185825 -0.835447460779315 profile2
769 148.188563 -0.825837678572146 profile2
770 148.191302 -0.835493159438971 profile2
771 148.194041 -0.847218046468391 profile2
772 148.19678 -0.873126185822563 profile2
773 148.200032 -0.923141085353167 profile2
774 148.204884 -0.980248170936538 profile2
775 148.213021 -1.0278390462218 profile2
776 148.213171 -0.983869865106843 profile2
777 148.213321 -0.935293755754014 profile2
778 148.326473 -0.908752792180244 profile2
779 148.333368 -1.16051233543379 profile2
780 148.340263 -1.15747241534207 profile2
781 148.347157 -1.16644889875586 profile2
782 148.354052 -1.19406922704197 profile2
783 148.362946 -1.22373857651547 profile2
784 148.380016 -1.26172166092824 profile2
785 148.403283 -1.29761046711751 profile2
786 148.42655 -1.31826747989113 profile2
787 148.430037 -1.33599576633151 profile2
788 148.4319 -1.35634968452807 profile2
789 148.433763 -1.37931280086462 profile2
790 148.435626 -1.28160067358251 profile2
791 148.437489 -1.29133412985882 profile2
792 148.439352 -1.33031890342318 profile2
793 148.441214 -1.35798266251446 profile2
794 148.443077 -1.39935734447169 profile2
795 148.44494 -1.45064142968119 profile2
796 148.446803 -1.50762363373873 profile2
797 148.453459 -1.56125261564866 profile2
798 148.477993 -1.61133661239872 profile2
799 148.493526 -1.66441941941722 profile2
800 148.493644 -1.71859175429647 profile2
801 148.493762 -1.77372504140786 profile2
802 148.502187 -2.17565156339762 profile2
803 148.624196 -2.20655392613081 profile2
804 148.648833 -2.16153339655384 profile2
805 148.673469 -2.47768736910184 profile2
806 148.812084 -2.66218511759951 profile2
807 148.815025 -2.70146659996604 profile2
