marker_position lod trace
1 142.490795 -8.33313080572651 pleio
2 142.517426 -8.23554445417493 pleio
3 142.560149 -8.13997121392427 pleio
4 142.602873 -8.04550707180167 pleio
5 142.64402 -7.95237003620893 pleio
6 142.685103 -8.20691015800582 pleio
7 142.726186 -8.23689961288511 pleio
8 142.767269 -8.14632473378163 pleio
9 142.808353 -8.05491641995919 pleio
10 142.849436 -7.95977677997414 pleio
11 142.876943 -7.86898762894892 pleio
12 142.880371 -7.78167990166682 pleio
13 142.883799 -7.69803581099916 pleio
14 142.904956 -7.61729677626983 pleio
15 142.989329 -7.49502468328999 pleio
16 143.073701 -7.4032044415136 pleio
17 143.155273 -7.27058547818664 pleio
18 143.159416 -7.0907230767597 pleio
19 143.163559 -6.96005707473959 pleio
20 143.167702 -6.87355516340806 pleio
21 143.171846 -6.77243427796002 pleio
22 143.175989 -6.65953333633025 pleio
23 143.180132 -6.53690793463809 pleio
24 143.240265 -6.39921571788208 pleio
25 143.324863 -6.25011512367245 pleio
26 143.409462 -6.28766010218876 pleio
27 143.484637 -6.10116131289987 pleio
28 143.487347 -5.94154314971674 pleio
29 143.490056 -5.87028989478767 pleio
30 143.492766 -5.80216734842944 pleio
31 143.495555 -5.73710687757236 pleio
32 143.498344 -5.675038008436 pleio
33 143.501132 -5.62868998395343 pleio
34 143.521072 -5.56286836904896 pleio
35 143.53778 -5.50142304193743 pleio
36 143.554489 -5.20754858264738 pleio
37 143.570345 -4.82433492274048 pleio
38 143.571477 -4.4778995427344 pleio
39 143.572611 -4.18295474182492 pleio
40 143.574439 -3.95158129448545 pleio
41 143.699438 -3.25318994116802 pleio
42 143.824436 -2.98281588973598 pleio
43 143.915168 -3.34240793619785 pleio
44 143.920616 -3.30946837673345 pleio
45 143.926063 -3.3020112142276 pleio
46 143.93182 -3.2927920783566 pleio
47 143.935901 -3.24964680437328 pleio
48 143.939982 -3.27785981040583 pleio
49 143.944917 -3.37368563270898 pleio
50 143.975668 -3.53087907627253 pleio
51 144.013221 -3.62418708694452 pleio
52 144.051716 -3.69700297959557 pleio
53 144.090211 -3.71905302887143 pleio
54 144.128706 -3.71803002837226 pleio
55 144.167202 -3.71688346309569 pleio
56 144.176428 -3.71570166073933 pleio
57 144.180816 -3.71455141339746 pleio
58 144.185205 -3.71353903182455 pleio
59 144.348163 -3.57679111577532 pleio
60 144.361337 -3.33895835186827 pleio
61 144.363468 -2.99721722199155 pleio
62 144.365599 -2.59043154354023 pleio
63 144.367577 -2.25756032761731 pleio
64 144.375504 -1.98242498691851 pleio
65 144.385418 -1.80607167142215 pleio
66 144.395332 -1.73134348170779 pleio
67 144.407236 -1.67880969085732 pleio
68 144.411293 -1.60810078757685 pleio
69 144.415349 -1.54894881348621 pleio
70 144.419405 -1.50120141006412 pleio
71 144.423461 -1.46459391206753 pleio
72 144.427517 -1.50735379438476 pleio
73 144.431573 -1.61459292756698 pleio
74 144.437408 -1.7438934599044 pleio
75 144.440911 -1.65818702527098 pleio
76 144.442944 -1.57313128490322 pleio
77 144.444976 -1.44755950512333 pleio
78 144.447008 -1.29515849249151 pleio
79 144.44904 -1.15347711412089 pleio
80 144.454745 -1.10185844966746 pleio
81 144.498681 -1.06113565140667 pleio
82 144.558267 -1.03443049688067 pleio
83 144.587405 -0.914843763176973 pleio
84 144.587686 -0.679495472099872 pleio
85 144.587968 -0.459551105260152 pleio
86 144.617027 -0.351808536019665 pleio
87 144.705848 -0.384060215198253 pleio
88 144.716797 -0.392864175812737 pleio
89 144.727745 -0.0493633471648118 pleio
90 144.897381 -0.0204925917749805 pleio
91 144.903395 -0.0621088229976641 pleio
92 144.909409 -0.112713587462927 pleio
93 144.916914 -0.172163394983719 pleio
94 144.947844 -0.222646229660399 pleio
95 144.978774 -0.276750763161928 pleio
96 145.106694 -0.144132451694516 pleio
97 145.224788 0 pleio
98 145.342881 -0.281243737049524 pleio
99 145.729503 -1.31046887905343 pleio
100 145.916546 -1.57987517729786 pleio
101 146.10359 -1.60682342100814 pleio
102 146.240909 -1.5966242990085 pleio
103 146.283615 -1.96258286893843 pleio
104 146.304543 -1.81677552674552 pleio
105 146.314537 -1.68097089152246 pleio
106 146.319976 -1.5562580613835 pleio
107 146.322338 -1.44361909555853 pleio
108 146.3247 -1.34390326134185 pleio
109 146.327062 -1.25779191477079 pleio
110 146.329424 -1.18577639202005 pleio
111 146.331786 -1.12815007966668 pleio
112 146.334148 -1.08499636594907 pleio
113 146.33651 -1.68058494613927 pleio
114 146.643419 -2.34908871696741 pleio
115 146.654632 -2.28225780312078 pleio
116 146.665844 -2.21545507920929 pleio
117 146.677056 -2.09039124940933 pleio
118 146.688269 -1.77829491951906 pleio
119 146.69133 -1.51186798243439 pleio
120 146.694026 -1.33176484986397 pleio
121 146.696722 -1.26549741830362 pleio
122 146.699418 -1.32320397066281 pleio
123 146.702114 -1.49134732631858 pleio
124 146.70481 -1.53846099002791 pleio
125 146.707507 -1.55415715435692 pleio
126 146.710838 -1.57985028499068 pleio
127 146.716274 -1.6153893526445 pleio
128 146.72171 -1.66050722996592 pleio
129 146.727146 -1.71482708186376 pleio
130 146.734615 -1.76815982906706 pleio
131 146.80381 -1.80377140940295 pleio
132 146.862885 -1.71404601020844 pleio
133 146.863965 -1.60267348904222 pleio
134 146.865044 -1.5607449548654 pleio
135 146.87452 -1.5744791760483 pleio
136 146.889753 -1.59166197427293 pleio
137 146.904986 -1.53565077208259 pleio
138 147.064187 -1.49500336335163 pleio
139 147.069549 -1.54050104601962 pleio
140 147.074911 -1.57727323392495 pleio
141 147.080273 -1.57316909730843 pleio
142 147.089309 -1.61223644804115 pleio
143 147.114764 -1.66861850000978 pleio
144 147.137425 -1.69168423052968 pleio
145 147.157965 -1.65705229346523 pleio
146 147.178504 -1.69053273885994 pleio
147 147.221814 -2.14685070357174 pleio
148 147.253583 -3.74364135491489 pleio
149 147.272554 -3.86416135040624 pleio
150 147.275576 -4.02311935117902 pleio
151 147.278599 -4.25488817838234 pleio
152 147.281622 -4.44058369001259 pleio
153 147.284644 -4.66402176609921 pleio
154 147.286194 -4.91999495986911 pleio
155 147.286753 -5.20239355718303 pleio
156 147.287312 -5.50472013591412 pleio
157 147.287872 -5.82058609774394 pleio
158 147.290648 -6.1004192386517 pleio
159 147.299484 -6.35009383668981 pleio
160 147.327447 -6.97253833019209 pleio
161 147.35561 -6.94210941261069 pleio
162 147.383773 -7.29929766904429 pleio
163 147.397845 -7.23536947385821 pleio
164 147.402328 -7.17208654441879 pleio
165 147.406811 -7.11016617095733 pleio
166 147.411546 -7.0485217511421 pleio
167 147.442387 -6.98720053154724 pleio
168 147.535843 -6.9606025473766 pleio
169 147.551736 -6.92788232701067 pleio
170 147.555599 -7.00361544397713 pleio
171 147.559461 -7.05194542459998 pleio
172 147.563362 -7.09491808706616 pleio
173 147.583398 -7.50608260508213 pleio
174 147.602453 -7.73047122585887 pleio
175 147.621507 -7.87583760423714 pleio
176 147.682611 -7.91875308197632 pleio
177 147.68996 -7.91936805565213 pleio
178 147.695588 -7.88232518825018 pleio
179 147.701215 -7.84568718872205 pleio
180 147.706843 -7.61979973429698 pleio
181 147.719435 -7.40441410551996 pleio
182 147.737975 -7.40887671195526 pleio
183 147.751499 -7.40943331295478 pleio
184 147.760277 -7.41473462734417 pleio
185 147.769056 -7.42393464526788 pleio
186 147.777834 -7.43527205986786 pleio
187 147.786613 -7.53682066323526 pleio
188 147.795391 -7.4863445013026 pleio
189 147.816836 -7.34810152308963 pleio
190 147.850698 -7.25339572748455 pleio
191 147.88456 -7.1406659689816 pleio
192 147.914702 -7.17290370560482 pleio
193 147.91491 -7.20151106299532 pleio
194 147.915116 -7.23587694512409 pleio
195 147.915322 -7.27639066921605 pleio
196 147.915527 -7.32335185762195 pleio
197 147.915733 -7.37695418362356 pleio
198 147.916803 -7.43624594917449 pleio
199 147.923623 -7.48406926650079 pleio
200 147.930444 -7.5255377622546 pleio
201 147.937264 -7.56756549384248 pleio
202 147.944084 -7.68261341260778 pleio
203 147.949324 -7.83823021913714 pleio
204 147.953121 -8.08215596942679 pleio
205 147.956917 -8.44023587287098 pleio
206 147.960714 -8.86932166588307 pleio
207 147.964511 -9.34750780468108 pleio
208 147.968307 -9.68175714161725 pleio
209 147.973733 -9.89090597416322 pleio
210 147.982072 -9.91256666078976 pleio
211 147.982175 -9.88779239530962 pleio
212 147.982278 -9.8696079019866 pleio
213 147.986316 -9.84069067469083 pleio
214 147.986987 -9.77721391607985 pleio
215 147.987657 -9.75038502806693 pleio
216 147.988327 -9.75949396455511 pleio
217 147.988998 -9.80073167400975 pleio
218 147.989668 -9.83487224062738 pleio
219 148.006053 -9.75763017029619 pleio
220 148.013144 -9.76258028062004 pleio
221 148.020236 -9.77821107112422 pleio
222 148.027327 -9.80462455372209 pleio
223 148.033269 -9.84170867497667 pleio
224 148.037078 -9.88913709474406 pleio
225 148.040918 -9.94206130883658 pleio
226 148.046494 -10.0755222962661 pleio
227 148.05207 -10.287508836281 pleio
228 148.180347 -10.5063964805707 pleio
229 148.183086 -10.5262509274962 pleio
230 148.185825 -10.5497247726033 pleio
231 148.188563 -10.5807531301379 pleio
232 148.191302 -10.7939912218024 pleio
233 148.194041 -11.0112309560628 pleio
234 148.19678 -11.1772199086744 pleio
235 148.200032 -11.2577926106793 pleio
236 148.204884 -11.3381937505673 pleio
237 148.213021 -11.4180952585192 pleio
238 148.213171 -11.4897929866802 pleio
239 148.213321 -11.5731107691266 pleio
240 148.326473 -11.6531734562148 pleio
241 148.333368 -11.614564697619 pleio
242 148.340263 -11.535677235731 pleio
243 148.347157 -11.465368165125 pleio
244 148.354052 -11.4051768574788 pleio
245 148.362946 -11.3491201317968 pleio
246 148.380016 -11.3104841986482 pleio
247 148.403283 -11.3054671749106 pleio
248 148.42655 -11.2987452507008 pleio
249 148.430037 -11.3342551847984 pleio
250 148.4319 -11.3748251201144 pleio
251 148.433763 -11.4202163873437 pleio
252 148.435626 -11.3991070753305 pleio
253 148.437489 -11.500343246157 pleio
254 148.439352 -11.5992485408613 pleio
255 148.441214 -11.6576174620335 pleio
256 148.443077 -11.7091455101167 pleio
257 148.44494 -11.7447382306578 pleio
258 148.446803 -11.7582187981706 pleio
259 148.453459 -11.7580364537783 pleio
260 148.477993 -11.7657588721475 pleio
261 148.493526 -11.7607280121688 pleio
262 148.493644 -11.7561593808502 pleio
263 148.493762 -11.7536780327456 pleio
264 148.502187 -11.716690700796 pleio
265 148.624196 -11.6785735655945 pleio
266 148.648833 -11.9887571026345 pleio
267 148.673469 -13.3266063814441 pleio
268 148.812084 -13.3485141882148 pleio
269 148.815025 -13.3885154862641 pleio
270 142.490795 -2.30263967409001 profile1
271 142.517426 -2.30095107425456 profile1
272 142.560149 -2.29134210273168 profile1
273 142.602873 -2.28261897787557 profile1
274 142.64402 -2.27498387080301 profile1
275 142.685103 -2.53682995770279 profile1
276 142.726186 -2.62492997209586 profile1
277 142.767269 -2.61886125167883 profile1
278 142.808353 -2.61830749165145 profile1
279 142.849436 -2.63371683044951 profile1
280 142.876943 -2.65212516314003 profile1
281 142.880371 -2.67294841098558 profile1
282 142.883799 -2.69595572286858 profile1
283 142.904956 -2.71886992285125 profile1
284 142.989329 -2.70621375775313 profile1
285 143.073701 -2.70538092346438 profile1
286 143.155273 -2.62364121682059 profile1
287 143.159416 -2.47719492697826 profile1
288 143.163559 -2.43253257877496 profile1
289 143.167702 -2.48779587719452 profile1
290 143.171846 -2.539949805187 profile1
291 143.175989 -2.5871759954475 profile1
292 143.180132 -2.62781488786186 profile1
293 143.240265 -2.62459112197609 profile1
294 143.324863 -2.46062035931416 profile1
295 143.409462 -2.3548179278046 profile1
296 143.484637 -2.27633159602531 profile1
297 143.487347 -2.21050715689157 profile1
298 143.490056 -2.19837664432623 profile1
299 143.492766 -2.18563882151583 profile1
300 143.495555 -2.17225929008274 profile1
301 143.498344 -2.15821472979027 profile1
302 143.501132 -2.14528505418743 profile1
303 143.521072 -2.11291265608466 profile1
304 143.53778 -2.07303404271849 profile1
305 143.554489 -1.83486975319682 profile1
306 143.570345 -1.52655511417356 profile1
307 143.571477 -1.24812701052169 profile1
308 143.572611 -1.00576915347706 profile1
309 143.574439 -0.804182277889094 profile1
310 143.699438 -0.250850894960945 profile1
311 143.824436 -0.26496929464997 profile1
312 143.915168 -0.754619421512733 profile1
313 143.920616 -0.609498769835647 profile1
314 143.926063 -0.468599653447163 profile1
315 143.93182 -0.318018721525991 profile1
316 143.935901 -0.151739344236994 profile1
317 143.939982 -0.00930345735733813 profile1
318 143.944917 0.106893919022798 profile1
319 143.975668 0.195181345135518 profile1
320 144.013221 0.213887433058773 profile1
321 144.051716 0.220791386579565 profile1
322 144.090211 0.219768820686817 profile1
323 144.128706 0.220844174874427 profile1
324 144.167202 0.221969950033137 profile1
325 144.176428 0.223118719834746 profile1
326 144.180816 0.2242687395152 profile1
327 144.185205 0.225411106289522 profile1
328 144.348163 0.257968132384107 profile1
329 144.361337 0.395239693816687 profile1
330 144.363468 0.448076200499628 profile1
331 144.365599 0.569333338641504 profile1
332 144.367577 0.679333121566682 profile1
333 144.375504 0.769993380418508 profile1
334 144.385418 0.810312861839881 profile1
335 144.395332 0.800973984485631 profile1
336 144.407236 0.815210303377283 profile1
337 144.411293 0.8541482234439 profile1
338 144.415349 0.882443438364259 profile1
339 144.419405 0.900259308874613 profile1
340 144.423461 0.907866840158721 profile1
341 144.427517 0.871343555755676 profile1
342 144.431573 0.784271147007665 profile1
343 144.437408 0.67512502180262 profile1
344 144.440911 0.7416002934913 profile1
345 144.442944 0.806867681614836 profile1
346 144.444976 0.871449796377851 profile1
347 144.447008 0.934446484537366 profile1
348 144.44904 0.994860079137842 profile1
349 144.454745 0.994723403021461 profile1
350 144.498681 0.992470149767428 profile1
351 144.558267 0.986945797130578 profile1
352 144.587405 1.07741344173172 profile1
353 144.587686 1.25847142696419 profile1
354 144.587968 1.4256456636459 profile1
355 144.617027 1.50463078567507 profile1
356 144.705848 1.53804985418964 profile1
357 144.716797 1.51334734728262 profile1
358 144.727745 1.66737388741278 profile1
359 144.897381 1.69908632349903 profile1
360 144.903395 1.71051756576582 profile1
361 144.909409 1.72139783472593 profile1
362 144.916914 1.73162756999522 profile1
363 144.947844 1.74033846426044 profile1
364 144.978774 1.74908843671955 profile1
365 145.106694 2.003513826489 profile1
366 145.224788 1.83795773505191 profile1
367 145.342881 1.51694522656662 profile1
368 145.729503 0.972409697277044 profile1
369 145.916546 0.847137744518647 profile1
370 146.10359 0.816382430318564 profile1
371 146.240909 0.769497768151547 profile1
372 146.283615 0.360962758902172 profile1
373 146.304543 0.388967627019646 profile1
374 146.314537 0.414095922593621 profile1
375 146.319976 0.43621543859364 profile1
376 146.322338 0.455208481307686 profile1
377 146.3247 0.470971978821526 profile1
378 146.327062 0.483421984308234 profile1
379 146.329424 0.492492107105399 profile1
380 146.331786 0.498135974598063 profile1
381 146.334148 0.500327885106025 profile1
382 146.33651 0.399881114532831 profile1
383 146.643419 -0.0680692206979699 profile1
384 146.654632 -0.0933922087350321 profile1
385 146.665844 -0.114366154679142 profile1
386 146.677056 -0.115303113971361 profile1
387 146.688269 -0.0511411802653996 profile1
388 146.69133 0.0251221052469251 profile1
389 146.694026 0.106405501636726 profile1
390 146.696722 0.185539949502114 profile1
391 146.699418 0.254104619099147 profile1
392 146.702114 0.305024761088724 profile1
393 146.70481 0.304324556003849 profile1
394 146.707507 0.285901444380963 profile1
395 146.710838 0.266282632974034 profile1
396 146.716274 0.245475916680115 profile1
397 146.72171 0.223497717320261 profile1
398 146.727146 0.200375232498539 profile1
399 146.734615 0.198670374274613 profile1
400 146.80381 0.189023741030791 profile1
401 146.862885 0.0219834784083221 profile1
402 146.863965 -0.215890565092771 profile1
403 146.865044 -0.440466730342727 profile1
404 146.87452 -0.630593679675732 profile1
405 146.889753 -0.713521952853731 profile1
406 146.904986 -0.59585132120017 profile1
407 147.064187 -0.632766816201153 profile1
408 147.069549 -0.824584715839507 profile1
409 147.074911 -0.987032444359446 profile1
410 147.080273 -1.11783505438318 profile1
411 147.089309 -1.19686135328799 profile1
412 147.114764 -1.18822029401859 profile1
413 147.137425 -1.18622554218173 profile1
414 147.157965 -1.15364263447421 profile1
415 147.178504 -1.16363899511895 profile1
416 147.221814 -2.14685070357174 profile1
417 147.253583 -3.50615813208744 profile1
418 147.272554 -3.64444012028862 profile1
419 147.275576 -3.80870784632164 profile1
420 147.278599 -3.98463267709946 profile1
421 147.281622 -3.99505114786915 profile1
422 147.284644 -4.0151815907863 profile1
423 147.286194 -4.04439852517942 profile1
424 147.286753 -4.08167141846259 profile1
425 147.287312 -4.12567266795963 profile1
426 147.287872 -4.17491003562446 profile1
427 147.290648 -4.22394216751927 profile1
428 147.299484 -4.26911314983652 profile1
429 147.327447 -4.51073410025764 profile1
430 147.35561 -4.54232091041824 profile1
431 147.383773 -4.95206468026499 profile1
432 147.397845 -4.96872656586053 profile1
433 147.402328 -4.98429022759934 profile1
434 147.406811 -4.99910322811299 profile1
435 147.411546 -5.01170167757776 profile1
436 147.442387 -5.02190960707061 profile1
437 147.535843 -5.02322051639419 profile1
438 147.551736 -4.86842127840594 profile1
439 147.555599 -4.73300474869242 profile1
440 147.559461 -4.59667928335357 profile1
441 147.563362 -4.4510575549877 profile1
442 147.583398 -4.49735952090492 profile1
443 147.602453 -4.45381851313331 profile1
444 147.621507 -4.36436571362993 profile1
445 147.682611 -4.35405590153806 profile1
446 147.68996 -4.33874598377539 profile1
447 147.695588 -4.2748222256977 profile1
448 147.701215 -4.20527366391836 profile1
449 147.706843 -4.03534161012698 profile1
450 147.719435 -3.87324506794826 profile1
451 147.737975 -3.87026082483696 profile1
452 147.751499 -3.87759975680741 profile1
453 147.760277 -3.89177330847342 profile1
454 147.769056 -3.9085332441161 profile1
455 147.777834 -3.92512688766966 profile1
456 147.786613 -4.13471444561546 profile1
457 147.795391 -4.32125882889742 profile1
458 147.816836 -4.3330793984468 profile1
459 147.850698 -4.29002417272095 profile1
460 147.88456 -4.22286400588886 profile1
461 147.914702 -4.25560665569316 profile1
462 147.91491 -4.23460074927908 profile1
463 147.915116 -4.2166885463608 profile1
464 147.915322 -4.20225093561181 profile1
465 147.915527 -4.19160338792197 profile1
466 147.915733 -4.18498331959573 profile1
467 147.916803 -4.18280831240394 profile1
468 147.923623 -4.1873863493558 profile1
469 147.930444 -4.18793005511165 profile1
470 147.937264 -4.18804497838474 profile1
471 147.944084 -4.19016477702272 profile1
472 147.949324 -4.19655078435818 profile1
473 147.953121 -4.25569915467419 profile1
474 147.956917 -4.39004406403275 profile1
475 147.960714 -4.57134493548237 profile1
476 147.964511 -4.7852686205138 profile1
477 147.968307 -4.93165312641246 profile1
478 147.973733 -5.00925110878353 profile1
479 147.982072 -4.98682039798047 profile1
480 147.982175 -4.95592880579723 profile1
481 147.982278 -4.93104757927479 profile1
482 147.986316 -4.89629142619906 profile1
483 147.986987 -4.80918748355842 profile1
484 147.987657 -4.72183258346052 profile1
485 147.988327 -4.6367347503304 profile1
486 147.988998 -4.55660257691124 profile1
487 147.989668 -4.4894098220208 profile1
488 148.006053 -4.45062108349196 profile1
489 148.013144 -4.47717970559657 profile1
490 148.020236 -4.50531092680543 profile1
491 148.027327 -4.53464315764796 profile1
492 148.033269 -4.56478232565668 profile1
493 148.037078 -4.59533496370746 profile1
494 148.040918 -4.56705933559664 profile1
495 148.046494 -4.43149818069831 profile1
496 148.05207 -4.40695882401051 profile1
497 148.180347 -4.46789046089442 profile1
498 148.183086 -4.45801703905843 profile1
499 148.185825 -4.44885374450373 profile1
500 148.188563 -4.4448958736042 profile1
501 148.191302 -4.63482820036837 profile1
502 148.194041 -4.82011654196067 profile1
503 148.19678 -4.94445165027115 profile1
504 148.200032 -4.97782990827398 profile1
505 148.204884 -5.01154472462826 profile1
506 148.213021 -5.04720221169117 profile1
507 148.213171 -5.09539309348828 profile1
508 148.213321 -5.14517616083378 profile1
509 148.326473 -5.20115325931222 profile1
510 148.333368 -5.29414717011088 profile1
511 148.340263 -5.32689376075183 profile1
512 148.347157 -5.35367388249318 profile1
513 148.354052 -5.36617329926309 profile1
514 148.362946 -5.37649986381434 profile1
515 148.380016 -5.38669872795021 profile1
516 148.403283 -5.38919220039046 profile1
517 148.42655 -5.376823152543 profile1
518 148.430037 -5.36935892295282 profile1
519 148.4319 -5.36414581602519 profile1
520 148.433763 -5.36116501012669 profile1
521 148.435626 -5.578420302294 profile1
522 148.437489 -5.84425251426335 profile1
523 148.439352 -5.98605582699237 profile1
524 148.441214 -6.08199444261617 profile1
525 148.443077 -6.17034529828404 profile1
526 148.44494 -6.24140228277164 profile1
527 148.446803 -6.2882623877905 profile1
528 148.453459 -6.3005085272921 profile1
529 148.477993 -6.29724476806236 profile1
530 148.493526 -6.29747204967566 profile1
531 148.493644 -6.29896580440209 profile1
532 148.493762 -6.30138679075746 profile1
533 148.502187 -6.49068332571025 profile1
534 148.624196 -6.4595340790298 profile1
535 148.648833 -6.29325026219369 profile1
536 148.673469 -6.28216930768191 profile1
537 148.812084 -6.35751763457519 profile1
538 148.815025 -6.38694252404551 profile1
539 142.490795 -3.9159519573753 profile2
540 142.517426 -3.81738259460048 profile2
541 142.560149 -3.73139010986699 profile2
542 142.602873 -3.64552215009444 profile2
543 142.64402 -3.55973566910835 profile2
544 142.685103 -3.52411142772105 profile2
545 142.726186 -3.45650200448905 profile2
546 142.767269 -3.37153911441519 profile2
547 142.808353 -3.27833911279109 profile2
548 142.849436 -3.15989220311846 profile2
549 142.876943 -3.04266307008878 profile2
550 142.880371 -2.92644285527181 profile2
551 142.883799 -2.81171473112056 profile2
552 142.904956 -2.70063731067871 profile2
553 142.989329 -2.58832461424647 profile2
554 143.073701 -2.49361463163553 profile2
555 143.155273 -2.45144142741989 profile2
556 143.159416 -2.43360712033943 profile2
557 143.163559 -2.3605493677842 profile2
558 143.167702 -2.23154753523016 profile2
559 143.171846 -2.09160913808884 profile2
560 143.175989 -1.9447595161482 profile2
561 143.180132 -1.7941569445636 profile2
562 143.240265 -1.67138321389548 profile2
563 143.324863 -1.7069680420811 profile2
564 143.409462 -1.8496043974644 profile2
565 143.484637 -1.7553268043782 profile2
566 143.487347 -1.6767452012008 profile2
567 143.490056 -1.62239518105024 profile2
568 143.492766 -1.57176443916882 profile2
569 143.495555 -1.52478450970815 profile2
570 143.498344 -1.4813726768336 profile2
571 143.501132 -1.45239246801431 profile2
572 143.521072 -1.42355748388094 profile2
573 143.53778 -1.4064464706242 profile2
574 143.554489 -1.36871443924826 profile2
575 143.570345 -1.3150740852209 profile2
576 143.571477 -1.26387641289249 profile2
577 143.572611 -1.22276694870643 profile2
578 143.574439 -1.19867763719499 profile2
579 143.699438 -1.07988576109095 profile2
580 143.824436 -0.787097692206676 profile2
581 143.915168 -0.637293521038028 profile2
582 143.920616 -0.757885468362389 profile2
583 143.926063 -0.897337684467594 profile2
584 143.93182 -1.0320557986256 profile2
585 143.935901 -1.13831806008188 profile2
586 143.939982 -1.29087207040023 profile2
587 143.944917 -1.48423484493577 profile2
588 143.975668 -1.71124185842597 profile2
589 144.013221 -1.81802840072636 profile2
590 144.051716 -1.89498045801919 profile2
591 144.090211 -1.91561391346445 profile2
592 144.128706 -1.91591028761698 profile2
593 144.167202 -1.91611092921305 profile2
594 144.176428 -1.91629032706797 profile2
595 144.180816 -1.91650608027654 profile2
596 144.185205 -1.91684322056448 profile2
597 144.348163 -1.80921425173117 profile2
598 144.361337 -1.70019215130825 profile2
599 144.363468 -1.41935860044429 profile2
600 144.365599 -1.14638192705275 profile2
601 144.367577 -0.9269909034898 profile2
602 144.375504 -0.743618170820546 profile2
603 144.385418 -0.605805423816094 profile2
604 144.395332 -0.517340516776523 profile2
605 144.407236 -0.477252346681621 profile2
606 144.411293 -0.446132685877164 profile2
607 144.415349 -0.415847325248862 profile2
608 144.419405 -0.386403232505727 profile2
609 144.423461 -0.357804104819945 profile2
610 144.427517 -0.356845039476404 profile2
611 144.431573 -0.369612452850622 profile2
612 144.437408 -0.385273986973446 profile2
613 144.440911 -0.368165764884836 profile2
614 144.442944 -0.350394130204287 profile2
615 144.444976 -0.288573101847947 profile2
616 144.447008 -0.196299552758843 profile2
617 144.44904 -0.112574934606944 profile2
618 144.454745 -0.0573673672524038 profile2
619 144.498681 -0.0114534344010255 profile2
620 144.558267 0.0227698832889823 profile2
621 144.587405 0.04800773557969 profile2
622 144.587686 0.0971758866912316 profile2
623 144.587968 0.147112162478079 profile2
624 144.617027 0.174722698142881 profile2
625 144.705848 0.135922022999926 profile2
626 144.716797 0.131876751685871 profile2
627 144.727745 0.306765724658653 profile2
628 144.897381 0.301781617435803 profile2
629 144.903395 0.247389831977122 profile2
630 144.909409 0.184023010172336 profile2
631 144.916914 0.11193270821531 profile2
632 144.947844 0.0504017825232946 profile2
633 144.978774 -0.0149045928186047 profile2
634 145.106694 -0.144132451694516 profile2
635 145.224788 0.161652824881354 profile2
636 145.342881 0.203394401409099 profile2
637 145.729503 -0.313493701366744 profile2
638 145.916546 -0.478826087143652 profile2
639 146.10359 -0.4808225679531 profile2
640 146.240909 -0.428381067316818 profile2
641 146.283615 -0.376227477733818 profile2
642 146.304543 -0.256730114249091 profile2
643 146.314537 -0.144401156509362 profile2
644 146.319976 -0.0402095606130998 profile2
645 146.322338 0.0549712333711492 profile2
646 146.3247 0.14038972275831 profile2
647 146.327062 0.215447262496186 profile2
648 146.329424 0.279721791612006 profile2
649 146.331786 0.332973085452422 profile2
650 146.334148 0.375153484679991 profile2
651 146.33651 -0.146644811732988 profile2
652 146.643419 -0.339911064119528 profile2
653 146.654632 -0.250514401845758 profile2
654 146.665844 -0.165428762313832 profile2
655 146.677056 -0.0408323603731156 profile2
656 146.688269 0.210873687245049 profile2
657 146.69133 0.404076164688146 profile2
658 146.694026 0.504996106305559 profile2
659 146.696722 0.493355051607446 profile2
660 146.699418 0.367810070260954 profile2
661 146.702114 0.149481472233115 profile2
662 146.70481 0.104579671247741 profile2
663 146.707507 0.109085092116305 profile2
664 146.710838 0.104746845472254 profile2
665 146.716274 0.0917121132999673 profile2
666 146.72171 0.0702377790851811 profile2
667 146.727146 0.0406814364366542 profile2
668 146.734615 -0.00948850009248712 profile2
669 146.80381 -0.03437898446754 profile2
670 146.862885 0.22991859471903 profile2
671 146.863965 0.592500521575461 profile2
672 146.865044 0.872590875398618 profile2
673 146.87452 1.06225022761619 profile2
674 146.889753 1.13767828994123 profile2
675 146.904986 1.07624622500301 profile2
676 147.064187 1.15211554712464 profile2
677 147.069549 1.30543786024109 profile2
678 147.074911 1.43527117069953 profile2
679 147.080273 1.5676484295925 profile2
680 147.089309 1.60635467038222 profile2
681 147.114764 1.54101549930489 profile2
682 147.137425 1.51622073870605 profile2
683 147.157965 1.51311677370837 profile2
684 147.178504 1.4916923841212 profile2
685 147.221814 2.003513826489 profile2
686 147.253583 1.84448450573066 profile2
687 147.272554 1.86713699301161 profile2
688 147.275576 1.88365099336332 profile2
689 147.278599 1.84285544658782 profile2
690 147.281622 1.67508321389522 profile2
691 147.284644 1.48277106435724 profile2
692 147.286194 1.27019839049645 profile2
693 147.286753 1.04195207686235 profile2
694 147.287312 0.80256530369812 profile2
695 147.287872 0.556215660240022 profile2
696 147.290648 0.344359914794375 profile2
697 147.299484 0.157433696969736 profile2
698 147.327447 -0.240348088752194 profile2
699 147.35561 -0.171848451428019 profile2
700 147.383773 -0.0945314925282384 profile2
701 147.397845 -0.0124632366200371 profile2
702 147.402328 0.0678740122639324 profile2
703 147.406811 0.146120731112018 profile2
704 147.411546 0.221852352064856 profile2
705 147.442387 0.294808660806265 profile2
706 147.535843 0.322594434693727 profile2
707 147.551736 0.20934945893582 profile2
708 147.555599 0.0228298493462763 profile2
709 147.559461 -0.154598044184096 profile2
710 147.563362 -0.346447255585181 profile2
711 147.583398 -0.717650743540102 profile2
712 147.602453 -0.995762444326467 profile2
713 147.621507 -1.24069100816462 profile2
714 147.682611 -1.29617152443368 profile2
715 147.68996 -1.3124928414636 profile2
716 147.695588 -1.33881909923297 profile2
717 147.701215 -1.36970542530786 profile2
718 147.706843 -1.30986626280739 profile2
719 147.719435 -1.27056909706054 profile2
720 147.737975 -1.27907234684492 profile2
721 147.751499 -1.27510613194466 profile2
722 147.760277 -1.26867241965953 profile2
723 147.769056 -1.26295157636927 profile2
724 147.777834 -1.25951688628072 profile2
725 147.786613 -1.13178194037725 profile2
726 147.795391 -0.840944349937368 profile2
727 147.816836 -0.676081721140178 profile2
728 147.850698 -0.625741510473337 profile2
729 147.88456 -0.580252536865978 profile2
730 147.914702 -0.544392958241034 profile2
731 147.91491 -0.590864315571481 profile2
732 147.915116 -0.640219716724232 profile2
733 147.915322 -0.692503597057003 profile2
734 147.915527 -0.747723855518825 profile2
735 147.915733 -0.805848495032734 profile2
736 147.916803 -0.86552641874801 profile2
737 147.923623 -0.907395150406018 profile2
738 147.930444 -0.947143383897252 profile2
739 147.937264 -0.987962843553238 profile2
740 147.944084 -1.09972585382353 profile2
741 147.949324 -1.24890876419442 profile2
742 147.953121 -1.43634941576203 profile2
743 147.956917 -1.66463342152877 profile2
744 147.960714 -1.91787668130524 profile2
745 147.964511 -2.18824223944314 profile2
746 147.968307 -2.38621982097598 profile2
747 147.973733 -2.52773312680955 profile2
748 147.982072 -2.57397568754173 profile2
749 147.982175 -2.58402594260248 profile2
750 147.982278 -2.59432880014788 profile2
751 147.986316 -2.60607236239642 profile2
752 147.986987 -2.64544535059272 profile2
753 147.987657 -2.72346679172499 profile2
754 147.988327 -2.83643644501545 profile2
755 147.988998 -2.97706093232864 profile2
756 147.989668 -3.09437293235889 profile2
757 148.006053 -3.06008384963591 profile2
758 148.013144 -3.04325678088382 profile2
759 148.020236 -3.036004990784 profile2
760 148.027327 -3.03879808974744 profile2
761 148.033269 -3.05189562223579 profile2
762 148.037078 -3.0753232515053 profile2
763 148.040918 -3.15964202209657 profile2
764 148.046494 -3.43149331625178 profile2
765 148.05207 -3.67971872440603 profile2
766 148.180347 -3.85242271848462 profile2
767 148.183086 -3.88459811002002 profile2
768 148.185825 -3.91970385161756 profile2
769 148.188563 -3.9570084015084 profile2
770 148.191302 -3.97612045856045 profile2
771 148.194041 -4.0040627938911 profile2
772 148.19678 -4.04414394550107 profile2
773 148.200032 -4.09372488094436 profile2
774 148.204884 -4.14260465198479 profile2
775 148.213021 -4.18914937798248 profile2
776 148.213171 -4.21546225334196 profile2
777 148.213321 -4.25143092718664 profile2
778 148.326473 -4.27738296976051 profile2
779 148.333368 -4.14575809484973 profile2
780 148.340263 -4.03013569963062 profile2
781 148.347157 -3.92912078699349 profile2
782 148.354052 -3.85289637609181 profile2
783 148.362946 -3.78290124180857 profile2
784 148.380016 -3.73028828543592 profile2
785 148.403283 -3.72081101560746 profile2
786 148.42655 -3.72689859030553 profile2
787 148.430037 -3.77015832173419 profile2
788 148.4319 -3.81582940425994 profile2
789 148.433763 -3.86369758885818 profile2
790 148.435626 -3.61108524234146 profile2
791 148.437489 -3.45886652246162 profile2
792 148.439352 -3.43308501942462 profile2
793 148.441214 -3.40934014624635 profile2
794 148.443077 -3.38779879221814 profile2
795 148.44494 -3.36849713765789 profile2
796 148.446803 -3.35149631050233 profile2
797 148.453459 -3.34872348179061 profile2
798 148.477993 -3.36158485483137 profile2
799 148.493526 -3.358169029527 profile2
800 148.493644 -3.35377822910488 profile2
801 148.493762 -3.35032113995742 profile2
802 148.502187 -3.13340880608246 profile2
803 148.624196 -3.12488367610614 profile2
804 148.648833 -3.60008966087003 profile2
805 148.673469 -4.96426260031453 profile2
806 148.812084 -4.92133431295521 profile2
807 148.815025 -4.92927305035492 profile2
