marker_position lod trace
1 142.490795 -25.0542343524348 pleio
2 142.517426 -25.0068222495897 pleio
3 142.560149 -24.966172470235 pleio
4 142.602873 -24.926826430094 pleio
5 142.64402 -24.8886773008368 pleio
6 142.685103 -24.8736256597365 pleio
7 142.726186 -25.0051651586539 pleio
8 142.767269 -24.9731591699914 pleio
9 142.808353 -24.9347316367995 pleio
10 142.849436 -24.875553921932 pleio
11 142.876943 -24.8195000556027 pleio
12 142.880371 -24.7665457334527 pleio
13 142.883799 -24.7168478748695 pleio
14 142.904956 -24.6710526236337 pleio
15 142.989329 -24.596216936441 pleio
16 143.073701 -24.5646047565764 pleio
17 143.155273 -24.4697360128466 pleio
18 143.159416 -24.3516550836378 pleio
19 143.163559 -24.3106658190242 pleio
20 143.167702 -24.2964131599171 pleio
21 143.171846 -24.2785408507318 pleio
22 143.175989 -24.2588447440315 pleio
23 143.180132 -24.2381005016025 pleio
24 143.240265 -24.2069865125532 pleio
25 143.324863 -22.3390230256501 pleio
26 143.409462 -22.3137160698168 pleio
27 143.484637 -22.3274529773532 pleio
28 143.487347 -22.3190446850122 pleio
29 143.490056 -22.2738117002009 pleio
30 143.492766 -22.2284568190239 pleio
31 143.495555 -22.1832131227536 pleio
32 143.498344 -22.1383316930919 pleio
33 143.501132 -22.0901002883574 pleio
34 143.521072 -22.0355409286513 pleio
35 143.53778 -21.9700754102385 pleio
36 143.554489 -21.2835248971935 pleio
37 143.570345 -20.3933722832959 pleio
38 143.571477 -19.6200619181772 pleio
39 143.572611 -18.9886753912805 pleio
40 143.574439 -18.5181485866145 pleio
41 143.699438 -18.4466192554259 pleio
42 143.824436 -17.984351273768 pleio
43 143.915168 -15.8797149225172 pleio
44 143.920616 -14.7980179647258 pleio
45 143.926063 -13.8482152419041 pleio
46 143.93182 -13.041909397455 pleio
47 143.935901 -12.4374952572641 pleio
48 143.939982 -12.0577469514221 pleio
49 143.944917 -11.9053167338764 pleio
50 143.975668 -11.9699139203225 pleio
51 144.013221 -12.0288228120831 pleio
52 144.051716 -12.0668951405712 pleio
53 144.090211 -12.0837854234873 pleio
54 144.128706 -12.0805431010746 pleio
55 144.167202 -12.0765889556257 pleio
56 144.176428 -12.072329794442 pleio
57 144.180816 -12.0681534021757 pleio
58 144.185205 -12.0644420600143 pleio
59 144.348163 -11.5987638268993 pleio
60 144.361337 -11.1178360268691 pleio
61 144.363468 -10.2488813389277 pleio
62 144.365599 -9.02518992922605 pleio
63 144.367577 -8.14959754910937 pleio
64 144.375504 -7.47569581379342 pleio
65 144.385418 -7.04318087712419 pleio
66 144.395332 -6.85926134707596 pleio
67 144.407236 -6.83848230332299 pleio
68 144.411293 -6.84852266301889 pleio
69 144.415349 -6.89970342560092 pleio
70 144.419405 -6.99102872635045 pleio
71 144.423461 -7.12115786721098 pleio
72 144.427517 -6.89289496196477 pleio
73 144.431573 -6.7076472007505 pleio
74 144.437408 -6.67539936839271 pleio
75 144.440911 -6.5978931952419 pleio
76 144.442944 -6.53200398559069 pleio
77 144.444976 -6.44595546459931 pleio
78 144.447008 -6.34819077398425 pleio
79 144.44904 -6.26707411375683 pleio
80 144.454745 -6.22002582177834 pleio
81 144.498681 -6.17922500224224 pleio
82 144.558267 -6.15182500753894 pleio
83 144.587405 -5.8975081032955 pleio
84 144.587686 -5.51658049887966 pleio
85 144.587968 -5.28644049535466 pleio
86 144.617027 -5.2200964844667 pleio
87 144.705848 -3.8445700267584 pleio
88 144.716797 -3.09748106304668 pleio
89 144.727745 -2.88787220257457 pleio
90 144.897381 -2.85031379402248 pleio
91 144.903395 -2.85481453824269 pleio
92 144.909409 -2.86232735232934 pleio
93 144.916914 -2.87277294824556 pleio
94 144.947844 -2.87706130592042 pleio
95 144.978774 -2.88222119790124 pleio
96 145.106694 -2.72496529334833 pleio
97 145.224788 -1.22040571562098 pleio
98 145.342881 -0.43943105279283 pleio
99 145.729503 -0.045902253670396 pleio
100 145.916546 -0.0298059555757454 pleio
101 146.10359 0 pleio
102 146.240909 -0.352642765958565 pleio
103 146.283615 -0.866161075200853 pleio
104 146.304543 -0.790797868327458 pleio
105 146.314537 -0.745744531786867 pleio
106 146.319976 -0.731756643721794 pleio
107 146.322338 -0.74942160430904 pleio
108 146.3247 -0.799145990110608 pleio
109 146.327062 -0.881152637998491 pleio
110 146.329424 -0.995464834417708 pleio
111 146.331786 -1.14191741536292 pleio
112 146.334148 -1.320153372648 pleio
113 146.33651 -2.77908602652235 pleio
114 146.643419 -4.39451704207618 pleio
115 146.654632 -4.32950669964408 pleio
116 146.665844 -4.26848742983027 pleio
117 146.677056 -4.16844502187029 pleio
118 146.688269 -3.75434758543998 pleio
119 146.69133 -3.18841862720516 pleio
120 146.694026 -2.61681992764592 pleio
121 146.696722 -2.08077644935896 pleio
122 146.699418 -1.62385104808413 pleio
123 146.702114 -1.27802827295219 pleio
124 146.70481 -1.19112188372278 pleio
125 146.707507 -1.15376618867213 pleio
126 146.710838 -1.12879378586102 pleio
127 146.716274 -1.11604813751431 pleio
128 146.72171 -1.11524103384272 pleio
129 146.727146 -1.12596552574144 pleio
130 146.734615 -1.18357282145769 pleio
131 146.80381 -1.21290262730561 pleio
132 146.862885 -1.13051261979941 pleio
133 146.863965 -1.09401003823631 pleio
134 146.865044 -1.20036293860357 pleio
135 146.87452 -1.44549265950261 pleio
136 146.889753 -1.73230541054374 pleio
137 146.904986 -1.8128265454228 pleio
138 147.064187 -2.10972988094299 pleio
139 147.069549 -2.66909239840133 pleio
140 147.074911 -3.11359019250385 pleio
141 147.080273 -3.33493301925716 pleio
142 147.089309 -3.57850729929998 pleio
143 147.114764 -3.77919470197455 pleio
144 147.137425 -3.82851942761401 pleio
145 147.157965 -3.45277286641877 pleio
146 147.178504 -3.2663566976665 pleio
147 147.221814 -5.2402666162239 pleio
148 147.253583 -10.8843909163254 pleio
149 147.272554 -11.1374928616862 pleio
150 147.275576 -11.7933585965586 pleio
151 147.278599 -12.7709393558771 pleio
152 147.281622 -13.123854758079 pleio
153 147.284644 -13.6464246430801 pleio
154 147.286194 -14.3290216137332 pleio
155 147.286753 -15.1550529447306 pleio
156 147.287312 -16.1023345372282 pleio
157 147.287872 -17.145025935836 pleio
158 147.290648 -18.1754513483657 pleio
159 147.299484 -19.1977105561902 pleio
160 147.327447 -20.5265204107561 pleio
161 147.35561 -20.72506988643 pleio
162 147.383773 -23.0812952547866 pleio
163 147.397845 -23.054193834255 pleio
164 147.402328 -23.0248996481571 pleio
165 147.406811 -22.9960065711093 pleio
166 147.411546 -22.9624660672267 pleio
167 147.442387 -22.9250252625102 pleio
168 147.535843 -22.912337402114 pleio
169 147.551736 -23.0104905897933 pleio
170 147.555599 -23.5835107055452 pleio
171 147.559461 -23.7017664427054 pleio
172 147.563362 -23.5597021925694 pleio
173 147.583398 -23.3889076384893 pleio
174 147.602453 -23.5401078055796 pleio
175 147.621507 -23.6132951617102 pleio
176 147.682611 -23.6194811738848 pleio
177 147.68996 -23.5891584419393 pleio
178 147.695588 -23.5169222687012 pleio
179 147.701215 -23.4537148477046 pleio
180 147.706843 -23.2003355874772 pleio
181 147.719435 -23.3255646203027 pleio
182 147.737975 -23.3157455049111 pleio
183 147.751499 -23.3202198832626 pleio
184 147.760277 -23.3407590219953 pleio
185 147.769056 -23.3663609653298 pleio
186 147.777834 -23.3938154836912 pleio
187 147.786613 -23.5223005073572 pleio
188 147.795391 -23.1798189206104 pleio
189 147.816836 -23.3877187926533 pleio
190 147.850698 -23.3707608852119 pleio
191 147.88456 -23.2840275010429 pleio
192 147.914702 -24.7787876024106 pleio
193 147.91491 -25.1164018941279 pleio
194 147.915116 -25.5118564824325 pleio
195 147.915322 -25.9616133390644 pleio
196 147.915527 -26.4608051288356 pleio
197 147.915733 -27.0034213856951 pleio
198 147.916803 -27.5574923127053 pleio
199 147.923623 -27.7279041503368 pleio
200 147.930444 -27.7712368879875 pleio
201 147.937264 -27.8025916414393 pleio
202 147.944084 -27.8523378143351 pleio
203 147.949324 -27.9163335767508 pleio
204 147.953121 -28.1192171930756 pleio
205 147.956917 -28.7263566945506 pleio
206 147.960714 -29.7170672429831 pleio
207 147.964511 -31.0246449287846 pleio
208 147.968307 -32.0112462537687 pleio
209 147.973733 -32.5540226666565 pleio
210 147.982072 -32.3349167040046 pleio
211 147.982175 -32.0791051824814 pleio
212 147.982278 -31.8474601096923 pleio
213 147.986316 -31.643751663097 pleio
214 147.986987 -31.5190263355743 pleio
215 147.987657 -31.5048903055891 pleio
216 147.988327 -31.6026347621233 pleio
217 147.988998 -31.8078378442539 pleio
218 147.989668 -32.0919410966282 pleio
219 148.006053 -32.3567653712243 pleio
220 148.013144 -32.3891596049084 pleio
221 148.020236 -32.4252148896383 pleio
222 148.027327 -32.4651070171856 pleio
223 148.033269 -32.5090711558563 pleio
224 148.037078 -32.5573826835809 pleio
225 148.040918 -32.5506092824288 pleio
226 148.046494 -31.5878436074277 pleio
227 148.05207 -31.1661359506111 pleio
228 148.180347 -31.2765263110168 pleio
229 148.183086 -31.3174891855963 pleio
230 148.185825 -31.3754820682468 pleio
231 148.188563 -31.4512314155366 pleio
232 148.191302 -31.6462644600239 pleio
233 148.194041 -31.9909161307907 pleio
234 148.19678 -32.2882413844444 pleio
235 148.200032 -32.3008494637627 pleio
236 148.204884 -32.3204768739303 pleio
237 148.213021 -32.3384561853555 pleio
238 148.213171 -32.299389065013 pleio
239 148.213321 -32.2682552455482 pleio
240 148.326473 -32.2126160128747 pleio
241 148.333368 -31.8805126220179 pleio
242 148.340263 -31.8485244272362 pleio
243 148.347157 -31.8209767865162 pleio
244 148.354052 -31.8065814081301 pleio
245 148.362946 -31.79504145154 pleio
246 148.380016 -31.7887804883297 pleio
247 148.403283 -31.8054077772563 pleio
248 148.42655 -31.832588605858 pleio
249 148.430037 -31.8347683476526 pleio
250 148.4319 -31.8772748338195 pleio
251 148.433763 -31.9600582038112 pleio
252 148.435626 -32.5923701236856 pleio
253 148.437489 -33.5981860053124 pleio
254 148.439352 -34.6603150676509 pleio
255 148.441214 -35.7574883410025 pleio
256 148.443077 -36.8765196801528 pleio
257 148.44494 -37.9282271609538 pleio
258 148.446803 -38.8333771308685 pleio
259 148.453459 -39.2426339647381 pleio
260 148.477993 -39.2681196659108 pleio
261 148.493526 -39.2492566062833 pleio
262 148.493644 -39.2279178601769 pleio
263 148.493762 -39.2094839967299 pleio
264 148.502187 -39.121358756331 pleio
265 148.624196 -39.3640734417046 pleio
266 148.648833 -38.7592793853267 pleio
267 148.673469 -37.878752756912 pleio
268 148.812084 -36.313281094769 pleio
269 148.815025 -36.3424939155852 pleio
270 142.490795 -18.4320264472097 profile1
271 142.517426 -18.4334190034168 profile1
272 142.560149 -18.4341224228131 profile1
273 142.602873 -18.4345739998361 profile1
274 142.64402 -18.4344740999634 profile1
275 142.685103 -18.4361118129131 profile1
276 142.726186 -18.5960705129128 profile1
277 142.767269 -18.5976577050283 profile1
278 142.808353 -18.5922610972156 profile1
279 142.849436 -18.5678994288854 profile1
280 142.876943 -18.545808795318 profile1
281 142.880371 -18.526047765685 profile1
282 142.883799 -18.5086933008276 profile1
283 142.904956 -18.4944882537869 profile1
284 142.989329 -18.4993742479224 profile1
285 143.073701 -18.5035130010436 profile1
286 143.155273 -18.4319468570859 profile1
287 143.159416 -18.3406629919339 profile1
288 143.163559 -18.3149332144611 profile1
289 143.167702 -18.3171575103396 profile1
290 143.171846 -18.319613901402 profile1
291 143.175989 -18.3223547776732 profile1
292 143.180132 -18.3253372803393 profile1
293 143.240265 -18.3184657210089 profile1
294 143.324863 -16.5403602769215 profile1
295 143.409462 -16.507525234677 profile1
296 143.484637 -16.5099553912543 profile1
297 143.487347 -16.4877758189727 profile1
298 143.490056 -16.4474064509124 profile1
299 143.492766 -16.4056340266062 profile1
300 143.495555 -16.3627284478563 profile1
301 143.498344 -16.3189791908105 profile1
302 143.501132 -16.2732670793668 profile1
303 143.521072 -16.2409243086546 profile1
304 143.53778 -16.2165316704394 profile1
305 143.554489 -15.6617608995284 profile1
306 143.570345 -14.9514032391738 profile1
307 143.571477 -14.3594898547606 profile1
308 143.572611 -13.9025052360385 profile1
309 143.574439 -13.5909730825687 profile1
310 143.699438 -13.5795392135982 profile1
311 143.824436 -13.4674115342759 profile1
312 143.915168 -11.7044977372173 profile1
313 143.920616 -10.5608325571686 profile1
314 143.926063 -9.52655907136291 profile1
315 143.93182 -8.64793097220847 profile1
316 143.935901 -7.97538600251455 profile1
317 143.939982 -7.49141891577833 profile1
318 143.944917 -7.20238362057161 profile1
319 143.975668 -7.10376926679557 profile1
320 144.013221 -7.09576772567831 profile1
321 144.051716 -7.08404205706726 profile1
322 144.090211 -7.08023310420965 profile1
323 144.128706 -7.07730595258519 profile1
324 144.167202 -7.07449188532615 profile1
325 144.176428 -7.07176166584632 profile1
326 144.180816 -7.06909830335176 profile1
327 144.185205 -7.06681196491159 profile1
328 144.348163 -6.65199575363705 profile1
329 144.361337 -6.23217492422631 profile1
330 144.363468 -5.52086765903516 profile1
331 144.365599 -4.45378301399289 profile1
332 144.367577 -3.63408979799495 profile1
333 144.375504 -2.95420064443904 profile1
334 144.385418 -2.48144894754748 profile1
335 144.395332 -2.22592184247282 profile1
336 144.407236 -2.17756681755155 profile1
337 144.411293 -2.19801272076598 profile1
338 144.415349 -2.26005889464816 profile1
339 144.419405 -2.3627158614885 profile1
340 144.423461 -2.50463999892907 profile1
341 144.427517 -2.2906433377027 profile1
342 144.431573 -2.12175539100684 profile1
343 144.437408 -2.10637253170083 profile1
344 144.440911 -2.03702280187701 profile1
345 144.442944 -1.97950347440908 profile1
346 144.444976 -1.93366187817486 profile1
347 144.447008 -1.90027388493944 profile1
348 144.44904 -1.87975667351875 profile1
349 144.454745 -1.88106208931307 profile1
350 144.498681 -1.88394498050695 profile1
351 144.558267 -1.88698892673671 profile1
352 144.587405 -1.64021568405283 profile1
353 144.587686 -1.2668976203155 profile1
354 144.587968 -1.03983729421723 profile1
355 144.617027 -0.973692796733477 profile1
356 144.705848 0.37712313215105 profile1
357 144.716797 1.0009634898165 profile1
358 144.727745 1.004959388531 profile1
359 144.897381 1.02640502927083 profile1
360 144.903395 1.05190406997542 profile1
361 144.909409 1.0775337530745 profile1
362 144.916914 1.1032147686959 profile1
363 144.947844 1.12897549648073 profile1
364 144.978774 1.15460086956875 profile1
365 145.106694 1.31990158172544 profile1
366 145.224788 2.98979403262871 profile1
367 145.342881 3.67934550949256 profile1
368 145.729503 3.89941340043222 profile1
369 145.916546 3.90395849727892 profile1
370 146.10359 3.90187297142525 profile1
371 146.240909 3.43851288393629 profile1
372 146.283615 2.87418339716597 profile1
373 146.304543 2.90725963061633 profile1
374 146.314537 2.91271571661175 profile1
375 146.319976 2.89006229564635 profile1
376 146.322338 2.83895748930039 profile1
377 146.3247 2.75921419361494 profile1
378 146.327062 2.65079348512899 profile1
379 146.329424 2.51381159396704 profile1
380 146.331786 2.34852847138127 profile1
381 146.334148 2.15534453083462 profile1
382 146.33651 0.945801274901081 profile1
383 146.643419 -0.58928162279064 profile1
384 146.654632 -0.60687196696928 profile1
385 146.665844 -0.628566415190776 profile1
386 146.677056 -0.63803592620646 profile1
387 146.688269 -0.552308883936435 profile1
388 146.69133 -0.465323510486859 profile1
389 146.694026 -0.388152606149522 profile1
390 146.696722 -0.321234906173541 profile1
391 146.699418 -0.264026398557892 profile1
392 146.702114 -0.215211252278228 profile1
393 146.70481 -0.207626654744205 profile1
394 146.707507 -0.201945942119768 profile1
395 146.710838 -0.198493785885669 profile1
396 146.716274 -0.197126844060282 profile1
397 146.72171 -0.197703939384231 profile1
398 146.727146 -0.200091740446341 profile1
399 146.734615 -0.22250931563665 profile1
400 146.80381 -0.230912555015992 profile1
401 146.862885 -0.241756037643606 profile1
402 146.863965 -0.291287583974646 profile1
403 146.865044 -0.392764849612461 profile1
404 146.87452 -0.544056217311129 profile1
405 146.889753 -0.731583041095289 profile1
406 146.904986 -0.859929637636006 profile1
407 147.064187 -1.25907218330784 profile1
408 147.069549 -1.84957330874459 profile1
409 147.074911 -2.27798756080854 profile1
410 147.080273 -2.50538456520709 profile1
411 147.089309 -2.66515847999667 profile1
412 147.114764 -2.67875447614727 profile1
413 147.137425 -2.68046443715657 profile1
414 147.157965 -2.33035074698074 profile1
415 147.178504 -2.15512038188509 profile1
416 147.221814 -4.95433103995897 profile1
417 147.253583 -10.8843909163254 profile1
418 147.272554 -11.0292966731122 profile1
419 147.275576 -11.5128979741433 profile1
420 147.278599 -12.252990536866 profile1
421 147.281622 -12.2976313553605 profile1
422 147.284644 -12.4836205331603 profile1
423 147.286194 -12.8082971359321 profile1
424 147.286753 -13.2626462315922 profile1
425 147.287312 -13.832100325393 profile1
426 147.287872 -14.4979393208249 profile1
427 147.290648 -15.2081233427483 profile1
428 147.299484 -15.9537258799478 profile1
429 147.327447 -16.7323418459113 profile1
430 147.35561 -16.9520390823227 profile1
431 147.383773 -19.5004846223458 profile1
432 147.397845 -19.5181105119642 profile1
433 147.402328 -19.5334196978193 profile1
434 147.406811 -19.5488569763869 profile1
435 147.411546 -19.5589938444538 profile1
436 147.442387 -19.5641448562825 profile1
437 147.535843 -19.5652770830633 profile1
438 147.551736 -19.6632168334541 profile1
439 147.555599 -20.1517614494834 profile1
440 147.559461 -20.194084946261 profile1
441 147.563362 -19.9767955435322 profile1
442 147.583398 -19.5367395037819 profile1
443 147.602453 -19.5330150868007 profile1
444 147.621507 -19.477492954798 profile1
445 147.682611 -19.4640310141363 profile1
446 147.68996 -19.4506602741761 profile1
447 147.695588 -19.420191762119 profile1
448 147.701215 -19.3990391299956 profile1
449 147.706843 -19.2670874501985 profile1
450 147.719435 -19.5792967631471 profile1
451 147.737975 -19.5786786251861 profile1
452 147.751499 -19.5763608903199 profile1
453 147.760277 -19.5746845328519 profile1
454 147.769056 -19.5733867501315 profile1
455 147.777834 -19.5719251025459 profile1
456 147.786613 -19.6209461171127 profile1
457 147.795391 -19.4454293398465 profile1
458 147.816836 -19.7692525160681 profile1
459 147.850698 -19.8195568322361 profile1
460 147.88456 -19.8048249908197 profile1
461 147.914702 -21.0937952433366 profile1
462 147.91491 -21.3571917526843 profile1
463 147.915116 -21.6780555516114 profile1
464 147.915322 -22.0533608904772 profile1
465 147.915527 -22.4787376730856 profile1
466 147.915733 -22.9486354180818 profile1
467 147.916803 -23.4337102011282 profile1
468 147.923623 -23.5705686510768 profile1
469 147.930444 -23.5830263663093 profile1
470 147.937264 -23.5831035332659 profile1
471 147.944084 -23.5688799502304 profile1
472 147.949324 -23.5481834891682 profile1
473 147.953121 -23.6569863122724 profile1
474 147.956917 -24.1477184709331 profile1
475 147.960714 -24.9984265444125 profile1
476 147.964511 -26.1463537273005 profile1
477 147.968307 -27.0090575332805 profile1
478 147.973733 -27.4526831555056 profile1
479 147.982072 -27.1733126775544 profile1
480 147.982175 -26.893244874863 profile1
481 147.982278 -26.6352064458672 profile1
482 147.986316 -26.4002400974437 profile1
483 147.986987 -26.2271352887329 profile1
484 147.987657 -26.1530132591896 profile1
485 147.988327 -26.1805896190911 profile1
486 147.988998 -26.307412525602 profile1
487 147.989668 -26.5376279769534 profile1
488 148.006053 -26.8643318808949 profile1
489 148.013144 -26.9017811724875 profile1
490 148.020236 -26.9434511861694 profile1
491 148.027327 -26.9892281516839 profile1
492 148.033269 -27.0389778373315 profile1
493 148.037078 -27.0925432029148 profile1
494 148.040918 -27.1282454291962 profile1
495 148.046494 -26.1015473214669 profile1
496 148.05207 -25.6679517857792 profile1
497 148.180347 -25.8155745685586 profile1
498 148.183086 -25.8891738458554 profile1
499 148.185825 -25.9794823252522 profile1
500 148.188563 -26.0847715265065 profile1
501 148.191302 -26.2191497080287 profile1
502 148.194041 -26.4848025341753 profile1
503 148.19678 -26.7155350764076 profile1
504 148.200032 -26.7065839836282 profile1
505 148.204884 -26.7026244535582 profile1
506 148.213021 -26.7027013147693 profile1
507 148.213171 -26.6978350260306 profile1
508 148.213321 -26.6971526558504 profile1
509 148.326473 -26.6732893523467 profile1
510 148.333368 -26.4294731566849 profile1
511 148.340263 -26.4356883327445 profile1
512 148.347157 -26.4434931900986 profile1
513 148.354052 -26.4577398114996 profile1
514 148.362946 -26.4725889127621 profile1
515 148.380016 -26.4872928471128 profile1
516 148.403283 -26.5065545442358 profile1
517 148.42655 -26.525018306614 profile1
518 148.430037 -26.5739724137073 profile1
519 148.4319 -26.6591560537422 profile1
520 148.433763 -26.7801567253606 profile1
521 148.435626 -27.456602655626 profile1
522 148.437489 -28.5070887419438 profile1
523 148.439352 -29.5975844236964 profile1
524 148.441214 -30.7136162735097 profile1
525 148.443077 -31.8484693721891 profile1
526 148.44494 -32.9119274861278 profile1
527 148.446803 -33.8240457698225 profile1
528 148.453459 -34.2254814663735 profile1
529 148.477993 -34.2295858636015 profile1
530 148.493526 -34.2364529265513 profile1
531 148.493644 -34.2444283049177 profile1
532 148.493762 -34.2534135185801 profile1
533 148.502187 -34.4546859080063 profile1
534 148.624196 -34.68867839461 profile1
535 148.648833 -34.3737143330814 profile1
536 148.673469 -33.4201143297375 profile1
537 148.812084 -31.9666512235866 profile1
538 148.815025 -31.9862841709466 profile1
539 142.490795 -2.05486696272508 profile2
540 142.517426 -2.009100460689 profile2
541 142.560149 -1.97025537976502 profile2
542 142.602873 -1.93284508000284 profile2
543 142.64402 -1.89705837994461 profile2
544 142.685103 -1.87989408065438 profile2
545 142.726186 -1.84912936388263 profile2
546 142.767269 -1.81734352854409 profile2
547 142.808353 -1.7855948462688 profile2
548 142.849436 -1.75069700973891 profile2
549 142.876943 -1.71650304007604 profile2
550 142.880371 -1.68296501615354 profile2
551 142.883799 -1.65018452213595 profile2
552 142.904956 -1.61826636283381 profile2
553 142.989329 -1.5450654348026 profile2
554 143.073701 -1.51209865911116 profile2
555 143.155273 -1.49702626952667 profile2
556 143.159416 -1.48279087179384 profile2
557 143.163559 -1.473783563735 profile2
558 143.167702 -1.45830562743939 profile2
559 143.171846 -1.43926382356033 profile2
560 143.175989 -1.41834061885024 profile2
561 143.180132 -1.39633832478093 profile2
562 143.240265 -1.37492525382715 profile2
563 143.324863 -1.34337511270863 profile2
564 143.409462 -1.35466686977211 profile2
565 143.484637 -1.37218965183916 profile2
566 143.487347 -1.3925358077825 profile2
567 143.490056 -1.3896190896669 profile2
568 143.492766 -1.38779508246197 profile2
569 143.495555 -1.38701766994663 profile2
570 143.498344 -1.38724022689297 profile2
571 143.501132 -1.38597678282403 profile2
572 143.521072 -1.36677542168817 profile2
573 143.53778 -1.33007410967351 profile2
574 143.554489 -1.22199455255357 profile2
575 143.570345 -1.07008731513063 profile2
576 143.571477 -0.909994511444489 profile2
577 143.572611 -0.749493842802315 profile2
578 143.574439 -0.596747942985195 profile2
579 143.699438 -0.521461445171072 profile2
580 143.824436 -0.178757233589191 profile2
581 143.915168 0.113353465912539 profile2
582 143.920616 0.0235849566336292 profile2
583 143.926063 -0.0850092233915569 profile2
584 143.93182 -0.180777073168775 profile2
585 143.935901 -0.263577897337836 profile2
586 143.939982 -0.374126665385693 profile2
587 143.944917 -0.508726541525087 profile2
588 143.975668 -0.66223177257568 profile2
589 144.013221 -0.724539920245609 profile2
590 144.051716 -0.771669699653861 profile2
591 144.090211 -0.792411857187764 profile2
592 144.128706 -0.79236070335223 profile2
593 144.167202 -0.791503838703729 profile2
594 144.176428 -0.790265253661672 profile2
595 144.180816 -0.789038885777049 profile2
596 144.185205 -0.787890755857254 profile2
597 144.348163 -0.73527689300371 profile2
598 144.361337 -0.673321885147113 profile2
599 144.363468 -0.575928199706979 profile2
600 144.365599 -0.487578366174527 profile2
601 144.367577 -0.470840087678903 profile2
602 144.375504 -0.504519431078034 profile2
603 144.385418 -0.565034702655394 profile2
604 144.395332 -0.649205562095981 profile2
605 144.407236 -0.678952984976608 profile2
606 144.411293 -0.667923855234834 profile2
607 144.415349 -0.656765709307731 profile2
608 144.419405 -0.645475146413079 profile2
609 144.423461 -0.634050018249932 profile2
610 144.427517 -0.616955294506714 profile2
611 144.431573 -0.598306794296217 profile2
612 144.437408 -0.5810310343136 profile2
613 144.440911 -0.573705974728853 profile2
614 144.442944 -0.56580616943066 profile2
615 144.444976 -0.527373766640474 profile2
616 144.447008 -0.465484534452008 profile2
617 144.44904 -0.406562300847386 profile2
618 144.454745 -0.360098752937374 profile2
619 144.498681 -0.317852452241926 profile2
620 144.558267 -0.288132878456091 profile2
621 144.587405 -0.285346347263137 profile2
622 144.587686 -0.285213471854125 profile2
623 144.587968 -0.286393504642565 profile2
624 144.617027 -0.286757909751012 profile2
625 144.705848 -0.260461612488314 profile2
626 144.716797 -0.141361107273417 profile2
627 144.727745 0.0630866228311635 profile2
628 144.897381 0.0783935749757149 profile2
629 144.903395 0.047796083620473 profile2
630 144.909409 0.0141749741739456 profile2
631 144.916914 -0.0223063106309076 profile2
632 144.947844 -0.0526136477143515 profile2
633 144.978774 -0.0835444646320289 profile2
634 145.106694 -0.0869116037624782 profile2
635 145.224788 -0.294840019104372 profile2
636 145.342881 -0.214378633951483 profile2
637 145.729503 -0.0420969632632031 profile2
638 145.916546 -0.0298059555757454 profile2
639 146.10359 0.00142299428467721 profile2
640 146.240909 0.10885621459629 profile2
641 146.283615 0.151575022574125 profile2
642 146.304543 0.192435278733281 profile2
643 146.314537 0.231429595111172 profile2
644 146.319976 0.268313792540325 profile2
645 146.322338 0.302858692493643 profile2
646 146.3247 0.334854914564878 profile2
647 146.327062 0.364122361266838 profile2
648 146.329424 0.390518610099551 profile2
649 146.331786 0.413939649512101 profile2
650 146.334148 0.434326631420313 profile2
651 146.33651 0.167311505146886 profile2
652 146.643419 0.127106036557242 profile2
653 146.654632 0.210867762221081 profile2
654 146.665844 0.295590715249925 profile2
655 146.677056 0.407094079517923 profile2
656 146.688269 0.725850589752102 profile2
657 146.69133 1.19103052887387 profile2
658 146.694026 1.67373287088747 profile2
659 146.696722 2.13404988243951 profile2
660 146.699418 2.52854551550524 profile2
661 146.702114 2.82416429608001 profile2
662 146.70481 2.90257511819712 profile2
663 146.707507 2.93319193131546 profile2
664 146.710838 2.95428709413173 profile2
665 146.716274 2.96586657377235 profile2
666 146.72171 2.96806418227055 profile2
667 146.727146 2.96113465689167 profile2
668 146.734615 2.92796367256091 profile2
669 146.80381 2.90817850991868 profile2
670 146.862885 2.99536498621554 profile2
671 146.863965 3.07525004467987 profile2
672 146.865044 3.06794961428247 profile2
673 146.87452 2.97541403835041 profile2
674 146.889753 2.87981643708942 profile2
675 146.904986 2.92961775409892 profile2
676 147.064187 3.02922393416472 profile2
677 147.069549 3.07677520127332 profile2
678 147.074911 3.080542417946 profile2
679 147.080273 3.09058539495974 profile2
680 147.089309 3.00920084351302 profile2
681 147.114764 2.82037540366515 profile2
682 147.137425 2.7723347988524 profile2
683 147.157965 2.78320057941721 profile2
684 147.178504 2.78586377337248 profile2
685 147.221814 3.5173111647274 profile2
686 147.253583 3.90395849727892 profile2
687 147.272554 3.80777838385376 profile2
688 147.275576 3.66283597104395 profile2
689 147.278599 3.46415803804487 profile2
690 147.281622 3.16196429033019 profile2
691 147.284644 2.84137274134954 profile2
692 147.286194 2.50917416190694 profile2
693 147.286753 2.172293642761 profile2
694 147.287312 1.83727356647644 profile2
695 147.287872 1.50984063140192 profile2
696 147.290648 1.24019438847473 profile2
697 147.299484 1.0149534835795 profile2
698 147.327447 0.539510631488235 profile2
699 147.35561 0.570641458190326 profile2
700 147.383773 0.824448122061448 profile2
701 147.397845 0.86717286914 profile2
702 147.402328 0.909734304983099 profile2
703 147.406811 0.952054640226736 profile2
704 147.411546 0.993689912824235 profile2
705 147.442387 1.03421165804861 profile2
706 147.535843 1.04703906057742 profile2
707 147.551736 1.05494462538774 profile2
708 147.555599 1.00398043265781 profile2
709 147.559461 0.950546433761622 profile2
710 147.563362 0.887610648940522 profile2
711 147.583398 0.648351471141171 profile2
712 147.602453 0.504873783729273 profile2
713 147.621507 0.381983388504685 profile2
714 147.682611 0.36287137730508 profile2
715 147.68996 0.377775880490073 profile2
716 147.695588 0.414358094556646 profile2
717 147.701215 0.451471310513362 profile2
718 147.706843 0.56196366617179 profile2
719 147.719435 0.716787011374392 profile2
720 147.737975 0.725021133998143 profile2
721 147.751499 0.71754944179615 profile2
722 147.760277 0.694887303643074 profile2
723 147.769056 0.668212863667765 profile2
724 147.777834 0.639540819430068 profile2
725 147.786613 0.580894386606029 profile2
726 147.795391 0.785176640172574 profile2
727 147.816836 0.946606062118243 profile2
728 147.850698 1.0119119459456 profile2
729 147.88456 1.07669322233653 profile2
730 147.914702 0.956790750899221 profile2
731 147.91491 0.893047579515896 profile2
732 147.915116 0.830971756642303 profile2
733 147.915322 0.771016067997544 profile2
734 147.915527 0.713567467218552 profile2
735 147.915733 0.658927572893924 profile2
736 147.916803 0.608560162072721 profile2
737 147.923623 0.578997281826587 profile2
738 147.930444 0.550154687479517 profile2
739 147.937264 0.520706573863642 profile2
740 147.944084 0.461238733886694 profile2
741 147.949324 0.381680392637443 profile2
742 147.953121 0.289837355840173 profile2
743 147.956917 0.176190910041743 profile2
744 147.960714 0.0418988842500711 profile2
745 147.964511 -0.108822484340068 profile2
746 147.968307 -0.235690530344811 profile2
747 147.973733 -0.344901917468601 profile2
748 147.982072 -0.41473904680159 profile2
749 147.982175 -0.448804525359257 profile2
750 147.982278 -0.48404228563145 profile2
751 147.986316 -0.522830212365791 profile2
752 147.986987 -0.575147512180277 profile2
753 147.987657 -0.635274689783535 profile2
754 147.988327 -0.701925230693377 profile2
755 147.988998 -0.773470313548335 profile2
756 147.989668 -0.819427551441812 profile2
757 148.006053 -0.755028648474287 profile2
758 148.013144 -0.752232639702825 profile2
759 148.020236 -0.748685262172433 profile2
760 148.027327 -0.744610868480089 profile2
761 148.033269 -0.740310355416599 profile2
762 148.037078 -0.736148445252719 profile2
763 148.040918 -0.694857154370297 profile2
764 148.046494 -0.70821178058517 profile2
765 148.05207 -0.682068954281001 profile2
766 148.180347 -0.627660833662589 profile2
767 148.183086 -0.598259485845253 profile2
768 148.185825 -0.568512426014433 profile2
769 148.188563 -0.540629415132616 profile2
770 148.191302 -0.58934227901559 profile2
771 148.194041 -0.653349073141135 profile2
772 148.19678 -0.707931169573486 profile2
773 148.200032 -0.726418562347537 profile2
774 148.204884 -0.746406960822164 profile2
775 148.213021 -0.759688391214308 profile2
776 148.213171 -0.715415613873681 profile2
777 148.213321 -0.673957145392655 profile2
778 148.326473 -0.631742687972995 profile2
779 148.333368 -0.538038102415295 profile2
780 148.340263 -0.503703374168596 profile2
781 148.347157 -0.472002030833635 profile2
782 148.354052 -0.446350601470734 profile2
783 148.362946 -0.42270190133465 profile2
784 148.380016 -0.404235316711112 profile2
785 148.403283 -0.402958939838499 profile2
786 148.42655 -0.413805088541576 profile2
787 148.430037 -0.366627676198542 profile2
788 148.4319 -0.322756742679987 profile2
789 148.433763 -0.282585773838928 profile2
790 148.435626 -0.248905769453548 profile2
791 148.437489 -0.198405924297298 profile2
792 148.439352 -0.175767565187241 profile2
793 148.441214 -0.178081189538717 profile2
794 148.443077 -0.1875395021028 profile2
795 148.44494 -0.203645539959717 profile2
796 148.446803 -0.225291834986894 profile2
797 148.453459 -0.249669283293691 profile2
798 148.477993 -0.274058826488136 profile2
799 148.493526 -0.251842313295791 profile2
800 148.493644 -0.226027520451465 profile2
801 148.493762 -0.201971630477451 profile2
802 148.502187 0.0765172061800604 profile2
803 148.624196 0.0799782608005938 profile2
804 148.648833 0.358206231039658 profile2
805 148.673469 0.301097375741431 profile2
806 148.812084 0.429809701305251 profile2
807 148.815025 0.420921274665141 profile2
