marker_position lod trace
1 142.490795 -21.7760354844179 pleio
2 142.517426 -21.8293983751844 pleio
3 142.560149 -21.8716415367357 pleio
4 142.602873 -21.9172672751989 pleio
5 142.64402 -21.9654676440259 pleio
6 142.685103 -21.3836928698293 pleio
7 142.726186 -21.424290009686 pleio
8 142.767269 -21.4816305375396 pleio
9 142.808353 -21.5326409709124 pleio
10 142.849436 -21.5691553887632 pleio
11 142.876943 -21.6237778146824 pleio
12 142.880371 -21.6967570988945 pleio
13 142.883799 -21.7877146954293 pleio
14 142.904956 -21.8920131246835 pleio
15 142.989329 -21.5142700368958 pleio
16 143.073701 -21.2356546153128 pleio
17 143.155273 -21.2429265751878 pleio
18 143.159416 -21.1980513248723 pleio
19 143.163559 -21.1720293891596 pleio
20 143.167702 -21.2425343243182 pleio
21 143.171846 -21.3475455075418 pleio
22 143.175989 -21.4853072118669 pleio
23 143.180132 -21.6509809719242 pleio
24 143.240265 -21.8336833805605 pleio
25 143.324863 -21.3396340028456 pleio
26 143.409462 -21.514252364104 pleio
27 143.484637 -21.6433217193651 pleio
28 143.487347 -21.792539809791 pleio
29 143.490056 -21.8082226002278 pleio
30 143.492766 -21.8348578918682 pleio
31 143.495555 -21.872880434362 pleio
32 143.498344 -21.9226043262192 pleio
33 143.501132 -21.9823440393591 pleio
34 143.521072 -22.0560628124095 pleio
35 143.53778 -22.1312758338884 pleio
36 143.554489 -22.2143331734764 pleio
37 143.570345 -22.4064393260662 pleio
38 143.571477 -22.7232873730016 pleio
39 143.572611 -23.1519696367266 pleio
40 143.574439 -23.6727263405652 pleio
41 143.699438 -23.6250456256402 pleio
42 143.824436 -23.1657573766511 pleio
43 143.915168 -22.2164239662205 pleio
44 143.920616 -22.0046131075002 pleio
45 143.926063 -21.7871798482595 pleio
46 143.93182 -21.2727210183044 pleio
47 143.935901 -20.7426767404825 pleio
48 143.939982 -20.2847797580425 pleio
49 143.944917 -19.9079711865542 pleio
50 143.975668 -19.6166548888033 pleio
51 144.013221 -19.5908616824633 pleio
52 144.051716 -19.6028602275734 pleio
53 144.090211 -19.6037735949788 pleio
54 144.128706 -19.6050671079029 pleio
55 144.167202 -19.6065903319198 pleio
56 144.176428 -19.6082714743897 pleio
57 144.180816 -19.6099817912658 pleio
58 144.185205 -19.6114195418124 pleio
59 144.348163 -19.0176149895371 pleio
60 144.361337 -18.5451577528474 pleio
61 144.363468 -17.6145153565705 pleio
62 144.365599 -16.502874227208 pleio
63 144.367577 -15.582758936036 pleio
64 144.375504 -14.8111406943356 pleio
65 144.385418 -14.2518273042036 pleio
66 144.395332 -13.9153677180463 pleio
67 144.407236 -13.7695803213984 pleio
68 144.411293 -13.6820093626233 pleio
69 144.415349 -13.6377823222827 pleio
70 144.419405 -13.6361375738198 pleio
71 144.423461 -13.6757855314539 pleio
72 144.427517 -13.3949949919639 pleio
73 144.431573 -13.1089631063935 pleio
74 144.437408 -12.9399350594737 pleio
75 144.440911 -12.948694221865 pleio
76 144.442944 -12.9583362360744 pleio
77 144.444976 -12.9199855134952 pleio
78 144.447008 -12.8482262040519 pleio
79 144.44904 -12.786981587212 pleio
80 144.454745 -12.7244622078369 pleio
81 144.498681 -12.672755240192 pleio
82 144.558267 -12.6408689567382 pleio
83 144.587405 -12.8405891798553 pleio
84 144.587686 -13.2522966806388 pleio
85 144.587968 -13.6920069271156 pleio
86 144.617027 -13.9353290306912 pleio
87 144.705848 -13.6463108931984 pleio
88 144.716797 -12.838825425303 pleio
89 144.727745 -12.4565846732055 pleio
90 144.897381 -12.4026054326632 pleio
91 144.903395 -12.3316755385712 pleio
92 144.909409 -12.2697410909135 pleio
93 144.916914 -12.2172298511597 pleio
94 144.947844 -12.1832819146346 pleio
95 144.978774 -12.1555139743615 pleio
96 145.106694 -10.7901830708935 pleio
97 145.224788 -9.92926720329026 pleio
98 145.342881 -9.60519811455205 pleio
99 145.729503 -8.1960695808974 pleio
100 145.916546 -8.23868957894432 pleio
101 146.10359 -8.39445442321661 pleio
102 146.240909 -8.7192808036931 pleio
103 146.283615 -8.59326046725572 pleio
104 146.304543 -8.3689539193483 pleio
105 146.314537 -8.15375257004071 pleio
106 146.319976 -7.94921628271321 pleio
107 146.322338 -7.75693794148124 pleio
108 146.3247 -7.57850210176449 pleio
109 146.327062 -7.41543573842584 pleio
110 146.329424 -7.26915807461266 pleio
111 146.331786 -7.14094024994951 pleio
112 146.334148 -7.03186180131336 pleio
113 146.33651 -6.87245381794858 pleio
114 146.643419 -6.79888882584429 pleio
115 146.654632 -6.72503012744402 pleio
116 146.665844 -6.66125584732686 pleio
117 146.677056 -6.59862150926926 pleio
118 146.688269 -5.82319346429668 pleio
119 146.69133 -4.46534827804514 pleio
120 146.694026 -3.10227405428795 pleio
121 146.696722 -1.85417023979169 pleio
122 146.699418 -0.848435816852499 pleio
123 146.702114 -0.178463613091695 pleio
124 146.70481 -0.0473993647076816 pleio
125 146.707507 -0.0152000563023178 pleio
126 146.710838 0 pleio
127 146.716274 -0.00169842731405323 pleio
128 146.72171 -0.0199881078717889 pleio
129 146.727146 -0.0543687936036113 pleio
130 146.734615 -0.118244462181544 pleio
131 146.80381 -0.124262924565723 pleio
132 146.862885 -0.301947049675481 pleio
133 146.863965 -1.28540471788611 pleio
134 146.865044 -2.99986152302632 pleio
135 146.87452 -5.28061068965428 pleio
136 146.889753 -7.19667608062263 pleio
137 146.904986 -7.31961816004294 pleio
138 147.064187 -8.08899992950203 pleio
139 147.069549 -8.12349046205026 pleio
140 147.074911 -8.19750817384762 pleio
141 147.080273 -8.18692631291276 pleio
142 147.089309 -8.2333118692387 pleio
143 147.114764 -8.35252626231782 pleio
144 147.137425 -8.38034655503295 pleio
145 147.157965 -8.4303545331947 pleio
146 147.178504 -8.66133596181321 pleio
147 147.221814 -10.3529641988974 pleio
148 147.253583 -12.7825234579567 pleio
149 147.272554 -12.8650751557636 pleio
150 147.275576 -13.0562287759174 pleio
151 147.278599 -13.315550687831 pleio
152 147.281622 -13.4531871362215 pleio
153 147.284644 -13.64880266658 pleio
154 147.286194 -13.8985781695149 pleio
155 147.286753 -14.1972037711346 pleio
156 147.287312 -14.5383390801914 pleio
157 147.287872 -14.9151512211199 pleio
158 147.290648 -15.3041597768725 pleio
159 147.299484 -15.6965240224109 pleio
160 147.327447 -15.8580409767416 pleio
161 147.35561 -15.8713706454914 pleio
162 147.383773 -15.4240248337112 pleio
163 147.397845 -15.4306707001088 pleio
164 147.402328 -15.4403135563773 pleio
165 147.406811 -15.4529036772639 pleio
166 147.411546 -15.4681075888087 pleio
167 147.442387 -15.4861136518225 pleio
168 147.535843 -15.4919150718311 pleio
169 147.551736 -15.4457189804046 pleio
170 147.555599 -15.6966637848229 pleio
171 147.559461 -15.8551820394172 pleio
172 147.563362 -15.9570665930115 pleio
173 147.583398 -16.057951509865 pleio
174 147.602453 -16.487456964624 pleio
175 147.621507 -16.9205003056075 pleio
176 147.682611 -17.004019622127 pleio
177 147.68996 -17.0335635251311 pleio
178 147.695588 -17.1403842409736 pleio
179 147.701215 -17.2702105341719 pleio
180 147.706843 -17.8540713265775 pleio
181 147.719435 -18.8084534758177 pleio
182 147.737975 -18.8409696770743 pleio
183 147.751499 -18.8959732901927 pleio
184 147.760277 -18.9962899431895 pleio
185 147.769056 -19.1146691213972 pleio
186 147.777834 -19.2446200138232 pleio
187 147.786613 -19.0599849373695 pleio
188 147.795391 -18.1921515953239 pleio
189 147.816836 -17.7969246823544 pleio
190 147.850698 -18.0040986468832 pleio
191 147.88456 -18.2109226561847 pleio
192 147.914702 -19.0763777879898 pleio
193 147.91491 -19.0934160380039 pleio
194 147.915116 -19.1261741983601 pleio
195 147.915322 -19.1741053560772 pleio
196 147.915527 -19.2364349765663 pleio
197 147.915733 -19.3121897681746 pleio
198 147.916803 -19.3954451782357 pleio
199 147.923623 -19.4102105864504 pleio
200 147.930444 -19.4376307109009 pleio
201 147.937264 -19.470197722997 pleio
202 147.944084 -19.5025605547939 pleio
203 147.949324 -19.5667977376816 pleio
204 147.953121 -19.501988929906 pleio
205 147.956917 -19.4773481621615 pleio
206 147.960714 -19.6362572308406 pleio
207 147.964511 -19.9676551721514 pleio
208 147.968307 -20.279976849351 pleio
209 147.973733 -20.5131436421021 pleio
210 147.982072 -20.6048616042021 pleio
211 147.982175 -20.6955192707537 pleio
212 147.982278 -20.7984955036968 pleio
213 147.986316 -20.9633750916531 pleio
214 147.986987 -21.4020288988147 pleio
215 147.987657 -22.0075229753732 pleio
216 147.988327 -22.7611931867898 pleio
217 147.988998 -23.6296504754733 pleio
218 147.989668 -24.3769312371018 pleio
219 148.006053 -24.416494583272 pleio
220 148.013144 -24.4049430755039 pleio
221 148.020236 -24.4151098230336 pleio
222 148.027327 -24.448620240055 pleio
223 148.033269 -24.5065986835551 pleio
224 148.037078 -24.5895551932437 pleio
225 148.040918 -25.0314654588955 pleio
226 148.046494 -25.3580615436165 pleio
227 148.05207 -25.8716675304176 pleio
228 148.180347 -26.4517482684401 pleio
229 148.183086 -26.5379844861292 pleio
230 148.185825 -26.6388069396956 pleio
231 148.188563 -26.7487023233215 pleio
232 148.191302 -26.6843841794624 pleio
233 148.194041 -26.6829504048207 pleio
234 148.19678 -26.7115779214181 pleio
235 148.200032 -26.7086400446521 pleio
236 148.204884 -26.7227052699407 pleio
237 148.213021 -26.7760289490337 pleio
238 148.213171 -27.032017847732 pleio
239 148.213321 -27.3310153752553 pleio
240 148.326473 -27.6247907404048 pleio
241 148.333368 -27.6563189353003 pleio
242 148.340263 -27.708313888933 pleio
243 148.347157 -27.7560267471273 pleio
244 148.354052 -27.7892812023758 pleio
245 148.362946 -27.8257292548557 pleio
246 148.380016 -27.8507640085906 pleio
247 148.403283 -27.8573627223615 pleio
248 148.42655 -27.906390157009 pleio
249 148.430037 -27.9334352844535 pleio
250 148.4319 -27.9782158918197 pleio
251 148.433763 -28.0404000084571 pleio
252 148.435626 -28.6680979353023 pleio
253 148.437489 -29.524757048531 pleio
254 148.439352 -30.1166445865802 pleio
255 148.441214 -30.5585673447083 pleio
256 148.443077 -30.9522248975348 pleio
257 148.44494 -31.2701593144055 pleio
258 148.446803 -31.4967566065081 pleio
259 148.453459 -31.5891462907656 pleio
260 148.477993 -31.6044203806349 pleio
261 148.493526 -31.6478571980966 pleio
262 148.493644 -31.6984092486947 pleio
263 148.493762 -31.7527098737766 pleio
264 148.502187 -32.1003101387855 pleio
265 148.624196 -32.3074794551109 pleio
266 148.648833 -32.0349760611879 pleio
267 148.673469 -32.3502372279541 pleio
268 148.812084 -31.8789419012945 pleio
269 148.815025 -31.7167659020706 pleio
270 142.490795 -2.28158195169861 profile1
271 142.517426 -2.2905813027614 profile1
272 142.560149 -2.29095041726986 profile1
273 142.602873 -2.29067693705573 profile1
274 142.64402 -2.28892249314966 profile1
275 142.685103 -1.72949052434624 profile1
276 142.726186 -1.72462627747942 profile1
277 142.767269 -1.72405083843817 profile1
278 142.808353 -1.72352917590331 profile1
279 142.849436 -1.7292318046315 profile1
280 142.876943 -1.74417769770857 profile1
281 142.880371 -1.76853737295188 profile1
282 142.883799 -1.80229107981271 profile1
283 142.904956 -1.84148461046812 profile1
284 142.989329 -1.5110327422271 profile1
285 143.073701 -1.25283945128658 profile1
286 143.155273 -1.18340360888173 profile1
287 143.159416 -1.05884051179079 profile1
288 143.163559 -0.999042481204766 profile1
289 143.167702 -1.03978810473782 profile1
290 143.171846 -1.12247289021867 profile1
291 143.175989 -1.24502928857096 profile1
292 143.180132 -1.40239244317473 profile1
293 143.240265 -1.59673931730708 profile1
294 143.324863 -1.18296305514063 profile1
295 143.409462 -1.25944254910377 profile1
296 143.484637 -1.27853348745456 profile1
297 143.487347 -1.31247191624501 profile1
298 143.490056 -1.33282298296003 profile1
299 143.492766 -1.36223868899412 profile1
300 143.495555 -1.40078691216906 profile1
301 143.498344 -1.44841479463193 profile1
302 143.501132 -1.49592539298503 profile1
303 143.521072 -1.55542611009803 profile1
304 143.53778 -1.62363489938001 profile1
305 143.554489 -1.7790070564967 profile1
306 143.570345 -2.05429621304246 profile1
307 143.571477 -2.4177810574652 profile1
308 143.572611 -2.8537399090745 profile1
309 143.574439 -3.34061890022875 profile1
310 143.699438 -3.5591403886246 profile1
311 143.824436 -3.02542803409788 profile1
312 143.915168 -2.14712627707948 profile1
313 143.920616 -1.87388760958751 profile1
314 143.926063 -1.60376920907663 profile1
315 143.93182 -1.28143356865059 profile1
316 143.935901 -0.973628414870161 profile1
317 143.939982 -0.695799855488037 profile1
318 143.944917 -0.455203953407375 profile1
319 143.975668 -0.256654841292574 profile1
320 144.013221 -0.258386468828382 profile1
321 144.051716 -0.290820191949748 profile1
322 144.090211 -0.298623451405849 profile1
323 144.128706 -0.298661505368863 profile1
324 144.167202 -0.298756485874372 profile1
325 144.176428 -0.298886980714076 profile1
326 144.180816 -0.299024062195977 profile1
327 144.185205 -0.299061720436523 profile1
328 144.348163 -0.374001676521886 profile1
329 144.361337 -0.392037385892112 profile1
330 144.363468 -0.0183041486745228 profile1
331 144.365599 0.617206986412909 profile1
332 144.367577 1.14880304278928 profile1
333 144.375504 1.55795602742857 profile1
334 144.385418 1.83455798367391 profile1
335 144.395332 1.97311872497153 profile1
336 144.407236 1.969319526944 profile1
337 144.411293 1.91799276949361 profile1
338 144.415349 1.84437729946966 profile1
339 144.419405 1.74936011686178 profile1
340 144.423461 1.6340505125683 profile1
341 144.427517 1.7600920720635 profile1
342 144.431573 1.89100747410253 profile1
343 144.437408 1.94480291752499 profile1
344 144.440911 1.93978496814256 profile1
345 144.442944 1.9339029816292 profile1
346 144.444976 1.92944766355218 profile1
347 144.447008 1.92711267218724 profile1
348 144.44904 1.92500167598093 profile1
349 144.454745 1.93314878432008 profile1
350 144.498681 1.94193267325093 profile1
351 144.558267 1.9503337954011 profile1
352 144.587405 1.75649965361368 profile1
353 144.587686 1.35037722062527 profile1
354 144.587968 0.914846937809598 profile1
355 144.617027 0.673551943328726 profile1
356 144.705848 0.902475886604949 profile1
357 144.716797 0.796484917826157 profile1
358 144.727745 0.57928586054172 profile1
359 144.897381 0.513487534409783 profile1
360 144.903395 0.50630034672288 profile1
361 144.909409 0.498541516604921 profile1
362 144.916914 0.49022115406867 profile1
363 144.947844 0.486173675209439 profile1
364 144.978774 0.482213235427102 profile1
365 145.106694 -0.11261843640848 profile1
366 145.224788 0.566893981510303 profile1
367 145.342881 0.652556103993932 profile1
368 145.729503 0.819558698705746 profile1
369 145.916546 0.833762765507789 profile1
370 146.10359 0.844629803860004 profile1
371 146.240909 0.497140270960764 profile1
372 146.283615 0.380347897852286 profile1
373 146.304543 0.413121716476268 profile1
374 146.314537 0.440904733433846 profile1
375 146.319976 0.463610550669481 profile1
376 146.322338 0.481181551851868 profile1
377 146.3247 0.493590292098714 profile1
378 146.327062 0.500838958949075 profile1
379 146.329424 0.502958883698853 profile1
380 146.331786 0.500009523801174 profile1
381 146.334148 0.492076220888338 profile1
382 146.33651 0.498254535000186 profile1
383 146.643419 0.368953738526581 profile1
384 146.654632 0.348429329764422 profile1
385 146.665844 0.325048030051232 profile1
386 146.677056 0.319537180037745 profile1
387 146.688269 0.298758884467995 profile1
388 146.727146 -0.0395300949777409 profile1
389 146.734615 -0.0605353756631387 profile1
390 146.80381 -0.0565779918563047 profile1
391 146.862885 0.177405902560686 profile1
392 146.863965 0.439045444889078 profile1
393 146.865044 0.63541407198658 profile1
394 146.87452 0.744861392854253 profile1
395 146.889753 0.760675104526013 profile1
396 146.904986 0.741597236304861 profile1
397 147.064187 0.882997487086592 profile1
398 147.069549 0.986738751914789 profile1
399 147.074911 1.06597405319289 profile1
400 147.080273 1.11227297051832 profile1
401 147.089309 1.09111544842382 profile1
402 147.114764 0.984718663171108 profile1
403 147.137425 0.957785445047842 profile1
404 147.157965 0.888617182464341 profile1
405 147.178504 0.704068792316223 profile1
406 147.221814 -0.785839368898505 profile1
407 147.253583 -2.78366228183777 profile1
408 147.272554 -2.98060077544097 profile1
409 147.275576 -3.2613425366276 profile1
410 147.278599 -3.59186044823326 profile1
411 147.281622 -3.79706789146746 profile1
412 147.284644 -4.03336664730406 profile1
413 147.286194 -4.2956824120199 profile1
414 147.286753 -4.57783646856521 profile1
415 147.287312 -4.87303914660331 profile1
416 147.287872 -5.17442810845065 profile1
417 147.290648 -5.46649922602679 profile1
418 147.299484 -5.74560084543719 profile1
419 147.327447 -5.90126016726147 profile1
420 147.35561 -5.96830016411519 profile1
421 147.383773 -5.95568867890572 profile1
422 147.397845 -5.95453613377446 profile1
423 147.402328 -5.95330470242675 profile1
424 147.406811 -5.95201527494967 profile1
425 147.411546 -5.95028310527976 profile1
426 147.442387 -5.94798716779718 profile1
427 147.535843 -5.94302932697531 profile1
428 147.551736 -5.90738466650188 profile1
429 147.555599 -5.97059319054835 profile1
430 147.559461 -5.91149251936478 profile1
431 147.563362 -5.7705142076592 profile1
432 147.583398 -5.70703518304193 profile1
433 147.602453 -5.72082057353438 profile1
434 147.621507 -5.71893208699033 profile1
435 147.682611 -5.71916495911393 profile1
436 147.68996 -5.7217813787631 profile1
437 147.695588 -5.71690506275774 profile1
438 147.701215 -5.69480137250617 profile1
439 147.706843 -5.93678196240882 profile1
440 147.719435 -6.38297002197644 profile1
441 147.737975 -6.37294453362082 profile1
442 147.751499 -6.36431772954955 profile1
443 147.760277 -6.36214872895732 profile1
444 147.769056 -6.36328655203466 profile1
445 147.777834 -6.36804592339516 profile1
446 147.786613 -6.34521607842575 profile1
447 147.795391 -5.81092101327698 profile1
448 147.816836 -5.26458893976833 profile1
449 147.850698 -5.23436171361462 profile1
450 147.88456 -5.24829789776348 profile1
451 147.914702 -6.04333490732476 profile1
452 147.91491 -6.03833155119869 profile1
453 147.915116 -6.0433738173554 profile1
454 147.915322 -6.058122265315 profile1
455 147.915527 -6.08204399118277 profile1
456 147.915733 -6.11443433984611 profile1
457 147.916803 -6.15064089141338 profile1
458 147.923623 -6.12988417954238 profile1
459 147.930444 -6.11783826746125 profile1
460 147.937264 -6.10704584931689 profile1
461 147.944084 -6.04689521918092 profile1
462 147.949324 -5.9713157479917 profile1
463 147.953121 -5.75148955661324 profile1
464 147.956917 -5.52226869378911 profile1
465 147.960714 -5.41889745882468 profile1
466 147.964511 -5.44771442387339 profile1
467 147.968307 -5.44786656717465 profile1
468 147.973733 -5.39025830296252 profile1
469 147.982072 -5.25858110020929 profile1
470 147.982175 -5.14710410979692 profile1
471 147.982278 -5.04394444417186 profile1
472 147.986316 -4.92934377559223 profile1
473 147.986987 -4.78003828986454 profile1
474 147.987657 -4.68275541003908 profile1
475 147.988327 -4.64037716908349 profile1
476 147.988998 -4.65278440612673 profile1
477 147.989668 -4.70899013585211 profile1
478 148.006053 -4.76522250275712 profile1
479 148.013144 -4.6956828685073 profile1
480 148.020236 -4.6320377646853 profile1
481 148.027327 -4.57446386961219 profile1
482 148.033269 -4.52304696014307 profile1
483 148.037078 -4.47778511683991 profile1
484 148.040918 -4.51358578897871 profile1
485 148.046494 -4.07928733396957 profile1
486 148.05207 -3.79663944923038 profile1
487 148.180347 -3.72505691252776 profile1
488 148.183086 -3.7341786799301 profile1
489 148.185825 -3.74802969958618 profile1
490 148.188563 -3.76420438023309 profile1
491 148.191302 -3.70222654144192 profile1
492 148.194041 -3.68428581560613 profile1
493 148.19678 -3.69588294100509 profile1
494 148.200032 -3.69930861267908 profile1
495 148.204884 -3.71113742156813 profile1
496 148.213021 -3.74352447284061 profile1
497 148.213171 -3.88185859633421 profile1
498 148.213321 -4.04516836214877 profile1
499 148.326473 -4.21034384897061 profile1
500 148.333368 -4.26597390490609 profile1
501 148.340263 -4.31690877525968 profile1
502 148.347157 -4.36123513720982 profile1
503 148.354052 -4.39641205879019 profile1
504 148.362946 -4.430967800041 profile1
505 148.380016 -4.45798344943318 profile1
506 148.403283 -4.46611401519717 profile1
507 148.42655 -4.48830661578191 profile1
508 148.430037 -4.49376583692943 profile1
509 148.4319 -4.51724497114397 profile1
510 148.433763 -4.55854906962389 profile1
511 148.435626 -4.99319926560243 profile1
512 148.437489 -5.62605387246387 profile1
513 148.439352 -6.17767942830458 profile1
514 148.441214 -6.66364518044333 profile1
515 148.443077 -7.11586163739006 profile1
516 148.44494 -7.50022492712537 profile1
517 148.446803 -7.79227764960658 profile1
518 148.453459 -7.90801431233453 profile1
519 148.477993 -7.90552317506079 profile1
520 148.493526 -7.90108280194829 profile1
521 148.493644 -7.89945389460538 profile1
522 148.493762 -7.90053704783224 profile1
523 148.502187 -7.88162097828743 profile1
524 148.624196 -8.00316215890192 profile1
525 148.648833 -7.70201640200042 profile1
526 148.673469 -7.554699270632 profile1
527 148.812084 -6.93807605111112 profile1
528 148.815025 -6.79950804542723 profile1
529 146.69133 0.200480914537613 profile1
530 146.694026 0.116805275917861 profile1
531 146.696722 0.0594094080685846 profile1
532 146.699418 0.0371296338763691 profile1
533 146.702114 0.0519746135313443 profile1
534 146.70481 0.0479587270470394 profile1
535 146.707507 0.0328803136169933 profile1
536 146.710838 0.0164929721558031 profile1
537 146.716274 -0.00115076727875074 profile1
538 146.72171 -0.0199881078717889 profile1
539 142.490795 -18.6364094678156 profile2
540 142.517426 -18.6805449578276 profile2
541 142.560149 -18.7232554674575 profile2
542 142.602873 -18.7699335521968 profile2
543 142.64402 -18.8204605784552 profile2
544 142.685103 -18.6811620068069 profile2
545 142.726186 -18.7132917953993 profile2
546 142.767269 -18.7716730609314 profile2
547 142.808353 -18.8225131448804 profile2
548 142.849436 -18.8500991885623 profile2
549 142.876943 -18.8882563703901 profile2
550 142.880371 -18.9371543439173 profile2
551 142.883799 -18.9964818161434 profile2
552 142.904956 -19.0652721620229 profile2
553 142.989329 -19.0017563821345 profile2
554 143.073701 -18.9764544041708 profile2
555 143.155273 -19.048849858833 profile2
556 143.159416 -19.1211397230557 profile2
557 143.163559 -19.1366407038865 profile2
558 143.167702 -19.1410224479672 profile2
559 143.171846 -19.1428918276289 profile2
560 143.175989 -19.143627254818 profile2
561 143.180132 -19.144050972395 profile2
562 143.240265 -19.1264753955817 profile2
563 143.324863 -19.1192391339974 profile2
564 143.409462 -19.1998337993408 profile2
565 143.484637 -19.2886835551954 profile2
566 143.487347 -19.3875134984705 profile2
567 143.490056 -19.3780958337973 profile2
568 143.492766 -19.3727420595112 profile2
569 143.495555 -19.3719191163233 profile2
570 143.498344 -19.3760687536488 profile2
571 143.501132 -19.3898075680113 profile2
572 143.521072 -19.407567274538 profile2
573 143.53778 -19.4186980081615 profile2
574 143.554489 -19.3231738720808 profile2
575 143.570345 -19.215303689981 profile2
576 143.571477 -19.1576439764679 profile2
577 143.572611 -19.1526970964481 profile2
578 143.574439 -19.2007616666362 profile2
579 143.699438 -18.9163621298029 profile2
580 143.824436 -18.9841133031981 profile2
581 143.915168 -18.8925644179037 profile2
582 143.920616 -18.939475902315 profile2
583 143.926063 -18.9807692138813 profile2
584 143.93182 -18.7675291435885 profile2
585 143.935901 -18.5090606879732 profile2
586 143.939982 -18.2953636186979 profile2
587 143.944917 -18.1288637196255 profile2
588 143.975668 -18.009922917601 profile2
589 144.013221 -17.9740122715362 profile2
590 144.051716 -17.9496910853546 profile2
591 144.090211 -17.9430045802795 profile2
592 144.128706 -17.9443802525629 profile2
593 144.167202 -17.9458579621004 profile2
594 144.176428 -17.9474258821299 profile2
595 144.180816 -17.9490152514086 profile2
596 144.185205 -17.9504968450268 profile2
597 144.348163 -17.2383890299093 profile2
598 144.361337 -16.6997102811853 profile2
599 144.363468 -16.0488837846501 profile2
600 144.365599 -15.4345199112229 profile2
601 144.367577 -14.9278494134437 profile2
602 144.375504 -14.4759388612797 profile2
603 144.385418 -14.1363452597977 profile2
604 144.395332 -13.9153677180463 profile2
605 144.407236 -13.7641735269091 profile2
606 144.411293 -13.6291318046493 profile2
607 144.415349 -13.5205198608479 profile2
608 144.419405 -13.4387954798777 profile2
609 144.423461 -13.3850661017923 profile2
610 144.427517 -13.2336894205966 profile2
611 144.431573 -13.0594869900673 profile2
612 144.437408 -12.9399350594737 profile2
613 144.440911 -12.9375441872974 profile2
614 144.442944 -12.9352018147175 profile2
615 144.444976 -12.8839917531638 profile2
616 144.447008 -12.7999147796887 profile2
617 144.44904 -12.7272280808457 profile2
618 144.454745 -12.66962125039 profile2
619 144.498681 -12.6239334524002 profile2
620 144.558267 -12.5987294113344 profile2
621 144.587405 -12.6030748627628 profile2
622 144.587686 -12.605123180339 profile2
623 144.587968 -12.6062155966425 profile2
624 144.617027 -12.6071739982619 profile2
625 144.705848 -12.5039502293093 profile2
626 144.716797 -11.5542075315093 profile2
627 144.727745 -11.0084428434726 profile2
628 144.897381 -10.9140085226661 profile2
629 144.903395 -10.837216762872 profile2
630 144.909409 -10.7695699930183 profile2
631 144.916914 -10.7115084494617 profile2
632 144.947844 -10.6754040648695 profile2
633 144.978774 -10.6457719726874 profile2
634 145.106694 -8.65428587860553 profile2
635 145.224788 -8.44120230773277 profile2
636 145.342881 -8.20861504841031 profile2
637 145.729503 -6.96977131275757 profile2
638 145.916546 -7.03973638926955 profile2
639 146.10359 -7.20779249817378 profile2
640 146.240909 -7.19200067179884 profile2
641 146.283615 -6.95355570830718 profile2
642 146.304543 -6.75951948881517 profile2
643 146.314537 -6.57010900748183 profile2
644 146.319976 -6.38684609693287 profile2
645 146.322338 -6.21131034649466 profile2
646 146.3247 -6.04509625319962 profile2
647 146.327062 -5.88976096286793 profile2
648 146.329424 -5.74677153919744 profile2
649 146.331786 -5.61746216481574 profile2
650 146.334148 -5.5029879623394 profile2
651 146.33651 -5.35020222422717 profile2
652 146.643419 -5.14004668323745 profile2
653 146.654632 -5.04672992165075 profile2
654 146.665844 -4.96123141267411 profile2
655 146.677056 -4.89606673737876 profile2
656 146.688269 -4.09396584646831 profile2
657 146.69133 -2.62316626116704 profile2
658 146.694026 -1.16786822608319 profile2
659 146.696722 0.12871226894098 profile2
660 146.699418 1.1361796665534 profile2
661 146.702114 1.75813014447465 profile2
662 146.70481 1.88388472120652 profile2
663 146.707507 1.92947534680862 profile2
664 146.710838 1.95920067843746 profile2
665 146.716274 1.97311872497153 profile2
666 146.72171 1.97148579376131 profile2
667 146.727146 1.95474383318083 profile2
668 146.734615 1.91003384393096 profile2
669 146.80381 1.89301328019135 profile2
670 146.862885 1.42316575439004 profile2
671 146.863965 0.0611399697551968 profile2
672 146.865044 -2.01343103212977 profile2
673 146.87452 -4.60023420319172 profile2
674 146.889753 -6.6894880592388 profile2
675 146.904986 -6.81759882965934 profile2
676 147.064187 -7.73616354389905 profile2
677 147.069549 -7.86097604136104 profile2
678 147.074911 -7.99726253405942 profile2
679 147.080273 -8.02044599615944 profile2
680 147.089309 -8.0368590807409 profile2
681 147.114764 -8.04559307308456 profile2
682 147.137425 -8.04596807045453 profile2
683 147.157965 -8.04486835857331 profile2
684 147.178504 -8.13446821628839 profile2
685 147.221814 -8.43798779846833 profile2
686 147.253583 -8.97459872260987 profile2
687 147.272554 -8.86048562625071 profile2
688 147.275576 -8.77382070587114 profile2
689 147.278599 -8.70984240966879 profile2
690 147.281622 -8.64568967413296 profile2
691 147.284644 -8.6098607859097 profile2
692 147.286194 -8.60340541181763 profile2
693 147.286753 -8.62705359380243 profile2
694 147.287312 -8.68120269843158 profile2
695 147.287872 -8.76592086339134 profile2
696 147.290648 -8.86697552591097 profile2
697 147.299484 -8.979006524803 profile2
698 147.327447 -8.93558628918656 profile2
699 147.35561 -8.8855637436399 profile2
700 147.383773 -8.50711067642632 profile2
701 147.397845 -8.51912679542679 profile2
702 147.402328 -8.53424565326022 profile2
703 147.406811 -8.55239418662584 profile2
704 147.411546 -8.57342904578209 profile2
705 147.442387 -8.59768566938515 profile2
706 147.535843 -8.60829905331031 profile2
707 147.551736 -8.62588444003457 profile2
708 147.555599 -8.92950427884443 profile2
709 147.559461 -9.18113698180517 profile2
710 147.563362 -9.416187208402 profile2
711 147.583398 -9.55681893094104 profile2
712 147.602453 -9.98229479376815 profile2
713 147.621507 -10.4219136179119 profile2
714 147.682611 -10.5086105193734 profile2
715 147.68996 -10.5469514626461 profile2
716 147.695588 -10.6900363200554 profile2
717 147.701215 -10.8749832009255 profile2
718 147.706843 -11.2482947917136 profile2
719 147.719435 -11.8357410639454 profile2
720 147.737975 -11.881013132241 profile2
721 147.751499 -11.9467043222159 profile2
722 147.760277 -12.0496004734403 profile2
723 147.769056 -12.1670566050105 profile2
724 147.777834 -12.2930783554534 profile2
725 147.786613 -12.096933742192 profile2
726 147.795391 -11.7805477008211 profile2
727 147.816836 -11.9225013468907 profile2
728 147.850698 -12.1770289493741 profile2
729 147.88456 -12.3887331884277 profile2
730 147.914702 -12.462577109021 profile2
731 147.91491 -12.4794900899593 profile2
732 147.915116 -12.5023451304715 profile2
733 147.915322 -12.5309445977832 profile2
734 147.915527 -12.5650551890264 profile2
735 147.915733 -12.6044167802718 profile2
736 147.916803 -12.6478499360495 profile2
737 147.923623 -12.6814183130522 profile2
738 147.930444 -12.720617135047 profile2
739 147.937264 -12.7641702378228 profile2
740 147.944084 -12.8552605401515 profile2
741 147.949324 -12.9947488034418 profile2
742 147.953121 -13.1909049699343 profile2
743 147.956917 -13.4876859544862 profile2
744 147.960714 -13.8690410560657 profile2
745 147.964511 -14.3081146948557 profile2
746 147.968307 -14.7081637419558 profile2
747 147.973733 -15.0423193405607 profile2
748 147.982072 -15.2504163844744 profile2
749 147.982175 -15.4386252567995 profile2
750 147.982278 -15.6306034371468 profile2
751 147.986316 -15.8917828186025 profile2
752 147.986987 -16.4500738597054 profile2
753 147.987657 -17.1277511848596 profile2
754 147.988327 -17.9042549429797 profile2
755 147.988998 -18.7470097323799 profile2
756 147.989668 -19.436138061086 profile2
757 148.006053 -19.4394879612699 profile2
758 148.013144 -19.4996832319875 profile2
759 148.020236 -19.5760357672832 profile2
760 148.027327 -19.6698920630454 profile2
761 148.033269 -19.7821833032546 profile2
762 148.037078 -19.9133157845148 profile2
763 148.040918 -20.3197696044961 profile2
764 148.046494 -21.0942523099382 profile2
765 148.05207 -21.9348785286487 profile2
766 148.180347 -22.636048556527 profile2
767 148.183086 -22.6943696602489 profile2
768 148.185825 -22.762968475339 profile2
769 148.188563 -22.8390106960504 profile2
770 148.191302 -22.8257009508463 profile2
771 148.194041 -22.8301923798873 profile2
772 148.19678 -22.8373735519165 profile2
773 148.200032 -22.8262939860057 profile2
774 148.204884 -22.8240332115913 profile2
775 148.213021 -22.8426882821133 profile2
776 148.213171 -22.9719204802954 profile2
777 148.213321 -23.1204392708639 profile2
778 148.326473 -23.2624558710148 profile2
779 148.333368 -23.2461697490911 profile2
780 148.340263 -23.263908478527 profile2
781 148.347157 -23.2815144545176 profile2
782 148.354052 -23.2895208142464 profile2
783 148.362946 -23.3005821866917 profile2
784 148.380016 -23.3051281877061 profile2
785 148.403283 -23.3028438401091 profile2
786 148.42655 -23.324144404806 profile2
787 148.430037 -23.333600113391 profile2
788 148.4319 -23.3443222806755 profile2
789 148.433763 -23.3562615783794 profile2
790 148.435626 -23.5676963599717 profile2
791 148.437489 -23.8370129600449 profile2
792 148.439352 -23.9376624488273 profile2
793 148.441214 -23.957116477161 profile2
794 148.443077 -23.9605086275091 profile2
795 148.44494 -23.9498861687307 profile2
796 148.446803 -23.9306055715173 profile2
797 148.453459 -23.9285200306211 profile2
798 148.477993 -23.947689683988 profile2
799 148.493526 -23.9941129558376 profile2
800 148.493644 -24.0449457745096 profile2
801 148.493762 -24.0971354455768 profile2
802 148.502187 -24.4695496917726 profile2
803 148.624196 -24.5472250264255 profile2
804 148.648833 -24.646441381093 profile2
805 148.673469 -25.1536490402113 profile2
806 148.812084 -25.2275430066679 profile2
807 148.815025 -25.1882042706187 profile2
