marker_position lod trace
1 142.490795 -3.77312254494238 pleio
2 142.517426 -3.71051329639897 pleio
3 142.560149 -3.64949821598237 pleio
4 142.602873 -3.58870091756198 pleio
5 142.64402 -3.5278803852641 pleio
6 142.685103 -2.89930557617029 pleio
7 142.726186 -2.71531201995573 pleio
8 142.767269 -2.65575975406183 pleio
9 142.808353 -2.59677123349128 pleio
10 142.849436 -2.54082130025599 pleio
11 142.876943 -2.49258999961353 pleio
12 142.880371 -2.45196523352408 pleio
13 142.883799 -2.41885373339225 pleio
14 142.904956 -2.39041401754074 pleio
15 142.989329 -2.41854569775482 pleio
16 143.073701 -2.38619862873996 pleio
17 143.155273 -2.07292068151025 pleio
18 143.159416 -1.60087086178229 pleio
19 143.163559 -1.35264389404891 pleio
20 143.167702 -1.2590162623979 pleio
21 143.171846 -1.17866896640156 pleio
22 143.175989 -1.1151288131616 pleio
23 143.180132 -1.0700671370916 pleio
24 143.240265 -1.06591883953653 pleio
25 143.324863 -1.23676554762112 pleio
26 143.409462 -1.22026399447088 pleio
27 143.484637 -1.24580123307765 pleio
28 143.487347 -1.27345956280046 pleio
29 143.490056 -1.25263058510623 pleio
30 143.492766 -1.24215294750906 pleio
31 143.495555 -1.24222832021134 pleio
32 143.498344 -1.25296595908091 pleio
33 143.501132 -1.26905738496365 pleio
34 143.521072 -1.22966461800311 pleio
35 143.53778 -1.16377964769339 pleio
36 143.554489 -1.07989660484078 pleio
37 143.570345 -1.01203521674261 pleio
38 143.571477 -0.979341595423023 pleio
39 143.572611 -0.985959355553997 pleio
40 143.574439 -1.03326007508241 pleio
41 143.699438 -1.42141598757012 pleio
42 143.824436 -1.14465699379006 pleio
43 143.915168 -1.21817081453639 pleio
44 143.920616 -1.28642768720909 pleio
45 143.926063 -1.37384582323007 pleio
46 143.93182 -1.43281046831893 pleio
47 143.935901 -1.57674457378603 pleio
48 143.939982 -1.77128686212002 pleio
49 143.944917 -2.01789700734419 pleio
50 143.975668 -2.31470761393312 pleio
51 144.013221 -2.46663694146263 pleio
52 144.051716 -2.57954210623522 pleio
53 144.090211 -2.60557846794889 pleio
54 144.128706 -2.60345412589579 pleio
55 144.167202 -2.60101037867415 pleio
56 144.176428 -2.59844154386936 pleio
57 144.180816 -2.59588868478731 pleio
58 144.185205 -2.59329290841447 pleio
59 144.348163 -2.29214039717197 pleio
60 144.361337 -2.19985091585691 pleio
61 144.363468 -1.71175555745028 pleio
62 144.365599 -1.35005543407631 pleio
63 144.367577 -1.21432915589004 pleio
64 144.375504 -1.1393857358275 pleio
65 144.385418 -1.1165954169364 pleio
66 144.395332 -1.14279544403559 pleio
67 144.407236 -1.14656757358579 pleio
68 144.411293 -1.12417825040597 pleio
69 144.415349 -1.108447939659 pleio
70 144.419405 -1.09934761926626 pleio
71 144.423461 -1.09680469085835 pleio
72 144.427517 -0.98765317520109 pleio
73 144.431573 -0.872211726339859 pleio
74 144.437408 -0.789561469688816 pleio
75 144.440911 -0.763861512868754 pleio
76 144.442944 -0.741442130758878 pleio
77 144.444976 -0.67677290474622 pleio
78 144.447008 -0.579253202912697 pleio
79 144.44904 -0.487857352716488 pleio
80 144.454745 -0.413121487061202 pleio
81 144.498681 -0.343396939474184 pleio
82 144.558267 -0.287838363942937 pleio
83 144.587405 -0.22495519245031 pleio
84 144.587686 -0.131364505105038 pleio
85 144.587968 -0.0499466404045765 pleio
86 144.617027 0 pleio
87 144.705848 -0.171508104697442 pleio
88 144.716797 -0.487895560610038 pleio
89 144.727745 -0.469577801836019 pleio
90 144.897381 -0.464139662755861 pleio
91 144.903395 -0.460344208655315 pleio
92 144.909409 -0.461486149224571 pleio
93 144.916914 -0.467576590668126 pleio
94 144.947844 -0.47571203547821 pleio
95 144.978774 -0.487240633369174 pleio
96 145.106694 -1.05206734464012 pleio
97 145.224788 -1.46463225820248 pleio
98 145.342881 -1.40744794074576 pleio
99 145.729503 -0.947758188502956 pleio
100 145.916546 -0.957248502270894 pleio
101 146.10359 -1.00866912392621 pleio
102 146.240909 -1.12272422540895 pleio
103 146.283615 -0.818189278385938 pleio
104 146.304543 -0.777992032432204 pleio
105 146.314537 -0.742107279574745 pleio
106 146.319976 -0.711195915346475 pleio
107 146.322338 -0.685912789516243 pleio
108 146.3247 -0.666882647850005 pleio
109 146.327062 -0.654677995162904 pleio
110 146.329424 -0.649788094399624 pleio
111 146.331786 -0.652606764819842 pleio
112 146.334148 -0.663410676286345 pleio
113 146.33651 -0.460519355580079 pleio
114 146.643419 -0.975177453274151 pleio
115 146.654632 -0.885282726610112 pleio
116 146.665844 -0.793609813642002 pleio
117 146.677056 -0.648861600670675 pleio
118 146.688269 -0.449715104748713 pleio
119 146.69133 -0.344756965427668 pleio
120 146.694026 -0.347192873564447 pleio
121 146.696722 -0.478252402477428 pleio
122 146.699418 -0.738249119845631 pleio
123 146.702114 -1.10273010932668 pleio
124 146.70481 -1.24390484798952 pleio
125 146.707507 -1.3124795582695 pleio
126 146.710838 -1.38684614572192 pleio
127 146.716274 -1.46636724624842 pleio
128 146.72171 -1.5503797558714 pleio
129 146.727146 -1.63821124075976 pleio
130 146.734615 -1.74112134841478 pleio
131 146.80381 -1.79620926183242 pleio
132 146.862885 -1.63867448561977 pleio
133 146.863965 -1.40392948440546 pleio
134 146.865044 -1.22188213667568 pleio
135 146.87452 -1.0985556898757 pleio
136 146.889753 -1.02659592721844 pleio
137 146.904986 -0.982760742046364 pleio
138 147.064187 -1.09678761566989 pleio
139 147.069549 -1.58014501540852 pleio
140 147.074911 -1.97573887573109 pleio
141 147.080273 -2.12855141035011 pleio
142 147.089309 -2.27264854860871 pleio
143 147.114764 -2.32141118543384 pleio
144 147.137425 -2.33823011928093 pleio
145 147.157965 -2.29460618325032 pleio
146 147.178504 -2.22168366352916 pleio
147 147.221814 -3.39043495946769 pleio
148 147.253583 -5.11890543896659 pleio
149 147.272554 -5.21607446072448 pleio
150 147.275576 -5.37079637812209 pleio
151 147.278599 -5.57458274346995 pleio
152 147.281622 -5.91536735943055 pleio
153 147.284644 -6.27119276818592 pleio
154 147.286194 -6.63661682990211 pleio
155 147.286753 -7.0060534078848 pleio
156 147.287312 -7.37413628664006 pleio
157 147.287872 -7.73603725109905 pleio
158 147.290648 -7.97594640976639 pleio
159 147.299484 -8.12038449537473 pleio
160 147.327447 -8.17310460601648 pleio
161 147.35561 -8.1725558958545 pleio
162 147.383773 -7.88530238154473 pleio
163 147.397845 -7.86892208655726 pleio
164 147.402328 -7.85235450214043 pleio
165 147.406811 -7.8353617619834 pleio
166 147.411546 -7.81834311965887 pleio
167 147.442387 -7.80132736577172 pleio
168 147.535843 -7.79778594539203 pleio
169 147.551736 -7.81300129297069 pleio
170 147.555599 -7.92216596934144 pleio
171 147.559461 -8.00140473533629 pleio
172 147.563362 -8.07120415159741 pleio
173 147.583398 -8.32570614045585 pleio
174 147.602453 -8.42245119938329 pleio
175 147.621507 -8.45201082335593 pleio
176 147.682611 -8.45613666632713 pleio
177 147.68996 -8.43617726162919 pleio
178 147.695588 -8.37347862321589 pleio
179 147.701215 -8.30883466650845 pleio
180 147.706843 -8.4066089107371 pleio
181 147.719435 -8.68798523609561 pleio
182 147.737975 -8.6695506430858 pleio
183 147.751499 -8.66968456235579 pleio
184 147.760277 -8.67178940054423 pleio
185 147.769056 -8.67495160041726 pleio
186 147.777834 -8.6797684636311 pleio
187 147.786613 -8.65209846181419 pleio
188 147.795391 -8.82694511483195 pleio
189 147.816836 -9.10298719363354 pleio
190 147.850698 -9.14407921460767 pleio
191 147.88456 -9.20064230678168 pleio
192 147.914702 -8.94751374352639 pleio
193 147.91491 -8.81678350660768 pleio
194 147.915116 -8.69323536586223 pleio
195 147.915322 -8.57883912535564 pleio
196 147.915527 -8.47522823684728 pleio
197 147.915733 -8.38361649814121 pleio
198 147.916803 -8.31008109661367 pleio
199 147.923623 -8.32911389713339 pleio
200 147.930444 -8.33913957699002 pleio
201 147.937264 -8.34840472329248 pleio
202 147.944084 -8.38271177449917 pleio
203 147.949324 -8.42948247150207 pleio
204 147.953121 -8.50478594263761 pleio
205 147.956917 -8.6373315631598 pleio
206 147.960714 -8.81453150250897 pleio
207 147.964511 -9.0241604936556 pleio
208 147.968307 -9.1765291588936 pleio
209 147.973733 -9.26401052314695 pleio
210 147.982072 -9.24409334514438 pleio
211 147.982175 -9.23784698126459 pleio
212 147.982278 -9.23359176182155 pleio
213 147.986316 -9.26062686023192 pleio
214 147.986987 -9.3920069322321 pleio
215 147.987657 -9.53298761570832 pleio
216 147.988327 -9.68059592407837 pleio
217 147.988998 -9.83221677693907 pleio
218 147.989668 -9.97120728254012 pleio
219 148.006053 -10.0506898079148 pleio
220 148.013144 -10.093960942401 pleio
221 148.020236 -10.1323469467613 pleio
222 148.027327 -10.1655484407047 pleio
223 148.033269 -10.1933579904608 pleio
224 148.037078 -10.2156745459024 pleio
225 148.040918 -10.3575088429574 pleio
226 148.046494 -10.4220248534046 pleio
227 148.05207 -10.443817910199 pleio
228 148.180347 -10.4534822153741 pleio
229 148.183086 -10.5054090859101 pleio
230 148.185825 -10.5527752488542 pleio
231 148.188563 -10.5928086704911 pleio
232 148.191302 -10.5152104127957 pleio
233 148.194041 -10.4415070674124 pleio
234 148.19678 -10.4160596331214 pleio
235 148.200032 -10.4664848293132 pleio
236 148.204884 -10.5235115572289 pleio
237 148.213021 -10.5931870097062 pleio
238 148.213171 -10.7372920884897 pleio
239 148.213321 -10.8817804827065 pleio
240 148.326473 -11.0134569539905 pleio
241 148.333368 -11.1413277811585 pleio
242 148.340263 -11.1170317055123 pleio
243 148.347157 -11.0967796233403 pleio
244 148.354052 -11.0882735037151 pleio
245 148.362946 -11.0800964379364 pleio
246 148.380016 -11.0781249607644 pleio
247 148.403283 -11.0837612143957 pleio
248 148.42655 -11.0834434070985 pleio
249 148.430037 -11.1181066529635 pleio
250 148.4319 -11.1520459921241 pleio
251 148.433763 -11.1849477204139 pleio
252 148.435626 -10.9433689478304 pleio
253 148.437489 -10.7872377978905 pleio
254 148.439352 -10.8731219875702 pleio
255 148.441214 -11.0128052310736 pleio
256 148.443077 -11.150337052568 pleio
257 148.44494 -11.276104197223 pleio
258 148.446803 -11.3826438658541 pleio
259 148.453459 -11.4426966547521 pleio
260 148.477993 -11.4622208385648 pleio
261 148.493526 -11.4791576333445 pleio
262 148.493644 -11.4967623984752 pleio
263 148.493762 -11.5149200187045 pleio
264 148.502187 -11.5507895365753 pleio
265 148.624196 -11.5496671723354 pleio
266 148.648833 -11.3345783268932 pleio
267 148.673469 -11.0800513770706 pleio
268 148.812084 -10.3262190539586 pleio
269 148.815025 -10.3654861677862 pleio
270 142.490795 1.2690018682035 profile1
271 142.517426 1.27018798863545 profile1
272 142.560149 1.27305423167393 profile1
273 142.602873 1.27540986700939 profile1
274 142.64402 1.27725048474696 profile1
275 142.685103 1.77282479262565 profile1
276 142.726186 1.8805105376825 profile1
277 142.767269 1.88106136822053 profile1
278 142.808353 1.8784123765753 profile1
279 142.849436 1.86400680483165 profile1
280 142.876943 1.84176029176457 profile1
281 142.880371 1.81195089129661 profile1
282 142.883799 1.77494956535825 profile1
283 142.904956 1.73463422715667 profile1
284 142.989329 1.75298046292053 profile1
285 143.073701 1.73890715123302 profile1
286 143.155273 1.93191840848689 profile1
287 143.159416 2.2135702670374 profile1
288 143.163559 2.34196604949034 profile1
289 143.167702 2.37851600372878 profile1
290 143.171846 2.40715993012989 profile1
291 143.175989 2.42592202184328 profile1
292 143.180132 2.43389534660551 profile1
293 143.240265 2.42974932628591 profile1
294 143.324863 2.45254259780342 profile1
295 143.409462 2.45083218360072 profile1
296 143.484637 2.43958408518072 profile1
297 143.487347 2.41721771403585 profile1
298 143.490056 2.38256048943494 profile1
299 143.492766 2.33966179349292 profile1
300 143.495555 2.28857008346177 profile1
301 143.498344 2.22941643893288 profile1
302 143.501132 2.16632498846244 profile1
303 143.521072 2.18355562241854 profile1
304 143.53778 2.23868763851219 profile1
305 143.554489 2.26461617704525 profile1
306 143.570345 2.25436719121048 profile1
307 143.571477 2.21455228345265 profile1
308 143.572611 2.14510984082278 profile1
309 143.574439 2.04790356632802 profile1
310 143.699438 2.03718591205644 profile1
311 143.824436 2.06078212647685 profile1
312 143.915168 1.91845938202212 profile1
313 143.920616 1.86674302045017 profile1
314 143.926063 1.81004274736676 profile1
315 143.93182 1.79064231955097 profile1
316 143.935901 1.71431175249175 profile1
317 143.939982 1.60298931346461 profile1
318 143.944917 1.45593722621574 profile1
319 143.975668 1.27545693353052 profile1
320 144.013221 1.17710235830124 profile1
321 144.051716 1.11095428093966 profile1
322 144.090211 1.10948603104004 profile1
323 144.128706 1.10889865158201 profile1
324 144.167202 1.1083333730771 profile1
325 144.176428 1.10774994254213 profile1
326 144.180816 1.1071608603365 profile1
327 144.185205 1.10656988320479 profile1
328 144.348163 1.36277128597508 profile1
329 144.361337 1.45730361558 profile1
330 144.363468 1.81441596592537 profile1
331 144.365599 2.1049015372038 profile1
332 144.367577 2.22201430605454 profile1
333 144.375504 2.2859296566438 profile1
334 144.385418 2.3192763840456 profile1
335 146.69133 -0.252668660051826 profile1
336 146.694026 -0.347192873564447 profile1
337 146.696722 -0.474550514715423 profile1
338 146.699418 -0.627744399362171 profile1
339 146.702114 -0.794622919605959 profile1
340 146.70481 -0.846779991075064 profile1
341 146.707507 -0.865083328422112 profile1
342 146.710838 -0.883966314869283 profile1
343 146.716274 -0.903201520978233 profile1
344 146.72171 -0.922576344857585 profile1
345 146.727146 -0.941897869061187 profile1
346 146.734615 -0.967033210148273 profile1
347 146.80381 -0.978377511001503 profile1
348 146.862885 -0.965558305149213 profile1
349 146.863965 -0.937970360787241 profile1
350 146.865044 -0.904810238687027 profile1
351 146.87452 -0.867388169567192 profile1
352 146.889753 -0.831572233390067 profile1
353 146.904986 -0.81777918846712 profile1
354 147.064187 -0.751353295820059 profile1
355 147.069549 -0.734240416982573 profile1
356 147.074911 -0.850048793821955 profile1
357 147.080273 -0.997195475109531 profile1
358 147.089309 -1.08906384091572 profile1
359 147.114764 -1.06279987751424 profile1
360 147.137425 -1.05728028814337 profile1
361 147.157965 -1.05792293446449 profile1
362 147.178504 -1.05859131835852 profile1
363 147.221814 -2.01566099270626 profile1
364 147.253583 -2.99244108126325 profile1
365 147.272554 -3.00222422536884 profile1
366 147.275576 -3.04771234997931 profile1
367 147.278599 -3.10519447601809 profile1
368 147.281622 -3.16415050345772 profile1
369 147.284644 -3.23098887882185 profile1
370 147.286194 -3.30491868793832 profile1
371 147.286753 -3.38486741997484 profile1
372 147.287312 -3.46955426480814 profile1
373 147.287872 -3.55758850767563 profile1
374 147.290648 -3.59878676024926 profile1
375 147.299484 -3.60314470146263 profile1
376 147.327447 -3.37643762625149 profile1
377 147.35561 -3.40162128689016 profile1
378 147.383773 -3.18451588804271 profile1
379 147.397845 -3.19234144873895 profile1
380 147.402328 -3.20077139350142 profile1
381 147.406811 -3.20957422048229 profile1
382 147.411546 -3.21919478259645 profile1
383 147.442387 -3.22929701980683 profile1
384 147.535843 -3.23224423879824 profile1
385 147.551736 -3.36848249905827 profile1
386 147.555599 -3.58908211062195 profile1
387 147.559461 -3.65153655771053 profile1
388 147.563362 -3.65834750502522 profile1
389 147.583398 -3.77634389050227 profile1
390 147.602453 -3.81103771456052 profile1
391 147.621507 -3.81788148602948 profile1
392 147.682611 -3.82047410252109 profile1
393 147.68996 -3.81096230008189 profile1
394 147.695588 -3.77080226041858 profile1
395 147.701215 -3.72390237234286 profile1
396 147.706843 -3.73945149792055 profile1
397 147.719435 -3.80423573607462 profile1
398 147.737975 -3.78990036603996 profile1
399 147.751499 -3.79166733545506 profile1
400 147.760277 -3.79353158732932 profile1
401 147.769056 -3.79565942381258 profile1
402 147.777834 -3.79793312891342 profile1
403 147.786613 -3.75338637851592 profile1
404 147.795391 -3.70749143433935 profile1
405 147.816836 -3.97473758246697 profile1
406 147.850698 -4.01177583870413 profile1
407 147.88456 -4.04980371518279 profile1
408 147.914702 -3.97392402601721 profile1
409 147.91491 -3.90245248419489 profile1
410 147.915116 -3.83824498677187 profile1
411 147.915322 -3.78260767011393 profile1
412 147.915527 -3.73651089453659 profile1
413 147.915733 -3.70053237517077 profile1
414 147.916803 -3.67785673021506 profile1
415 147.923623 -3.70852410443705 profile1
416 147.930444 -3.72273396860321 profile1
417 147.937264 -3.73540295695459 profile1
418 147.944084 -3.76045981260854 profile1
419 147.949324 -3.78863249904736 profile1
420 147.953121 -3.78256403409692 profile1
421 147.956917 -3.75715701644135 profile1
422 147.960714 -3.73846916718202 profile1
423 147.964511 -3.73052446997753 profile1
424 147.968307 -3.75068221042048 profile1
425 147.973733 -3.77346673800259 profile1
426 147.982072 -3.77678377634705 profile1
427 147.982175 -3.78565032460307 profile1
428 147.982278 -3.7945057747458 profile1
429 147.986316 -3.80406780711831 profile1
430 147.986987 -3.82195544275984 profile1
431 147.987657 -3.84902504851176 profile1
432 147.988327 -3.88472977896006 profile1
433 147.988998 -3.92826454240944 profile1
434 147.989668 -3.9719866940998 profile1
435 148.006053 -3.99273715727878 profile1
436 148.013144 -4.00183543295419 profile1
437 148.020236 -4.00812375497886 profile1
438 148.027327 -4.01135832468503 profile1
439 148.033269 -4.01136163363809 profile1
440 148.037078 -4.00803678587073 profile1
441 148.040918 -4.02724165923369 profile1
442 148.046494 -3.84285819131868 profile1
443 148.05207 -3.62300517912657 profile1
444 148.180347 -3.45262126590804 profile1
445 148.183086 -3.4849612520299 profile1
446 148.185825 -3.51585390833203 profile1
447 148.188563 -3.5423328289642 profile1
448 148.191302 -3.44245938983676 profile1
449 148.194041 -3.34587616505475 profile1
450 148.19678 -3.28954136712519 profile1
451 148.200032 -3.29507154643811 profile1
452 148.204884 -3.30655294998116 profile1
453 148.213021 -3.32948168595164 profile1
454 148.213171 -3.42321968982451 profile1
455 148.213321 -3.5242145407796 profile1
456 148.326473 -3.62524681594316 profile1
457 148.333368 -3.76442648497212 profile1
458 148.340263 -3.75767889539231 profile1
459 148.347157 -3.75274435273709 profile1
460 148.354052 -3.75465182620358 profile1
461 148.362946 -3.75642036271553 profile1
462 148.380016 -3.75801808971546 profile1
463 148.403283 -3.75446170190366 profile1
464 148.42655 -3.74165100978726 profile1
465 148.430037 -3.75748791597708 profile1
466 148.4319 -3.77336315543553 profile1
467 148.433763 -3.78901920190864 profile1
468 148.435626 -3.58592706720838 profile1
469 148.437489 -3.52817864243667 profile1
470 148.439352 -3.64499103795598 profile1
471 148.441214 -3.78427553165955 profile1
472 148.443077 -3.91758955482369 profile1
473 148.44494 -4.03566254795801 profile1
474 148.446803 -4.13161238478964 profile1
475 148.453459 -4.17923606985553 profile1
476 148.477993 -4.18135618821921 profile1
477 148.493526 -4.17681606831825 profile1
478 148.493644 -4.17268884652958 profile1
479 148.493762 -4.16899782262439 profile1
480 148.502187 -4.07470020027074 profile1
481 148.624196 -4.08445871559524 profile1
482 148.648833 -3.9866921844301 profile1
483 148.673469 -3.95815167284067 profile1
484 148.812084 -3.33682417966096 profile1
485 148.815025 -3.3539279019951 profile1
486 144.395332 2.32381817546351 profile1
487 144.407236 2.31980173047792 profile1
488 144.411293 2.31794088616437 profile1
489 144.415349 2.31192525913051 profile1
490 144.419405 2.30190701880953 profile1
491 144.423461 2.28805098092608 profile1
492 144.427517 2.32253399268497 profile1
493 144.431573 2.35899526593717 profile1
494 144.437408 2.38263735167097 profile1
495 144.440911 2.40493229537537 profile1
496 144.442944 2.42370990474829 profile1
497 144.444976 2.44152774208364 profile1
498 144.447008 2.45709638862895 profile1
499 144.44904 2.46841251821232 profile1
500 144.454745 2.47077138284909 profile1
501 144.498681 2.47125398933825 profile1
502 144.558267 2.47082532175902 profile1
503 144.587405 2.50015584633844 profile1
504 144.587686 2.54784756619861 profile1
505 144.587968 2.5838764954043 profile1
506 144.617027 2.59767939784542 profile1
507 144.705848 2.61204160470962 profile1
508 144.716797 2.54973687844357 profile1
509 144.727745 2.51679431278955 profile1
510 144.897381 2.50687164400712 profile1
511 144.903395 2.50294627877949 profile1
512 144.909409 2.49810151071487 profile1
513 144.916914 2.49234931205051 profile1
514 144.947844 2.48661279788956 profile1
515 144.978774 2.47994959493468 profile1
516 145.106694 2.34237880409519 profile1
517 145.224788 1.97972989448578 profile1
518 145.342881 1.94854614792842 profile1
519 145.729503 1.92233909686244 profile1
520 145.916546 1.90905600429936 profile1
521 146.10359 1.91103750755418 profile1
522 146.240909 1.81509569697436 profile1
523 146.283615 1.99541403868608 profile1
524 146.304543 1.95196737833809 profile1
525 146.314537 1.90208878817613 profile1
526 146.319976 1.8458496761302 profile1
527 146.322338 1.78338486691637 profile1
528 146.3247 1.7148941032791 profile1
529 146.327062 1.64063771109101 profile1
530 146.329424 1.56093792642424 profile1
531 146.331786 1.47616784510937 profile1
532 146.334148 1.38674756874098 profile1
533 146.33651 0.683104385504102 profile1
534 146.643419 -0.340073608941256 profile1
535 146.654632 -0.293401188028398 profile1
536 146.665844 -0.244902267006814 profile1
537 146.677056 -0.187030568940083 profile1
538 146.688269 -0.191684385924963 profile1
539 142.490795 -2.30890221224621 profile2
540 142.517426 -2.2478634956529 profile2
541 142.560149 -2.19020607291958 profile2
542 142.602873 -2.13226504221386 profile2
543 142.64402 -2.07378791079322 profile2
544 142.685103 -1.93572819369307 profile2
545 142.726186 -1.85817488477178 profile2
546 142.767269 -1.79972919565472 profile2
547 142.808353 -1.73843483898165 profile2
548 142.849436 -1.66772749316648 profile2
549 142.876943 -1.5968210478942 profile2
550 142.880371 -1.52588943244258 profile2
551 142.883799 -1.45521886089523 profile2
552 142.904956 -1.38593850331689 profile2
553 142.989329 -1.43571675597808 profile2
554 143.073701 -1.39112434542076 profile2
555 143.155273 -1.2749014853139 profile2
556 143.159416 -1.08985340871843 profile2
557 143.163559 -0.972261458506629 profile2
558 143.167702 -0.915496772597391 profile2
559 143.171846 -0.86403678197885 profile2
560 143.175989 -0.819446976798358 profile2
561 143.180132 -0.782513642944057 profile2
562 143.240265 -0.774648904279519 profile2
563 143.324863 -0.974451747419298 profile2
564 143.409462 -0.957741414568032 profile2
565 143.484637 -0.972526606365924 profile2
566 143.487347 -0.978793972357708 profile2
567 143.490056 -0.924424503305492 profile2
568 143.492766 -0.872039467097242 profile2
569 143.495555 -0.821882743672228 profile2
570 143.498344 -0.774189742532176 profile2
571 143.501132 -0.727946264243767 profile2
572 143.521072 -0.707978076491947 profile2
573 143.53778 -0.699920009973856 profile2
574 143.554489 -0.64551532833592 profile2
575 143.570345 -0.571076759024243 profile2
576 143.571477 -0.50186561216768 profile2
577 143.572611 -0.441915947506081 profile2
578 143.574439 -0.394426216151148 profile2
579 143.699438 -0.775308726766594 profile2
580 143.824436 -0.52466305904234 profile2
581 143.915168 -0.455545986639144 profile2
582 143.920616 -0.472319947334397 profile2
583 143.926063 -0.503108116016158 profile2
584 143.93182 -0.54433747826617 profile2
585 143.935901 -0.613776003116191 profile2
586 143.939982 -0.698443827535527 profile2
587 143.944917 -0.798971796583978 profile2
588 143.975668 -0.915713300678115 profile2
589 144.013221 -0.969226071696485 profile2
590 144.051716 -1.01566339994308 profile2
591 144.090211 -1.03981188969855 profile2
592 144.128706 -1.03701568425722 profile2
593 144.167202 -1.03392029284502 profile2
594 144.176428 -1.03068093607433 profile2
595 144.180816 -1.02745200458992 profile2
596 144.185205 -1.02417794321028 profile2
597 144.348163 -0.982576751033498 profile2
598 144.361337 -0.988822669038034 profile2
599 144.363468 -0.871472406587992 profile2
600 144.365599 -0.812484984677897 profile2
601 144.367577 -0.800339878006573 profile2
602 144.375504 -0.794142165893159 profile2
603 144.385418 -0.808454048635074 profile2
604 144.395332 -0.841723040842719 profile2
605 144.407236 -0.842787286130874 profile2
606 144.411293 -0.819538878322405 profile2
607 144.415349 -0.798626835652194 profile2
608 144.419405 -0.780172446127956 profile2
609 144.423461 -0.764267282384463 profile2
610 144.427517 -0.691437318998246 profile2
611 144.431573 -0.614050947577589 profile2
612 144.437408 -0.55583886786991 profile2
613 144.440911 -0.552374277925175 profile2
614 144.442944 -0.548594712703309 profile2
615 144.444976 -0.50182519120262 profile2
616 144.447008 -0.420075833618171 profile2
617 144.44904 -0.340054308506696 profile2
618 144.454745 -0.267959981477608 profile2
619 144.498681 -0.198889294100255 profile2
620 144.558267 -0.142970010014737 profile2
621 144.587405 -0.109809052508004 profile2
622 144.587686 -0.0644742167318379 profile2
623 144.587968 -0.0193762208755264 profile2
624 144.617027 0.0167234026164269 profile2
625 144.705848 -0.171508104697442 profile2
626 144.716797 -0.425588397713712 profile2
627 144.727745 -0.374335737731796 profile2
628 144.897381 -0.35904268227131 profile2
629 144.903395 -0.351371806542006 profile2
630 144.909409 -0.347644214654177 profile2
631 144.916914 -0.347883595507993 profile2
632 144.947844 -0.350128879356078 profile2
633 144.978774 -0.354773485877938 profile2
634 145.106694 -0.78500229102851 profile2
635 145.224788 -0.834671642551237 profile2
636 145.342881 -0.746636933489254 profile2
637 145.729503 -0.257692307848074 profile2
638 145.916546 -0.253737308287003 profile2
639 146.10359 -0.307291879866673 profile2
640 146.240909 -0.325272002140948 profile2
641 146.283615 -0.201932385774211 profile2
642 146.304543 -0.119716706950528 profile2
643 146.314537 -0.0352197553833231 profile2
644 146.319976 0.0508457527323082 profile2
645 146.322338 0.137707628466236 profile2
646 146.3247 0.224556034463002 profile2
647 146.327062 0.310569364420183 profile2
648 146.329424 0.394943406278673 profile2
649 146.331786 0.476914395612717 profile2
650 146.334148 0.55578449893256 profile2
651 146.33651 1.45513863514672 profile2
652 146.643419 1.97652580115489 profile2
653 146.654632 2.01924762886378 profile2
654 146.665844 2.06208429221025 profile2
655 146.677056 2.14890604949589 profile2
656 146.688269 2.35178110078116 profile2
657 146.69133 2.51775255149829 profile2
658 146.694026 2.61178383507837 profile2
659 146.696722 2.61204160470962 profile2
660 146.699418 2.51101277319649 profile2
661 146.702114 2.32046735220807 profile2
662 146.70481 2.23381011709164 profile2
663 146.707507 2.18480716118529 profile2
664 146.710838 2.13078864039273 profile2
665 146.716274 2.0721565907819 profile2
666 146.72171 2.00935179784055 profile2
667 146.727146 1.94284242944 profile2
668 146.734615 1.86650087506615 profile2
669 146.80381 1.82342255237651 profile2
670 146.862885 1.96943161960787 profile2
671 146.863965 2.17941542560493 profile2
672 146.865044 2.33133452967579 profile2
673 146.87452 2.42030637031648 profile2
674 146.889753 2.45849954681547 profile2
675 146.904986 2.48785131541924 profile2
676 147.064187 2.31221380199342 profile2
677 147.069549 1.82458151584136 profile2
678 147.074911 1.55396634142585 profile2
679 147.080273 1.55070269813256 profile2
680 147.089309 1.4999622717837 profile2
681 147.114764 1.4237628450141 profile2
682 147.137425 1.40118043062463 profile2
683 147.157965 1.44456536776116 profile2
684 147.178504 1.5158522782472 profile2
685 147.221814 1.31849182064437 profile2
686 147.253583 0.593156870214101 profile2
687 147.272554 0.505797047563048 profile2
688 147.275576 0.396145516431111 profile2
689 147.278599 0.249571883863413 profile2
690 147.281622 -0.033498554841882 profile2
691 147.284644 -0.32361868435079 profile2
692 147.286194 -0.616108239971245 profile2
693 147.286753 -0.906422311503248 profile2
694 147.287312 -1.1904453440053 profile2
695 147.287872 -1.46471425004982 profile2
696 147.290648 -1.6642540960944 profile2
697 147.299484 -1.80534399779769 profile2
698 147.327447 -2.08999780821815 profile2
699 147.35561 -2.06380262578343 profile2
700 147.383773 -2.00218770881055 profile2
701 147.397845 -1.97708022996338 profile2
702 147.402328 -1.95116795204672 profile2
703 147.406811 -1.92445368684187 profile2
704 147.411546 -1.89688879479695 profile2
705 147.442387 -1.86884805748512 profile2
706 147.535843 -1.86206376125957 profile2
707 147.551736 -1.73991088165501 profile2
708 147.555599 -1.6265548996684 profile2
709 147.559461 -1.64253156088936 profile2
710 147.563362 -1.70500834116425 profile2
711 147.583398 -1.83601198263225 profile2
712 147.602453 -1.89462515855309 profile2
713 147.621507 -1.91579753775871 profile2
714 147.682611 -1.91698154465497 profile2
715 147.68996 -1.90655501166725 profile2
716 147.695588 -1.88438243255026 profile2
717 147.701215 -1.86710630033909 profile2
718 147.706843 -1.94956008283436 profile2
719 147.719435 -2.16364559162692 profile2
720 147.737975 -2.15919222877641 profile2
721 147.751499 -2.15744277296345 profile2
722 147.760277 -2.15758971561973 profile2
723 147.769056 -2.15855085795472 profile2
724 147.777834 -2.16103073538264 profile2
725 147.786613 -2.17626695698015 profile2
726 147.795391 -2.3864804789967 profile2
727 147.816836 -2.38898614328159 profile2
728 147.850698 -2.39224012032641 profile2
729 147.88456 -2.41038312487267 profile2
730 147.914702 -2.2407823718273 profile2
731 147.91491 -2.18422466861053 profile2
732 147.915116 -2.12722009317537 profile2
733 147.915322 -2.07039436242455 profile2
734 147.915527 -2.01438700623417 profile2
735 147.915733 -1.9598261892206 profile2
736 147.916803 -1.90959214830981 profile2
737 147.923623 -1.89804806447463 profile2
738 147.930444 -1.89414636565835 profile2
739 147.937264 -1.89104494602921 profile2
740 147.944084 -1.9009279409741 profile2
741 147.949324 -1.92033484363992 profile2
742 147.953121 -2.00107077266691 profile2
743 147.956917 -2.156204964133 profile2
744 147.960714 -2.34800975928216 profile2
745 147.964511 -2.56068604948838 profile2
746 147.968307 -2.69008459782118 profile2
747 147.973733 -2.75386341859194 profile2
748 147.982072 -2.73209328330578 profile2
749 147.982175 -2.71813552597489 profile2
750 147.982278 -2.70613826646517 profile2
751 147.986316 -2.72484614720439 profile2
752 147.986987 -2.83974823922458 profile2
753 147.987657 -2.95441338754662 profile2
754 147.988327 -3.0663739650354 profile2
755 147.988998 -3.17381756805186 profile2
756 147.989668 -3.26760606600539 profile2
757 148.006053 -3.32391887815704 profile2
758 148.013144 -3.35767689617939 profile2
759 148.020236 -3.38933106490416 profile2
760 148.027327 -3.41883540475453 profile2
761 148.033269 -3.44617091681315 profile2
762 148.037078 -3.47134503258949 profile2
763 148.040918 -3.59397547748275 profile2
764 148.046494 -3.84709645426084 profile2
765 148.05207 -4.09254469760194 profile2
766 148.180347 -4.27482386445925 profile2
767 148.183086 -4.29326625857933 profile2
768 148.185825 -4.30871948871825 profile2
769 148.188563 -4.32141040963335 profile2
770 148.191302 -4.34393803981329 profile2
771 148.194041 -4.36671023919963 profile2
772 148.19678 -4.39696945855132 profile2
773 148.200032 -4.44082988321586 profile2
774 148.204884 -4.48521254711624 profile2
775 148.213021 -4.53060946677985 profile2
776 148.213171 -4.57860454802213 profile2
777 148.213321 -4.61962000961178 profile2
778 148.326473 -4.64794307728452 profile2
779 148.333368 -4.6344021261056 profile2
780 148.340263 -4.61679396201171 profile2
781 148.347157 -4.60130311221334 profile2
782 148.354052 -4.59052126603905 profile2
783 148.362946 -4.5801935085931 profile2
784 148.380016 -4.57611603708303 profile2
785 148.403283 -4.58482479658148 profile2
786 148.42655 -4.59676528561307 profile2
787 148.430037 -4.61488915784132 profile2
788 148.4319 -4.63214128941878 profile2
789 148.433763 -4.64846871114851 profile2
790 148.435626 -4.61114114717245 profile2
791 148.437489 -4.50332497583692 profile2
792 148.439352 -4.46435899552496 profile2
793 148.441214 -4.45977490641027 profile2
794 148.443077 -4.45863668516208 profile2
795 148.44494 -4.4609544877165 profile2
796 148.446803 -4.46649552837939 profile2
797 148.453459 -4.47587993877293 profile2
798 148.477993 -4.49236132643756 profile2
799 148.493526 -4.51298037940681 profile2
800 148.493644 -4.53385136196082 profile2
801 148.493762 -4.55485400282145 profile2
802 148.502187 -4.68235297921073 profile2
803 148.624196 -4.671312712408 profile2
804 148.648833 -4.55623193307593 profile2
805 148.673469 -4.33343904660479 profile2
806 148.812084 -4.21046923812196 profile2
807 148.815025 -4.23230342967914 profile2
