marker_position lod trace
1 142.490795 -7.6045258567941 pleio
2 142.517426 -7.55596214240205 pleio
3 142.560149 -7.50351353150712 pleio
4 142.602873 -7.4519116056872 pleio
5 142.64402 -7.40102948980165 pleio
6 142.685103 -7.52383900119983 pleio
7 142.726186 -7.53548233280187 pleio
8 142.767269 -7.48640698793368 pleio
9 142.808353 -7.42986318348053 pleio
10 142.849436 -7.35111997420008 pleio
11 142.876943 -7.27668692136122 pleio
12 142.880371 -7.20596334007046 pleio
13 142.883799 -7.13931936519646 pleio
14 142.904956 -7.07851777533905 pleio
15 142.989329 -6.95166414217645 pleio
16 143.073701 -6.84449877669497 pleio
17 143.155273 -6.81941748043281 pleio
18 143.159416 -6.82145592694559 pleio
19 143.163559 -6.8095622256624 pleio
20 143.167702 -6.77239418691604 pleio
21 143.171846 -6.73576154872404 pleio
22 143.175989 -6.70047456551153 pleio
23 143.180132 -6.66699217931801 pleio
24 143.240265 -6.63477264529137 pleio
25 143.324863 -6.67816381730387 pleio
26 143.409462 -6.75528377804745 pleio
27 143.484637 -6.68743542476876 pleio
28 143.487347 -6.63667501438072 pleio
29 143.490056 -6.56708466370518 pleio
30 143.492766 -6.49838160389944 pleio
31 143.495555 -6.43064536670379 pleio
32 143.498344 -6.36396915216554 pleio
33 143.501132 -6.30852170984845 pleio
34 143.521072 -6.23386922616008 pleio
35 143.53778 -6.14307291785189 pleio
36 143.554489 -5.90816097509341 pleio
37 143.570345 -5.61087482813957 pleio
38 143.571477 -5.32744390554845 pleio
39 143.572611 -5.0679541609705 pleio
40 143.574439 -4.84237365355744 pleio
41 143.699438 -4.57011333964292 pleio
42 143.824436 -4.34366319902231 pleio
43 143.915168 -4.60772853655462 pleio
44 143.920616 -4.40768947215703 pleio
45 143.926063 -4.20512322782438 pleio
46 143.93182 -3.9313697168274 pleio
47 143.935901 -3.54220435752711 pleio
48 143.939982 -3.18984655872125 pleio
49 143.944917 -2.88337898725033 pleio
50 143.975668 -2.63062621633304 pleio
51 144.013221 -2.55981442600596 pleio
52 144.051716 -2.5242428674772 pleio
53 144.090211 -2.50830684668794 pleio
54 144.128706 -2.5021740334251 pleio
55 144.167202 -2.49588240926798 pleio
56 144.176428 -2.48958158142974 pleio
57 144.180816 -2.48337464123118 pleio
58 144.185205 -2.47688000227151 pleio
59 144.348163 -2.25233886112305 pleio
60 144.361337 -2.07551720324171 pleio
61 144.363468 -1.86335752557074 pleio
62 144.365599 -1.61110377268457 pleio
63 144.367577 -1.42073806948827 pleio
64 144.375504 -1.29497636852929 pleio
65 144.385418 -1.25261314506384 pleio
66 144.395332 -1.29330842025011 pleio
67 144.407236 -1.30352043863302 pleio
68 144.411293 -1.27016780301165 pleio
69 144.415349 -1.24560638533005 pleio
70 144.419405 -1.22974782534263 pleio
71 144.423461 -1.22242415068173 pleio
72 144.427517 -1.15295554214584 pleio
73 144.431573 -1.09335815993532 pleio
74 144.437408 -1.06414650772653 pleio
75 144.440911 -1.03414728261561 pleio
76 144.442944 -1.0051745488404 pleio
77 144.444976 -0.946728257452628 pleio
78 144.447008 -0.868355113994605 pleio
79 144.44904 -0.797300434470579 pleio
80 144.454745 -0.75417036310971 pleio
81 144.498681 -0.718094526220115 pleio
82 144.558267 -0.693455537705316 pleio
83 144.587405 -0.606575605244866 pleio
84 144.587686 -0.419210799763118 pleio
85 144.587968 -0.240928286738994 pleio
86 144.617027 -0.158971069101018 pleio
87 144.705848 0 pleio
88 144.716797 -0.152686104723156 pleio
89 144.727745 -0.405800596129563 pleio
90 144.897381 -0.436713380087128 pleio
91 144.903395 -0.415914270167768 pleio
92 144.909409 -0.403216332896816 pleio
93 144.916914 -0.398666817662553 pleio
94 144.947844 -0.41106004280871 pleio
95 144.978774 -0.42795672776107 pleio
96 145.106694 -0.323981365113701 pleio
97 145.224788 -0.18092408811823 pleio
98 145.342881 -0.631383904632714 pleio
99 145.729503 -1.54309950517648 pleio
100 145.916546 -1.72344556603685 pleio
101 146.10359 -1.65135138600674 pleio
102 146.240909 -1.7117883948807 pleio
103 146.283615 -1.97245036825034 pleio
104 146.304543 -1.91481062715877 pleio
105 146.314537 -1.86508528187037 pleio
106 146.319976 -1.82372120453923 pleio
107 146.322338 -1.79107452913824 pleio
108 146.3247 -1.7674008946716 pleio
109 146.327062 -1.75284205405069 pleio
110 146.329424 -1.74742200326227 pleio
111 146.331786 -1.75104863477982 pleio
112 146.334148 -1.76351560435854 pleio
113 146.33651 -2.10937858666997 pleio
114 146.643419 -2.38639101607847 pleio
115 146.654632 -2.35749714854559 pleio
116 146.665844 -2.3328494448898 pleio
117 146.677056 -2.3157251444088 pleio
118 146.688269 -2.25156558327664 pleio
119 146.69133 -2.18618166983769 pleio
120 146.694026 -2.19591869173234 pleio
121 146.696722 -2.29694453589824 pleio
122 146.699418 -2.49002196957491 pleio
123 146.702114 -2.75744905254738 pleio
124 146.70481 -2.8119405297192 pleio
125 146.707507 -2.80686030550742 pleio
126 146.710838 -2.80405184193921 pleio
127 146.716274 -2.8036312167024 pleio
128 146.72171 -2.80568769873689 pleio
129 146.727146 -2.81028064576601 pleio
130 146.734615 -2.8075457121432 pleio
131 146.80381 -2.80675367282428 pleio
132 146.862885 -2.77872015111231 pleio
133 146.863965 -2.7900750708751 pleio
134 146.865044 -2.87657585369374 pleio
135 146.87452 -3.03771135137006 pleio
136 146.889753 -3.20314818963202 pleio
137 146.904986 -3.21058759448581 pleio
138 147.064187 -3.04273371305432 pleio
139 147.069549 -2.78683215683247 pleio
140 147.074911 -2.58130149218169 pleio
141 147.080273 -2.4220148016028 pleio
142 147.089309 -2.28600990286733 pleio
143 147.114764 -2.16958893728618 pleio
144 147.137425 -2.15228865471191 pleio
145 147.157965 -2.12312623538847 pleio
146 147.178504 -2.09711081249764 pleio
147 147.221814 -1.62969285096217 pleio
148 147.253583 -1.79433726364232 pleio
149 147.272554 -1.65262373563244 pleio
150 147.275576 -1.53410727060688 pleio
151 147.278599 -1.47619247033044 pleio
152 147.281622 -1.42301339184141 pleio
153 147.284644 -1.41400229672665 pleio
154 147.286194 -1.45087890803443 pleio
155 147.286753 -1.53353830867059 pleio
156 147.287312 -1.66007911829588 pleio
157 147.287872 -1.8270158704447 pleio
158 147.290648 -2.02107554876594 pleio
159 147.299484 -2.23842414411561 pleio
160 147.327447 -2.79920092701198 pleio
161 147.35561 -2.81649548186833 pleio
162 147.383773 -3.42946275135455 pleio
163 147.397845 -3.46223692896247 pleio
164 147.402328 -3.49584951785971 pleio
165 147.406811 -3.53075736392997 pleio
166 147.411546 -3.56558732182619 pleio
167 147.442387 -3.60012705858468 pleio
168 147.535843 -3.60885603423417 pleio
169 147.551736 -3.90373125832517 pleio
170 147.555599 -4.52490377557819 pleio
171 147.559461 -4.78471567086389 pleio
172 147.563362 -4.91242709072091 pleio
173 147.583398 -5.54079749059676 pleio
174 147.602453 -5.88656456856247 pleio
175 147.621507 -6.12327138220554 pleio
176 147.682611 -6.17390424341545 pleio
177 147.68996 -6.19887228238755 pleio
178 147.695588 -6.25118877767301 pleio
179 147.701215 -6.29121271673714 pleio
180 147.706843 -6.08628535477917 pleio
181 147.719435 -5.79536009914687 pleio
182 147.737975 -5.78588814803236 pleio
183 147.751499 -5.78693120713695 pleio
184 147.760277 -5.77984246777039 pleio
185 147.769056 -5.76332264532285 pleio
186 147.777834 -5.74820595279699 pleio
187 147.786613 -5.78339924310553 pleio
188 147.795391 -6.2226531314263 pleio
189 147.816836 -6.59822672270554 pleio
190 147.850698 -6.69435184147014 pleio
191 147.88456 -6.77349698974505 pleio
192 147.914702 -6.7540893314643 pleio
193 147.91491 -6.69197043962017 pleio
194 147.915116 -6.63453281983446 pleio
195 147.915322 -6.58271600224781 pleio
196 147.915527 -6.53737082635801 pleio
197 147.915733 -6.49921701226421 pleio
198 147.916803 -6.4704758130151 pleio
199 147.923623 -6.47314552981885 pleio
200 147.930444 -6.46952927424962 pleio
201 147.937264 -6.46562626894656 pleio
202 147.944084 -6.44719985056645 pleio
203 147.949324 -6.44270206263631 pleio
204 147.953121 -6.5644091074252 pleio
205 147.956917 -6.79591061879435 pleio
206 147.960714 -7.06417262182598 pleio
207 147.964511 -7.353035877077 pleio
208 147.968307 -7.54458758699224 pleio
209 147.973733 -7.66335739893793 pleio
210 147.982072 -7.68509825445305 pleio
211 147.982175 -7.67820650085728 pleio
212 147.982278 -7.67106808831299 pleio
213 147.986316 -7.63374659383842 pleio
214 147.986987 -7.52598273611071 pleio
215 147.987657 -7.47069188079139 pleio
216 147.988327 -7.46872965848003 pleio
217 147.988998 -7.51488716149238 pleio
218 147.989668 -7.5786945217062 pleio
219 148.006053 -7.58783410230868 pleio
220 148.013144 -7.55555009420673 pleio
221 148.020236 -7.5405351371244 pleio
222 148.027327 -7.54267807219289 pleio
223 148.033269 -7.56126658028243 pleio
224 148.037078 -7.59500831631544 pleio
225 148.040918 -7.72623374716964 pleio
226 148.046494 -7.98637016873712 pleio
227 148.05207 -8.38771829694578 pleio
228 148.180347 -8.8015188430052 pleio
229 148.183086 -8.90048881753956 pleio
230 148.185825 -8.99466042541684 pleio
231 148.188563 -9.08376783616525 pleio
232 148.191302 -9.19109622134257 pleio
233 148.194041 -9.28084754614615 pleio
234 148.19678 -9.34786699096852 pleio
235 148.200032 -9.40615436375407 pleio
236 148.204884 -9.46717767633982 pleio
237 148.213021 -9.53521477831152 pleio
238 148.213171 -9.65515847573172 pleio
239 148.213321 -9.81178150477848 pleio
240 148.326473 -9.98997647605713 pleio
241 148.333368 -10.1377312293438 pleio
242 148.340263 -10.1452541571141 pleio
243 148.347157 -10.1363247879684 pleio
244 148.354052 -10.0887418055465 pleio
245 148.362946 -10.0424122840948 pleio
246 148.380016 -10.0056128539514 pleio
247 148.403283 -9.9942511530158 pleio
248 148.42655 -9.96621951330302 pleio
249 148.430037 -9.96721237731376 pleio
250 148.4319 -9.96950102389631 pleio
251 148.433763 -9.97295009961861 pleio
252 148.435626 -10.1667942626697 pleio
253 148.437489 -10.4077171360473 pleio
254 148.439352 -10.4794108158164 pleio
255 148.441214 -10.4732632534812 pleio
256 148.443077 -10.4496320874254 pleio
257 148.44494 -10.406983118113 pleio
258 148.446803 -10.3461354567582 pleio
259 148.453459 -10.2924088600258 pleio
260 148.477993 -10.2591483801068 pleio
261 148.493526 -10.2092158538717 pleio
262 148.493644 -10.1584649498373 pleio
263 148.493762 -10.1088016675767 pleio
264 148.502187 -10.0067026276015 pleio
265 148.624196 -10.0254780412656 pleio
266 148.648833 -10.6673409927551 pleio
267 148.673469 -11.3075340921064 pleio
268 148.812084 -11.2692567961327 pleio
269 148.815025 -11.2494133198677 pleio
270 142.490795 -1.16214786909027 profile1
271 142.517426 -1.14340817761783 profile1
272 142.560149 -1.12316741920091 profile1
273 142.602873 -1.10366167679622 profile1
274 142.64402 -1.08484668122331 profile1
275 142.685103 -1.21630764918409 profile1
276 142.726186 -1.24808764654806 profile1
277 142.767269 -1.23094129033242 profile1
278 142.808353 -1.21107949688284 profile1
279 142.849436 -1.1823800083547 profile1
280 142.876943 -1.15580050320793 profile1
281 142.880371 -1.13129197474353 profile1
282 142.883799 -1.10898724489197 profile1
283 142.904956 -1.08967040994036 profile1
284 142.989329 -1.06510411001804 profile1
285 143.073701 -1.04336097842561 profile1
286 143.155273 -1.05421407429094 profile1
287 143.159416 -1.09496311208603 profile1
288 143.163559 -1.13428993611299 profile1
289 143.167702 -1.15450493503218 profile1
290 143.171846 -1.17825267990624 profile1
291 143.175989 -1.20470544569073 profile1
292 143.180132 -1.2329104736494 profile1
293 143.240265 -1.22203432708939 profile1
294 143.324863 -1.15507563104273 profile1
295 143.409462 -0.821918163750754 profile1
296 143.484637 -0.793788947345183 profile1
297 143.487347 -0.773036742289651 profile1
298 143.490056 -0.739383753716103 profile1
299 143.492766 -0.705725730873071 profile1
300 143.495555 -0.672091420028641 profile1
301 143.498344 -0.638521783161641 profile1
302 143.501132 -0.606287292331685 profile1
303 143.521072 -0.569242392918504 profile1
304 143.53778 -0.526179628733557 profile1
305 143.554489 -0.497443325633454 profile1
306 143.570345 -0.486888630268942 profile1
307 143.571477 -0.488833297699352 profile1
308 143.572611 -0.500764106591503 profile1
309 143.574439 -0.520655272926035 profile1
310 143.699438 -0.352028020472375 profile1
311 143.824436 -0.286168937456957 profile1
312 143.915168 -0.561934712171681 profile1
313 143.920616 -0.402027328835695 profile1
314 143.926063 -0.237289418800664 profile1
315 143.93182 -0.0785243627442446 profile1
316 143.935901 0.202080308180932 profile1
317 143.939982 0.488889682463382 profile1
318 143.944917 0.774995585580638 profile1
319 143.975668 1.05144204258387 profile1
320 144.013221 1.11815921775621 profile1
321 144.051716 1.14243055696481 profile1
322 144.090211 1.15551386628909 profile1
323 144.128706 1.16605320682963 profile1
324 144.167202 1.17631512741874 profile1
325 144.176428 1.1863830777518 profile1
326 144.180816 1.19635900553086 profile1
327 144.185205 1.20635575298002 profile1
328 144.348163 1.46882139900574 profile1
329 144.361337 1.4751341554615 profile1
330 144.363468 1.52915184014362 profile1
331 144.365599 1.60801200385611 profile1
332 144.367577 1.67992918883574 profile1
333 144.375504 1.73349775304466 profile1
334 144.385418 1.74710501351766 profile1
335 144.395332 1.72115159269808 profile1
336 144.407236 1.72842788484544 profile1
337 144.411293 1.76444087409703 profile1
338 144.415349 1.79246869900023 profile1
339 144.419405 1.81261360061117 profile1
340 144.423461 1.82505684454632 profile1
341 144.427517 1.90468891511741 profile1
342 144.431573 1.97712665609444 profile1
343 144.437408 2.02036052686504 profile1
344 144.440911 2.06245391550925 profile1
345 144.442944 2.10376478353318 profile1
346 144.444976 2.13445798358086 profile1
347 144.447008 2.15477367750464 profile1
348 144.44904 2.1725722268448 profile1
349 144.454745 2.15772808010451 profile1
350 144.498681 2.14080233466842 profile1
351 144.558267 2.12566134755202 profile1
352 144.587405 2.17182346748976 profile1
353 144.587686 2.26808996473877 profile1
354 144.587968 2.35726682882741 profile1
355 144.617027 2.39634061144236 profile1
356 144.705848 2.78335620732382 profile1
357 144.716797 2.89676354560973 profile1
358 144.727745 2.76667505808986 profile1
359 144.897381 2.78081876731502 profile1
360 144.903395 2.83464284844475 profile1
361 144.909409 2.88670635102769 profile1
362 144.916914 2.93681150626467 profile1
363 144.947844 2.96103901288848 profile1
364 144.978774 2.98304325233042 profile1
365 145.106694 3.05554215344811 profile1
366 145.224788 2.64306278308213 profile1
367 145.342881 2.25548909988147 profile1
368 145.729503 1.30419095671352 profile1
369 146.863965 -0.130225842164826 profile1
370 146.865044 -0.237600693792853 profile1
371 146.87452 -0.331435586447862 profile1
372 146.889753 -0.398894221826174 profile1
373 146.904986 -0.42361235957431 profile1
374 147.064187 -0.472491840635002 profile1
375 147.069549 -0.559568752211377 profile1
376 147.074911 -0.65605386251019 profile1
377 147.080273 -0.751260378633565 profile1
378 147.089309 -0.809927566082728 profile1
379 147.114764 -0.812213877207662 profile1
380 147.137425 -0.812437801503075 profile1
381 147.253583 -1.57137506920076 profile1
382 147.272554 -1.51013301590195 profile1
383 147.275576 -1.46642519211223 profile1
384 147.278599 -1.4422135206026 profile1
385 147.281622 -1.42301339184141 profile1
386 147.284644 -1.41206978239868 profile1
387 147.286194 -1.40991561067733 profile1
388 147.286753 -1.41666894925022 profile1
389 147.287312 -1.43202336563894 profile1
390 147.287872 -1.45529309995757 profile1
391 147.290648 -1.48744560271834 profile1
392 147.299484 -1.52427143650036 profile1
393 147.327447 -1.71924549065492 profile1
394 147.35561 -1.73252916768243 profile1
395 147.383773 -1.94779348461862 profile1
396 147.397845 -1.97335582207172 profile1
397 147.402328 -1.9990225929422 profile1
398 147.406811 -2.02490850306308 profile1
399 147.411546 -2.05021742461441 profile1
400 147.442387 -2.07493902537724 profile1
401 147.535843 -2.08033924782493 profile1
402 147.551736 -2.11289827746817 profile1
403 147.555599 -2.21724383674391 profile1
404 147.559461 -2.21462493401124 profile1
405 147.563362 -2.17564715835879 profile1
406 147.583398 -2.37200442773366 profile1
407 147.602453 -2.47213425079838 profile1
408 147.621507 -2.52658907713016 profile1
409 147.682611 -2.53988987191786 profile1
410 147.68996 -2.54368640724722 profile1
411 147.695588 -2.53712212961416 profile1
412 145.916546 1.07974007757846 profile1
413 146.10359 1.05892125996268 profile1
414 146.240909 0.955572379129374 profile1
415 146.283615 0.81282817529217 profile1
416 146.304543 0.80765847190794 profile1
417 146.314537 0.801548417450911 profile1
418 146.319976 0.794490315120912 profile1
419 146.322338 0.786476849745767 profile1
420 146.3247 0.777500433996918 profile1
421 146.327062 0.767556014899757 profile1
422 146.329424 0.756638621491636 profile1
423 146.331786 0.744746096430518 profile1
424 146.334148 0.731878692112496 profile1
425 146.33651 0.481597212239815 profile1
426 146.643419 0.253610934086194 profile1
427 146.654632 0.258427535855346 profile1
428 146.665844 0.259818619996429 profile1
429 146.677056 0.255962097879393 profile1
430 146.688269 0.245216885356212 profile1
431 146.69133 0.243347118499575 profile1
432 146.694026 0.238068151055933 profile1
433 146.696722 0.226877973605607 profile1
434 146.699418 0.20834062539063 profile1
435 146.702114 0.182882200573986 profile1
436 146.70481 0.162690347588177 profile1
437 146.707507 0.140673212027369 profile1
438 146.710838 0.119376815112984 profile1
439 146.716274 0.0988518928459368 profile1
440 146.72171 0.0791359237952313 profile1
441 146.727146 0.0602546778964205 profile1
442 146.734615 0.061702446502192 profile1
443 146.80381 0.0631710400874566 profile1
444 146.862885 -0.0148720921296341 profile1
445 147.157965 -0.758779157503969 profile1
446 147.178504 -0.687072156706765 profile1
447 147.221814 -1.11899586669977 profile1
448 147.701215 -2.51650833338566 profile1
449 147.706843 -2.15624512063571 profile1
450 147.719435 -1.67415399095496 profile1
451 147.737975 -1.66317090567927 profile1
452 147.751499 -1.6678511470447 profile1
453 147.760277 -1.667502846803 profile1
454 147.769056 -1.66133889410159 profile1
455 147.777834 -1.65510766603215 profile1
456 147.786613 -1.59877881337756 profile1
457 147.795391 -2.05964192030386 profile1
458 147.816836 -2.33486617091359 profile1
459 147.850698 -2.4213608467878 profile1
460 147.88456 -2.47924488986136 profile1
461 147.914702 -2.49657185876555 profile1
462 147.91491 -2.47234472208118 profile1
463 147.915116 -2.44761363678094 profile1
464 147.915322 -2.42302226418176 profile1
465 147.915527 -2.39923446739623 profile1
466 147.915733 -2.37688830919099 profile1
467 147.916803 -2.35773424795918 profile1
468 147.923623 -2.35841256414341 profile1
469 147.930444 -2.35881651460752 profile1
470 147.937264 -2.35908237915795 profile1
471 147.944084 -2.37203170664898 profile1
472 147.949324 -2.39692442248676 profile1
473 147.953121 -2.53572777347711 profile1
474 147.956917 -2.77659083675967 profile1
475 147.960714 -3.04343152276942 profile1
476 147.964511 -3.31651249764072 profile1
477 147.968307 -3.53218380535253 profile1
478 147.973733 -3.66731556486078 profile1
479 147.982072 -3.64721391402239 profile1
480 147.982175 -3.62160401749302 profile1
481 147.982278 -3.59559943865986 profile1
482 147.986316 -3.544082031027 profile1
483 147.986987 -3.40425585581853 profile1
484 147.987657 -3.26271335035946 profile1
485 147.988327 -3.12688228570834 profile1
486 147.988998 -3.00326001589602 profile1
487 147.989668 -2.90784382895854 profile1
488 148.006053 -2.8685114352027 profile1
489 148.013144 -2.85278757100952 profile1
490 148.020236 -2.84250729282017 profile1
491 148.027327 -2.83805830853576 profile1
492 148.033269 -2.83966062009394 profile1
493 148.037078 -2.8473412834959 profile1
494 148.040918 -2.84426333503596 profile1
495 148.046494 -2.98999751331485 profile1
496 148.05207 -3.2281490097707 profile1
497 148.180347 -3.4465110188506 profile1
498 148.183086 -3.42214143282763 profile1
499 148.185825 -3.4002555805574 profile1
500 148.188563 -3.38163453165749 profile1
501 148.191302 -3.38954477369298 profile1
502 148.194041 -3.38019766431345 profile1
503 148.19678 -3.36383448785146 profile1
504 148.200032 -3.3605643388933 profile1
505 148.204884 -3.35819635535654 profile1
506 148.213021 -3.35979966211257 profile1
507 148.213171 -3.38867602554571 profile1
508 148.213321 -3.42447157466065 profile1
509 148.326473 -3.47030696306761 profile1
510 148.333368 -3.56324736778768 profile1
511 148.340263 -3.59937480649285 profile1
512 148.347157 -3.62538512007176 profile1
513 148.354052 -3.63233627450261 profile1
514 148.362946 -3.63891994081654 profile1
515 148.380016 -3.64257261181475 profile1
516 148.403283 -3.64113264376262 profile1
517 148.42655 -3.64044327689205 profile1
518 148.430037 -3.64965901330636 profile1
519 148.4319 -3.65977693332996 profile1
520 148.433763 -3.67073150508001 profile1
521 148.435626 -3.79116501945131 profile1
522 148.437489 -3.91486148918556 profile1
523 148.439352 -3.99884855657759 profile1
524 148.441214 -4.06462877263408 profile1
525 148.443077 -4.11243963993474 profile1
526 148.44494 -4.13928509801832 profile1
527 148.446803 -4.14526967598226 profile1
528 148.453459 -4.14422505319001 profile1
529 148.477993 -4.15142790861382 profile1
530 148.493526 -4.14104418216521 profile1
531 148.493644 -4.12906188423012 profile1
532 148.493762 -4.11747138313359 profile1
533 148.502187 -4.10404811880652 profile1
534 148.624196 -4.18994717802564 profile1
535 148.648833 -4.14835900694358 profile1
536 148.673469 -4.07048443775062 profile1
537 148.812084 -4.19039065300781 profile1
538 148.815025 -4.18909713101387 profile1
539 142.490795 -3.57674385830656 profile2
540 142.517426 -3.54554688202825 profile2
541 142.560149 -3.51254846843936 profile2
542 142.602873 -3.47975955790817 profile2
543 142.64402 -3.44704990591361 profile2
544 142.685103 -3.41621778766796 profile2
545 142.726186 -3.38466006721111 profile2
546 142.767269 -3.35221833721775 profile2
547 142.808353 -3.31363732518591 profile2
548 142.849436 -3.25782751091594 profile2
549 142.876943 -3.20556019619901 profile2
550 142.880371 -3.15632163314869 profile2
551 142.883799 -3.11038078881864 profile2
552 142.904956 -3.06878533486098 profile2
553 142.989329 -2.98045518760625 profile2
554 143.073701 -2.90282286462218 profile2
555 143.155273 -2.85447123289739 profile2
556 143.159416 -2.79745667500158 profile2
557 143.163559 -2.74272039912594 profile2
558 143.167702 -2.69922072952024 profile2
559 143.171846 -2.65548884079461 profile2
560 143.175989 -2.6123595977088 profile2
561 143.180132 -2.57038282906556 profile2
562 143.240265 -2.55932853065918 profile2
563 143.324863 -2.68000279669204 profile2
564 143.409462 -3.07535386532463 profile2
565 143.484637 -3.06226418376784 profile2
566 143.487347 -3.06826648476577 profile2
567 143.490056 -3.05393369908098 profile2
568 143.492766 -3.04128526023974 profile2
569 143.495555 -3.03027153454052 profile2
570 143.498344 -3.02083731988995 profile2
571 143.501132 -3.01944537660689 profile2
572 143.521072 -3.00103982096021 profile2
573 143.53778 -2.97276107644539 profile2
574 143.554489 -2.79597347719191 profile2
575 143.570345 -2.5331122878787 profile2
576 143.571477 -2.26104792829085 profile2
577 143.572611 -1.99264566773567 profile2
578 143.574439 -1.74128573821233 profile2
579 143.699438 -1.65414789974798 profile2
580 143.824436 -1.48379391109671 profile2
581 143.915168 -1.3963565154648 profile2
582 143.920616 -1.39237194098259 profile2
583 143.926063 -1.3857081067247 profile2
584 143.93182 -1.28081939664894 profile2
585 143.935901 -1.13558534590821 profile2
586 143.939982 -1.03208695414548 profile2
587 143.944917 -0.974337978583933 profile2
588 143.975668 -0.963241937331234 profile2
589 144.013221 -0.945893036320524 profile2
590 144.051716 -0.92791390329991 profile2
591 144.090211 -0.924866540891369 profile2
592 144.128706 -0.930046580946211 profile2
593 144.167202 -0.934706724606108 profile2
594 144.176428 -0.939132248629212 profile2
595 144.180816 -0.943574746999225 profile2
596 144.185205 -0.947781971821971 profile2
597 144.348163 -0.925871239079652 profile2
598 144.361337 -0.693894564550518 profile2
599 144.363468 -0.51187298591225 profile2
600 144.365599 -0.333124773153073 profile2
601 144.367577 -0.20731658832064 profile2
602 144.375504 -0.13130582456912 profile2
603 144.385418 -0.100315278744867 profile2
604 144.395332 -0.114838975226735 profile2
605 144.407236 -0.132028215884681 profile2
606 144.411293 -0.134090874241414 profile2
607 144.415349 -0.137724069510295 profile2
608 144.419405 -0.142961422011869 profile2
609 144.423461 -0.149828011336092 profile2
610 144.427517 -0.155107252745803 profile2
611 144.431573 -0.164127179595303 profile2
612 144.437408 -0.178684582464977 profile2
613 144.440911 -0.196511124599228 profile2
614 144.442944 -0.214268100391973 profile2
615 144.444976 -0.184594879985155 profile2
616 144.447008 -0.119382045578653 profile2
617 144.44904 -0.0599583260106768 profile2
618 144.454745 0.00717902649856983 profile2
619 144.498681 0.0680914725528905 profile2
620 144.558267 0.114100092661455 profile2
621 144.587405 0.147616112350902 profile2
622 144.587686 0.225551916386916 profile2
623 144.587968 0.308737829510566 profile2
624 144.617027 0.352675062638922 profile2
625 144.705848 0.175246135853363 profile2
626 144.716797 -0.0479181097787523 profile2
627 144.727745 -0.136789360579911 profile2
628 144.897381 -0.175158835197931 profile2
629 144.903395 -0.207446259948948 profile2
630 144.909409 -0.248710959927809 profile2
631 144.916914 -0.298814474526952 profile2
632 144.947844 -0.340864088909993 profile2
633 144.978774 -0.385774355973076 profile2
634 145.106694 -0.323981365113701 profile2
635 145.224788 0.247610083158362 profile2
636 145.342881 0.183945358332667 profile2
637 145.729503 0.128603826260463 profile2
638 145.916546 0.0678792176834278 profile2
639 146.10359 0.136890436503193 profile2
640 146.240909 0.160237063055145 profile2
641 146.283615 0.0389311059858266 profile2
642 146.304543 0.109633479025498 profile2
643 146.314537 0.173824250057288 profile2
644 146.319976 0.231000346714499 profile2
645 146.322338 0.280755372976485 profile2
646 146.3247 0.322793221920898 profile2
647 146.327062 0.356940098307743 profile2
648 146.329424 0.383151994664155 profile2
649 146.331786 0.401508748587512 profile2
650 146.334148 0.412210968746058 profile2
651 146.33651 0.371956111159703 profile2
652 146.643419 0.305253691277102 profile2
653 146.654632 0.335253253355355 profile2
654 146.665844 0.362473641197039 profile2
655 146.677056 0.385430600068103 profile2
656 146.688269 0.494957555233791 profile2
657 146.69133 0.611456990456791 profile2
658 146.694026 0.634406076531658 profile2
659 146.696722 0.544269154118168 profile2
660 146.699418 0.342014738677878 profile2
661 146.702114 0.0513651995097358 profile2
662 146.70481 0.00309410937407628 profile2
663 146.707507 0.0275628069907743 profile2
664 146.710838 0.048741092716333 profile2
665 146.716274 0.0665029567197526 profile2
666 146.72171 0.0807653761407543 profile2
667 146.727146 0.0914886305367058 profile2
668 146.734615 0.0898671671428423 profile2
669 146.80381 0.0871652930768901 profile2
670 146.862885 0.240847817974089 profile2
671 146.863965 0.423345023989772 profile2
672 146.865044 0.513496376777957 profile2
673 146.87452 0.502081537949305 profile2
674 146.889753 0.445375550020752 profile2
675 146.904986 0.479906750722996 profile2
676 147.064187 0.703531363939042 profile2
677 147.069549 1.07192382818572 profile2
678 147.074911 1.37647633890267 profile2
679 147.080273 1.61256247628222 profile2
680 147.089309 1.790726133382 profile2
681 147.114764 1.89913887693761 profile2
682 147.137425 1.91451868544019 profile2
683 147.157965 1.89337903720877 profile2
684 147.178504 1.85934770476829 profile2
685 147.221814 2.62103452341431 profile2
686 147.253583 2.92679992732784 profile2
687 147.272554 2.97934268950313 profile2
688 147.275576 3.03444882402971 profile2
689 147.278599 3.05255168377771 profile2
690 147.281622 3.05554215344811 profile2
691 147.284644 3.02421573110517 profile2
692 147.286194 2.95784098222281 profile2
693 147.286753 2.85699597508449 profile2
694 147.287312 2.72351293342062 profile2
695 147.287872 2.56030372440195 profile2
696 147.290648 2.37700664620587 profile2
697 147.299484 2.17324305240991 profile2
698 147.327447 1.71541107588837 profile2
699 147.35561 1.71501384233653 profile2
700 147.383773 1.45989571481838 profile2
701 147.397845 1.44922115780059 profile2
702 147.402328 1.43710198911541 profile2
703 147.406811 1.4233665402735 profile2
704 147.411546 1.40834553461963 profile2
705 147.442387 1.39226080632815 profile2
706 147.535843 1.38645207013326 profile2
707 147.551736 1.16641891687364 profile2
708 147.555599 0.762091539415837 profile2
709 147.559461 0.549170399382921 profile2
710 147.563362 0.394223742398757 profile2
711 147.583398 0.0156588454840372 profile2
712 147.602453 -0.198628617214537 profile2
713 147.621507 -0.3596249756142 profile2
714 147.682611 -0.392186240460309 profile2
715 147.68996 -0.414087269132563 profile2
716 147.695588 -0.472647593283584 profile2
717 147.701215 -0.524293235380364 profile2
718 147.706843 -0.656674090026442 profile2
719 147.719435 -0.848189180999356 profile2
720 147.737975 -0.854648701890754 profile2
721 147.751499 -0.852938158843186 profile2
722 147.760277 -0.848717403860204 profile2
723 147.769056 -0.841309013658877 profile2
724 147.777834 -0.835549445454486 profile2
725 147.786613 -0.938902520891695 profile2
726 147.795391 -0.966728553017386 profile2
727 147.816836 -1.05071832017168 profile2
728 147.850698 -1.12334672254569 profile2
729 147.88456 -1.22542235182632 profile2
730 147.914702 -1.21064281940992 profile2
731 147.91491 -1.18324605110342 profile2
732 147.915116 -1.16110173137151 profile2
733 147.915322 -1.14438211582799 profile2
734 147.915527 -1.13308223495395 profile2
735 147.915733 -1.12703841876846 profile2
736 147.916803 -1.12616305585096 profile2
737 147.923623 -1.13161923951022 profile2
738 147.930444 -1.13377365267098 profile2
739 147.937264 -1.13600479833456 profile2
740 147.944084 -1.11432611323708 profile2
741 147.949324 -1.10330088016612 profile2
742 147.953121 -1.10274846474264 profile2
743 147.956917 -1.10118006973974 profile2
744 147.960714 -1.10520637708819 profile2
745 147.964511 -1.11924087238192 profile2
746 147.968307 -1.10340674634737 profile2
747 147.973733 -1.1030375630087 profile2
748 147.982072 -1.16992993274483 profile2
749 147.982175 -1.22113548523746 profile2
750 147.982278 -1.27166630228683 profile2
751 147.986316 -1.32035711733968 profile2
752 147.986987 -1.39797546337253 profile2
753 147.987657 -1.52647916208665 profile2
754 147.988327 -1.69772646584319 profile2
755 147.988998 -1.8986135989968 profile2
756 147.989668 -2.07280922830566 profile2
757 148.006053 -2.09807557495894 profile2
758 148.013144 -2.08033710578465 profile2
759 148.020236 -2.07589167165686 profile2
760 148.027327 -2.0843291600628 profile2
761 148.033269 -2.10477319708178 profile2
762 148.037078 -2.13592550559019 profile2
763 148.040918 -2.2807953092562 profile2
764 148.046494 -2.34590700534115 profile2
765 148.05207 -2.47570419361193 profile2
766 148.180347 -2.65400904677654 profile2
767 148.183086 -2.75061984793371 profile2
768 148.185825 -2.84127010219363 profile2
769 148.188563 -2.9238337794536 profile2
770 148.191302 -2.9341713038113 profile2
771 148.194041 -2.94003597215529 profile2
772 148.19678 -2.95643941534505 profile2
773 148.200032 -2.9991679477753 profile2
774 148.204884 -3.04422477813874 profile2
775 148.213021 -3.09633989144929 profile2
776 148.213171 -3.20045401056761 profile2
777 148.213321 -3.33904472785397 profile2
778 148.326473 -3.48284253130405 profile2
779 148.333368 -3.49479785849057 profile2
780 148.340263 -3.44994324589609 profile2
781 148.347157 -3.39914256783503 profile2
782 148.354052 -3.32779516572977 profile2
783 148.362946 -3.2568177600092 profile2
784 148.380016 -3.20014669683343 profile2
785 148.403283 -3.18349226847668 profile2
786 148.42655 -3.13830163017481 profile2
787 148.430037 -3.10800337642832 profile2
788 148.4319 -3.07894502737088 profile2
789 148.433763 -3.05118873113296 profile2
790 148.435626 -3.08888071274255 profile2
791 148.437489 -3.17794332098296 profile2
792 148.439352 -3.13638722304204 profile2
793 148.441214 -3.04441217920737 profile2
794 148.443077 -2.96510431899809 profile2
795 148.44494 -2.89991645524509 profile2
796 148.446803 -2.84834650918341 profile2
797 148.453459 -2.8101109646117 profile2
798 148.477993 -2.77350573525179 profile2
799 148.493526 -2.7377518140566 profile2
800 148.493644 -2.70457501383611 profile2
801 148.493762 -2.67384002850371 profile2
802 148.502187 -2.62968870778162 profile2
803 148.624196 -2.66158639086887 profile2
804 148.648833 -3.34942632149485 profile2
805 148.673469 -4.11730083373243 profile2
806 148.812084 -4.08077001261184 profile2
807 148.815025 -4.03072892683197 profile2
