marker_position lod trace
1 142.490795 -20.3116392321687 pleio
2 142.517426 -20.221885798293 pleio
3 142.560149 -20.1262087090967 pleio
4 142.602873 -20.0309672312291 pleio
5 142.64402 -19.9360700216677 pleio
6 142.685103 -19.8679029906382 pleio
7 142.726186 -19.7716535505748 pleio
8 142.767269 -19.6756666475176 pleio
9 142.808353 -19.5703121437088 pleio
10 142.849436 -19.4366074415247 pleio
11 142.876943 -19.3078637329655 pleio
12 142.880371 -19.1840218884422 pleio
13 142.883799 -19.0654992921718 pleio
14 142.904956 -18.9538812067833 pleio
15 142.989329 -18.866479158155 pleio
16 143.073701 -18.7933947677424 pleio
17 143.155273 -18.7370104777684 pleio
18 143.159416 -18.6892280900759 pleio
19 143.163559 -18.6363008804918 pleio
20 143.167702 -18.5981789115875 pleio
21 143.171846 -18.5696407345107 pleio
22 143.175989 -18.5507874110926 pleio
23 143.180132 -18.5398182854002 pleio
24 143.240265 -18.4634036307794 pleio
25 143.324863 -17.9285968073827 pleio
26 143.409462 -17.4145698468696 pleio
27 143.484637 -17.4083324824893 pleio
28 143.487347 -17.437567638892 pleio
29 143.490056 -17.3924134057732 pleio
30 143.492766 -17.3532502146972 pleio
31 143.495555 -17.3200209573331 pleio
32 143.498344 -17.2926300982112 pleio
33 143.501132 -17.2714738809323 pleio
34 143.521072 -17.2139071416538 pleio
35 143.53778 -17.1370249414936 pleio
36 143.554489 -17.0785268380971 pleio
37 143.570345 -17.0357239397954 pleio
38 143.571477 -17.0043743619875 pleio
39 143.572611 -16.9854095404647 pleio
40 143.574439 -16.9793546183443 pleio
41 143.699438 -17.305992206082 pleio
42 143.824436 -16.7337520146572 pleio
43 143.915168 -16.2041147317569 pleio
44 143.920616 -16.1767118996991 pleio
45 143.926063 -16.1433243703822 pleio
46 143.93182 -16.0266262417724 pleio
47 143.935901 -15.7986846711842 pleio
48 143.939982 -15.5928348418702 pleio
49 143.944917 -15.4124979179741 pleio
50 143.975668 -15.2610494546265 pleio
51 144.013221 -15.2521542405334 pleio
52 144.051716 -15.2699095914188 pleio
53 144.090211 -15.281334362553 pleio
54 144.128706 -15.2786469776524 pleio
55 144.167202 -15.2752556332111 pleio
56 144.176428 -15.2716501212928 pleio
57 144.180816 -15.2682806827363 pleio
58 144.185205 -15.2668748186882 pleio
59 144.348163 -14.7645623580782 pleio
60 144.361337 -14.1251056388516 pleio
61 144.363468 -13.5487993088632 pleio
62 144.365599 -12.9900880457824 pleio
63 144.367577 -12.5937140658629 pleio
64 144.375504 -12.2859645840704 pleio
65 144.385418 -12.0517366213889 pleio
66 144.395332 -11.8956394685048 pleio
67 144.407236 -11.8254812048631 pleio
68 144.411293 -11.7829559122633 pleio
69 144.415349 -11.7511778917023 pleio
70 144.419405 -11.7301819029748 pleio
71 144.423461 -11.7199103867296 pleio
72 144.427517 -11.5924412995315 pleio
73 144.431573 -11.4649105210861 pleio
74 144.437408 -11.383384539564 pleio
75 144.440911 -11.3785062021098 pleio
76 144.442944 -11.3776155876234 pleio
77 144.444976 -11.3155232521547 pleio
78 144.447008 -11.2069210852788 pleio
79 144.44904 -11.1084492496765 pleio
80 144.454745 -11.0082938005805 pleio
81 144.498681 -10.9158769179324 pleio
82 144.558267 -10.8397717292252 pleio
83 144.587405 -10.7065351263321 pleio
84 144.587686 -10.5188822944153 pleio
85 144.587968 -10.3374775795147 pleio
86 144.617027 -10.2150162479324 pleio
87 144.705848 -9.89895498887837 pleio
88 144.716797 -9.96842708473092 pleio
89 144.727745 -9.9007330242001 pleio
90 144.897381 -9.94788673713247 pleio
91 144.903395 -10.0297373408171 pleio
92 144.909409 -10.1233762705098 pleio
93 144.916914 -10.228225388937 pleio
94 144.947844 -10.302862409544 pleio
95 144.978774 -10.3779367770492 pleio
96 145.106694 -10.1477458807156 pleio
97 145.224788 -10.1348369286294 pleio
98 145.342881 -10.0369640381858 pleio
99 145.729503 -9.30459827345324 pleio
100 145.916546 -9.32108461979306 pleio
101 146.10359 -9.23961123922508 pleio
102 146.240909 -9.06386606125928 pleio
103 146.283615 -9.27777384860537 pleio
104 146.304543 -9.19928209775798 pleio
105 146.314537 -9.12317668583586 pleio
106 146.319976 -9.05001186275225 pleio
107 146.322338 -8.98036172410774 pleio
108 146.3247 -8.91480968984869 pleio
109 146.327062 -8.85392567966966 pleio
110 146.329424 -8.79824538599851 pleio
111 146.331786 -8.74825961592596 pleio
112 146.334148 -8.70439038910984 pleio
113 146.33651 -8.43105995950137 pleio
114 146.643419 -8.40623937277848 pleio
115 146.654632 -8.32028415064024 pleio
116 146.665844 -8.23726976403065 pleio
117 146.677056 -8.1354296236636 pleio
118 146.688269 -7.7348048138027 pleio
119 146.69133 -7.23041230638064 pleio
120 146.694026 -6.85316317806465 pleio
121 146.696722 -6.66865421175754 pleio
122 146.699418 -6.71788462422373 pleio
123 146.702114 -6.9989506555496 pleio
124 146.70481 -6.96203052718271 pleio
125 146.707507 -6.81921247630297 pleio
126 146.710838 -6.68600703706398 pleio
127 146.716274 -6.56329786561272 pleio
128 146.72171 -6.45182811829627 pleio
129 146.727146 -6.35218567492825 pleio
130 146.734615 -6.26337683428059 pleio
131 146.80381 -6.23541770290514 pleio
132 146.862885 -6.09534411629348 pleio
133 146.863965 -6.02300784784287 pleio
134 146.865044 -6.17527214353377 pleio
135 146.87452 -6.53840605217567 pleio
136 146.889753 -6.92986985731855 pleio
137 146.904986 -7.00215392560753 pleio
138 147.064187 -6.89007627827491 pleio
139 147.069549 -7.2250798253921 pleio
140 147.074911 -7.35637234172919 pleio
141 147.080273 -7.16489918472584 pleio
142 147.089309 -7.06286400200375 pleio
143 147.114764 -7.05269433992582 pleio
144 147.137425 -7.06151034899132 pleio
145 147.157965 -6.95691537811526 pleio
146 147.178504 -6.75610989538822 pleio
147 147.221814 -5.79855143253449 pleio
148 147.253583 -5.24606980749057 pleio
149 147.272554 -5.11428204591282 pleio
150 147.275576 -4.95572338625638 pleio
151 147.278599 -4.88081838519987 pleio
152 147.281622 -4.85758742369253 pleio
153 147.284644 -4.89163757387411 pleio
154 147.286194 -4.98099207637513 pleio
155 147.286753 -5.12230456545684 pleio
156 147.287312 -5.31118399414534 pleio
157 147.287872 -5.5425614718546 pleio
158 147.290648 -5.75357594632686 pleio
159 147.299484 -5.94630299441501 pleio
160 147.327447 -5.75471810287135 pleio
161 147.35561 -5.60448606278239 pleio
162 147.383773 -5.22039157995333 pleio
163 147.397845 -5.11452358170003 pleio
164 147.402328 -5.0123903757644 pleio
165 147.406811 -4.91448958088205 pleio
166 147.411546 -4.82034454287652 pleio
167 147.442387 -4.73071514066073 pleio
168 147.535843 -4.70095828425121 pleio
169 147.551736 -4.46119099992341 pleio
170 147.555599 -4.26218050630487 pleio
171 147.559461 -4.18936272399433 pleio
172 147.563362 -4.16820338399711 pleio
173 147.583398 -4.07479822787158 pleio
174 147.602453 -4.13905288900695 pleio
175 147.621507 -4.16237051609107 pleio
176 147.682611 -4.17864214864418 pleio
177 147.68996 -4.16959166819213 pleio
178 147.695588 -4.11923664500216 pleio
179 147.701215 -4.08149157187977 pleio
180 147.706843 -3.53864147106979 pleio
181 147.719435 -3.26996399914579 pleio
182 147.737975 -3.21094579169688 pleio
183 147.751499 -3.08421950850522 pleio
184 147.760277 -2.89124615312107 pleio
185 147.769056 -2.72249114831503 pleio
186 147.777834 -2.57406581726301 pleio
187 147.786613 -2.37369629134739 pleio
188 147.795391 -1.83945380308239 pleio
189 147.816836 -1.23223792066639 pleio
190 147.850698 -0.705837275206502 pleio
191 147.88456 -0.304845027564651 pleio
192 147.914702 0 pleio
193 147.91491 -0.0679497371602529 pleio
194 147.915116 -0.157188816637142 pleio
195 147.915322 -0.268429118811762 pleio
196 147.915527 -0.402048238910184 pleio
197 147.915733 -0.558008954989723 pleio
198 147.916803 -0.729544120380555 pleio
199 147.923623 -0.813887042964494 pleio
200 147.930444 -0.89462518816089 pleio
201 147.937264 -0.978312723380986 pleio
202 147.944084 -1.09554460554397 pleio
203 147.949324 -1.29467683889461 pleio
204 147.953121 -1.82718330407368 pleio
205 147.956917 -2.74653140423662 pleio
206 147.960714 -3.89500264976213 pleio
207 147.964511 -5.21477241600149 pleio
208 147.968307 -6.22108808661667 pleio
209 147.973733 -6.92906919379246 pleio
210 147.982072 -7.12361554327379 pleio
211 147.982175 -7.22668328172737 pleio
212 147.982278 -7.34312605534633 pleio
213 147.986316 -7.49400788663136 pleio
214 147.986987 -7.76495012569795 pleio
215 147.987657 -8.10902321221108 pleio
216 147.988327 -8.52577116715571 pleio
217 147.988998 -9.01169325463911 pleio
218 147.989668 -9.44865983849033 pleio
219 148.006053 -9.48998440057691 pleio
220 148.013144 -9.57275615943296 pleio
221 148.020236 -9.67677844689019 pleio
222 148.027327 -9.8022599147165 pleio
223 148.033269 -9.94918327594305 pleio
224 148.037078 -10.1172675390184 pleio
225 148.040918 -10.089433019932 pleio
226 148.046494 -10.713097052469 pleio
227 148.05207 -11.780859581866 pleio
228 148.180347 -12.8498889176676 pleio
229 148.183086 -12.8585593550344 pleio
230 148.185825 -12.8744148883313 pleio
231 148.188563 -12.9023774352428 pleio
232 148.191302 -13.2000778191659 pleio
233 148.194041 -13.5561453696364 pleio
234 148.19678 -13.8147559807993 pleio
235 148.200032 -13.8462191068888 pleio
236 148.204884 -13.8957369403516 pleio
237 148.213021 -13.9670012060794 pleio
238 148.213171 -14.1142461411502 pleio
239 148.213321 -14.3459966263162 pleio
240 148.326473 -14.619574075516 pleio
241 148.333368 -14.541223027793 pleio
242 148.340263 -14.512937865622 pleio
243 148.347157 -14.4860234699497 pleio
244 148.354052 -14.4366697203267 pleio
245 148.362946 -14.3990793311053 pleio
246 148.380016 -14.3813243631196 pleio
247 148.403283 -14.3912090788411 pleio
248 148.42655 -14.390576299841 pleio
249 148.430037 -14.4305718653642 pleio
250 148.4319 -14.4791122984213 pleio
251 148.433763 -14.536099710028 pleio
252 148.435626 -14.5323090679136 pleio
253 148.437489 -14.5123491502688 pleio
254 148.439352 -14.6269803256248 pleio
255 148.441214 -14.8555090639169 pleio
256 148.443077 -15.1664976060635 pleio
257 148.44494 -15.5443826874261 pleio
258 148.446803 -15.9647221220162 pleio
259 148.453459 -16.2380017384224 pleio
260 148.477993 -16.3132244207741 pleio
261 148.493526 -16.358410369489 pleio
262 148.493644 -16.4079347238406 pleio
263 148.493762 -16.4642522979696 pleio
264 148.502187 -16.4601415076225 pleio
265 148.624196 -16.574429940193 pleio
266 148.648833 -16.6325904074203 pleio
267 148.673469 -17.4196974579887 pleio
268 148.812084 -17.6806483815663 pleio
269 148.815025 -17.7240022360637 pleio
270 142.490795 -18.0702659960377 profile1
271 142.517426 -17.9601413160303 profile1
272 142.560149 -17.8446129415726 profile1
273 142.602873 -17.7282648905987 profile1
274 142.64402 -17.6110906853213 profile1
275 142.685103 -17.70385683774 profile1
276 142.726186 -17.6486135683995 profile1
277 142.767269 -17.5269647458533 profile1
278 142.808353 -17.4100016319751 profile1
279 142.849436 -17.3074486491871 profile1
280 142.876943 -17.2062681923989 profile1
281 142.880371 -17.1062903216438 profile1
282 142.883799 -17.0077582319825 profile1
283 142.904956 -16.908811131584 profile1
284 142.989329 -16.8743032077295 profile1
285 143.073701 -16.7942529863322 profile1
286 143.155273 -16.6950653621172 profile1
287 143.159416 -16.5929664447571 profile1
288 143.163559 -16.4653893365369 profile1
289 143.167702 -16.3363759126152 profile1
290 143.171846 -16.2096126655158 profile1
291 143.175989 -16.0872896124956 profile1
292 143.180132 -15.9700701298007 profile1
293 143.240265 -15.7973508734407 profile1
294 143.324863 -15.4352813877331 profile1
295 143.409462 -14.9235030901966 profile1
296 143.484637 -14.8917987717441 profile1
297 143.487347 -14.9080662478186 profile1
298 143.490056 -14.8737774531183 profile1
299 143.492766 -14.845784028856 profile1
300 143.495555 -14.823854374122 profile1
301 143.498344 -14.8077078421176 profile1
302 143.501132 -14.8013358525655 profile1
303 143.521072 -14.7595618345918 profile1
304 143.53778 -14.7059894704742 profile1
305 143.554489 -14.6439630777527 profile1
306 143.570345 -14.5832265821681 profile1
307 143.571477 -14.5342024262719 profile1
308 143.572611 -14.5006354428776 profile1
309 143.574439 -14.4853368058385 profile1
310 143.699438 -14.796184572527 profile1
311 143.824436 -14.3407615837823 profile1
312 143.915168 -14.1911436055642 profile1
313 143.920616 -14.1972216412571 profile1
314 143.926063 -14.2039051280301 profile1
315 143.93182 -14.1148633797666 profile1
316 143.935901 -13.8726345775861 profile1
317 143.939982 -13.6563414660406 profile1
318 143.944917 -13.4695701683627 profile1
319 143.975668 -13.3154891682342 profile1
320 144.013221 -13.299291407597 profile1
321 144.051716 -13.3100054639736 profile1
322 144.090211 -13.3120715361781 profile1
323 144.128706 -13.2984026026563 profile1
324 144.167202 -13.2837368940816 profile1
325 144.176428 -13.2687686953392 profile1
326 144.180816 -13.2541482236815 profile1
327 144.185205 -13.2416456200407 profile1
328 144.348163 -13.0296664776965 profile1
329 144.361337 -12.8415802799977 profile1
330 144.363468 -12.1954715136312 profile1
331 144.365599 -11.469536291358 profile1
332 144.367577 -10.9620663363016 profile1
333 144.375504 -10.6168396701044 profile1
334 144.385418 -10.3460700245994 profile1
335 144.395332 -10.1556308951106 profile1
336 144.407236 -10.0792917387869 profile1
337 144.411293 -10.043874074509 profile1
338 144.415349 -10.0164011020555 profile1
339 144.419405 -9.99701270074785 profile1
340 144.423461 -9.98578161825072 profile1
341 144.427517 -9.8704525894983 profile1
342 144.431573 -9.756591528615 profile1
343 144.437408 -9.68480738195888 profile1
344 144.440911 -9.67571699688116 profile1
345 144.442944 -9.66974279619947 profile1
346 144.444976 -9.61142626037877 profile1
347 144.447008 -9.51427991119763 profile1
348 144.44904 -9.42688685037438 profile1
349 144.454745 -9.34555932710165 profile1
350 144.498681 -9.27245908920658 profile1
351 144.558267 -9.21307793165756 profile1
352 144.587405 -9.10373784081745 profile1
353 144.587686 -8.96482004510844 profile1
354 144.587968 -8.83430994333592 profile1
355 144.617027 -8.7397732083394 profile1
356 144.705848 -8.39677925488579 profile1
357 144.716797 -8.23836843546429 profile1
358 144.727745 -7.9830637171785 profile1
359 144.897381 -7.96315884637984 profile1
360 144.903395 -8.0012315679987 profile1
361 144.909409 -8.05149481877952 profile1
362 144.916914 -8.11353559900429 profile1
363 144.947844 -8.16186641762265 profile1
364 144.978774 -8.21215908730577 profile1
365 145.106694 -7.90357673130258 profile1
366 145.224788 -7.77461816885731 profile1
367 145.342881 -7.69601167074812 profile1
368 145.729503 -6.94699684450241 profile1
369 145.916546 -7.02441532108148 profile1
370 146.10359 -6.99994269102568 profile1
371 146.240909 -6.90297331695136 profile1
372 146.283615 -6.86272526421145 profile1
373 146.304543 -6.83007889460747 profile1
374 146.314537 -6.79787767190195 profile1
375 146.319976 -6.76655495791401 profile1
376 146.322338 -6.73660144608546 profile1
377 146.3247 -6.70855632214205 profile1
378 146.327062 -6.68298466771747 profile1
379 146.329424 -6.66045282357608 profile1
380 146.331786 -6.64151493899437 profile1
381 146.334148 -6.62668316084098 profile1
382 146.33651 -6.57541783469082 profile1
383 146.643419 -6.62818426901131 profile1
384 146.654632 -6.55370345933352 profile1
385 146.665844 -6.4817026076935 profile1
386 146.677056 -6.39195336994483 profile1
387 146.688269 -6.07851523637909 profile1
388 146.69133 -5.74027857341669 profile1
389 146.694026 -5.56752686046077 profile1
390 146.696722 -5.61701135970639 profile1
391 146.699418 -5.91110577346343 profile1
392 146.702114 -6.42235777520409 profile1
393 146.70481 -6.47968625944741 profile1
394 146.707507 -6.39985123913772 profile1
395 146.710838 -6.33284178098268 profile1
396 146.716274 -6.27904285433905 profile1
397 146.72171 -6.23866151357213 profile1
398 146.727146 -6.21172554779702 profile1
399 146.734615 -6.21395581089705 profile1
400 146.80381 -6.23541770290514 profile1
401 146.862885 -6.01992834718382 profile1
402 146.863965 -5.79709707119555 profile1
403 146.865044 -5.7567349852435 profile1
404 146.87452 -5.89320489835402 profile1
405 147.069549 -6.03241890308631 profile1
406 147.074911 -5.98291754721138 profile1
407 147.080273 -5.68438308192857 profile1
408 147.089309 -5.48900101573023 profile1
409 147.114764 -5.40685140646401 profile1
410 147.137425 -5.40307068431126 profile1
411 147.157965 -5.40144488090089 profile1
412 147.178504 -5.39692184519863 profile1
413 147.221814 -4.10743194713657 profile1
414 147.253583 -3.03771504871303 profile1
415 147.272554 -2.91909732627397 profile1
416 147.275576 -2.75482251381548 profile1
417 147.278599 -2.66881372404275 profile1
418 147.281622 -2.62247688313 profile1
419 147.284644 -2.63435717661764 profile1
420 147.286194 -2.70253153636148 profile1
421 147.286753 -2.82371962283654 profile1
422 147.287312 -2.9935991965239 profile1
423 147.287872 -3.20715052739889 profile1
424 147.290648 -3.40874882689638 profile1
425 147.299484 -3.59993025001572 profile1
426 147.327447 -3.37178034734821 profile1
427 147.35561 -3.21425110506065 profile1
428 147.383773 -2.82805421315931 profile1
429 147.397845 -2.722839719693 profile1
430 147.402328 -2.62250542338875 profile1
431 147.406811 -2.52753364559583 profile1
432 147.411546 -2.43807027975719 profile1
433 147.442387 -2.35519238942709 profile1
434 147.535843 -2.32598010370296 profile1
435 147.551736 -2.05191584619565 profile1
436 147.555599 -1.81470863325161 profile1
437 147.559461 -1.66939352997801 profile1
438 147.563362 -1.55584310942471 profile1
439 147.583398 -1.37352500212166 profile1
440 147.602453 -1.30308485642739 profile1
441 147.621507 -1.18830961018556 profile1
442 147.682611 -1.16872815330913 profile1
443 147.68996 -1.14030391967276 profile1
444 147.695588 -1.05947925715433 profile1
445 147.701215 -0.992755137436586 profile1
446 147.706843 -0.332192491317599 profile1
447 147.719435 0.0684373220132989 profile1
448 147.737975 0.15476510827771 profile1
449 147.751499 0.287145076675629 profile1
450 147.760277 0.478648961420704 profile1
451 147.769056 0.641270070857469 profile1
452 147.777834 0.780640176969769 profile1
453 147.786613 1.17804853980778 profile1
454 147.795391 1.72969376929591 profile1
455 147.816836 2.34895194929244 profile1
456 147.850698 2.73426998281062 profile1
457 147.88456 2.93811078508852 profile1
458 147.914702 3.23004985677669 profile1
459 147.91491 3.16474584801691 profile1
460 147.915116 3.07705314166342 profile1
461 147.915322 2.96623709965817 profile1
462 147.915527 2.83194956859473 profile1
463 147.915733 2.67430376300275 profile1
464 147.916803 2.50081988798655 profile1
465 147.923623 2.42401758221891 profile1
466 147.930444 2.34953821570844 profile1
467 147.937264 2.27208195769515 profile1
468 147.944084 2.10923538185132 profile1
469 147.949324 1.84153486711342 profile1
470 147.953121 1.22031332410684 profile1
471 147.956917 0.202465260998625 profile1
472 147.960714 -1.03837934449395 profile1
473 147.964511 -2.43819503529688 profile1
474 147.968307 -3.51624978113258 profile1
475 147.973733 -4.28337204711927 profile1
476 147.982072 -4.51460060792487 profile1
477 147.982175 -4.64938161480788 profile1
478 147.982278 -4.79782721748742 profile1
479 147.986316 -4.99318794156467 profile1
480 147.986987 -5.34507608876614 profile1
481 147.987657 -5.76063856399239 profile1
482 147.988327 -6.23633257106994 profile1
483 147.988998 -6.76688168673957 profile1
484 147.989668 -7.23881260518952 profile1
485 148.006053 -7.32635109978991 profile1
486 148.013144 -7.49763572653318 profile1
487 148.020236 -7.68812675638955 profile1
488 148.027327 -7.8971770121531 profile1
489 148.033269 -8.12393853702244 profile1
490 148.037078 -8.36737129070041 profile1
491 148.040918 -8.53478497817167 profile1
492 148.046494 -9.08748370844759 profile1
493 148.05207 -10.120529909242 profile1
494 148.180347 -11.2133570316098 profile1
495 148.183086 -11.2389928153921 profile1
496 148.185825 -11.2691207624638 profile1
497 148.188563 -11.3081255616363 profile1
498 148.191302 -11.5884872097839 profile1
499 148.194041 -11.9221717678754 profile1
500 148.19678 -12.1668759316228 profile1
501 148.200032 -12.2047283983451 profile1
502 148.204884 -12.2588371029738 profile1
503 148.213021 -12.3381160498889 profile1
504 148.213171 -12.5335580671984 profile1
505 148.213321 -12.8153406314512 profile1
506 148.326473 -13.1300293102517 profile1
507 148.333368 -13.0374787880296 profile1
508 148.340263 -12.9796130166368 profile1
509 148.347157 -12.9197489267837 profile1
510 148.354052 -12.8334495675501 profile1
511 148.362946 -12.7561666216209 profile1
512 148.380016 -12.7064705490185 profile1
513 148.403283 -12.7072728524995 profile1
514 148.42655 -12.703612360028 profile1
515 148.430037 -12.741746421113 profile1
516 148.4319 -12.7871958509735 profile1
517 148.433763 -12.8398566212777 profile1
518 148.435626 -12.760623106965 profile1
519 148.437489 -12.7029208573321 profile1
520 148.439352 -12.7625391826029 profile1
521 148.441214 -12.9165749521388 profile1
522 148.443077 -13.1476927198933 profile1
523 148.44494 -13.4405014302389 profile1
524 148.446803 -13.7716434326386 profile1
525 148.453459 -13.9887453781972 profile1
526 148.477993 -14.0515787120985 profile1
527 148.493526 -14.0884527184807 profile1
528 148.493644 -14.1289803125423 profile1
529 148.493762 -14.175431300742 profile1
530 148.502187 -14.1487062255367 profile1
531 148.624196 -14.2918156022102 profile1
532 148.648833 -14.8105791447744 profile1
533 148.673469 -15.9241323651223 profile1
534 148.812084 -16.1642046358057 profile1
535 148.815025 -16.2118152102092 profile1
536 146.889753 -6.0951002314208 profile1
537 146.904986 -6.15466165880725 profile1
538 147.064187 -5.92092946289967 profile1
539 142.490795 -1.20908053692759 profile2
540 142.517426 -1.22383288294747 profile2
541 142.560149 -1.23717160512322 profile2
542 142.602873 -1.25146518895352 profile2
543 142.64402 -1.26659008401669 profile2
544 142.685103 -1.10113546060978 profile2
545 142.726186 -1.04832221113777 profile2
546 142.767269 -1.06554642574679 profile2
547 142.808353 -1.06901989934435 profile2
548 142.849436 -1.03077359514105 profile2
549 142.876943 -0.995542158341306 profile2
550 142.880371 -0.963418013924604 profile2
551 142.883799 -0.934603046856593 profile2
552 142.904956 -0.912623638288727 profile2
553 142.989329 -0.850372850768393 profile2
554 143.073701 -0.849816245432881 profile2
555 143.155273 -0.879303067938945 profile2
556 143.159416 -0.912622764980442 profile2
557 143.163559 -0.966492384443292 profile2
558 143.167702 -1.04309627269283 profile2
559 143.171846 -1.12654611820872 profile2
560 143.175989 -1.21497036390847 profile2
561 143.180132 -1.30611307093227 profile2
562 143.240265 -1.38406830394653 profile2
563 143.324863 -1.24463805203488 profile2
564 143.409462 -1.22319724325156 profile2
565 143.484637 -1.24643641611735 profile2
566 143.487347 -1.26189221546455 profile2
567 143.490056 -1.25605928875414 profile2
568 143.492766 -1.25125466797177 profile2
569 143.495555 -1.24760559014472 profile2
570 143.498344 -1.24523155808471 profile2
571 143.501132 -1.23998829930804 profile2
572 143.521072 -1.23178230593876 profile2
573 143.53778 -1.21400741176586 profile2
574 143.554489 -1.21410205832846 profile2
575 143.570345 -1.22404274988025 profile2
576 143.571477 -1.23365548074968 profile2
577 143.572611 -1.2408818078695 profile2
578 143.574439 -1.24409222961889 profile2
579 143.699438 -1.23367365582261 profile2
580 143.824436 -1.10085080311622 profile2
581 143.915168 -0.814207107248371 profile2
582 143.920616 -0.786755959653063 profile2
583 143.926063 -0.756476671444031 profile2
584 143.93182 -0.731365239829668 profile2
585 143.935901 -0.722591353974412 profile2
586 143.939982 -0.712369140446125 profile2
587 143.944917 -0.701402044305951 profile2
588 143.975668 -0.690666667133988 profile2
589 144.013221 -0.688972686094582 profile2
590 144.051716 -0.689130848002909 profile2
591 144.090211 -0.697041474292331 profile2
592 144.128706 -0.704478527456145 profile2
593 144.167202 -0.712137384221558 profile2
594 144.176428 -0.719873428306354 profile2
595 144.180816 -0.727545536562461 profile2
596 144.185205 -0.73519773349914 profile2
597 144.348163 -0.443553109063549 profile2
598 144.361337 0.0256464634117199 profile2
599 144.363468 0.0325881092797247 profile2
600 144.365599 -0.0640800585475616 profile2
601 144.367577 -0.134050169059394 profile2
602 144.375504 -0.145832623789775 profile2
603 144.385418 -0.163038239662647 profile2
604 144.395332 -0.185127168962902 profile2
605 144.407236 -0.188263226217298 profile2
606 144.411293 -0.18005280088643 profile2
607 144.415349 -0.173948898220382 profile2
608 144.419405 -0.169902489052696 profile2
609 144.423461 -0.16784603087294 profile2
610 144.427517 -0.154516739195738 profile2
611 144.431573 -0.139946229259274 profile2
612 144.437408 -0.128648913132753 profile2
613 144.440911 -0.125651785448344 profile2
614 144.442944 -0.123501147022877 profile2
615 144.444976 -0.11153099533875 profile2
616 144.447008 -0.0917192545655569 profile2
617 144.44904 -0.0731858707325054 profile2
618 144.454745 -0.0551832676458869 profile2
619 144.498681 -0.0377808994904618 profile2
620 144.558267 -0.0234231017750511 profile2
621 144.587405 -0.004783280146734 profile2
622 144.587686 0.0330255231329279 profile2
623 144.587968 0.0762050609873568 profile2
624 144.617027 0.102839224018471 profile2
625 144.705848 0.101014923348917 profile2
626 144.716797 -0.0740230077612651 profile2
627 144.727745 -0.21611068283469 profile2
628 144.897381 -0.264713502067502 profile2
629 144.903395 -0.296521130170186 profile2
630 144.909409 -0.329780358520326 profile2
631 144.916914 -0.36435622861603 profile2
632 144.947844 -0.384668277515738 profile2
633 144.978774 -0.404220000359073 profile2
634 145.106694 -0.430406809911558 profile2
635 145.224788 -0.541180571441727 profile2
636 145.342881 -0.509716663511823 profile2
637 145.729503 -0.244671113320414 profile2
638 145.916546 -0.164102167569025 profile2
639 146.10359 -0.0943459771982496 profile2
640 146.240909 -0.0244120506367176 profile2
641 146.283615 -0.276184013960568 profile2
642 146.304543 -0.224191362649462 profile2
643 146.314537 -0.173070156688953 profile2
644 146.319976 -0.122966473896632 profile2
645 146.322338 -0.0740169275409717 profile2
646 146.3247 -0.0263462841464881 profile2
647 146.327062 0.0199358984465898 profile2
648 146.329424 0.0647359152649682 profile2
649 146.331786 0.107977814560095 profile2
650 146.334148 0.149603984868156 profile2
651 146.33651 0.379859319376511 profile2
652 146.643419 0.451517090861979 profile2
653 146.654632 0.474538621244029 profile2
654 146.665844 0.497532696929753 profile2
655 146.677056 0.522904759576998 profile2
656 146.688269 0.718713190018891 profile2
657 146.69133 1.08827783918539 profile2
658 146.694026 1.49916461284446 profile2
659 146.696722 1.91532645795786 profile2
660 146.699418 2.29024040257186 profile2
661 146.702114 2.58105745544131 profile2
662 146.70481 2.69560550640417 profile2
663 146.707507 2.77768226025114 profile2
664 146.710838 2.85950512203841 profile2
665 146.716274 2.94042683833941 profile2
666 146.72171 3.01981944218726 profile2
667 146.727146 3.09708946743156 profile2
668 146.734615 3.18527954178996 profile2
669 146.80381 3.23004985677669 profile2
670 146.862885 3.16489571851166 profile2
671 146.863965 2.9837945926835 profile2
672 146.865044 2.69708009299498 profile2
673 146.87452 2.32356830745398 profile2
674 146.889753 2.00587922719383 profile2
675 146.904986 1.98671997434516 profile2
676 147.064187 1.89579046160478 profile2
677 147.069549 1.66996669519274 profile2
678 147.074911 1.49404555828416 profile2
679 147.080273 1.42438310770695 profile2
680 147.089309 1.34610085883493 profile2
681 147.114764 1.26671974761987 profile2
682 147.137425 1.24947961135739 profile2
683 147.157965 1.33229078484386 profile2
684 147.178504 1.4922891149904 profile2
685 147.221814 1.22640320492604 profile2
686 147.253583 0.779084965446159 profile2
687 147.272554 0.845972215220586 profile2
688 147.275576 0.930254970882085 profile2
689 147.278599 1.00026546441959 profile2
690 147.281622 1.04002007395086 profile2
691 147.284644 1.0690709953344 profile2
692 147.286194 1.0866393950617 profile2
693 147.286753 1.09238381155011 profile2
694 147.287312 1.08638762823749 profile2
695 147.287872 1.06909932538816 profile2
696 147.290648 1.05340069842174 profile2
697 147.299484 1.04132780185715 profile2
698 147.327447 0.984276429266155 profile2
699 147.35561 0.976792366939321 profile2
700 147.383773 0.979903391355098 profile2
701 147.397845 0.98359234541932 profile2
702 147.402328 0.987373413798724 profile2
703 147.406811 0.991217651930463 profile2
704 147.411546 0.995574198676872 profile2
705 147.442387 1.00075941096447 profile2
706 147.535843 1.00052143726248 profile2
707 147.551736 1.01141330569869 profile2
708 147.555599 1.0064979680727 profile2
709 147.559461 0.970402262890024 profile2
710 147.563362 0.910563149484457 profile2
711 147.583398 0.858817000914817 profile2
712 147.602453 0.727235028226864 profile2
713 147.621507 0.586087054168433 profile2
714 147.682611 0.548393669500825 profile2
715 147.68996 0.529347961148643 profile2
716 147.695588 0.500357929624783 profile2
717 147.701215 0.471974897822338 profile2
718 147.706843 0.369346304925496 profile2
719 147.719435 0.21221123286615 profile2
720 147.737975 0.182844752963246 profile2
721 147.751499 0.17987183103542 profile2
722 147.760277 0.183457264469653 profile2
723 147.769056 0.190012647430746 profile2
724 147.777834 0.198071980586108 profile2
725 147.786613 -0.014474318732701 profile2
726 147.795391 -0.0745382919631258 profile2
727 147.816836 -0.0978026025620193 profile2
728 147.850698 -0.0331313549562435 profile2
729 147.88456 0.035913691055607 profile2
730 147.914702 0 profile2
731 147.91491 -0.00341730251590077 profile2
732 147.915116 -0.00430217161371326 profile2
733 147.915322 -0.0025476410286988 profile2
734 147.915527 0.00183840888814769 profile2
735 147.915733 0.0087370248154684 profile2
736 147.916803 0.0167373365479114 profile2
737 147.923623 0.00680939631298627 profile2
738 147.930444 -0.00506724412604405 profile2
739 147.937264 -0.0173833688848564 profile2
740 147.944084 0.0024151810834346 profile2
741 147.949324 0.0267537202162697 profile2
742 147.953121 0.0541871887745203 profile2
743 147.956917 0.0660009678879595 profile2
744 147.960714 0.0505507099412016 profile2
745 147.964511 0.00880324939724766 profile2
746 147.968307 0.0085910369955199 profile2
747 147.973733 0.0181256297527706 profile2
748 147.982072 0.0134907074846988 profile2
749 147.982175 0.0201277086906166 profile2
750 147.982278 0.0254559365199402 profile2
751 147.986316 0.040341538397445 profile2
752 147.986987 0.0823510023869127 profile2
753 147.987657 0.108541138568349 profile2
754 147.988327 0.116323281235331 profile2
755 147.988998 0.104799104730243 profile2
756 147.989668 0.0912242140021809 profile2
757 148.006053 0.131195225505205 profile2
758 148.013144 0.204973733619822 profile2
759 148.020236 0.274640553743783 profile2
760 148.027327 0.339373418283634 profile2
761 148.033269 0.398433630738872 profile2
762 148.037078 0.451213609182643 profile2
763 148.040918 0.625031222158537 profile2
764 148.046494 0.475895888978189 profile2
765 148.05207 0.326255691862359 profile2
766 148.180347 0.239959192059392 profile2
767 148.183086 0.259174210823474 profile2
768 148.185825 0.275151990881435 profile2
769 148.188563 0.287488155637359 profile2
770 148.191302 0.281169378044475 profile2
771 148.194041 0.275785158712367 profile2
772 148.19678 0.277966088039428 profile2
773 148.200032 0.289234606897042 profile2
774 148.204884 0.296907920346744 profile2
775 148.213021 0.305981730160888 profile2
776 148.213171 0.347265719698053 profile2
777 148.213321 0.383572249817898 profile2
778 148.326473 0.407724809385639 profile2
779 148.333368 0.393374415581269 profile2
780 148.340263 0.365612507922989 profile2
781 148.347157 0.335192183561565 profile2
782 148.354052 0.305087586597842 profile2
783 148.362946 0.271339583165595 profile2
784 148.380016 0.244987910510727 profile2
785 148.403283 0.239427092471931 profile2
786 148.42655 0.237156570360728 profile2
787 148.430037 0.240907574242458 profile2
788 148.4319 0.243476787227581 profile2
789 148.433763 0.244808298687705 profile2
790 148.435626 0.217531573598272 profile2
791 148.437489 0.210756612363485 profile2
792 148.439352 0.140614990505302 profile2
793 148.441214 0.0411454736642412 profile2
794 148.443077 -0.0649355073006744 profile2
795 148.44494 -0.174593699515139 profile2
796 148.446803 -0.284571104143396 profile2
797 148.453459 -0.35047350139901 profile2
798 148.477993 -0.365136148164359 profile2
799 148.493526 -0.373744331190922 profile2
800 148.493644 -0.383020123903977 profile2
801 148.493762 -0.393415837113056 profile2
802 148.502187 -0.386928623811409 profile2
803 148.624196 -0.342589538997402 profile2
804 148.648833 0.145568913717219 profile2
805 148.673469 0.396691805857743 profile2
806 148.812084 0.340650559164835 profile2
807 148.815025 0.367295289868642 profile2
