marker_position lod trace
1 142.490795 -8.35362336316993 pleio
2 142.517426 -8.27940177458037 pleio
3 142.560149 -8.21985822417144 pleio
4 142.602873 -8.16244766553153 pleio
5 142.64402 -8.10729154037607 pleio
6 142.685103 -7.93469983049474 pleio
7 142.726186 -7.86112793548349 pleio
8 142.767269 -7.80999579412239 pleio
9 142.808353 -7.7352628381941 pleio
10 142.849436 -7.59052326157555 pleio
11 142.876943 -7.45119126888043 pleio
12 142.880371 -7.31756855230203 pleio
13 142.883799 -7.19035290582399 pleio
14 142.904956 -7.07507192181023 pleio
15 142.989329 -7.04840999752538 pleio
16 143.073701 -7.06318220001975 pleio
17 143.155273 -6.96561027479813 pleio
18 143.159416 -6.86879322193264 pleio
19 143.163559 -6.82289514702005 pleio
20 143.167702 -6.77346689935919 pleio
21 143.171846 -6.71771836848259 pleio
22 143.175989 -6.65861943288884 pleio
23 143.180132 -6.5978110398418 pleio
24 143.240265 -6.5165864249813 pleio
25 143.324863 -6.25950408296295 pleio
26 143.409462 -6.15084621084771 pleio
27 143.484637 -6.18357377867717 pleio
28 143.487347 -6.1674175278078 pleio
29 143.490056 -6.05221811217266 pleio
30 143.492766 -5.94178647958644 pleio
31 143.495555 -5.83662663393489 pleio
32 143.498344 -5.73721428793574 pleio
33 143.501132 -5.64634681499345 pleio
34 143.521072 -5.55868525920436 pleio
35 143.53778 -5.4702341641601 pleio
36 143.554489 -5.28609720952445 pleio
37 143.570345 -5.07191127879132 pleio
38 143.571477 -4.88287942398424 pleio
39 143.572611 -4.72651449566594 pleio
40 143.574439 -4.60893706585748 pleio
41 143.699438 -4.83929031037744 pleio
42 143.824436 -4.3062161976426 pleio
43 143.915168 -3.97945019335283 pleio
44 143.920616 -4.01701658544543 pleio
45 143.926063 -4.07447671041546 pleio
46 143.93182 -4.07613079012729 pleio
47 143.935901 -4.16899908881912 pleio
48 143.939982 -4.31264525905293 pleio
49 143.944917 -4.50056477066595 pleio
50 143.975668 -4.72477687307386 pleio
51 144.013221 -4.80108408212843 pleio
52 144.051716 -4.84854446895039 pleio
53 144.090211 -4.8681112211626 pleio
54 144.128706 -4.86819462166455 pleio
55 144.167202 -4.86801999462532 pleio
56 144.176428 -4.86773094574023 pleio
57 144.180816 -4.86747350910357 pleio
58 144.185205 -4.86713954710658 pleio
59 144.348163 -4.65676113193134 pleio
60 144.361337 -4.76112242743177 pleio
61 144.363468 -4.58214169397064 pleio
62 144.365599 -4.70430600016417 pleio
63 144.367577 -4.87438482740951 pleio
64 144.375504 -4.92672024444346 pleio
65 144.385418 -5.02949809318599 pleio
66 144.395332 -5.17586205425279 pleio
67 144.407236 -5.23461793641771 pleio
68 144.411293 -5.2296876126414 pleio
69 144.415349 -5.22886599941715 pleio
70 144.419405 -5.23189450150675 pleio
71 144.423461 -5.23848463905587 pleio
72 144.427517 -5.13252880697271 pleio
73 144.431573 -5.01351458746687 pleio
74 144.437408 -4.92011305999752 pleio
75 144.440911 -4.87147729350284 pleio
76 144.442944 -4.82290685216235 pleio
77 144.444976 -4.74045497467444 pleio
78 144.447008 -4.63392770133525 pleio
79 144.44904 -4.53361341299045 pleio
80 144.454745 -4.48688028856604 pleio
81 144.498681 -4.44779779428304 pleio
82 144.558267 -4.42351630181276 pleio
83 144.587405 -4.39673738314501 pleio
84 144.587686 -4.33638420339466 pleio
85 144.587968 -4.27591650558645 pleio
86 144.617027 -4.24551552508132 pleio
87 144.705848 -3.64097915695478 pleio
88 144.716797 -2.97475324403138 pleio
89 144.727745 -2.65485109185787 pleio
90 144.897381 -2.61064467718899 pleio
91 144.903395 -2.63253304894313 pleio
92 144.909409 -2.65914619755213 pleio
93 144.916914 -2.69034552488162 pleio
94 144.947844 -2.70840951937423 pleio
95 144.978774 -2.72728503371702 pleio
96 145.106694 -2.68237741287377 pleio
97 145.224788 -2.3378437592175 pleio
98 145.342881 -2.18609446722799 pleio
99 145.729503 -1.34481671352007 pleio
100 145.916546 -1.30178124347596 pleio
101 146.10359 -1.32005088541949 pleio
102 146.240909 -1.11530944270505 pleio
103 146.283615 -1.01289826193642 pleio
104 146.304543 -1.04335420246714 pleio
105 146.314537 -1.08179915988733 pleio
106 146.319976 -1.12843591273493 pleio
107 146.322338 -1.18341703626531 pleio
108 146.3247 -1.246840659514 pleio
109 146.327062 -1.31873897800512 pleio
110 146.329424 -1.39907043292301 pleio
111 146.331786 -1.48772081326954 pleio
112 146.334148 -1.58449677076848 pleio
113 146.33651 -2.28345084383241 pleio
114 146.643419 -3.34247240220088 pleio
115 146.654632 -3.34478977230685 pleio
116 146.665844 -3.34551442753363 pleio
117 146.677056 -3.30151151821051 pleio
118 146.688269 -2.90193399622492 pleio
119 146.69133 -2.29060405700826 pleio
120 146.694026 -1.66303345901823 pleio
121 146.696722 -1.07303086554688 pleio
122 146.699418 -0.579589502717239 pleio
123 146.702114 -0.228120251549282 pleio
124 146.70481 -0.141203835137682 pleio
125 146.707507 -0.113229314691378 pleio
126 146.710838 -0.0971207436160582 pleio
127 146.716274 -0.0929000917133308 pleio
128 146.72171 -0.100440784179167 pleio
129 146.727146 -0.11947246984056 pleio
130 146.734615 -0.153052058025289 pleio
131 146.80381 -0.175828538098096 pleio
132 146.862885 -0.0619741592031316 pleio
133 146.863965 0 pleio
134 146.865044 -0.076984753372648 pleio
135 146.87452 -0.286224086025088 pleio
136 146.889753 -0.498570491742742 pleio
137 146.904986 -0.503806626022518 pleio
138 147.064187 -0.575884874128489 pleio
139 147.069549 -0.695415359672913 pleio
140 147.074911 -0.925213288497435 pleio
141 147.080273 -1.08918781702321 pleio
142 147.089309 -1.24735957040713 pleio
143 147.114764 -1.35430190982771 pleio
144 147.137425 -1.382215319502 pleio
145 147.157965 -1.37207987788041 pleio
146 147.178504 -1.39601049293899 pleio
147 147.221814 -0.222788135593482 pleio
148 147.253583 -0.451759547581488 pleio
149 147.272554 -0.478324386377291 pleio
150 147.275576 -0.490573255529045 pleio
151 147.278599 -0.560004884154979 pleio
152 147.281622 -0.815265366533835 pleio
153 147.284644 -1.10208455295299 pleio
154 147.286194 -1.41484143311097 pleio
155 147.286753 -1.74738551327717 pleio
156 147.287312 -2.09350499198918 pleio
157 147.287872 -2.44736028250069 pleio
158 147.290648 -2.72313433086863 pleio
159 147.299484 -2.94010719188496 pleio
160 147.327447 -3.70670838239595 pleio
161 147.35561 -3.69025804878685 pleio
162 147.383773 -3.13285244022667 pleio
163 147.397845 -3.09451500393579 pleio
164 147.402328 -3.05672921074827 pleio
165 147.406811 -3.01940942805075 pleio
166 147.411546 -2.9842822730031 pleio
167 147.442387 -2.95157743403849 pleio
168 147.535843 -2.93848869554111 pleio
169 147.551736 -2.89287768229816 pleio
170 147.555599 -2.9608988158165 pleio
171 147.559461 -2.9019678368123 pleio
172 147.563362 -2.82078483273676 pleio
173 147.583398 -3.2655831389357 pleio
174 147.602453 -3.51786222418523 pleio
175 147.621507 -3.67975823366547 pleio
176 147.682611 -3.72419087939754 pleio
177 147.68996 -3.73264184321585 pleio
178 147.695588 -3.72580108425237 pleio
179 147.701215 -3.71980798210733 pleio
180 147.706843 -3.85539919626761 pleio
181 147.719435 -4.12472950295225 pleio
182 147.737975 -4.13098284950173 pleio
183 147.751499 -4.15624789179006 pleio
184 147.760277 -4.20630573256584 pleio
185 147.769056 -4.26474195376019 pleio
186 147.777834 -4.32473733099802 pleio
187 147.786613 -4.17336629310957 pleio
188 147.795391 -4.30478482059436 pleio
189 147.816836 -4.41902811325145 pleio
190 147.850698 -4.43994141720995 pleio
191 147.88456 -4.40572605607198 pleio
192 147.914702 -4.5751850976022 pleio
193 147.91491 -4.64939675813599 pleio
194 147.915116 -4.7314157422028 pleio
195 147.915322 -4.820471418895 pleio
196 147.915527 -4.91555900788367 pleio
197 147.915733 -5.01551391793588 pleio
198 147.916803 -5.11323701119598 pleio
199 147.923623 -5.11953534672142 pleio
200 147.930444 -5.13828287793643 pleio
201 147.937264 -5.15809828291893 pleio
202 147.944084 -5.20810231266033 pleio
203 147.949324 -5.27438950808265 pleio
204 147.953121 -5.43972228694207 pleio
205 147.956917 -5.73492346146906 pleio
206 147.960714 -6.09781001329222 pleio
207 147.964511 -6.49966035509891 pleio
208 147.968307 -6.73567661459855 pleio
209 147.973733 -6.85113053666285 pleio
210 147.982072 -6.86026745392384 pleio
211 147.982175 -6.88514895318013 pleio
212 147.982278 -6.91784807252603 pleio
213 147.986316 -6.94483511408892 pleio
214 147.986987 -6.92096241508092 pleio
215 147.987657 -6.88135105610713 pleio
216 147.988327 -6.82726703289388 pleio
217 147.988998 -6.76402427030083 pleio
218 147.989668 -6.6819449431104 pleio
219 148.006053 -6.53466896991072 pleio
220 148.013144 -6.55493499661211 pleio
221 148.020236 -6.57699132092579 pleio
222 148.027327 -6.60123312942658 pleio
223 148.033269 -6.62808083344329 pleio
224 148.037078 -6.65795564449514 pleio
225 148.040918 -6.4912712661536 pleio
226 148.046494 -6.33669598332418 pleio
227 148.05207 -6.19295488876932 pleio
228 148.180347 -6.09226347544419 pleio
229 148.183086 -6.10244877448418 pleio
230 148.185825 -6.11705901016046 pleio
231 148.188563 -6.13581658496198 pleio
232 148.191302 -6.15060396211484 pleio
233 148.194041 -6.19917230875561 pleio
234 148.19678 -6.26845274979839 pleio
235 148.200032 -6.32934511960414 pleio
236 148.204884 -6.40352849020295 pleio
237 148.213021 -6.46060042689473 pleio
238 148.213171 -6.35766930106268 pleio
239 148.213321 -6.27631231114262 pleio
240 148.326473 -6.21665943906475 pleio
241 148.333368 -6.27944412604759 pleio
242 148.340263 -6.25712062397332 pleio
243 148.347157 -6.23991853826684 pleio
244 148.354052 -6.22715058165734 pleio
245 148.362946 -6.21913444828225 pleio
246 148.380016 -6.22296590179124 pleio
247 148.403283 -6.24866799547965 pleio
248 148.42655 -6.28791748357329 pleio
249 148.430037 -6.2651260636051 pleio
250 148.4319 -6.25136585013808 pleio
251 148.433763 -6.24705248489577 pleio
252 148.435626 -6.50443712720883 pleio
253 148.437489 -7.17447704404624 pleio
254 148.439352 -7.4762939827924 pleio
255 148.441214 -7.62474648719886 pleio
256 148.443077 -7.81376379215501 pleio
257 148.44494 -8.0322303933301 pleio
258 148.446803 -8.26637307909793 pleio
259 148.453459 -8.42673080987929 pleio
260 148.477993 -8.50712834171368 pleio
261 148.493526 -8.54705823927774 pleio
262 148.493644 -8.58452225889494 pleio
263 148.493762 -8.62461470007207 pleio
264 148.502187 -8.51783914560922 pleio
265 148.624196 -8.65040814211326 pleio
266 148.648833 -8.72836329805005 pleio
267 148.673469 -9.03400194655939 pleio
268 148.812084 -9.2942143474192 pleio
269 148.815025 -9.35114382328798 pleio
270 142.490795 -3.04917978516408 profile1
271 142.517426 -3.01826513377185 profile1
272 142.560149 -2.99457572578446 profile1
273 142.602873 -2.97144627508622 profile1
274 142.64402 -2.94879185035054 profile1
275 142.685103 -2.79378648464017 profile1
276 142.726186 -2.74698472327373 profile1
277 142.767269 -2.7240423705241 profile1
278 142.808353 -2.67637161247956 profile1
279 142.849436 -2.55909763791316 profile1
280 142.876943 -2.44692204887822 profile1
281 142.880371 -2.34022297094573 profile1
282 142.883799 -2.23962198499818 profile1
283 142.904956 -2.15069983591936 profile1
284 142.989329 -2.20796584808689 profile1
285 143.073701 -2.25487306565608 profile1
286 143.155273 -2.16349456309804 profile1
287 143.159416 -2.07176409301501 profile1
288 143.163559 -2.0238092063001 profile1
289 143.167702 -1.97324222087566 profile1
290 143.171846 -1.92012897948486 profile1
291 143.175989 -1.86627049481711 profile1
292 143.180132 -1.81300962524354 profile1
293 143.240265 -1.73512017314335 profile1
294 143.324863 -1.50298547028109 profile1
295 143.409462 -1.37318345706466 profile1
296 143.484637 -1.39182913962418 profile1
297 143.487347 -1.3563482023584 profile1
298 143.490056 -1.23500287871105 profile1
299 143.492766 -1.11764759998927 profile1
300 143.495555 -1.0048804767659 profile1
301 143.498344 -0.897269081209094 profile1
302 143.501132 -0.800384629629335 profile1
303 143.521072 -0.726199569796508 profile1
304 143.53778 -0.670567818386738 profile1
305 143.554489 -0.592580443224669 profile1
306 143.570345 -0.534609386946063 profile1
307 143.571477 -0.516947823093344 profile1
308 143.572611 -0.539219470278941 profile1
309 143.574439 -0.598503517716366 profile1
310 143.699438 -0.918546857006881 profile1
311 143.824436 -0.725083645421515 profile1
312 143.915168 -0.67582235833405 profile1
313 143.920616 -0.620908355151 profile1
314 143.926063 -0.564884378792321 profile1
315 143.93182 -0.448216239879109 profile1
316 143.935901 -0.433009099534128 profile1
317 143.939982 -0.44379278219441 profile1
318 143.944917 -0.478863129409461 profile1
319 143.975668 -0.536342339552857 profile1
320 144.013221 -0.539404032423201 profile1
321 144.051716 -0.530720905512669 profile1
322 144.090211 -0.527782712076026 profile1
323 144.128706 -0.527937210853613 profile1
324 144.167202 -0.528746792229843 profile1
325 144.176428 -0.529871450625927 profile1
326 144.180816 -0.531009361106372 profile1
327 144.185205 -0.531942450293219 profile1
328 144.348163 -0.368972490361621 profile1
329 144.361337 -0.536099488488649 profile1
330 144.363468 -0.392278894788158 profile1
331 144.365599 -0.568212171008497 profile1
332 144.367577 -0.742596145544848 profile1
333 144.375504 -0.744472771069617 profile1
334 144.385418 -0.772563340090343 profile1
335 144.395332 -0.823395201975331 profile1
336 144.407236 -0.846970687865334 profile1
337 144.411293 -0.850247499128654 profile1
338 144.415349 -0.858056605251688 profile1
339 144.419405 -0.870149480641764 profile1
340 144.423461 -0.886243339071983 profile1
341 144.427517 -0.792682932216998 profile1
342 144.431573 -0.687151998102006 profile1
343 144.437408 -0.606735160553047 profile1
344 144.440911 -0.565040612966335 profile1
345 144.442944 -0.524182396768991 profile1
346 144.444976 -0.479055609267174 profile1
347 144.447008 -0.433012036064013 profile1
348 144.44904 -0.390915414300685 profile1
349 144.454745 -0.390366238486874 profile1
350 144.498681 -0.393870855530698 profile1
351 144.558267 -0.399292168266249 profile1
352 144.587405 -0.376976024664571 profile1
353 144.587686 -0.322082427840221 profile1
354 144.587968 -0.26492061196528 profile1
355 144.617027 -0.234871606158877 profile1
356 144.705848 0.378280482876147 profile1
357 144.716797 0.949191013495959 profile1
358 144.727745 1.06851394992884 profile1
359 144.897381 1.10210984399275 profile1
360 144.903395 1.11627147473714 profile1
361 144.909409 1.12798250198326 profile1
362 144.916914 1.13719291817308 profile1
363 144.947844 1.15369630211624 profile1
364 144.978774 1.16957327407975 profile1
365 145.106694 1.15371591449368 profile1
366 145.224788 1.64225118967141 profile1
367 145.342881 1.7009984934539 profile1
368 145.729503 2.4736613282327 profile1
369 145.916546 2.49686622385341 profile1
370 146.10359 2.43084334097171 profile1
371 146.240909 2.50974664487388 profile1
372 146.283615 2.58709489954943 profile1
373 146.304543 2.51700851824786 profile1
374 146.314537 2.44045101139679 profile1
375 146.319976 2.35741906734628 profile1
376 146.322338 2.26794705817853 profile1
377 146.3247 2.1721076426367 profile1
378 146.327062 2.07001517982638 profile1
379 146.329424 1.96182642389366 profile1
380 146.331786 1.84773936125199 profile1
381 146.334148 1.72799356484502 profile1
382 146.33651 1.30341136196224 profile1
383 146.643419 0.236679609339794 profile1
384 146.654632 0.152578123827285 profile1
385 146.665844 0.0695588261606354 profile1
386 146.677056 0.00314949003124643 profile1
387 146.688269 0.104289754996476 profile1
388 146.69133 0.293080520022129 profile1
389 146.694026 0.478239820334249 profile1
390 146.696722 0.640680728680403 profile1
391 146.699418 0.759765222809982 profile1
392 146.702114 0.820058891365264 profile1
393 146.70481 0.827242664792839 profile1
394 146.707507 0.823614579991074 profile1
395 146.710838 0.816681811697657 profile1
396 146.716274 0.806425552923817 profile1
397 146.72171 0.792859981855132 profile1
398 146.727146 0.776033622511919 profile1
399 146.734615 0.77009460096452 profile1
400 146.80381 0.764399689624877 profile1
401 146.862885 0.79261972399194 profile1
402 146.863965 0.772565809316556 profile1
403 146.865044 0.689933110356366 profile1
404 146.87452 0.549845956363954 profile1
405 146.889753 0.40913753858318 profile1
406 146.904986 0.34815629149654 profile1
407 147.064187 0.204750405677697 profile1
408 147.069549 0.0374561039769915 profile1
409 147.074911 -0.191371872113065 profile1
410 147.080273 -0.3214999944067 profile1
411 147.089309 -0.3457265534199 profile1
412 147.114764 -0.199733396739008 profile1
413 147.137425 -0.166148201773756 profile1
414 147.157965 -0.16845427324254 profile1
415 147.178504 -0.197777594328643 profile1
416 147.221814 0.16241774362386 profile1
417 147.253583 -0.451759547581488 profile1
418 147.272554 -0.33398149523002 profile1
419 147.275576 -0.151775962420207 profile1
420 147.278599 0.0177750386253454 profile1
421 147.281622 0.0731855859440964 profile1
422 147.284644 0.109088015063127 profile1
423 147.286194 0.124002079086556 profile1
424 147.286753 0.117153716241052 profile1
425 147.287312 0.0885179301441543 profile1
426 147.287872 0.0387756264010118 profile1
427 147.290648 0.0169367660860768 profile1
428 147.299484 0.0162032378719521 profile1
429 147.327447 -0.428366040251811 profile1
430 147.35561 -0.44942649389988 profile1
431 147.383773 -0.166852719066863 profile1
432 147.397845 -0.176834779847738 profile1
433 147.402328 -0.187193658128585 profile1
434 147.406811 -0.197745533682964 profile1
435 147.411546 -0.209780292971635 profile1
436 147.442387 -0.223092577801778 profile1
437 147.535843 -0.224699977476061 profile1
438 147.551736 -0.173560140172158 profile1
439 147.555599 -0.171301535185645 profile1
440 147.559461 -0.0462885328103487 profile1
441 147.563362 0.102124900872827 profile1
442 147.583398 -0.107531513132922 profile1
443 147.602453 -0.23568928674574 profile1
444 147.621507 -0.297195103831449 profile1
445 147.682611 -0.325469191579131 profile1
446 147.68996 -0.346997340148066 profile1
447 147.695588 -0.374067205655852 profile1
448 147.701215 -0.402439372187718 profile1
449 147.706843 -0.674641061087491 profile1
450 147.719435 -1.15381253426425 profile1
451 147.737975 -1.163822144467 profile1
452 147.751499 -1.17675595180801 profile1
453 147.760277 -1.20072693218665 profile1
454 147.769056 -1.2298606508423 profile1
455 147.777834 -1.25852002417489 profile1
456 147.786613 -1.11061751585725 profile1
457 147.795391 -1.6192319732004 profile1
458 147.816836 -2.04156559877472 profile1
459 147.850698 -2.16363180917991 profile1
460 147.88456 -2.22771555178342 profile1
461 147.914702 -2.29437302443669 profile1
462 147.91491 -2.30213385890514 profile1
463 147.915116 -2.31904756313455 profile1
464 147.915322 -2.34480483167925 profile1
465 147.915527 -2.37879068936876 profile1
466 147.915733 -2.42014237286202 profile1
467 147.916803 -2.46351426994176 profile1
468 147.923623 -2.44066863575895 profile1
469 147.930444 -2.43095643594232 profile1
470 147.937264 -2.42165882398129 profile1
471 147.944084 -2.41556624176216 profile1
472 147.949324 -2.40694187740321 profile1
473 147.953121 -2.48915324299752 profile1
474 147.956917 -2.67954825595333 profile1
475 147.960714 -2.91361046302634 profile1
476 147.964511 -3.1667526426065 profile1
477 147.968307 -3.27243851955037 profile1
478 147.973733 -3.27367860835015 profile1
479 147.982072 -3.2116822403098 profile1
480 147.982175 -3.20827372615944 profile1
481 147.982278 -3.21103797815119 profile1
482 147.986316 -3.21158777273107 profile1
483 147.986987 -3.17096874770674 profile1
484 147.987657 -3.10314266677513 profile1
485 147.988327 -3.00930517847146 profile1
486 147.988998 -2.89562063494109 profile1
487 147.989668 -2.78133024049147 profile1
488 148.006053 -2.70338821243322 profile1
489 148.013144 -2.73208903358794 profile1
490 148.020236 -2.76258822267212 profile1
491 148.027327 -2.79494756267636 profile1
492 148.033269 -2.82919406381216 profile1
493 148.037078 -2.8653146093112 profile1
494 148.040918 -2.72018618568644 profile1
495 148.046494 -2.50927151712363 profile1
496 148.05207 -2.35961664714871 profile1
497 148.180347 -2.29961780372408 profile1
498 148.183086 -2.3460679841679 profile1
499 148.185825 -2.39698393671919 profile1
500 148.188563 -2.44985399643282 profile1
501 148.191302 -2.41809811882256 profile1
502 148.194041 -2.40296176803556 profile1
503 148.19678 -2.41711410742382 profile1
504 148.200032 -2.46005608822522 profile1
505 148.204884 -2.51541849003149 profile1
506 148.213021 -2.56172393124551 profile1
507 148.213171 -2.5097178698763 profile1
508 148.213321 -2.47090352090028 profile1
509 148.326473 -2.44818232596086 profile1
510 148.333368 -2.59392843279309 profile1
511 148.340263 -2.59379836192854 profile1
512 148.347157 -2.59773701260309 profile1
513 148.354052 -2.60429558899905 profile1
514 148.362946 -2.61349257228232 profile1
515 148.380016 -2.63042519795524 profile1
516 148.403283 -2.65738597909323 profile1
517 148.42655 -2.69063435310805 profile1
518 148.430037 -2.72086214750213 profile1
519 148.4319 -2.75638884559239 profile1
520 148.433763 -2.79723146634541 profile1
521 148.435626 -3.0739466375268 profile1
522 148.437489 -3.77661411792897 profile1
523 148.439352 -4.10153194169058 profile1
524 148.441214 -4.25908468772561 profile1
525 148.443077 -4.45330404907383 profile1
526 148.44494 -4.67290697506766 profile1
527 148.446803 -4.90424685085804 profile1
528 148.453459 -5.05185567486557 profile1
529 148.477993 -5.1114246371657 profile1
530 148.493526 -5.17558469289405 profile1
531 148.493644 -5.24047746198195 profile1
532 148.493762 -5.30604424653527 profile1
533 148.502187 -5.47117380996419 profile1
534 148.624196 -5.60733872608562 profile1
535 148.648833 -6.09951102797666 profile1
536 148.673469 -6.46114343939964 profile1
537 148.812084 -6.83346220619388 profile1
538 148.815025 -6.88353372032365 profile1
539 142.490795 -3.30155331394239 profile2
540 142.517426 -3.25641507493557 profile2
541 142.560149 -3.21856565785468 profile2
542 142.602873 -3.18227094145133 profile2
543 142.64402 -3.14770540170869 profile2
544 142.685103 -3.14333948720234 profile2
545 142.726186 -3.11642406564028 profile2
546 142.767269 -3.08622610965352 profile2
547 142.808353 -3.05721686093138 profile2
548 142.849436 -3.02770554702305 profile2
549 142.876943 -2.99837592966844 profile2
550 142.880371 -2.96914786269008 profile2
551 142.883799 -2.94011401989404 profile2
552 142.904956 -2.91136748845584 profile2
553 142.989329 -2.81428910690586 profile2
554 143.073701 -2.7722957891582 profile2
555 143.155273 -2.75659053964912 profile2
556 143.159416 -2.73807338489921 profile2
557 143.163559 -2.73054068475858 profile2
558 143.167702 -2.72458928610497 profile2
559 143.171846 -2.71587871419977 profile2
560 143.175989 -2.70570926505848 profile2
561 143.180132 -2.69455502886763 profile2
562 143.240265 -2.68405076346435 profile2
563 143.324863 -2.65837403902911 profile2
564 143.409462 -2.66713755750181 profile2
565 143.484637 -2.68287363867173 profile2
566 143.487347 -2.70438678568199 profile2
567 143.490056 -2.70953659282736 profile2
568 143.492766 -2.71566224521975 profile2
569 143.495555 -2.72267716372311 profile2
570 143.498344 -2.73049511654557 profile2
571 143.501132 -2.73751956031791 profile2
572 143.521072 -2.72174884498452 profile2
573 143.53778 -2.68387936923013 profile2
574 143.554489 -2.57732641752409 profile2
575 143.570345 -2.42390259351282 profile2
576 143.571477 -2.25694074235784 profile2
577 143.572611 -2.08431099143539 profile2
578 143.574439 -1.91491495352577 profile2
579 143.699438 -1.80302937783348 profile2
580 143.824436 -1.45750293332441 profile2
581 143.915168 -1.17497609774367 profile2
582 143.920616 -1.26765651070667 profile2
583 143.926063 -1.38004405944612 profile2
584 143.93182 -1.48726305432851 profile2
585 143.935901 -1.57414891984082 profile2
586 143.939982 -1.68711152902181 profile2
587 143.944917 -1.8215961500116 profile2
588 143.975668 -1.97173305948109 profile2
589 144.013221 -2.04349977312933 profile2
590 144.051716 -2.09958388373956 profile2
591 144.090211 -2.12103915941684 profile2
592 144.128706 -2.12117867657507 profile2
593 144.167202 -2.12035239418242 profile2
594 144.176428 -2.11907288906893 profile2
595 144.180816 -2.11781284548493 profile2
596 144.185205 -2.11666838101125 profile2
597 144.348163 -2.06833231213607 profile2
598 144.361337 -2.0084512237674 profile2
599 144.363468 -1.87877813851552 profile2
600 144.365599 -1.74938457533741 profile2
601 144.367577 -1.71216507155151 profile2
602 144.375504 -1.7382552648037 profile2
603 144.385418 -1.79025999064455 profile2
604 144.395332 -1.86530529222987 profile2
605 144.407236 -1.88922014747266 profile2
606 144.411293 -1.87422819073084 profile2
607 144.415349 -1.85883485234111 profile2
608 144.419405 -1.84305368407342 profile2
609 144.423461 -1.82690143794442 profile2
610 144.427517 -1.80706150192675 profile2
611 144.431573 -1.78708777750986 profile2
612 144.437408 -1.76942827044339 profile2
613 144.440911 -1.76161669602118 profile2
614 144.442944 -1.75281197467029 profile2
615 144.444976 -1.71156717333262 profile2
616 144.447008 -1.64530891268054 profile2
617 144.44904 -1.58185187424727 profile2
618 144.454745 -1.53329499181779 profile2
619 144.498681 -1.48925643355075 profile2
620 144.558267 -1.45943826998946 profile2
621 144.587405 -1.46089875910279 profile2
622 144.587686 -1.46341239990233 profile2
623 144.587968 -1.46713042708034 profile2
624 144.617027 -1.47153654212249 profile2
625 144.705848 -1.48582369643609 profile2
626 144.716797 -1.41480059551759 profile2
627 144.727745 -1.22337453336232 profile2
628 144.897381 -1.21236558989563 profile2
629 144.903395 -1.24538843473956 profile2
630 144.909409 -1.28143964204065 profile2
631 144.916914 -1.32033035446172 profile2
632 144.947844 -1.35351858798855 profile2
633 144.978774 -1.38717587529841 profile2
634 145.106694 -1.31912851035988 profile2
635 145.224788 -1.46112237958028 profile2
636 145.342881 -1.37031373706761 profile2
637 145.729503 -1.26106156644189 profile2
638 145.916546 -1.24700523025387 profile2
639 146.10359 -1.1960103592411 profile2
640 146.240909 -1.06937086915745 profile2
641 146.283615 -1.01289826193642 profile2
642 146.304543 -0.969028846213476 profile2
643 146.314537 -0.927182148548244 profile2
644 146.319976 -0.887614839117246 profile2
645 146.322338 -0.850566352129644 profile2
646 146.3247 -0.816253437242336 profile2
647 146.327062 -0.78486056039583 profile2
648 146.329424 -0.756531541741952 profile2
649 146.331786 -0.731368706088447 profile2
650 146.334148 -0.70942646483492 profile2
651 146.33651 -0.929985231215903 profile2
652 146.643419 -0.96047643301147 profile2
653 146.654632 -0.879439890194613 profile2
654 146.665844 -0.798809770269766 profile2
655 146.677056 -0.690008080271166 profile2
656 146.688269 -0.379604247328072 profile2
657 146.69133 0.0570302897187045 profile2
658 146.694026 0.501763914676079 profile2
659 146.696722 0.916600491831833 profile2
660 146.699418 1.26224043800711 profile2
661 146.702114 1.51104282746663 profile2
662 146.70481 1.57699541300822 profile2
663 146.707507 1.60347036915666 profile2
664 146.710838 1.62083879215998 profile2
665 146.716274 1.62913690739977 profile2
666 146.72171 1.62852225747454 profile2
667 146.727146 1.61926639903014 profile2
668 146.734615 1.58727778087407 profile2
669 146.80381 1.56835869976311 profile2
670 146.862885 1.67039091798786 profile2
671 146.863965 1.77584407530801 profile2
672 146.865044 1.79916882858768 profile2
673 146.87452 1.7404929060832 profile2
674 146.889753 1.67386688664511 profile2
675 146.904986 1.73253635438537 profile2
676 147.064187 1.80799714770604 profile2
677 147.069549 1.83861055564787 profile2
678 147.074911 1.8126012341421 profile2
679 147.080273 1.77801768729308 profile2
680 147.089309 1.65227236680987 profile2
681 147.114764 1.41847753845212 profile2
682 147.137425 1.36171569376905 profile2
683 147.157965 1.38129615218877 profile2
684 147.178504 1.39827415551836 profile2
685 147.221814 2.21701001522909 profile2
686 147.253583 2.58709489954943 profile2
687 147.272554 2.4594378789316 profile2
688 147.275576 2.27908702077768 profile2
689 147.278599 2.04884506717757 profile2
690 147.281622 1.73225360003005 profile2
691 147.284644 1.39849307318855 profile2
692 147.286194 1.05477480224068 profile2
693 147.286753 0.708370033511149 profile2
694 147.287312 0.366063434423229 profile2
695 147.287872 0.0337041321841128 profile2
696 147.290648 -0.242070971880934 profile2
697 147.299484 -0.473847110639227 profile2
698 147.327447 -0.906474582158236 profile2
699 147.35561 -0.869148936208658 profile2
700 147.383773 -0.614359934859705 profile2
701 147.397845 -0.563474620278534 profile2
702 147.402328 -0.512990566801151 profile2
703 147.406811 -0.463020464076492 profile2
704 147.411546 -0.414101961945389 profile2
705 147.442387 -0.366664808670547 profile2
706 147.535843 -0.351253953749343 profile2
707 147.551736 -0.370491938329666 profile2
708 147.555599 -0.445583965163608 profile2
709 147.559461 -0.519224660589014 profile2
710 147.563362 -0.598436002738262 profile2
711 147.583398 -0.80378366395331 profile2
712 147.602453 -0.936219014526192 profile2
713 147.621507 -1.05406792555439 profile2
714 147.682611 -1.07254319241064 profile2
715 147.68996 -1.05843137486504 profile2
716 147.695588 -1.02232266714569 profile2
717 147.701215 -0.984757238559864 profile2
718 147.706843 -0.831780467246124 profile2
719 147.719435 -0.604874327681877 profile2
720 147.737975 -0.601380476987014 profile2
721 147.751499 -0.614054463826561 profile2
722 147.760277 -0.640069848079762 profile2
723 147.769056 -0.669082260714985 profile2
724 147.777834 -0.699842563882675 profile2
725 147.786613 -0.743047562422805 profile2
726 147.795391 -0.515259160407912 profile2
727 147.816836 -0.307795632327487 profile2
728 147.850698 -0.212525130381427 profile2
729 147.88456 -0.112984755723674 profile2
730 147.914702 -0.220003399190837 profile2
731 147.91491 -0.288441534079274 profile2
732 147.915116 -0.355751321091893 profile2
733 147.915322 -0.421436948934469 profile2
734 147.915527 -0.485059362675103 profile2
735 147.915733 -0.546257786754509 profile2
736 147.916803 -0.60311119327184 profile2
737 147.923623 -0.633096242540453 profile2
738 147.930444 -0.662320423095576 profile2
739 147.937264 -0.692293600276436 profile2
740 147.944084 -0.747751752418586 profile2
741 147.949324 -0.822738533888235 profile2
742 147.953121 -0.905365888105119 profile2
743 147.956917 -1.01058360013492 profile2
744 147.960714 -1.14206885073972 profile2
745 147.964511 -1.29533605716561 profile2
746 147.968307 -1.43483928351301 profile2
747 147.973733 -1.55840919944354 profile2
748 147.982072 -1.6316064176505 profile2
749 147.982175 -1.66373564690608 profile2
750 147.982278 -1.69696052395889 profile2
751 147.986316 -1.72749891618018 profile2
752 147.986987 -1.75456118515953 profile2
753 147.987657 -1.79582794671743 profile2
754 147.988327 -1.85079344067723 profile2
755 147.988998 -1.91765241166534 profile2
756 147.989668 -1.95851484386879 profile2
757 148.006053 -1.8665848904271 profile2
758 148.013144 -1.84196998707424 profile2
759 148.020236 -1.81787369243476 profile2
760 148.027327 -1.79493331051852 profile2
761 148.033269 -1.77383740597823 profile2
762 148.037078 -1.75528769783223 profile2
763 148.040918 -1.72404593201546 profile2
764 148.046494 -1.81191850256551 profile2
765 148.05207 -1.85582966840571 profile2
766 148.180347 -1.84403643129013 profile2
767 148.183086 -1.80039966455698 profile2
768 148.185825 -1.75897736840041 profile2
769 148.188563 -1.72194656903677 profile2
770 148.191302 -1.76074328986808 profile2
771 148.194041 -1.81803682685069 profile2
772 148.19678 -1.87058997232903 profile2
773 148.200032 -1.89053085220705 profile2
774 148.204884 -1.91179406112763 profile2
775 148.213021 -1.92685118557632 profile2
776 148.213171 -1.89172368573179 profile2
777 148.213321 -1.86487372440574 profile2
778 148.326473 -1.84107079646788 profile2
779 148.333368 -1.76042996334111 profile2
780 148.340263 -1.74456033414486 profile2
781 148.347157 -1.72444936739725 profile2
782 148.354052 -1.69601894244932 profile2
783 148.362946 -1.66959914980851 profile2
784 148.380016 -1.64749378585047 profile2
785 148.403283 -1.64142380115198 profile2
786 148.42655 -1.64256225029572 profile2
787 148.430037 -1.5833236377691 profile2
788 148.4319 -1.52757707545816 profile2
789 148.433763 -1.47574038143633 profile2
790 148.435626 -1.45947972147056 profile2
791 148.437489 -1.44341257400121 profile2
792 148.439352 -1.42581062368108 profile2
793 148.441214 -1.41862555251761 profile2
794 148.443077 -1.41788410689383 profile2
795 148.44494 -1.42342282784418 profile2
796 148.446803 -1.43450577259514 profile2
797 148.453459 -1.45030048139068 profile2
798 148.477993 -1.46781810198451 profile2
799 148.493526 -1.44255936163237 profile2
800 148.493644 -1.41428712755421 profile2
801 148.493762 -1.38791164547519 profile2
802 148.502187 -1.11460651003137 profile2
803 148.624196 -1.11422167374443 profile2
804 148.648833 -0.706606033589704 profile2
805 148.673469 -0.592580671707661 profile2
806 148.812084 -0.555838148321872 profile2
807 148.815025 -0.565730270413077 profile2
