marker_position lod trace
1 142.490795 -21.2897725875135 pleio
2 142.517426 -21.1656336458187 pleio
3 142.560149 -21.0377691346998 pleio
4 142.602873 -20.9103056941842 pleio
5 142.64402 -20.7828961402784 pleio
6 142.685103 -20.7538287486712 pleio
7 142.726186 -20.6710546994486 pleio
8 142.767269 -20.5454075775362 pleio
9 142.808353 -20.4195492743997 pleio
10 142.849436 -20.2908504116528 pleio
11 142.876943 -20.1640826155229 pleio
12 142.880371 -20.0390388001959 pleio
13 142.883799 -19.9160554234917 pleio
14 142.904956 -19.7952566796355 pleio
15 142.989329 -19.7432369659484 pleio
16 143.073701 -19.6540800627135 pleio
17 143.155273 -19.5321728543971 pleio
18 143.159416 -19.391034939074 pleio
19 143.163559 -19.2511706336201 pleio
20 143.167702 -19.1155290033783 pleio
21 143.171846 -18.9807178219503 pleio
22 143.175989 -18.850143049434 pleio
23 143.180132 -18.7257875806941 pleio
24 143.240265 -18.5333332058159 pleio
25 143.324863 -17.8359267442551 pleio
26 143.409462 -17.6112550863093 pleio
27 143.484637 -17.6291625905769 pleio
28 143.487347 -17.6945098356848 pleio
29 143.490056 -17.6742029603885 pleio
30 143.492766 -17.6616165889491 pleio
31 143.495555 -17.6564599754994 pleio
32 143.498344 -17.6583887941015 pleio
33 143.501132 -17.6694920403326 pleio
34 143.521072 -17.6273100889392 pleio
35 143.53778 -17.5499004619476 pleio
36 143.554489 -17.437341133083 pleio
37 143.570345 -17.3110889411258 pleio
38 143.571477 -17.1954835657742 pleio
39 143.572611 -17.0974073960107 pleio
40 143.574439 -17.0228148925663 pleio
41 143.699438 -17.2914781557261 pleio
42 143.824436 -16.7792166457148 pleio
43 143.915168 -16.6836017156611 pleio
44 143.920616 -16.6633623233934 pleio
45 143.926063 -16.6479802557359 pleio
46 143.93182 -16.612439610234 pleio
47 143.935901 -16.4677875364527 pleio
48 143.939982 -16.3645995069752 pleio
49 143.944917 -16.3042287036115 pleio
50 143.975668 -16.2872980591898 pleio
51 144.013221 -16.3121348634165 pleio
52 144.051716 -16.3410557137481 pleio
53 144.090211 -16.3425495359384 pleio
54 144.128706 -16.3296300959598 pleio
55 144.167202 -16.3161734208034 pleio
56 144.176428 -16.3026746760271 pleio
57 144.180816 -16.2895954112161 pleio
58 144.185205 -16.2789931140879 pleio
59 144.348163 -16.1282654736707 pleio
60 144.361337 -16.0830260986797 pleio
61 144.363468 -15.4470115728009 pleio
62 144.365599 -14.7348402627269 pleio
63 144.367577 -14.2618905769868 pleio
64 144.375504 -13.9634675841321 pleio
65 144.385418 -13.7416141557896 pleio
66 144.395332 -13.6010102936498 pleio
67 144.407236 -13.550393856597 pleio
68 144.411293 -13.5257424121617 pleio
69 144.415349 -13.5082667162961 pleio
70 144.419405 -13.4979884715562 pleio
71 144.423461 -13.494877860822 pleio
72 144.427517 -13.3622110521967 pleio
73 144.431573 -13.2245421809845 pleio
74 144.437408 -13.1331567782014 pleio
75 144.440911 -13.1415423920863 pleio
76 144.442944 -13.1530331675386 pleio
77 144.444976 -13.1129208195746 pleio
78 144.447008 -13.035649336598 pleio
79 144.44904 -12.9692077413412 pleio
80 144.454745 -12.8937620291893 pleio
81 144.498681 -12.8276120540486 pleio
82 144.558267 -12.7762008426825 pleio
83 144.587405 -12.6875887454021 pleio
84 144.587686 -12.5773001684512 pleio
85 144.587968 -12.4804914609916 pleio
86 144.617027 -12.413069365011 pleio
87 144.705848 -12.0460734043346 pleio
88 144.716797 -11.8418365665771 pleio
89 144.727745 -11.4941065329154 pleio
90 144.897381 -11.5028822450648 pleio
91 144.903395 -11.6018594134862 pleio
92 144.909409 -11.7132261141826 pleio
93 144.916914 -11.83630231806 pleio
94 144.947844 -11.9227797785395 pleio
95 144.978774 -12.0093069180913 pleio
96 145.106694 -11.8228767215975 pleio
97 145.224788 -11.380923831765 pleio
98 145.342881 -11.1803883571618 pleio
99 145.729503 -10.6667252690228 pleio
100 145.916546 -10.7160913157443 pleio
101 146.10359 -10.5979746610602 pleio
102 146.240909 -10.4204486252215 pleio
103 146.283615 -10.3109965887746 pleio
104 146.304543 -10.2522123744213 pleio
105 146.314537 -10.1975823638516 pleio
106 146.319976 -10.1475738163302 pleio
107 146.322338 -10.1026517666935 pleio
108 146.3247 -10.0632695986877 pleio
109 146.327062 -10.0298499911211 pleio
110 146.329424 -10.0027652713036 pleio
111 146.331786 -9.98233288572792 pleio
112 146.334148 -9.96879308758046 pleio
113 146.33651 -9.90233175852225 pleio
114 146.643419 -9.97434671886452 pleio
115 146.654632 -9.87652695553359 pleio
116 146.665844 -9.78270223536431 pleio
117 146.677056 -9.66033181547234 pleio
118 146.688269 -9.23761767687662 pleio
119 146.69133 -8.75460342496691 pleio
120 146.694026 -8.41848531461035 pleio
121 146.696722 -8.29166967481206 pleio
122 146.699418 -8.40752608883171 pleio
123 146.702114 -8.75393334849469 pleio
124 146.70481 -8.73314740722379 pleio
125 146.707507 -8.59274673363427 pleio
126 146.710838 -8.46525981437519 pleio
127 146.716274 -8.35141656421843 pleio
128 146.72171 -8.25176814218537 pleio
129 146.727146 -8.16667938912209 pleio
130 146.734615 -8.11420746173112 pleio
131 146.80381 -8.10327254897077 pleio
132 146.862885 -7.85536532022525 pleio
133 146.863965 -7.59954511588899 pleio
134 146.865044 -7.5532418565766 pleio
135 146.87452 -7.71677675608916 pleio
136 146.889753 -7.94161694881527 pleio
137 146.904986 -7.91538840962889 pleio
138 147.064187 -7.50602211637384 pleio
139 147.069549 -7.41671527024297 pleio
140 147.074911 -7.27413252451086 pleio
141 147.080273 -6.9879872375088 pleio
142 147.089309 -6.82331280656344 pleio
143 147.114764 -6.79873684903736 pleio
144 147.137425 -6.80749198223254 pleio
145 147.157965 -6.81461644862025 pleio
146 147.178504 -6.82264306388694 pleio
147 147.221814 -4.88050334553408 pleio
148 147.253583 -3.71565232725376 pleio
149 147.272554 -3.58479845322375 pleio
150 147.275576 -3.4697977058362 pleio
151 147.278599 -3.44370560356964 pleio
152 147.281622 -3.49064151499835 pleio
153 147.284644 -3.59895941057545 pleio
154 147.286194 -3.76689904569522 pleio
155 147.286753 -3.99129589071646 pleio
156 147.287312 -4.26785424973657 pleio
157 147.287872 -4.59147259041233 pleio
158 147.290648 -4.8931185948341 pleio
159 147.299484 -5.17878083012853 pleio
160 147.327447 -5.26969984989304 pleio
161 147.35561 -5.10556916737365 pleio
162 147.383773 -5.0169096081769 pleio
163 147.397845 -4.89089892073935 pleio
164 147.402328 -4.76931082531502 pleio
165 147.406811 -4.65299154336739 pleio
166 147.411546 -4.54201230000623 pleio
167 147.442387 -4.43751747234595 pleio
168 147.535843 -4.40322096018985 pleio
169 147.551736 -4.2636460727677 pleio
170 147.555599 -4.21914159958628 pleio
171 147.559461 -4.26669912184937 pleio
172 147.563362 -4.3477693297449 pleio
173 147.583398 -4.47653372047077 pleio
174 147.602453 -4.57685247035312 pleio
175 147.621507 -4.58438944919466 pleio
176 147.682611 -4.58456041988945 pleio
177 147.68996 -4.5328593189764 pleio
178 147.695588 -4.37371511068695 pleio
179 147.701215 -4.22055185653679 pleio
180 147.706843 -3.66635433593908 pleio
181 147.719435 -3.44455194812236 pleio
182 147.737975 -3.38735472148203 pleio
183 147.751499 -3.27290396054172 pleio
184 147.760277 -3.10764668483709 pleio
185 147.769056 -2.96919543696438 pleio
186 147.777834 -2.8520313781627 pleio
187 147.786613 -2.6357581122942 pleio
188 147.795391 -2.17048172282059 pleio
189 147.816836 -1.49312058563067 pleio
190 147.850698 -0.922664536143128 pleio
191 147.88456 -0.498293826292816 pleio
192 147.914702 0 pleio
193 147.91491 -0.0863272061024431 pleio
194 147.915116 -0.195675066061766 pleio
195 147.915322 -0.3281805165355 pleio
196 147.915527 -0.483701579856051 pleio
197 147.915733 -0.661768018214389 pleio
198 147.916803 -0.853796178934996 pleio
199 147.923623 -0.935325507683866 pleio
200 147.930444 -1.00372234282052 pleio
201 147.937264 -1.07431674692141 pleio
202 147.944084 -1.25693023991681 pleio
203 147.949324 -1.5453881573456 pleio
204 147.953121 -2.19486517601883 pleio
205 147.956917 -3.23880146860652 pleio
206 147.960714 -4.49194981111973 pleio
207 147.964511 -5.89194565819862 pleio
208 147.968307 -6.91143901483336 pleio
209 147.973733 -7.59674098193324 pleio
210 147.982072 -7.76133622618015 pleio
211 147.982175 -7.85148721596879 pleio
212 147.982278 -7.95368206632304 pleio
213 147.986316 -8.11668547736905 pleio
214 147.986987 -8.49980859846402 pleio
215 147.987657 -8.97041073322202 pleio
216 147.988327 -9.52194900127849 pleio
217 147.988998 -10.1426354841157 pleio
218 147.989668 -10.6941703729692 pleio
219 148.006053 -10.8007488140025 pleio
220 148.013144 -10.9981768848695 pleio
221 148.020236 -11.2196496960422 pleio
222 148.027327 -11.4645793563155 pleio
223 148.033269 -11.7319814681596 pleio
224 148.037078 -12.0204690284047 pleio
225 148.040918 -12.1700297166098 pleio
226 148.046494 -12.9441708642599 pleio
227 148.05207 -14.2126372950696 pleio
228 148.180347 -15.4923679490443 pleio
229 148.183086 -15.5680439330342 pleio
230 148.185825 -15.6449859384839 pleio
231 148.188563 -15.7282593415265 pleio
232 148.191302 -16.1059621198372 pleio
233 148.194041 -16.5307557534133 pleio
234 148.19678 -16.8293115373419 pleio
235 148.200032 -16.8676568278821 pleio
236 148.204884 -16.9215291897735 pleio
237 148.213021 -16.996188701763 pleio
238 148.213171 -17.1515789174276 pleio
239 148.213321 -17.3830754361193 pleio
240 148.326473 -17.6407604206545 pleio
241 148.333368 -17.475740859665 pleio
242 148.340263 -17.3451372869588 pleio
243 148.347157 -17.2235904596684 pleio
244 148.354052 -17.102362887101 pleio
245 148.362946 -16.993020165626 pleio
246 148.380016 -16.91523340127 pleio
247 148.403283 -16.9138738858892 pleio
248 148.42655 -16.9191960879515 pleio
249 148.430037 -16.9487677168742 pleio
250 148.4319 -16.9837918987684 pleio
251 148.433763 -17.0242982131176 pleio
252 148.435626 -17.1132495079002 pleio
253 148.437489 -17.1125931619758 pleio
254 148.439352 -17.1704393562162 pleio
255 148.441214 -17.3444998922836 pleio
256 148.443077 -17.6038748552493 pleio
257 148.44494 -17.9331207493579 pleio
258 148.446803 -18.307392968476 pleio
259 148.453459 -18.5501329004302 pleio
260 148.477993 -18.6139388438451 pleio
261 148.493526 -18.658354493396 pleio
262 148.493644 -18.7057374569419 pleio
263 148.493762 -18.7574763940635 pleio
264 148.502187 -18.7309325959599 pleio
265 148.624196 -18.9086582523673 pleio
266 148.648833 -19.2891565909218 pleio
267 148.673469 -20.3454376701586 pleio
268 148.812084 -20.9595782643794 pleio
269 148.815025 -20.9785772783131 pleio
270 143.939982 -14.2353123561946 profile1
271 143.944917 -14.0428138603126 profile1
272 143.975668 -13.8787292445371 profile1
273 144.013221 -13.8484332050906 profile1
274 144.051716 -13.8443959571966 profile1
275 144.090211 -13.8420196164338 profile1
276 144.128706 -13.8275526991322 profile1
277 144.167202 -13.8122059120278 profile1
278 144.176428 -13.7965969907576 profile1
279 144.180816 -13.7813142350719 profile1
280 144.185205 -13.7684810234003 profile1
281 144.348163 -13.5684641275396 profile1
282 144.361337 -13.4085469427254 profile1
283 144.363468 -12.8271476622199 profile1
284 144.365599 -12.2015589840185 profile1
285 144.367577 -11.7530393831175 profile1
286 144.375504 -11.4244108382821 profile1
287 144.385418 -11.165557995316 profile1
288 144.395332 -10.981340387662 profile1
289 144.407236 -10.8954371615257 profile1
290 144.411293 -10.8433009822798 profile1
291 144.415349 -10.7988048348246 profile1
292 144.419405 -10.7621414357677 profile1
293 144.423461 -10.7334401477728 profile1
294 144.427517 -10.6062054558432 profile1
295 144.431573 -10.4815506050976 profile1
296 144.437408 -10.4004118577902 profile1
297 144.440911 -10.4001178929965 profile1
298 144.442944 -10.4027376796119 profile1
299 144.444976 -10.3482570071198 profile1
300 144.447008 -10.2504503396268 profile1
301 144.44904 -10.1614808282781 profile1
302 144.454745 -10.0706746482046 profile1
303 144.498681 -9.98749509703227 profile1
304 144.558267 -9.92131480142217 profile1
305 144.587405 -9.84072738081384 profile1
306 144.587686 -9.74601052840345 profile1
307 144.587968 -9.66025859627567 profile1
308 144.617027 -9.59496341697979 profile1
309 144.705848 -9.20872922287855 profile1
310 144.716797 -9.02029554442421 profile1
311 144.727745 -8.77237997662204 profile1
312 144.897381 -8.74888801944548 profile1
313 144.903395 -8.78323207401665 profile1
314 144.909409 -8.82912729183525 profile1
315 144.916914 -8.88620657631242 profile1
316 144.947844 -8.92845279290671 profile1
317 144.978774 -8.97243526008872 profile1
318 145.106694 -8.61444043760924 profile1
319 145.224788 -8.46306067318024 profile1
320 145.342881 -8.31596006787479 profile1
321 146.87452 -6.25619358923267 profile1
322 146.889753 -6.49492955501414 profile1
323 146.904986 -6.56879134062906 profile1
324 147.064187 -6.40668410331583 profile1
325 147.069549 -6.64805658111536 profile1
326 147.074911 -6.67650755414176 profile1
327 147.080273 -6.41114476093302 profile1
328 147.089309 -6.24202455886341 profile1
329 147.114764 -6.18057041697524 profile1
330 147.137425 -6.17998775213606 profile1
331 147.157965 -6.17634668133233 profile1
332 147.178504 -6.16365993298348 profile1
333 142.490795 -18.4610784886645 profile1
334 142.517426 -18.3529252405482 profile1
335 142.560149 -18.2411971714254 profile1
336 142.602873 -18.1291209015705 profile1
337 142.64402 -18.0166360224005 profile1
338 142.685103 -18.0001824620631 profile1
339 142.726186 -17.9271821408081 profile1
340 142.767269 -17.8122839280934 profile1
341 142.808353 -17.7033089119634 profile1
342 142.849436 -17.6118972689425 profile1
343 142.876943 -17.522797513767 profile1
344 142.880371 -17.4357783256913 profile1
345 142.883799 -17.3510162604271 profile1
346 142.904956 -17.2661646308742 profile1
347 142.989329 -17.2278653640886 profile1
348 143.073701 -17.1541657079384 profile1
349 143.155273 -17.0667590398291 profile1
350 143.159416 -16.9798986314217 profile1
351 143.163559 -16.8760278882827 profile1
352 143.167702 -16.7728042020422 profile1
353 143.171846 -16.670462056161 profile1
354 143.175989 -16.5706414847127 profile1
355 143.180132 -16.4736713734136 profile1
356 143.240265 -16.3131353820445 profile1
357 143.324863 -15.9457542881885 profile1
358 143.409462 -15.3444868599369 profile1
359 143.484637 -15.330525887812 profile1
360 143.487347 -15.3561126403548 profile1
361 143.490056 -15.3235158759506 profile1
362 143.492766 -15.2968695949607 profile1
363 143.495555 -15.2759448481688 profile1
364 143.498344 -15.2604697545552 profile1
365 143.501132 -15.2536559185143 profile1
366 143.521072 -15.2241494397669 profile1
367 143.53778 -15.1914240481204 profile1
368 143.554489 -15.1582539847419 profile1
369 143.570345 -15.1278630514424 profile1
370 143.571477 -15.1052984863527 profile1
371 143.572611 -15.0933373231154 profile1
372 143.574439 -15.0944729898098 profile1
373 143.699438 -15.3868700234292 profile1
374 143.824436 -14.9557771567936 profile1
375 143.915168 -14.7999610186008 profile1
376 143.920616 -14.8035851104335 profile1
377 143.926063 -14.8003939700279 profile1
378 143.93182 -14.6891897317291 profile1
379 143.935901 -14.4522410692003 profile1
380 145.729503 -7.39900531197564 profile1
381 145.916546 -7.46063174113102 profile1
382 146.10359 -7.45642016426886 profile1
383 146.240909 -7.36827915788745 profile1
384 146.283615 -7.32087103609288 profile1
385 146.304543 -7.26752302831782 profile1
386 146.314537 -7.2152689301149 profile1
387 146.319976 -7.16451565077197 profile1
388 146.322338 -7.11571409466961 profile1
389 146.3247 -7.06935118141256 profile1
390 146.327062 -7.02592983886406 profile1
391 146.329424 -6.98594754891765 profile1
392 146.331786 -6.94988553765452 profile1
393 146.334148 -6.91818291321223 profile1
394 146.33651 -6.91575569696953 profile1
395 146.643419 -7.01110264340621 profile1
396 146.654632 -6.95976918405839 profile1
397 146.665844 -6.91165026912918 profile1
398 146.677056 -6.85253201951959 profile1
399 146.688269 -6.56493141233292 profile1
400 146.69133 -6.23778878704326 profile1
401 146.694026 -6.06089760990265 profile1
402 146.696722 -6.0866052834029 profile1
403 146.699418 -6.33687049636898 profile1
404 146.702114 -6.7897347635059 profile1
405 146.70481 -6.82145903082101 profile1
406 146.707507 -6.72512440836125 profile1
407 146.710838 -6.64037808179202 profile1
408 146.716274 -6.56771904665429 profile1
409 146.72171 -6.5074888204392 profile1
410 146.727146 -6.45986687561229 profile1
411 146.734615 -6.43620476471305 profile1
412 146.80381 -6.44100000020332 profile1
413 146.862885 -6.25881452927574 profile1
414 146.863965 -6.07841620922923 profile1
415 146.865044 -6.07869038573807 profile1
416 147.221814 -4.80788145797321 profile1
417 147.253583 -3.70502137579754 profile1
418 147.272554 -3.58479845322375 profile1
419 147.275576 -3.42459532924618 profile1
420 147.278599 -3.34011599324103 profile1
421 147.281622 -3.29557251891539 profile1
422 147.284644 -3.30352477687375 profile1
423 147.286194 -3.36182161546315 profile1
424 147.286753 -3.46721986871303 profile1
425 147.287312 -3.61569611144877 profile1
426 147.287872 -3.80276214259794 profile1
427 147.290648 -3.97292498803126 profile1
428 147.299484 -4.12946552109289 profile1
429 147.327447 -3.88956331017654 profile1
430 147.35561 -3.73651331960911 profile1
431 147.383773 -3.45282694284411 profile1
432 147.397845 -3.34982476437646 profile1
433 147.402328 -3.25111737254116 profile1
434 147.406811 -3.15725279272201 profile1
435 147.411546 -3.06821011384752 profile1
436 147.442387 -2.98504251226045 profile1
437 147.535843 -2.95693723851429 profile1
438 147.551736 -2.62900199178425 profile1
439 147.555599 -2.32813865922777 profile1
440 147.559461 -2.16605996314853 profile1
441 147.563362 -2.05180820822892 profile1
442 147.583398 -1.84721345634252 profile1
443 147.602453 -1.75334654668041 profile1
444 147.621507 -1.61884719670421 profile1
445 147.682611 -1.59860507260792 profile1
446 147.68996 -1.56780366407227 profile1
447 147.695588 -1.46868053512744 profile1
448 147.701215 -1.3783663598756 profile1
449 147.706843 -0.717747077112395 profile1
450 147.719435 -0.318020873836514 profile1
451 147.737975 -0.23670884738519 profile1
452 147.751499 -0.105390460059817 profile1
453 147.760277 0.0721691506735119 profile1
454 147.795391 1.27806894447378 profile1
455 147.816836 2.01628160546337 profile1
456 147.850698 2.53700559780006 profile1
457 147.88456 2.88206198323482 profile1
458 147.914702 3.36546939811571 profile1
459 147.91491 3.3312439308756 profile1
460 147.915116 3.27467421410544 profile1
461 147.915322 3.19452789832493 profile1
462 147.915527 3.08997057894054 profile1
463 147.915733 2.96066713304029 profile1
464 147.916803 2.81172071461675 profile1
465 147.923623 2.72633502027068 profile1
466 147.930444 2.64813247392695 profile1
467 147.937264 2.56739309537329 profile1
468 147.944084 2.47569817860952 profile1
469 147.949324 2.30407721401296 profile1
470 147.953121 1.74154341283817 profile1
471 147.956917 0.747889475672963 profile1
472 147.960714 -0.479317277985336 profile1
473 147.964511 -1.87263428354773 profile1
474 147.968307 -2.92808627296117 profile1
475 147.973733 -3.66452506499717 profile1
476 147.982072 -3.85633245478495 profile1
477 147.982175 -3.96290668138573 profile1
478 147.982278 -4.08340178477563 profile1
479 147.986316 -4.25024530502522 profile1
480 147.986987 -4.57069655805685 profile1
481 147.987657 -4.95491973358669 profile1
482 147.988327 -5.3994298921277 profile1
483 147.988998 -5.89925562870837 profile1
484 147.989668 -6.34828421130917 profile1
485 148.006053 -6.44096726812345 profile1
486 148.013144 -6.60604938474793 profile1
487 148.020236 -6.79135152467171 profile1
488 148.027327 -6.9963906590015 profile1
489 148.033269 -7.22046539722706 profile1
490 148.037078 -7.46265086588653 profile1
491 148.040918 -7.54412788860889 profile1
492 148.046494 -8.20558575754307 profile1
493 148.05207 -9.38943625258485 profile1
494 148.180347 -10.6086597907659 profile1
495 148.183086 -10.639582673448 profile1
496 148.185825 -10.6752193144812 profile1
497 148.188563 -10.7201468233835 profile1
498 148.191302 -11.008297050183 profile1
499 148.194041 -11.3428529543736 profile1
500 148.19678 -11.5875400774136 profile1
501 148.200032 -11.63303715723 profile1
502 148.204884 -11.694560399019 profile1
503 148.213021 -11.7755687610889 profile1
504 148.213171 -11.9319835464503 profile1
505 148.213321 -12.1783660342033 profile1
506 148.326473 -12.472232179224 profile1
507 148.333368 -12.4026057335421 profile1
508 148.340263 -12.3642757405495 profile1
509 148.347157 -12.3220636949865 profile1
510 148.354052 -12.2454572953796 profile1
511 148.362946 -12.1802261742154 profile1
512 148.380016 -12.1426799692289 profile1
513 148.403283 -12.1511000094536 profile1
514 148.42655 -12.1598248994468 profile1
515 148.430037 -12.2011817946579 profile1
516 148.4319 -12.2506841039867 profile1
517 148.433763 -12.3083081826729 profile1
518 148.435626 -12.326100447225 profile1
519 148.437489 -12.3743684116503 profile1
520 148.439352 -12.4785282161594 profile1
521 148.441214 -12.6667946494876 profile1
522 148.443077 -12.9415221578031 profile1
523 148.44494 -13.2867423497251 profile1
524 148.493526 -14.0731090643367 profile1
525 148.493644 -14.1360049141794 profile1
526 148.493762 -14.2043898518533 profile1
527 148.648833 -14.4174700971696 profile1
528 148.673469 -15.4565772785483 profile1
529 148.812084 -15.8023228671189 profile1
530 148.815025 -15.8139021946826 profile1
531 147.769056 0.223317657109864 profile1
532 147.777834 0.352959461808547 profile1
533 147.786613 0.674761855598657 profile1
534 148.446803 -13.6771337569159 profile1
535 148.453459 -13.9358515234786 profile1
536 148.477993 -14.0143873326355 profile1
537 148.502187 -14.0859718283407 profile1
538 148.624196 -14.2034921925289 profile1
539 142.490795 -1.40384710553576 profile2
540 142.517426 -1.38801762214183 profile2
541 142.560149 -1.37143974421029 profile2
542 142.602873 -1.35573826100948 profile2
543 142.64402 -1.34062713417936 profile2
544 142.685103 -1.32047311130936 profile2
545 142.726186 -1.30758296300021 profile2
546 142.767269 -1.29689268443816 profile2
547 142.808353 -1.28096376547603 profile2
548 142.849436 -1.24695211477129 profile2
549 142.876943 -1.21276255035838 profile2
550 142.880371 -1.17833219741261 profile2
551 142.883799 -1.14381303880794 profile2
552 142.904956 -1.11149697178606 profile2
553 142.989329 -1.10131904251559 profile2
554 143.073701 -1.09027471249025 profile2
555 143.155273 -1.05457911894348 profile2
556 143.159416 -0.994487901338794 profile2
557 143.163559 -0.952190987624231 profile2
558 143.167702 -0.915915646923024 profile2
559 143.171846 -0.87971523083948 profile2
560 143.175989 -0.845600532945907 profile2
561 143.180132 -0.815454416919878 profile2
562 143.240265 -0.778175650843107 profile2
563 143.324863 -0.483397913197119 profile2
564 143.409462 -0.834202037555304 profile2
565 143.484637 -0.865924798250844 profile2
566 143.487347 -0.908041784416598 profile2
567 143.490056 -0.921015260664996 profile2
568 143.492766 -0.935641721313829 profile2
569 143.495555 -0.95184790199865 profile2
570 143.498344 -0.969552869630132 profile2
571 143.501132 -0.989203951017873 profile2
572 143.521072 -0.981960114603658 profile2
573 143.53778 -0.945552604212089 profile2
574 143.554489 -0.863361343598851 profile2
575 143.570345 -0.760515063619426 profile2
576 143.571477 -0.662986436049822 profile2
577 143.572611 -0.576166216114094 profile2
578 143.574439 -0.50437198760246 profile2
579 143.699438 -0.471198388761641 profile2
580 143.824436 -0.397570546957006 profile2
581 143.915168 -0.412034612066914 profile2
582 143.920616 -0.378595490404041 profile2
583 143.926063 -0.356095736601395 profile2
584 143.93182 -0.400695444384692 profile2
585 143.935901 -0.438557515561499 profile2
586 143.939982 -0.496976381448526 profile2
587 143.944917 -0.575145794115207 profile2
588 143.975668 -0.671757962535741 profile2
589 144.013221 -0.715506783725764 profile2
590 144.051716 -0.745496902357357 profile2
591 144.090211 -0.748896818218066 profile2
592 144.128706 -0.75024303543721 profile2
593 144.167202 -0.751830310452194 profile2
594 144.176428 -0.753579423290888 profile2
595 144.180816 -0.755403985274683 profile2
596 144.185205 -0.757248934472084 profile2
597 144.348163 -0.81824593574755 profile2
598 144.361337 -0.953690903097412 profile2
599 144.363468 -0.877919939481809 profile2
600 144.365599 -0.786234880320102 profile2
601 144.367577 -0.755784648104421 profile2
602 144.375504 -0.775813280467962 profile2
603 144.385418 -0.80556096927126 profile2
604 144.395332 -0.844930405731782 profile2
605 144.407236 -0.876535751251587 profile2
606 144.411293 -0.899374407150797 profile2
607 144.415349 -0.921637309088593 profile2
608 144.419405 -0.943197318897147 profile2
609 144.423461 -0.963938656319772 profile2
610 144.427517 -0.957239251312414 profile2
611 144.431573 -0.945050975380545 profile2
612 144.437408 -0.936472955456 profile2
613 144.440911 -0.94129524151388 profile2
614 144.442944 -0.94595112338188 profile2
615 144.444976 -0.95023334487269 profile2
616 144.447008 -0.956439833246479 profile2
617 144.44904 -0.965383516408738 profile2
618 144.454745 -0.973301242086869 profile2
619 144.498681 -0.984013342203528 profile2
620 144.558267 -0.99458927367875 profile2
621 144.587405 -0.989938322367947 profile2
622 144.587686 -0.980124911459407 profile2
623 144.587968 -0.972154311115654 profile2
624 144.617027 -0.969650505961249 profile2
625 144.705848 -0.95015042739861 profile2
626 144.716797 -0.920856425022659 profile2
627 144.727745 -0.824806583324231 profile2
628 144.897381 -0.847665543860844 profile2
629 144.903395 -0.899271788258293 profile2
630 144.909409 -0.952897176195721 profile2
631 144.916914 -1.00828935788519 profile2
632 144.947844 -1.04334025684932 profile2
633 144.978774 -1.07719223106839 profile2
634 145.106694 -1.19025603586124 profile2
635 145.224788 -0.897655239253759 profile2
636 145.342881 -0.845405304890617 profile2
637 145.729503 -1.10049426490023 profile2
638 145.916546 -1.09096123162736 profile2
639 146.10359 -0.97160370563439 profile2
640 146.240909 -0.889128302148723 profile2
641 146.283615 -0.814167789084375 profile2
642 146.304543 -0.801639232961203 profile2
643 146.314537 -0.791608403160428 profile2
644 146.319976 -0.784149812590824 profile2
645 146.322338 -0.779305352974625 profile2
646 146.3247 -0.777082396603446 profile2
647 146.327062 -0.777453527382302 profile2
648 146.329424 -0.780356331717346 profile2
649 146.331786 -0.785697526916139 profile2
650 146.334148 -0.793353644553258 profile2
651 146.33651 -0.669062693007041 profile2
652 146.643419 -0.627425383249976 profile2
653 146.654632 -0.579075842788398 profile2
654 146.665844 -0.532599585891158 profile2
655 146.677056 -0.470551750877062 profile2
656 146.688269 -0.271650465160243 profile2
657 146.69133 0.0136066703361428 profile2
658 146.694026 0.308340270018931 profile2
659 146.696722 0.587236054943189 profile2
660 146.699418 0.822149741371827 profile2
661 146.702114 0.991179766746886 profile2
662 146.70481 1.06150270927087 profile2
663 146.707507 1.11691162102225 profile2
664 146.710838 1.16869675756133 profile2
665 146.716274 1.21654798043699 profile2
666 146.72171 1.2602129309908 profile2
667 146.727146 1.29950041756465 profile2
668 146.734615 1.32506445285077 profile2
669 146.80381 1.33724140453129 profile2
670 146.862885 1.46371201149348 profile2
671 146.863965 1.61275694371916 profile2
672 146.865044 1.69260984313476 profile2
673 146.87452 1.69894741589317 profile2
674 146.889753 1.69010522653734 profile2
675 146.904986 1.79792377240078 profile2
676 147.064187 2.03933400764519 profile2
677 147.069549 2.35982675410279 profile2
678 147.074911 2.5619601899117 profile2
679 147.080273 2.66079891088354 profile2
680 147.089309 2.7140602327372 profile2
681 147.114764 2.70696008257736 profile2
682 147.137425 2.70153678011118 profile2
683 147.157965 2.70094181182157 profile2
684 147.178504 2.70090845768952 profile2
685 147.221814 3.28000547957421 profile2
686 147.253583 3.32932018508391 profile2
687 147.272554 3.36546939811571 profile2
688 147.275576 3.35644719000309 profile2
689 147.278599 3.32537437164055 profile2
690 147.281622 3.25447968501891 profile2
691 147.284644 3.16503509296246 profile2
692 147.286194 3.05666580888729 profile2
693 147.286753 2.92958463176855 profile2
694 147.287312 2.78459358088554 profile2
695 147.287872 2.62302596149288 profile2
696 147.290648 2.46341187766548 profile2
697 147.299484 2.30387002849172 profile2
698 147.327447 1.94167588275828 profile2
699 147.35561 1.95055514395572 profile2
700 147.383773 1.73338109251179 profile2
701 147.397845 1.75886681831749 profile2
702 147.402328 1.78261938135061 profile2
703 147.406811 1.80431338248695 profile2
704 147.411546 1.82378722534273 profile2
705 147.442387 1.84096679723439 profile2
706 147.535843 1.84536057693428 profile2
707 147.551736 1.70346896928622 profile2
708 147.555599 1.49024203697184 profile2
709 147.559461 1.3189006942053 profile2
710 147.563362 1.1566090980654 profile2
711 147.583398 0.84690040239734 profile2
712 147.602453 0.659939203090329 profile2
713 147.621507 0.518990629223057 profile2
714 147.682611 0.496669354818673 profile2
715 147.68996 0.515523948854355 profile2
716 147.695588 0.573748560905749 profile2
717 147.701215 0.637192581049407 profile2
718 147.706843 0.561355344366245 profile2
719 147.719435 0.395302862993771 profile2
720 147.737975 0.371926327855155 profile2
721 147.751499 0.355692859771745 profile2
722 147.760277 0.344255023466745 profile2
723 147.769056 0.333565546091188 profile2
724 147.777834 0.323512395760614 profile2
725 147.786613 0.233344953737248 profile2
726 147.795391 0.100005966436663 profile2
727 147.816836 0.0224468695763757 profile2
728 147.850698 0.00720266999855788 profile2
729 147.88456 -0.00299549914255088 profile2
730 147.914702 0 profile2
731 147.91491 -0.0435619183514839 profile2
732 147.915116 -0.085448849974111 profile2
733 147.915322 -0.124674188874165 profile2
734 147.915527 -0.160430072810166 profile2
735 147.915733 -0.192129379524621 profile2
736 147.916803 -0.217695937242744 profile2
737 147.923623 -0.214133275804276 profile2
738 147.930444 -0.20801030357392 profile2
739 147.937264 -0.202255243987141 profile2
740 147.944084 -0.310578249148754 profile2
741 147.949324 -0.460815954649053 profile2
742 147.953121 -0.598088988714112 profile2
743 147.956917 -0.716065228597959 profile2
744 147.960714 -0.821593342380199 profile2
745 147.964511 -0.915143045618993 profile2
746 147.968307 -0.930931074910974 profile2
747 147.973733 -0.918558102507491 profile2
748 147.982072 -0.927567427930753 profile2
749 147.982175 -0.935322886548767 profile2
750 147.982278 -0.941249466367953 profile2
751 147.986316 -0.962720896645827 profile2
752 147.986987 -1.05667091954692 profile2
753 147.987657 -1.17733794175024 profile2
754 147.988327 -1.32102739580439 profile2
755 147.988998 -1.48027347025029 profile2
756 147.989668 -1.61571843996905 profile2
757 148.006053 -1.63824841003862 profile2
758 148.013144 -1.68341349372272 profile2
759 148.020236 -1.73536874963133 profile2
760 148.027327 -1.79388686564375 profile2
761 148.033269 -1.85848385992588 profile2
762 148.037078 -1.92842514956922 profile2
763 148.040918 -2.01518995183879 profile2
764 148.046494 -2.15642439822991 profile2
765 148.05207 -2.30304669456037 profile2
766 148.180347 -2.4319348822098 profile2
767 148.183086 -2.47911579032867 profile2
768 148.185825 -2.52263499140849 profile2
769 148.188563 -2.56264216473302 profile2
770 148.191302 -2.62688316356499 profile2
771 148.194041 -2.67924311809666 profile2
772 148.19678 -2.70477693924558 profile2
773 148.200032 -2.70340923629586 profile2
774 148.204884 -2.70244029802159 profile2
775 148.213021 -2.70695400103523 profile2
776 148.213171 -2.74619175504769 profile2
777 148.213321 -2.78109160212135 profile2
778 148.326473 -2.79228446558398 profile2
779 148.333368 -2.67111373259129 profile2
780 148.340263 -2.55452199382122 profile2
781 148.347157 -2.45258830212652 profile2
782 148.354052 -2.38419139287096 profile2
783 148.362946 -2.31918607973455 profile2
784 148.380016 -2.26225103809236 profile2
785 148.403283 -2.24681508670709 profile2
786 148.42655 -2.24567751410053 profile2
787 148.430037 -2.24110370745676 profile2
788 148.4319 -2.23417862943885 profile2
789 148.433763 -2.22489928143803 profile2
790 148.435626 -2.33336316774531 profile2
791 148.437489 -2.33822976044782 profile2
792 148.439352 -2.30994983712695 profile2
793 148.441214 -2.29852554418147 profile2
794 148.443077 -2.28643617517246 profile2
795 148.44494 -2.27378105914418 profile2
796 148.446803 -2.26071721606758 profile2
797 148.453459 -2.24648266957739 profile2
798 148.477993 -2.23367564276723 profile2
799 148.493526 -2.22133660898279 profile2
800 148.493644 -2.20766910862586 profile2
801 148.493762 -2.19278006732904 profile2
802 148.502187 -2.26146474180486 profile2
803 148.624196 -2.29682344425497 profile2
804 148.648833 -2.53620202423556 profile2
805 148.673469 -2.75222873046257 profile2
806 148.812084 -2.92180882883121 profile2
807 148.815025 -2.92531519503315 profile2
