marker_position lod trace
1 40.751751 -25.3043572236698 pleio
2 40.852649 -22.6746496981408 pleio
3 40.963726 -21.9714858416362 pleio
4 41.071368 -21.9397538805437 pleio
5 41.130258 -21.9173288492748 pleio
6 41.189147 -21.8956034502432 pleio
7 41.248037 -21.87458643525 pleio
8 41.306927 -21.8542813484041 pleio
9 41.376781 -21.8340959603365 pleio
10 41.466542 -21.8118476677246 pleio
11 41.467199 -21.7857252514932 pleio
12 41.467856 -21.7596707158505 pleio
13 41.535355 -21.6667186750609 pleio
14 41.812857 -19.828028363617 pleio
15 42.090359 -19.8126427432096 pleio
16 42.192627 -19.7688518446303 pleio
17 42.292082 -19.7173994961658 pleio
18 42.391537 -19.6664772538007 pleio
19 42.490992 -19.6182630594261 pleio
20 42.590447 -19.5722100984545 pleio
21 42.689901 -19.5291873329669 pleio
22 42.789356 -19.4874217687554 pleio
23 42.929723 -19.44666909789 pleio
24 43.030511 -19.3946745588226 pleio
25 43.09059 -19.3345102429521 pleio
26 43.150669 -19.2754638296017 pleio
27 43.210748 -19.2179624005064 pleio
28 43.265979 -19.1620724011578 pleio
29 43.296031 -19.1031074592282 pleio
30 43.336485 -19.2983571676235 pleio
31 43.376939 -19.2699927093796 pleio
32 43.399199 -17.5409295112155 pleio
33 43.400566 -16.2710167908135 pleio
34 43.401932 -16.4614299363726 pleio
35 43.416832 -16.6443167867438 pleio
36 43.545216 -16.721430866706 pleio
37 43.659927 -16.7133267783618 pleio
38 43.662301 -16.6943143735292 pleio
39 43.664677 -16.6759206739101 pleio
40 43.66789 -16.6426780166762 pleio
41 43.746502 -15.9996481389187 pleio
42 43.811623 -16.1071627670058 pleio
43 43.828159 -16.0736812353672 pleio
44 43.836311 -16.0428505315349 pleio
45 43.838406 -16.0429800241804 pleio
46 43.840501 -16.1586120747597 pleio
47 43.844466 -16.2510790498239 pleio
48 43.861003 -16.3128590235573 pleio
49 43.901546 -16.3366227927367 pleio
50 43.980158 -16.0496589109973 pleio
51 44.020771 -15.7432873962702 pleio
52 44.053303 -15.6617930368497 pleio
53 44.085836 -15.6525343785682 pleio
54 44.138903 -15.6717438754561 pleio
55 44.294495 -15.744841988597 pleio
56 44.317834 -15.7456792153561 pleio
57 44.341174 -15.7591583527201 pleio
58 44.364954 -15.7240422795357 pleio
59 44.431929 -14.3241676156831 pleio
60 44.438774 -14.1527921741545 pleio
61 44.445619 -14.2559889414179 pleio
62 44.482294 -14.2297999033544 pleio
63 44.551043 -13.9547869389871 pleio
64 44.564207 -13.5499029658287 pleio
65 44.568298 -13.1522694832595 pleio
66 44.572388 -12.7640790627187 pleio
67 44.576479 -12.3875727778437 pleio
68 44.58057 -12.0256563638583 pleio
69 44.584661 -11.6382724058001 pleio
70 44.588908 -11.2246971223112 pleio
71 44.596324 -10.8406710395896 pleio
72 44.603741 -10.4795788451112 pleio
73 44.608283 -10.1426400418085 pleio
74 44.609389 -9.83667049547118 pleio
75 44.610566 -9.563528609314 pleio
76 44.612126 -9.32464697096098 pleio
77 44.618941 -9.12100566277774 pleio
78 44.625756 -8.95312326095661 pleio
79 44.632571 -8.85253063156489 pleio
80 44.721343 -8.64769077541209 pleio
81 44.725576 -8.22984114084545 pleio
82 44.729808 -7.90684848020898 pleio
83 44.761322 -7.73525609813856 pleio
84 44.780832 -7.7326537940243 pleio
85 44.800342 -7.46636929242851 pleio
86 44.819852 -7.23727258667344 pleio
87 44.838742 -7.22994637183409 pleio
88 44.856652 -7.1127828563105 pleio
89 44.867332 -7.02268311051629 pleio
90 44.874623 -6.96195730058909 pleio
91 44.881915 -6.93050994787611 pleio
92 44.889206 -6.92797363998739 pleio
93 44.896497 -6.93491499123009 pleio
94 44.940291 -6.72041218816615 pleio
95 44.995858 -6.47384125259956 pleio
96 45.051425 -6.33051917630692 pleio
97 45.101619 -6.28592313057056 pleio
98 45.106404 -6.27032274693635 pleio
99 45.111189 -6.25731157955854 pleio
100 45.144068 -6.25118732204854 pleio
101 45.165 -6.25020797119353 pleio
102 45.174292 -6.25076238042669 pleio
103 45.183584 -6.25299363488058 pleio
104 45.206863 -6.25453176896548 pleio
105 45.270542 -6.36148003760866 pleio
106 45.33422 -3.37374596051874 pleio
107 45.420117 -3.09476548393151 pleio
108 45.434499 -2.932193272451 pleio
109 45.438006 -2.77897508383002 pleio
110 45.441513 -2.67833755436059 pleio
111 45.445019 -2.64511498487279 pleio
112 45.448526 -2.61438045669497 pleio
113 45.452033 -2.58601112939798 pleio
114 45.455539 -2.9409357307595 pleio
115 45.458985 -2.61635483582809 pleio
116 45.460636 -2.51325477099319 pleio
117 45.462287 -2.49297679482727 pleio
118 45.463938 -2.49487042243663 pleio
119 45.465589 -2.50833044825748 pleio
120 45.46724 -2.52242304908268 pleio
121 45.470001 -2.53713057781899 pleio
122 45.474942 -2.55243372269136 pleio
123 45.479882 -2.56831821949486 pleio
124 45.484823 -2.58476557267432 pleio
125 45.489764 -2.6017584242235 pleio
126 45.494704 -2.61927836585223 pleio
127 45.499645 -2.63115575114059 pleio
128 45.504585 -2.45233085457322 pleio
129 45.622192 -1.91564008032521 pleio
130 45.689416 -1.34787968326361 pleio
131 45.705169 -1.16299783245395 pleio
132 45.720922 -0.855224018794002 pleio
133 46.0005425 0 pleio
134 46.280163 -1.00555024001389 pleio
135 46.288948 -6.72364276223055 pleio
136 46.297732 -8.09062593327908 pleio
137 46.306516 -8.11123596543475 pleio
138 46.315301 -8.15445628089758 pleio
139 46.32335 -8.24172131318034 pleio
140 46.326762 -8.39571624840303 pleio
141 46.330173 -8.42979632673995 pleio
142 46.333584 -8.33741021379025 pleio
143 46.336995 -8.15673742879199 pleio
144 46.341532 -8.0122850058565 pleio
145 46.350316 -7.90894358361936 pleio
146 46.358463 -7.88465365170185 pleio
147 46.360127 -7.97088792218329 pleio
148 46.36179 -8.06752200752851 pleio
149 46.363103 -8.17457336527129 pleio
150 46.364052 -8.29203974784837 pleio
151 46.364976 -8.41989904005289 pleio
152 46.365522 -8.55810903358871 pleio
153 46.366069 -8.7066073068743 pleio
154 46.366615 -8.8653112396777 pleio
155 46.367161 -9.03411817971313 pleio
156 46.367707 -9.21290512169113 pleio
157 46.368253 -9.40152995285307 pleio
158 46.368799 -9.59548777334136 pleio
159 46.485003 -15.9383469208653 pleio
160 46.557864 -15.8773177789049 pleio
161 46.610522 -15.9541406860225 pleio
162 46.616448 -15.9966473878048 pleio
163 46.622375 -16.0427038063119 pleio
164 46.628301 -16.092294135157 pleio
165 46.687297 -16.1453832742355 pleio
166 46.730117 -16.1976440202891 pleio
167 46.732363 -16.2474488283694 pleio
168 46.73461 -16.3037319098888 pleio
169 46.736857 -16.365916205794 pleio
170 46.739103 -16.4337984094942 pleio
171 46.74135 -16.5068640059595 pleio
172 46.750658 -16.5816873672603 pleio
173 46.815826 -16.6940924818066 pleio
174 46.828517 -16.8834742367683 pleio
175 46.833526 -17.1400817138273 pleio
176 46.838536 -17.4391749275861 pleio
177 46.843545 -17.7819182278927 pleio
178 46.848554 -18.1610620535075 pleio
179 46.853564 -18.5678461818078 pleio
180 46.921126 -18.994865356437 pleio
181 47.021298 -19.2571539463194 pleio
182 47.023709 -19.3797749698178 pleio
183 47.02612 -19.5206412017762 pleio
184 47.035721 -19.666854437987 pleio
185 47.160161 -20.0390810549162 pleio
186 47.295389 -20.2908131756145 pleio
187 47.430616 -20.3406443807826 pleio
188 47.565843 -20.3614902181745 pleio
189 47.70107 -20.4068758055202 pleio
190 47.836298 -20.6665954018574 pleio
191 47.971525 -21.0546960720746 pleio
192 48.106752 -21.0793609436134 pleio
193 48.24198 -21.1017872835511 pleio
194 48.377207 -21.1293921791682 pleio
195 48.474506 -21.1564203569125 pleio
196 48.553159 -21.1826909736312 pleio
197 48.631813 -21.2095995075737 pleio
198 48.717003 -21.2370979683532 pleio
199 48.805261 -21.4329521647501 pleio
200 48.89352 -21.8659956391749 pleio
201 48.982344 -22.7120269373333 pleio
202 49.13026 -22.520363041193 pleio
203 49.161395 -22.4060826463354 pleio
204 49.168603 -22.4450713562599 pleio
205 49.175812 -22.6650100988091 pleio
206 49.276939 -22.4815421415379 pleio
207 49.413086 -23.1883500543509 pleio
208 49.549232 -24.6860609174591 pleio
209 49.611939 -24.8456582952007 pleio
210 49.614662 -25.1842624021432 pleio
211 49.617384 -25.5780363791132 pleio
212 49.620107 -25.6661401365771 pleio
213 49.62283 -25.7664044714165 pleio
214 49.625553 -25.8783826530156 pleio
215 49.628276 -26.001555756118 pleio
216 49.638989 -26.1230728179552 pleio
217 49.65723 -26.2109854601433 pleio
218 49.660035 -26.2982358893242 pleio
219 49.66284 -26.3854707945232 pleio
220 49.665644 -26.472162812792 pleio
221 49.668449 -26.5577993190272 pleio
222 49.671254 -26.6418922547734 pleio
223 49.674058 -26.7239869977809 pleio
224 49.695383 -26.8039793717216 pleio
225 49.798204 -26.8295876911148 pleio
226 49.807433 -26.8419992481416 pleio
227 49.816662 -26.8541391550208 pleio
228 49.911484 -27.2877219987941 pleio
229 50.08976 -27.5372881548762 pleio
230 50.121095 -27.5548968751628 pleio
231 50.152431 -27.5746349129201 pleio
232 50.173971 -27.59712077201 pleio
233 50.177001 -27.6217137266125 pleio
234 50.180031 -29.7783131768896 pleio
235 50.183061 -31.3309457055072 pleio
236 50.18609 -31.5382315636693 pleio
237 50.18912 -31.7749798777657 pleio
238 50.19215 -32.1833985177076 pleio
239 50.295327 -32.8037876612577 pleio
240 50.302108 -32.8640290455056 pleio
241 50.308889 -32.9276514632798 pleio
242 50.311001 -32.9944640479917 pleio
243 40.751751 -20.7194909770779 profile1
244 40.852649 -18.5427380165234 profile1
245 40.963726 -17.9568788275979 profile1
246 41.071368 -17.915891144508 profile1
247 41.130258 -17.8855761339136 profile1
248 41.189147 -17.8556463715477 profile1
249 41.248037 -17.8261199228646 profile1
250 41.306927 -17.7971070953705 profile1
251 41.376781 -17.7701676331576 profile1
252 41.466542 -17.7438543667482 profile1
253 41.467199 -17.7128123176437 profile1
254 41.467856 -17.6818571774686 profile1
255 41.535355 -17.5911169342874 profile1
256 41.812857 -15.6971592975464 profile1
257 42.090359 -15.6771583371474 profile1
258 42.192627 -15.6250025177798 profile1
259 42.292082 -15.5516423321816 profile1
260 42.391537 -15.4882266662013 profile1
261 42.490992 -15.4406180512505 profile1
262 42.590447 -15.3840563767323 profile1
263 42.689901 -15.3289268289307 profile1
264 42.789356 -15.2747400042286 profile1
265 42.929723 -15.2211463184095 profile1
266 43.030511 -15.167314141035 profile1
267 43.09059 -15.1128894720584 profile1
268 43.150669 -15.0583877447191 profile1
269 43.210748 -15.004013535055 profile1
270 43.265979 -14.9498272236173 profile1
271 43.296031 -14.893246271394 profile1
272 43.336485 -15.1682994245133 profile1
273 43.376939 -15.1329416935259 profile1
274 43.399199 -14.1760748949128 profile1
275 43.400566 -13.9488344812639 profile1
276 43.401932 -13.9532365216333 profile1
277 43.416832 -14.054830325304 profile1
278 43.545216 -14.237299158859 profile1
279 43.659927 -14.2129346022384 profile1
280 43.662301 -14.1801163822053 profile1
281 43.664677 -14.1483629453519 profile1
282 43.66789 -14.1147490898538 profile1
283 43.746502 -13.6643152559011 profile1
284 43.811623 -13.9122233061563 profile1
285 43.828159 -13.8518945293614 profile1
286 43.836311 -13.793148958384 profile1
287 43.838406 -13.7364003056019 profile1
288 43.840501 -13.6813302866545 profile1
289 43.844466 -13.6313325123722 profile1
290 43.861003 -13.5884776154808 profile1
291 43.901546 -13.5603845206116 profile1
292 43.980158 -13.2850455084108 profile1
293 44.020771 -13.0416940769428 profile1
294 44.053303 -13.0254347306477 profile1
295 44.085836 -13.0690526230797 profile1
296 44.138903 -13.0950961908993 profile1
297 44.294495 -13.0317367614966 profile1
298 44.317834 -13.0260181690683 profile1
299 44.341174 -13.0236594151085 profile1
300 44.364954 -12.9939493689744 profile1
301 44.431929 -11.9274370929416 profile1
302 44.438774 -11.7207636825293 profile1
303 44.445619 -11.7280767776602 profile1
304 44.482294 -11.8515315626128 profile1
305 44.551043 -11.7266701571037 profile1
306 44.564207 -11.3225670860159 profile1
307 44.568298 -10.9245980003133 profile1
308 44.572388 -10.5343802722591 profile1
309 44.576479 -10.1543761138097 profile1
310 44.58057 -9.78671067891429 profile1
311 44.584661 -9.43347587977167 profile1
312 44.588908 -9.10256814802454 profile1
313 44.596324 -8.79427840255119 profile1
314 44.603741 -8.50506115173565 profile1
315 44.608283 -8.23536770800396 profile1
316 44.609389 -7.98987487306522 profile1
317 44.610566 -7.7701684557297 profile1
318 44.612126 -7.5774685726016 profile1
319 44.618941 -7.41260233029015 profile1
320 44.625756 -7.27599366448857 profile1
321 44.632571 -7.15861999104424 profile1
322 44.721343 -6.93244904241666 profile1
323 44.725576 -6.47820592942619 profile1
324 44.729808 -6.11410325243858 profile1
325 44.761322 -5.9151958057478 profile1
326 44.780832 -5.91888589753555 profile1
327 44.800342 -5.81368380012508 profile1
328 44.819852 -5.85424592004412 profile1
329 44.838742 -5.88342791351476 profile1
330 44.856652 -5.79942044021491 profile1
331 44.867332 -5.74474548344923 profile1
332 44.874623 -5.72140432964708 profile1
333 44.881915 -5.72918552425469 profile1
334 44.889206 -5.76755612090078 profile1
335 44.896497 -5.81536808396465 profile1
336 44.940291 -5.56149408293886 profile1
337 44.995858 -5.52474140689859 profile1
338 45.051425 -5.57533369210071 profile1
339 45.101619 -5.61114722451792 profile1
340 45.106404 -5.59609734766207 profile1
341 45.111189 -5.58188942822717 profile1
342 45.144068 -5.54847943467748 profile1
343 45.165 -5.52167003872208 profile1
344 45.174292 -5.49631816937154 profile1
345 45.183584 -5.47257607636625 profile1
346 45.206863 -5.45014524912249 profile1
347 45.270542 -5.46384223016005 profile1
348 45.33422 -2.25972183923841 profile1
349 45.420117 -2.03658241535751 profile1
350 45.434499 -2.0173132151122 profile1
351 45.438006 -2.00206273000083 profile1
352 45.441513 -1.9809527712314 profile1
353 45.445019 -1.94827959274597 profile1
354 45.448526 -1.91788507749595 profile1
355 45.452033 -1.88965688316858 profile1
356 45.455539 -2.19169440001688 profile1
357 45.458985 -1.89825495789312 profile1
358 45.460636 -1.81637960398707 profile1
359 45.462287 -1.79538514664999 profile1
360 45.463938 -1.78765211714087 profile1
361 45.465589 -1.78675600871992 profile1
362 45.46724 -1.78633334737356 profile1
363 45.470001 -1.78638828491009 profile1
364 45.474942 -1.78692486427868 profile1
365 45.479882 -1.78794461969581 profile1
366 45.484823 -1.78944984649069 profile1
367 45.489764 -1.79144165681277 profile1
368 45.494704 -1.79392070614314 profile1
369 45.499645 -1.79351184644948 profile1
370 45.504585 -1.62806485526611 profile1
371 45.622192 -1.19076398512866 profile1
372 45.689416 -0.839069790187503 profile1
373 45.705169 -0.745076183971039 profile1
374 45.720922 -0.770650079607247 profile1
375 46.0005425 0 profile1
376 46.280163 -0.303639742265067 profile1
377 46.288948 -5.29330553153234 profile1
378 46.297732 -6.32139332072293 profile1
379 46.306516 -6.3768998408508 profile1
380 46.315301 -6.45252624254226 profile1
381 46.32335 -6.52775879839685 profile1
382 46.326762 -6.59623402021926 profile1
383 46.330173 -6.50915902893808 profile1
384 46.333584 -6.35058836244355 profile1
385 46.336995 -6.21220902123341 profile1
386 46.341532 -6.11809015966588 profile1
387 46.350316 -6.07060122713195 profile1
388 46.358463 -6.08470867783979 profile1
389 46.360127 -6.15075169366409 profile1
390 46.36179 -6.22654846690656 profile1
391 46.363103 -6.312102407339 profile1
392 46.364052 -6.40739669968583 profile1
393 46.364976 -6.5123941873436 profile1
394 46.365522 -6.62703725047529 profile1
395 46.366069 -6.75124780106413 profile1
396 46.366615 -6.88492741710604 profile1
397 46.367161 -7.02795762116812 profile1
398 46.367707 -7.18019986461215 profile1
399 46.368253 -7.34149665101478 profile1
400 46.368799 -7.5074037907751 profile1
401 46.485003 -13.8053419868444 profile1
402 46.557864 -13.8975920557429 profile1
403 46.610522 -13.9705415670938 profile1
404 46.616448 -14.0446071321261 profile1
405 46.622375 -14.1229679813262 profile1
406 46.628301 -14.2055260602647 profile1
407 46.687297 -14.2921560556219 profile1
408 46.730117 -14.3893356863516 profile1
409 46.732363 -14.5024578984413 profile1
410 46.73461 -14.619690123123 profile1
411 46.736857 -14.7398498653798 profile1
412 46.739103 -14.8624847711464 profile1
413 46.74135 -14.9848106312975 profile1
414 46.750658 -15.0928181790369 profile1
415 46.815826 -15.2373812506372 profile1
416 46.828517 -15.4472643211709 profile1
417 46.833526 -15.6964078225547 profile1
418 46.838536 -15.9803813331428 profile1
419 46.843545 -16.2964689645583 profile1
420 46.848554 -16.63885413313 profile1
421 46.853564 -17.0006206338829 profile1
422 46.921126 -17.3766630651339 profile1
423 47.021298 -17.7040303410616 profile1
424 47.023709 -17.8150609094067 profile1
425 47.02612 -17.9434202239122 profile1
426 47.035721 -17.9973601354022 profile1
427 47.160161 -18.1678638091539 profile1
428 47.295389 -18.3174769257952 profile1
429 47.430616 -18.3714046317904 profile1
430 47.565843 -18.3823380175193 profile1
431 47.70107 -18.4248713848924 profile1
432 47.836298 -18.5807673824663 profile1
433 47.971525 -18.8452398888486 profile1
434 48.106752 -18.8600018580919 profile1
435 48.24198 -18.8731708704707 profile1
436 48.377207 -18.8917918908724 profile1
437 48.474506 -18.9095429331179 profile1
438 48.553159 -18.9262925698785 profile1
439 48.631813 -18.943534935117 profile1
440 48.717003 -18.9613388775593 profile1
441 48.805261 -19.2932033129428 profile1
442 48.89352 -19.921954838503 profile1
443 48.982344 -20.9989024823972 profile1
444 49.13026 -21.0570040440666 profile1
445 49.161395 -21.1700775498905 profile1
446 49.168603 -21.3987141256501 profile1
447 49.175812 -21.7521188895707 profile1
448 49.276939 -21.4974016951225 profile1
449 49.413086 -21.7171249901212 profile1
450 49.549232 -22.1833031823993 profile1
451 49.611939 -22.2489710578229 profile1
452 49.614662 -22.4337988333377 profile1
453 49.617384 -22.6839520318296 profile1
454 49.620107 -22.7684040819915 profile1
455 49.62283 -22.8639462993007 profile1
456 49.625553 -22.9701143506056 profile1
457 49.628276 -23.0863723117032 profile1
458 49.638989 -23.213742556327 profile1
459 49.65723 -23.3356646099666 profile1
460 49.660035 -23.4575382480158 profile1
461 49.66284 -23.578879539144 profile1
462 49.665644 -23.6990600266298 profile1
463 49.668449 -23.8174723974608 profile1
464 49.671254 -23.9335417061184 profile1
465 49.674058 -24.0467353492687 profile1
466 49.695383 -24.1560042020545 profile1
467 49.798204 -24.1788426914748 profile1
468 49.807433 -24.1850357048726 profile1
469 49.816662 -24.1914329221824 profile1
470 49.911484 -24.2235481621755 profile1
471 50.08976 -24.4982508728346 profile1
472 50.121095 -24.4980331406909 profile1
473 50.152431 -24.4995086405991 profile1
474 50.173971 -24.502522413435 profile1
475 50.177001 -24.5075200602222 profile1
476 50.180031 -25.5707236189987 profile1
477 50.183061 -26.6376090083765 profile1
478 50.18609 -26.9021891454303 profile1
479 50.18912 -27.1913095958649 profile1
480 50.19215 -27.6336972434286 profile1
481 50.295327 -28.2550081617905 profile1
482 50.302108 -28.3100518174789 profile1
483 50.308889 -28.3669590777486 profile1
484 50.311001 -28.4255587952315 profile1
485 40.751751 -10.6704811533208 profile2
486 40.852649 -9.75079838396678 profile2
487 40.963726 -9.5316918899446 profile2
488 41.071368 -9.53475928965302 profile2
489 41.130258 -9.5359301628736 profile2
490 41.189147 -9.53722298916882 profile2
491 41.248037 -9.53863283108147 profile2
492 41.306927 -9.54006211960881 profile2
493 41.376781 -9.53941462538267 profile2
494 41.466542 -9.53591364286847 profile2
495 41.467199 -9.53294798643156 profile2
496 41.467856 -9.52986638813334 profile2
497 41.535355 -9.51408714385344 profile2
498 41.812857 -9.32168011448596 profile2
499 42.090359 -9.32098112876653 profile2
500 42.192627 -9.3206355592853 profile2
501 42.292082 -9.33332866518195 profile2
502 42.391537 -9.3362054568803 profile2
503 42.490992 -9.3252325780048 profile2
504 42.590447 -9.32608415351016 profile2
505 42.689901 -9.32851371226981 profile2
506 42.789356 -9.33107673919548 profile2
507 42.929723 -9.33387168082313 profile2
508 43.030511 -9.32709509131532 profile2
509 43.09059 -9.31374748580813 profile2
510 43.150669 -9.30144137575495 profile2
511 43.210748 -9.29038599532563 profile2
512 43.265979 -9.28059939351187 profile2
513 43.296031 -9.27511103641027 profile2
514 43.336485 -9.20385550642112 profile2
515 43.376939 -9.20717548789069 profile2
516 43.399199 -8.14543321645432 profile2
517 43.400566 -6.940211655172 profile2
518 43.401932 -7.08755533087745 profile2
519 43.416832 -7.13773864550074 profile2
520 43.545216 -7.01219059738149 profile2
521 43.659927 -7.01734224619623 profile2
522 43.662301 -7.01431517466413 profile2
523 43.664677 -7.01097821718802 profile2
524 43.66789 -6.9888547548175 profile2
525 43.746502 -6.39946083793869 profile2
526 43.811623 -6.13295394177708 profile2
527 43.828159 -6.1310965622693 profile2
528 43.836311 -6.13065626915506 profile2
529 43.838406 -6.15627003245561 profile2
530 43.840501 -6.2787404124726 profile2
531 43.844466 -6.37008107926625 profile2
532 43.861003 -6.42255301496027 profile2
533 43.901546 -6.42976379425313 profile2
534 43.980158 -6.37522957173209 profile2
535 44.020771 -6.27232200268992 profile2
536 44.053303 -6.17841351608695 profile2
537 44.085836 -6.08750598296365 profile2
538 44.138903 -6.06157244249318 profile2
539 44.294495 -6.24135952864641 profile2
540 44.317834 -6.25395645166354 profile2
541 44.341174 -6.27030974598906 profile2
542 44.364954 -6.26409885039773 profile2
543 44.431929 -5.61825570244416 profile2
544 44.438774 -5.60248384198367 profile2
545 44.445619 -5.6846196756187 profile2
546 44.482294 -5.541854444991 profile2
547 44.551043 -5.34309959323111 profile2
548 44.564207 -5.24012969429801 profile2
549 44.568298 -5.14036266432117 profile2
550 44.572388 -5.0447857066086 profile2
551 44.576479 -4.95408830329277 profile2
552 44.58057 -4.86953312151474 profile2
553 44.584661 -4.75098705100847 profile2
554 44.588908 -4.5898980929175 profile2
555 44.596324 -4.44113159652532 profile2
556 44.603741 -4.30275986807809 profile2
557 44.608283 -4.17572069814019 profile2
558 44.609389 -4.0626719990506 profile2
559 44.610566 -3.96435285110958 profile2
560 44.612126 -3.88130664459858 profile2
561 44.618941 -3.81387272466645 profile2
562 44.625756 -3.76218577252325 profile2
563 44.632571 -3.76370757300674 profile2
564 44.721343 -3.76025751342385 profile2
565 44.725576 -3.74956980990332 profile2
566 44.729808 -3.75939879724316 profile2
567 44.761322 -3.77178088262373 profile2
568 44.780832 -3.75966732679345 profile2
569 44.800342 -3.50480175943343 profile2
570 44.819852 -3.15413436402292 profile2
571 44.838742 -3.12163787248669 profile2
572 44.856652 -3.04742400392328 profile2
573 44.867332 -2.97540229519017 profile2
574 44.874623 -2.9068165370808 profile2
575 44.881915 -2.84185412265779 profile2
576 44.889206 -2.7806867302503 profile2
577 44.896497 -2.71446186090477 profile2
578 44.940291 -2.55360556196674 profile2
579 44.995858 -2.29159719179741 profile2
580 45.051425 -2.0710555722177 profile2
581 45.101619 -1.9894273592307 profile2
582 45.106404 -1.99298638158745 profile2
583 45.111189 -1.99798807431388 profile2
584 45.144068 -2.02098532362446 profile2
585 45.165 -2.04217330402148 profile2
586 45.174292 -2.06326796633287 profile2
587 45.183584 -2.0842871912079 profile2
588 45.206863 -2.10311729164849 profile2
589 45.270542 -2.17536302940645 profile2
590 45.33422 -1.68041715345219 profile2
591 45.420117 -1.64523585058691 profile2
592 45.434499 -1.50023980035456 profile2
593 45.438006 -1.36209436491874 profile2
594 45.441513 -1.28288069819307 profile2
595 45.445019 -1.28159060839448 profile2
596 45.448526 -1.28089525088203 profile2
597 45.452033 -1.28078882065865 profile2
598 45.455539 -1.42031364557028 profile2
599 45.458985 -1.31698940799638 profile2
600 45.460636 -1.28362312493671 profile2
601 45.462287 -1.28575960420537 profile2
602 45.463938 -1.29974549774939 profile2
603 45.465589 -1.31982988334738 profile2
604 45.46724 -1.33996855991983 profile2
605 45.470001 -1.36012948810137 profile2
606 45.474942 -1.38027959687579 profile2
607 45.479882 -1.4003935188272 profile2
608 45.484823 -1.42044170400371 profile2
609 45.489764 -1.44039742589737 profile2
610 45.494704 -1.46023404348363 profile2
611 45.499645 -1.47624594819391 profile2
612 45.504585 -1.41970345512397 profile2
613 45.622192 -1.23896513219224 profile2
614 45.689416 -0.954395521076305 profile2
615 45.705169 -0.779845883507392 profile2
616 45.720922 -0.250156158026136 profile2
617 46.0005425 0 profile2
618 46.280163 -0.77688664800477 profile2
619 46.288948 -3.39056590663799 profile2
620 46.297732 -4.14728615699337 profile2
621 46.306516 -4.11046167342559 profile2
622 46.315301 -4.08045969067434 profile2
623 46.32335 -4.10171093085003 profile2
624 46.326762 -4.20888809624181 profile2
625 46.330173 -4.34443050441463 profile2
626 46.333584 -4.40456849378855 profile2
627 46.336995 -4.33177669936073 profile2
628 46.341532 -4.24717821953654 profile2
629 46.350316 -4.15480201005482 profile2
630 46.358463 -4.08982526961397 profile2
631 46.360127 -4.11498083479067 profile2
632 46.36179 -4.14321686495008 profile2
633 46.363103 -4.17454459545904 profile2
634 46.364052 -4.20896946971294 profile2
635 46.364976 -4.24649111356595 profile2
636 46.365522 -4.28710326105547 profile2
637 46.366069 -4.33079371348602 profile2
638 46.366615 -4.37754434991009 profile2
639 46.367161 -4.42733118385614 profile2
640 46.367707 -4.48012413872874 profile2
641 46.368253 -4.53588765592239 profile2
642 46.368799 -4.59428369661551 profile2
643 46.485003 -6.14500260349957 profile2
644 46.557864 -5.97361557078005 profile2
645 46.610522 -5.98379549919283 profile2
646 46.616448 -5.95393646689706 profile2
647 46.622375 -5.92443852676185 profile2
648 46.628301 -5.89539714140524 profile2
649 46.687297 -5.86690890346699 profile2
650 46.730117 -5.83475488814913 profile2
651 46.732363 -5.79778316740359 profile2
652 46.73461 -5.76513398321897 profile2
653 46.736857 -5.73709048897202 profile2
654 46.739103 -5.71371840865649 profile2
655 46.74135 -5.69436777201557 profile2
656 46.750658 -5.67320775733548 profile2
657 46.815826 -5.65400748688649 profile2
658 46.828517 -5.66363325858115 profile2
659 46.833526 -5.69453601825234 profile2
660 46.838536 -5.72415068571786 profile2
661 46.843545 -5.76465254690916 profile2
662 46.848554 -5.81424444832925 profile2
663 46.853564 -5.87086961386954 profile2
664 46.921126 -5.93232765541485 profile2
665 47.021298 -5.86862949796879 profile2
666 47.023709 -5.89984396842005 profile2
667 47.02612 -5.93146202894221 profile2
668 47.035721 -6.05438111942617 profile2
669 47.160161 -6.28443719624609 profile2
670 47.295389 -6.39147340641691 profile2
671 47.430616 -6.39889976694185 profile2
672 47.565843 -6.41470924064575 profile2
673 47.70107 -6.42627878746324 profile2
674 47.836298 -6.58342145116688 profile2
675 47.971525 -6.79586999522871 profile2
676 48.106752 -6.81282489335738 profile2
677 48.24198 -6.8283619474224 profile2
678 48.377207 -6.84435560753302 profile2
679 48.474506 -6.86079615803866 profile2
680 48.553159 -6.87760039064584 profile2
681 48.631813 -6.89472559781567 profile2
682 48.717003 -6.91204421725989 profile2
683 48.805261 -6.81687570967111 profile2
684 48.89352 -6.71166064396142 profile2
685 48.982344 -6.61385202951024 profile2
686 49.13026 -6.40550877783609 profile2
687 49.161395 -6.25649618106975 profile2
688 49.168603 -6.18689633469837 profile2
689 49.175812 -6.20339451634313 profile2
690 49.276939 -6.32595600841507 profile2
691 49.413086 -6.76503512226363 profile2
692 49.549232 -8.07856648562761 profile2
693 49.611939 -8.19589103047684 profile2
694 49.614662 -8.41024263604677 profile2
695 49.617384 -8.62097737470353 profile2
696 49.620107 -8.61898183157261 profile2
697 49.62283 -8.61913069009415 profile2
698 49.625553 -8.62137747349437 profile2
699 49.628276 -8.62566737159482 profile2
700 49.638989 -8.62210558014318 profile2
701 49.65723 -8.59636968167008 profile2
702 49.660035 -8.56921254588637 profile2
703 49.66284 -8.54178819008777 profile2
704 49.665644 -8.51418265451681 profile2
705 49.668449 -8.48648533413667 profile2
706 49.671254 -8.45878770525369 profile2
707 49.674058 -8.43118200795666 profile2
708 49.695383 -8.4047335851579 profile2
709 49.798204 -8.40940574442537 profile2
710 49.807433 -8.41756792211597 profile2
711 49.816662 -8.4249601620116 profile2
712 49.911484 -9.00158733510954 profile2
713 50.08976 -9.32792672723528 profile2
714 50.121095 -9.34897476549628 profile2
715 50.152431 -9.37021306338309 profile2
716 50.173971 -9.39282898949831 profile2
717 50.177001 -9.41531558138966 profile2
718 50.180031 -11.2025914410195 profile2
719 50.183061 -12.0949234020947 profile2
720 50.18609 -12.0792018343703 profile2
721 50.18912 -12.0737935257749 profile2
722 50.19215 -12.1048000140043 profile2
723 50.295327 -12.187607869911 profile2
724 50.302108 -12.1986730966224 profile2
725 50.308889 -12.2120459830314 profile2
726 50.311001 -12.2276799673427 profile2
