marker_position lod trace
1 40.751751 -15.8915902329425 pleio
2 40.852649 -14.9017756594883 pleio
3 40.963726 -14.6706603201651 pleio
4 41.071368 -14.6594799044766 pleio
5 41.130258 -14.6603474492126 pleio
6 41.189147 -14.6619983826587 pleio
7 41.248037 -14.6644353637054 pleio
8 41.306927 -14.6676965094457 pleio
9 41.376781 -14.6727799633167 pleio
10 41.466542 -14.6802498360836 pleio
11 41.467199 -14.6856633426082 pleio
12 41.467856 -14.6911170420671 pleio
13 41.535355 -14.6005742362687 pleio
14 41.812857 -12.8231795069652 pleio
15 42.090359 -12.8255026172512 pleio
16 42.192627 -12.8272802530278 pleio
17 42.292082 -12.8107036912248 pleio
18 42.391537 -12.8093249293748 pleio
19 42.490992 -12.8271990122662 pleio
20 42.590447 -12.8287264036258 pleio
21 42.689901 -12.8287194617882 pleio
22 42.789356 -12.8284432709313 pleio
23 42.929723 -12.8273283705313 pleio
24 43.030511 -12.6647997293301 pleio
25 43.09059 -12.3958891383857 pleio
26 43.150669 -12.1455897817836 pleio
27 43.210748 -11.9174662607097 pleio
28 43.265979 -11.7121161420462 pleio
29 43.296031 -11.5073116749395 pleio
30 43.336485 -11.4261049442723 pleio
31 43.376939 -11.3343037545109 pleio
32 43.399199 -10.2457935218122 pleio
33 43.400566 -9.76679780334685 pleio
34 43.401932 -8.96634920693328 pleio
35 43.416832 -8.53035420616644 pleio
36 43.545216 -8.44873340395582 pleio
37 43.659927 -8.45593586883145 pleio
38 43.662301 -8.45473909923663 pleio
39 43.664677 -8.45338682649247 pleio
40 43.66789 -8.4498549984007 pleio
41 43.746502 -8.13162712450817 pleio
42 43.811623 -8.29892141298165 pleio
43 43.828159 -8.32171264281653 pleio
44 43.836311 -8.34376226870828 pleio
45 43.838406 -8.35233892509445 pleio
46 43.840501 -8.30776642577997 pleio
47 43.844466 -8.27238212891392 pleio
48 43.861003 -8.249719636936 pleio
49 43.901546 -8.24549232034751 pleio
50 43.980158 -8.3496779573839 pleio
51 44.020771 -8.51124077265209 pleio
52 44.053303 -8.63078337416786 pleio
53 44.085836 -8.75127410212075 pleio
54 44.138903 -8.79015273059867 pleio
55 44.294495 -8.68187734272348 pleio
56 44.317834 -8.65414499213014 pleio
57 44.341174 -8.58844911505191 pleio
58 44.364954 -8.5297539712383 pleio
59 44.431929 -6.41630898576023 pleio
60 44.438774 -6.20248241805846 pleio
61 44.445619 -6.16891781035019 pleio
62 44.482294 -5.74402476272699 pleio
63 44.551043 -5.07210431637649 pleio
64 44.564207 -4.57066444178879 pleio
65 44.568298 -4.09105532055877 pleio
66 44.572388 -3.6349582878566 pleio
67 44.576479 -3.20618346837019 pleio
68 44.58057 -2.80598043938336 pleio
69 44.584661 -2.37108904718323 pleio
70 44.588908 -1.90182969072838 pleio
71 44.596324 -1.49721982844985 pleio
72 44.603741 -1.16785081440054 pleio
73 44.608283 -0.914859970019199 pleio
74 44.609389 -0.736427886208247 pleio
75 44.610566 -0.633483642342851 pleio
76 44.612126 -0.606119634818512 pleio
77 44.618941 -0.653604813430182 pleio
78 44.625756 -0.774422588977028 pleio
79 44.632571 -0.855169963257882 pleio
80 44.721343 -0.808228428410094 pleio
81 44.725576 -0.586803731274836 pleio
82 44.729808 -0.420970512977283 pleio
83 44.761322 -0.336179492034681 pleio
84 44.780832 -0.333596006684693 pleio
85 44.800342 -0.197841572793678 pleio
86 44.819852 0 pleio
87 44.838742 -0.0727617393340844 pleio
88 44.856652 -0.16635290276471 pleio
89 44.867332 -0.280673699391842 pleio
90 44.874623 -0.416391766214688 pleio
91 44.881915 -0.573596504181633 pleio
92 44.889206 -0.752181411571233 pleio
93 44.896497 -0.926489224820479 pleio
94 44.940291 -2.3153752014458 pleio
95 44.995858 -2.42760822614222 pleio
96 45.051425 -2.6762012871785 pleio
97 45.101619 -2.87582542092832 pleio
98 45.106404 -3.03403645647308 pleio
99 45.111189 -3.26496505916854 pleio
100 45.144068 -3.56072677231933 pleio
101 45.165 -3.67102697145617 pleio
102 45.174292 -3.80302483017228 pleio
103 45.183584 -3.95589228514321 pleio
104 45.206863 -4.0813818083582 pleio
105 45.270542 -4.32437770133557 pleio
106 45.33422 -5.09151968344126 pleio
107 45.420117 -6.6912595857168 pleio
108 45.434499 -6.55130056169879 pleio
109 45.438006 -6.51324916264168 pleio
110 45.441513 -6.54612040060934 pleio
111 45.445019 -6.56366183481227 pleio
112 45.448526 -6.58259078249661 pleio
113 45.452033 -6.60292476978849 pleio
114 45.455539 -6.981338778211 pleio
115 45.458985 -6.74781635491852 pleio
116 45.460636 -6.67207235486971 pleio
117 45.462287 -6.69798140053756 pleio
118 45.463938 -6.72570690892396 pleio
119 45.465589 -6.75362887297643 pleio
120 45.46724 -6.78115401419042 pleio
121 45.470001 -6.80822400534356 pleio
122 45.474942 -6.8347836484755 pleio
123 45.479882 -6.86077116756735 pleio
124 45.484823 -6.88613258391381 pleio
125 45.489764 -6.91081394910734 pleio
126 45.494704 -6.93476492306235 pleio
127 45.499645 -6.9496890268171 pleio
128 45.504585 -6.93972677849096 pleio
129 45.622192 -6.96694488365897 pleio
130 45.689416 -6.98798619834038 pleio
131 45.705169 -6.96989235333504 pleio
132 45.720922 -6.91643713702063 pleio
133 46.0005425 -6.70476282688403 pleio
134 46.280163 -8.93152945013679 pleio
135 46.288948 -13.9336355962449 pleio
136 46.297732 -14.9484538740528 pleio
137 46.306516 -14.9761979072733 pleio
138 46.315301 -15.0124276978895 pleio
139 46.32335 -15.093490172456 pleio
140 46.326762 -15.4616795949485 pleio
141 46.330173 -16.1123255394122 pleio
142 46.333584 -16.7732909593909 pleio
143 46.336995 -17.1839379607539 pleio
144 46.341532 -17.6807883198513 pleio
145 46.350316 -18.2514115601531 pleio
146 46.358463 -18.739654412558 pleio
147 46.360127 -18.8440573991839 pleio
148 46.36179 -18.9569247418904 pleio
149 46.363103 -19.0781636043711 pleio
150 46.364052 -19.2076643197474 pleio
151 46.364976 -19.3453018741011 pleio
152 46.365522 -19.4909362667335 pleio
153 46.366069 -19.6444129537963 pleio
154 46.366615 -19.8055646447152 pleio
155 46.367161 -19.9742070992883 pleio
156 46.367707 -20.1501463401918 pleio
157 46.368253 -20.3331759011468 pleio
158 46.368799 -20.5007569763647 pleio
159 46.485003 -23.4558565037149 pleio
160 46.557864 -23.7189083276049 pleio
161 46.610522 -23.812460520981 pleio
162 46.616448 -23.811617190736 pleio
163 46.622375 -23.8110952695407 pleio
164 46.628301 -23.8108975446057 pleio
165 46.687297 -23.8110266824254 pleio
166 46.730117 -23.8435524118248 pleio
167 46.732363 -23.9627990418959 pleio
168 46.73461 -24.1239216491358 pleio
169 46.736857 -24.3259971833701 pleio
170 46.739103 -24.5678501408234 pleio
171 46.74135 -24.8107953293886 pleio
172 46.750658 -24.813548259146 pleio
173 46.815826 -24.8802234432772 pleio
174 46.828517 -25.425293136216 pleio
175 46.833526 -25.9003277408607 pleio
176 46.838536 -26.0894903264866 pleio
177 46.843545 -26.2659581920691 pleio
178 46.848554 -26.4280258850273 pleio
179 46.853564 -26.5750789111663 pleio
180 46.921126 -26.7068240454545 pleio
181 47.021298 -26.6838980453428 pleio
182 47.023709 -26.5461559272769 pleio
183 47.02612 -26.4903512011395 pleio
184 47.035721 -26.4855620327953 pleio
185 47.160161 -26.4189970634043 pleio
186 47.295389 -26.5375200262187 pleio
187 47.430616 -26.5256715200587 pleio
188 47.565843 -26.5198300535903 pleio
189 47.70107 -26.5195911415597 pleio
190 47.836298 -26.7556859867079 pleio
191 47.971525 -27.0271065065499 pleio
192 48.106752 -27.033815262783 pleio
193 48.24198 -27.0352254460903 pleio
194 48.377207 -27.0340153172486 pleio
195 48.474506 -27.0321355307656 pleio
196 48.553159 -27.0295992733499 pleio
197 48.631813 -27.0272188419384 pleio
198 48.717003 -27.0250213831204 pleio
199 48.805261 -27.0943400832848 pleio
200 48.89352 -27.3091912810738 pleio
201 48.982344 -27.6160724245671 pleio
202 49.13026 -28.1553091322467 pleio
203 49.161395 -28.3210644058249 pleio
204 49.168603 -28.6164014902419 pleio
205 49.175812 -28.9710713738772 pleio
206 49.276939 -29.4073830547129 pleio
207 49.413086 -30.9362583311957 pleio
208 49.549232 -30.9866942771442 pleio
209 49.611939 -31.0157354371591 pleio
210 49.614662 -31.1611637064114 pleio
211 49.617384 -31.3864341971273 pleio
212 49.620107 -31.4564773714671 pleio
213 49.62283 -31.5285663297415 pleio
214 49.625553 -31.6025437709341 pleio
215 49.628276 -31.6782440024196 pleio
216 49.638989 -31.7205834650114 pleio
217 49.65723 -31.6484653315104 pleio
218 49.660035 -31.5777746647521 pleio
219 49.66284 -31.5098270778769 pleio
220 49.665644 -31.4447698135706 pleio
221 49.668449 -31.3827570971774 pleio
222 49.671254 -31.3239484836926 pleio
223 49.674058 -31.268506898108 pleio
224 49.695383 -31.2158493383277 pleio
225 49.798204 -31.2180950914726 pleio
226 49.807433 -31.2229838115699 pleio
227 49.816662 -31.2274620591919 pleio
228 49.911484 -32.1954362250201 pleio
229 50.08976 -34.1825855280681 pleio
230 50.121095 -34.167396995022 pleio
231 50.152431 -34.1527727638239 pleio
232 50.173971 -34.1379190554803 pleio
233 50.177001 -34.123665120221 pleio
234 50.180031 -34.1298802438561 pleio
235 50.183061 -34.3879376634034 pleio
236 50.18609 -34.3682355917792 pleio
237 50.18912 -34.3568827955416 pleio
238 50.19215 -34.2760447981276 pleio
239 50.295327 -33.6596724914523 pleio
240 50.302108 -33.6442034405419 pleio
241 50.308889 -33.6296916680165 pleio
242 50.311001 -33.6161718902431 pleio
243 40.751751 -12.3053857028439 profile1
244 40.852649 -11.4720767893378 profile1
245 40.963726 -11.1828697818278 profile1
246 41.071368 -11.182342416175 profile1
247 41.130258 -11.1819807168446 profile1
248 41.189147 -11.1815339459566 profile1
249 41.248037 -11.1810019598155 profile1
250 41.306927 -11.1804153257901 profile1
251 41.376781 -11.1803434516834 profile1
252 41.466542 -11.1808726028662 profile1
253 41.467199 -11.1816582047584 profile1
254 41.467856 -11.18214967921 profile1
255 41.535355 -11.0842585771496 profile1
256 41.812857 -8.83438804275808 profile1
257 42.090359 -8.83320665927141 profile1
258 42.192627 -8.83339481807344 profile1
259 42.292082 -8.81823752032728 profile1
260 42.391537 -8.81968448806147 profile1
261 42.490992 -8.83925285132169 profile1
262 42.590447 -8.84250578720044 profile1
263 42.689901 -8.84442731870895 profile1
264 42.789356 -8.8464442818639 profile1
265 42.929723 -8.84797874320532 profile1
266 43.030511 -8.72316118907547 profile1
267 43.09059 -8.5162105167702 profile1
268 43.150669 -8.32555927000356 profile1
269 43.210748 -8.15419797821104 profile1
270 43.265979 -8.00255864855185 profile1
271 43.296031 -7.86547345089059 profile1
272 43.336485 -7.82385014056991 profile1
273 43.376939 -7.7764971489097 profile1
274 43.399199 -6.67677383781743 profile1
275 43.400566 -5.93805303211985 profile1
276 43.401932 -5.36723894904736 profile1
277 43.416832 -5.17363711686468 profile1
278 43.545216 -5.29671873530909 profile1
279 43.659927 -5.29684841109865 profile1
280 43.662301 -5.28754363581977 profile1
281 43.664677 -5.27831153844167 profile1
282 43.66789 -5.26297196969294 profile1
283 43.746502 -4.76754285319982 profile1
284 43.811623 -4.78438824936343 profile1
285 43.828159 -4.78177772196469 profile1
286 43.836311 -4.77896821043834 profile1
287 43.838406 -4.776748321988 profile1
288 43.840501 -4.77821283469752 profile1
289 43.844466 -4.78082276442618 profile1
290 43.861003 -4.78459695311097 profile1
291 43.901546 -4.78773667569116 profile1
292 43.980158 -4.76622921966379 profile1
293 44.020771 -4.7426603801264 profile1
294 44.053303 -4.73662325266735 profile1
295 44.085836 -4.73633406652735 profile1
296 44.138903 -4.74202186954834 profile1
297 44.294495 -4.62594941905222 profile1
298 44.317834 -4.64731982357416 profile1
299 44.341174 -4.64926944165108 profile1
300 44.364954 -4.64901931127753 profile1
301 44.431929 -3.06353000293752 profile1
302 44.438774 -2.93608118813581 profile1
303 44.445619 -2.94721619457021 profile1
304 44.482294 -2.66913564821904 profile1
305 44.551043 -2.13133677711357 profile1
306 44.564207 -1.65751074828955 profile1
307 44.568298 -1.20484984094595 profile1
308 44.572388 -0.775943070861569 profile1
309 44.576479 -0.373939240463954 profile1
310 44.58057 -0.00126676757342873 profile1
311 44.584661 0.386184377389576 profile1
312 44.588908 0.785239099343259 profile1
313 44.632571 1.58662009306557 profile1
314 44.721343 1.64018124138108 profile1
315 45.101619 -2.41304132791091 profile1
316 45.106404 -2.66252988902424 profile1
317 45.111189 -2.97521354735167 profile1
318 45.144068 -3.3299680109508 profile1
319 45.165 -3.44528296376378 profile1
320 45.174292 -3.5787027627712 profile1
321 45.183584 -3.72945100453634 profile1
322 45.206863 -3.8515587147879 profile1
323 45.270542 -4.11147442043038 profile1
324 45.33422 -5.09151968344126 profile1
325 45.420117 -6.59079864210932 profile1
326 45.434499 -6.44983850711569 profile1
327 45.438006 -6.38501862136457 profile1
328 45.441513 -6.38510811899987 profile1
329 45.445019 -6.39100224399112 profile1
330 45.448526 -6.39773933495251 profile1
331 45.452033 -6.40529294750329 profile1
332 45.455539 -6.71608167527097 profile1
333 45.458985 -6.50497124400084 profile1
334 45.460636 -6.43229799668832 profile1
335 45.462287 -6.44278022554354 profile1
336 45.463938 -6.45025543172254 profile1
337 45.465589 -6.4560988021369 profile1
338 45.46724 -6.46213789031418 profile1
339 45.470001 -6.46835934448843 profile1
340 45.474942 -6.47475133687929 profile1
341 45.479882 -6.48128741661029 profile1
342 45.484823 -6.48794936613562 profile1
343 45.489764 -6.49471429728763 profile1
344 45.494704 -6.50156015823243 profile1
345 45.499645 -6.49707379223998 profile1
346 45.504585 -6.49677093370319 profile1
347 45.622192 -6.49754865943526 profile1
348 45.689416 -6.44316115789598 profile1
349 45.705169 -6.44000854582749 profile1
350 45.720922 -6.45967653068511 profile1
351 46.0005425 -6.51471385267424 profile1
352 46.280163 -8.09397335315327 profile1
353 46.288948 -13.0890102621184 profile1
354 46.297732 -14.0999959740086 profile1
355 46.306516 -14.1178246389277 profile1
356 46.315301 -14.1383442007287 profile1
357 46.32335 -14.247872237823 profile1
358 46.326762 -14.6642625710609 profile1
359 46.330173 -15.3323256498069 profile1
360 46.333584 -16.0118263916903 profile1
361 46.336995 -16.4861352277758 profile1
362 46.341532 -17.0148399342262 profile1
363 46.350316 -17.5865512823288 profile1
364 46.358463 -18.0474667412214 profile1
365 46.360127 -18.1257608512181 profile1
366 46.36179 -18.2097689515702 profile1
367 46.363103 -18.2994198816981 profile1
368 46.364052 -18.3946317866686 profile1
369 46.364976 -18.4953132219002 profile1
370 46.365522 -18.6013634269964 profile1
371 46.366069 -18.7126726482574 profile1
372 46.366615 -18.8291235570005 profile1
373 46.367161 -18.9505875374165 profile1
374 46.367707 -19.0769311803694 profile1
375 46.368253 -19.2080129304143 profile1
376 46.368799 -19.3292638156765 profile1
377 46.485003 -22.1670637486068 profile1
378 46.557864 -22.5479109455196 profile1
379 46.610522 -22.6870275801734 profile1
380 46.616448 -22.6902725656979 profile1
381 46.622375 -22.6936385391986 profile1
382 46.628301 -22.6971189982063 profile1
383 46.687297 -22.7007074433007 profile1
384 46.730117 -22.7162874129627 profile1
385 46.732363 -22.7726849136838 profile1
386 46.73461 -22.8571595436606 profile1
387 46.736857 -22.969499860068 profile1
388 46.739103 -23.1090904654781 profile1
389 46.74135 -23.2531050317656 profile1
390 46.750658 -23.2568594667677 profile1
391 46.815826 -23.2694505314125 profile1
392 46.828517 -23.2810074834392 profile1
393 46.833526 -23.4751350211555 profile1
394 46.838536 -23.5826586693715 profile1
395 46.843545 -23.685697149814 profile1
396 46.848554 -23.7842373216668 profile1
397 46.853564 -23.8785958813603 profile1
398 46.921126 -23.9690421176679 profile1
399 47.021298 -23.9303538672446 profile1
400 47.023709 -23.6952284294215 profile1
401 47.02612 -23.5200588145614 profile1
402 47.035721 -23.4850823148868 profile1
403 47.160161 -23.3464109793723 profile1
404 47.295389 -23.3626921832463 profile1
405 47.430616 -23.3469472159867 profile1
406 47.565843 -23.3441331844842 profile1
407 47.70107 -23.3462531113122 profile1
408 47.836298 -23.5647645204496 profile1
409 47.971525 -23.8222755669888 profile1
410 48.106752 -23.8252442541828 profile1
411 48.24198 -23.8261785375555 profile1
412 48.377207 -23.824352707703 profile1
413 48.474506 -23.822724901381 profile1
414 48.553159 -23.8213330740626 profile1
415 48.631813 -23.8199804170816 profile1
416 48.717003 -23.8187741152066 profile1
417 48.805261 -24.1325308367478 profile1
418 48.89352 -24.5667401918305 profile1
419 48.982344 -25.009793320287 profile1
420 49.13026 -25.500986846825 profile1
421 49.161395 -25.6566564132209 profile1
422 49.168603 -25.9219937911374 profile1
423 49.175812 -26.2277885440559 profile1
424 49.276939 -26.5562194565146 profile1
425 49.413086 -27.7760162481635 profile1
426 49.549232 -28.2792588862676 profile1
427 49.611939 -28.4104160609011 profile1
428 49.614662 -28.6155283567661 profile1
429 49.617384 -28.8430127754536 profile1
430 49.620107 -28.8865911080337 profile1
431 49.62283 -28.9298434453737 profile1
432 49.625553 -28.9726494860187 profile1
433 49.628276 -29.0148914709952 profile1
434 49.638989 -29.0229815400111 profile1
435 49.65723 -28.909430843535 profile1
436 49.660035 -28.7987629887625 profile1
437 49.66284 -28.6879361958981 profile1
438 49.665644 -28.5772368134796 profile1
439 49.668449 -28.4669671961448 profile1
440 49.671254 -28.3574413669027 profile1
441 49.674058 -28.248980399367 profile1
442 49.695383 -28.1411743342555 profile1
443 49.798204 -28.1347409847233 profile1
444 49.807433 -28.1346338993424 profile1
445 49.816662 -28.1336336943884 profile1
446 49.911484 -28.6250709172572 profile1
447 50.08976 -29.6001333983095 profile1
448 50.121095 -29.5863491322096 profile1
449 50.152431 -29.5729578893685 profile1
450 50.173971 -29.5590977525403 profile1
451 50.177001 -29.5455602944665 profile1
452 50.180031 -29.5929536385453 profile1
453 50.183061 -29.8935984060681 profile1
454 50.18609 -29.8895230141037 profile1
455 50.18912 -29.8945267750673 profile1
456 50.19215 -29.8382451017678 profile1
457 50.295327 -29.7362057110813 profile1
458 50.302108 -29.7352705843635 profile1
459 50.308889 -29.7350284423503 profile1
460 50.311001 -29.7354366401914 profile1
461 44.596324 1.12554865084301 profile1
462 44.603741 1.40200700425018 profile1
463 44.608283 1.61253610448763 profile1
464 44.609389 1.75679450079319 profile1
465 44.610566 1.8341237817163 profile1
466 44.612126 1.84463102550388 profile1
467 44.618941 1.78917125939317 profile1
468 44.625756 1.66930689724927 profile1
469 44.725576 1.88168555361724 profile1
470 44.729808 2.07426142211892 profile1
471 44.761322 2.1803373979338 profile1
472 44.780832 2.1808101929993 profile1
473 44.800342 2.15476877366536 profile1
474 44.819852 2.0861957678032 profile1
475 44.838742 1.95658421765324 profile1
476 44.856652 1.82468444566829 profile1
477 44.867332 1.68413347221095 profile1
478 44.874623 1.53470692611888 profile1
479 44.881915 1.37648349298776 profile1
480 44.889206 1.20959776935582 profile1
481 44.896497 0.995948323140207 profile1
482 44.940291 -1.67914543205935 profile1
483 44.995858 -1.8438094873355 profile1
484 45.051425 -2.13877004149744 profile1
485 40.751751 -1.07076587452021 profile2
486 40.852649 -0.896596914197472 profile2
487 40.963726 -0.962494641338834 profile2
488 41.071368 -0.951413092904123 profile2
489 41.130258 -0.952016874309551 profile2
490 41.189147 -0.953465882054479 profile2
491 41.248037 -0.955764221205132 profile2
492 41.306927 -0.958921789960586 profile2
493 41.376781 -0.963463952142631 profile2
494 41.466542 -0.970176407001012 profile2
495 41.467199 -0.97452862001498 profile2
496 41.467856 -0.97924095918226 profile2
497 41.535355 -0.991868033487498 profile2
498 41.812857 -1.55804315754019 profile2
499 42.090359 -1.56149450538287 profile2
500 42.192627 -1.56337348728829 profile2
501 42.292082 -1.56279917892496 profile2
502 42.391537 -1.56049632169465 profile2
503 42.490992 -1.55874165037151 profile2
504 42.590447 -1.55748784689626 profile2
505 42.689901 -1.55609208702424 profile2
506 42.789356 -1.55433843801012 profile2
507 42.929723 -1.55224699266495 profile2
508 43.030511 -1.52056769571336 profile2
509 43.09059 -1.46757708105547 profile2
510 43.150669 -1.41542388445327 profile2
511 43.210748 -1.36454339154839 profile2
512 43.265979 -1.3151127482463 profile2
513 43.296031 -1.24974322522235 profile2
514 43.336485 -1.24737257052035 profile2
515 43.376939 -1.2025820443947 profile2
516 43.399199 -1.2131940550113 profile2
517 43.400566 -1.49721337923162 profile2
518 43.401932 -1.33323945264442 profile2
519 43.416832 -1.13089941974971 profile2
520 43.545216 -0.929797905983295 profile2
521 43.659927 -0.936710036793881 profile2
522 43.662301 -0.944341409053628 profile2
523 43.664677 -0.951748218286207 profile2
524 43.66789 -0.963958745459678 profile2
525 43.746502 -1.11831366857582 profile2
526 43.811623 -1.25984794197777 profile2
527 43.828159 -1.28580278696667 profile2
528 43.836311 -1.31123873269633 profile2
529 43.838406 -1.32236259330553 profile2
530 43.840501 -1.27578872057362 profile2
531 43.844466 -1.23785142429217 profile2
532 43.861003 -1.21209833565602 profile2
533 43.901546 -1.20588927387764 profile2
534 43.980158 -1.33423852165331 profile2
535 44.020771 -1.52316451843595 profile2
536 44.053303 -1.65398749837531 profile2
537 44.085836 -1.7789557163987 profile2
538 44.138903 -1.81285805849371 profile2
539 44.294495 -1.82909306716801 profile2
540 44.317834 -1.77752626069173 profile2
541 44.341174 -1.70640250476567 profile2
542 44.364954 -1.64313076426687 profile2
543 44.431929 -1.20554026904667 profile2
544 44.438774 -1.1314549356321 profile2
545 44.445619 -1.09321552798206 profile2
546 44.482294 -0.962837626806631 profile2
547 44.551043 -0.830350697942207 profile2
548 44.564207 -0.793630354646565 profile2
549 44.568298 -0.757151886395756 profile2
550 44.572388 -0.720157091582378 profile2
551 44.576479 -0.683432067570201 profile2
552 44.58057 -0.645981822026455 profile2
553 44.584661 -0.595193449223337 profile2
554 44.588908 -0.528964218345973 profile2
555 44.596324 -0.467216943707987 profile2
556 44.603741 -0.415254385549688 profile2
557 44.608283 -0.372403715962522 profile2
558 44.609389 -0.33665063643778 profile2
559 44.610566 -0.30828854157793 profile2
560 44.612126 -0.287535241465085 profile2
561 44.618941 -0.274528368284818 profile2
562 44.625756 -0.269323139824829 profile2
563 44.632571 -0.262644581735219 profile2
564 44.721343 -0.267433268674156 profile2
565 44.725576 -0.287656367279941 profile2
566 44.729808 -0.314515208920953 profile2
567 44.761322 -0.335926192098974 profile2
568 44.780832 -0.333596006684693 profile2
569 44.800342 -0.170901687109432 profile2
570 44.819852 0.0901848703337518 profile2
571 44.838742 0.145457676439083 profile2
572 44.856652 0.181772640352052 profile2
573 44.867332 0.207305275670696 profile2
574 44.874623 0.221718296992184 profile2
575 44.881915 0.224891280223667 profile2
576 44.889206 0.216829012266643 profile2
577 44.896497 0.257063658895716 profile2
578 44.940291 1.5541434943876 profile2
579 44.995858 1.59786260960606 profile2
580 45.051425 1.63512070022061 profile2
581 45.101619 1.70403664022215 profile2
582 45.106404 1.79515207997899 profile2
583 45.111189 1.88064531697306 profile2
584 45.144068 1.94716787568833 profile2
585 45.165 1.95495410551201 profile2
586 45.174292 1.96027469971642 profile2
587 45.183584 1.96314727596248 profile2
588 45.206863 1.96420167758106 profile2
589 45.270542 1.9799523578147 profile2
590 45.33422 2.18037860571581 profile2
591 45.420117 2.1808101929993 profile2
592 45.434499 2.17455495874566 profile2
593 45.438006 2.14931817365738 profile2
594 45.441513 2.12059431540585 profile2
595 45.445019 2.10873970167813 profile2
596 45.448526 2.09633366548845 profile2
597 45.452033 2.08333713834545 profile2
598 45.455539 2.00941736860512 profile2
599 45.458985 2.03777246682127 profile2
600 45.460636 2.04057252257377 profile2
601 45.462287 2.02497280397706 profile2
602 45.463938 2.00454827989706 profile2
603 45.465589 1.98225891686024 profile2
604 45.46724 1.96052760726534 profile2
605 45.470001 1.9393985589278 profile2
606 45.474942 1.91891446141538 profile2
607 45.479882 1.89911013207489 profile2
608 45.484823 1.88002089092159 profile2
609 45.489764 1.86167748844561 profile2
610 45.494704 1.8441080070952 profile2
611 45.499645 1.82403378956174 profile2
612 45.504585 1.83049340112063 profile2
613 45.622192 1.79724824037799 profile2
614 45.689416 1.71518536824665 profile2
615 45.705169 1.72922854463124 profile2
616 45.720922 1.79803636234257 profile2
617 46.0005425 2.04500150610436 profile2
618 46.280163 1.47873812190658 profile2
619 46.288948 1.46412716453643 profile2
620 46.297732 1.46368182227038 profile2
621 46.306516 1.45742456273236 profile2
622 46.315301 1.44529792984193 profile2
623 46.32335 1.48297220858347 profile2
624 46.326762 1.56399282840298 profile2
625 46.330173 1.63694423853895 profile2
626 46.333584 1.70484172126704 profile2
627 46.336995 1.7888138606606 profile2
628 46.341532 1.84444972774243 profile2
629 46.350316 1.87228357013363 profile2
630 46.358463 1.86710765771579 profile2
631 46.360127 1.84421590066118 profile2
632 46.36179 1.81876481588633 profile2
633 46.363103 1.79077158909369 profile2
634 46.364052 1.7602593391822 profile2
635 46.364976 1.72725683233014 profile2
636 46.365522 1.69179841552659 profile2
637 46.366069 1.65392391455808 profile2
638 46.366615 1.61367833787862 profile2
639 46.367161 1.57111215956989 profile2
640 46.367707 1.52628087756869 profile2
641 46.368253 1.47924435077722 profile2
642 46.368799 1.43672018573358 profile2
643 46.485003 1.20174016293869 profile2
644 46.557864 1.33120622277147 profile2
645 46.610522 1.38460019023722 profile2
646 46.616448 1.38920435240546 profile2
647 46.622375 1.3935782302386 profile2
648 46.628301 1.39771198382837 profile2
649 46.687297 1.4015960251913 profile2
650 46.730117 1.38587971425466 profile2
651 46.732363 1.32763484522222 profile2
652 46.73461 1.25833673827965 profile2
653 46.736857 1.17869026600925 profile2
654 46.739103 1.08920655126862 profile2
655 46.74135 1.0036133120912 profile2
656 46.750658 1.00485484335053 profile2
657 46.815826 0.952331874261516 profile2
658 46.828517 0.446042633889625 profile2
659 46.833526 0.188730569955095 profile2
660 46.838536 0.114322625193354 profile2
661 46.843545 0.0486439623833474 profile2
662 46.848554 -0.00679009272059135 profile2
663 46.853564 -0.0512261603053992 profile2
664 46.921126 -0.0842624444789874 profile2
665 47.021298 -0.103324915901329 profile2
666 47.023709 -0.202227617119808 profile2
667 47.02612 -0.318387173699362 profile2
668 47.035721 -0.346057794919461 profile2
669 47.160161 -0.415807539274028 profile2
670 47.295389 -0.502854724166522 profile2
671 47.430616 -0.506805874102673 profile2
672 47.565843 -0.503459737491309 profile2
673 47.70107 -0.5006292941026 profile2
674 47.836298 -0.510140799099936 profile2
675 47.971525 -0.517575256392662 profile2
676 48.106752 -0.520727198702447 profile2
677 48.24198 -0.520901522541767 profile2
678 48.377207 -0.521355828450264 profile2
679 48.474506 -0.520957866044901 profile2
680 48.553159 -0.519682035088849 profile2
681 48.631813 -0.518532699514952 profile2
682 48.717003 -0.517426248053652 profile2
683 48.805261 -0.268828502123141 profile2
684 48.89352 -0.0456816621562257 profile2
685 48.982344 0.0869891747467613 profile2
686 49.13026 0.0459665820770996 profile2
687 49.161395 0.0295941139010687 profile2
688 49.168603 -0.00985386256371619 profile2
689 49.175812 -0.0693342635950599 profile2
690 49.276939 -0.15794047392527 profile2
691 49.413086 -0.384522181955756 profile2
692 49.549232 0.0635550695963043 profile2
693 49.611939 0.175812419963381 profile2
694 49.614662 0.255392180255714 profile2
695 49.617384 0.27825734844545 profile2
696 49.620107 0.256257846955613 profile2
697 49.62283 0.23203842805355 profile2
698 49.625553 0.20563942272865 profile2
699 49.628276 0.177111752131765 profile2
700 49.638989 0.144057724490837 profile2
701 49.65723 0.0981266443890371 profile2
702 49.660035 0.0548480504455596 profile2
703 49.66284 0.00923865420537831 profile2
704 49.665644 -0.0385430892294146 profile2
705 49.668449 -0.0883336766752347 profile2
706 49.671254 -0.139967456851663 profile2
707 49.674058 -0.193279396950678 profile2
708 49.695383 -0.248072382261288 profile2
709 49.798204 -0.256495687950692 profile2
710 49.807433 -0.261130468698965 profile2
711 49.816662 -0.266326220663703 profile2
712 49.911484 -0.655038542129738 profile2
713 50.08976 -1.54349997934951 profile2
714 50.121095 -1.54184196400248 profile2
715 50.152431 -1.54035291410698 profile2
716 50.173971 -1.53906027435951 profile2
717 50.177001 -1.53804031429808 profile2
718 50.180031 -1.49926876632942 profile2
719 50.183061 -1.46926284493084 profile2
720 50.18609 -1.4551461257767 profile2
721 50.18912 -1.4407949855831 profile2
722 50.19215 -1.41879190056629 profile2
723 50.295327 -0.899453820865986 profile2
724 50.302108 -0.886883648908911 profile2
725 50.308889 -0.874607969982254 profile2
726 50.311001 -0.862693251332209 profile2
