marker_position lod trace
1 40.751751 -13.0697430953429 pleio
2 40.852649 -10.903162090008 pleio
3 40.963726 -10.7536981477233 pleio
4 41.071368 -10.7861932397339 pleio
5 41.130258 -10.8114896971201 pleio
6 41.189147 -10.8369215710891 pleio
7 41.248037 -10.8624624652305 pleio
8 41.306927 -10.8876434594048 pleio
9 41.376781 -10.9033287826426 pleio
10 41.466542 -10.9084876844797 pleio
11 41.467199 -10.9151700792571 pleio
12 41.467856 -10.9258103968662 pleio
13 41.535355 -10.8963955170483 pleio
14 41.812857 -9.13109640232999 pleio
15 42.090359 -9.13565108773547 pleio
16 42.192627 -9.13807055206722 pleio
17 42.292082 -9.140690561806 pleio
18 42.391537 -9.14268214410905 pleio
19 42.490992 -9.14987416724954 pleio
20 42.590447 -9.15388918725072 pleio
21 42.689901 -9.15868029212063 pleio
22 42.789356 -9.16378689081168 pleio
23 42.929723 -9.16912255084285 pleio
24 43.030511 -9.12764131085081 pleio
25 43.09059 -9.05907216888742 pleio
26 43.150669 -9.00120794909622 pleio
27 43.210748 -8.95485511547662 pleio
28 43.265979 -8.92015784518595 pleio
29 43.296031 -8.90902544032325 pleio
30 43.336485 -8.9932913631886 pleio
31 43.376939 -9.01619783034592 pleio
32 43.399199 -7.57568881026835 pleio
33 43.400566 -6.72252266723136 pleio
34 43.401932 -6.4155251077705 pleio
35 43.416832 -6.42729972538528 pleio
36 43.545216 -6.63882865681231 pleio
37 43.659927 -6.64280040272669 pleio
38 43.662301 -6.63035655287237 pleio
39 43.664677 -6.61824690195099 pleio
40 43.66789 -6.64162896910897 pleio
41 43.746502 -5.58281190766152 pleio
42 43.811623 -5.29131974251268 pleio
43 43.828159 -5.30888456135716 pleio
44 43.836311 -5.32479141195565 pleio
45 43.838406 -5.30166931720786 pleio
46 43.840501 -5.12291372855354 pleio
47 43.844466 -4.97707325443037 pleio
48 43.861003 -4.87988682340893 pleio
49 43.901546 -4.85049356100326 pleio
50 43.980158 -4.98540464369696 pleio
51 44.020771 -5.27588195538628 pleio
52 44.053303 -5.38820514839974 pleio
53 44.085836 -5.42969298351389 pleio
54 44.138903 -5.48802699963885 pleio
55 44.294495 -4.91889662822411 pleio
56 44.317834 -4.8951624131434 pleio
57 44.341174 -4.93204556715076 pleio
58 44.364954 -4.97406056377148 pleio
59 44.431929 -4.10738798647089 pleio
60 44.438774 -4.02137336978283 pleio
61 44.445619 -3.92615487871091 pleio
62 44.482294 -3.74009201535259 pleio
63 44.551043 -3.5491839873 pleio
64 44.564207 -3.45707678139104 pleio
65 44.568298 -3.39548182117421 pleio
66 44.572388 -3.36158158972169 pleio
67 44.576479 -3.3605097481176 pleio
68 44.58057 -3.38619936012975 pleio
69 44.584661 -3.43233921533051 pleio
70 44.588908 -3.4836767708711 pleio
71 44.596324 -3.55638847460578 pleio
72 44.603741 -3.69503484820331 pleio
73 44.608283 -3.89527242153796 pleio
74 44.609389 -4.13228346307591 pleio
75 44.610566 -4.40399289581201 pleio
76 44.612126 -4.70786723044238 pleio
77 44.618941 -5.04099829567031 pleio
78 44.625756 -5.40019765373202 pleio
79 44.632571 -5.74136276017005 pleio
80 44.721343 -5.92984518400161 pleio
81 44.725576 -6.02304293524625 pleio
82 44.729808 -6.1540991168392 pleio
83 44.761322 -6.24977408817687 pleio
84 44.780832 -6.20109395907129 pleio
85 44.800342 -5.64069513195067 pleio
86 44.819852 -5.00121777027838 pleio
87 44.838742 -4.92596522698 pleio
88 44.856652 -4.80839417994915 pleio
89 44.867332 -4.7119512549118 pleio
90 44.874623 -4.63888583203278 pleio
91 44.881915 -4.58972682436117 pleio
92 44.889206 -4.56477833193733 pleio
93 44.896497 -4.47913703192319 pleio
94 44.940291 -3.36209176592955 pleio
95 44.995858 -3.17833425783487 pleio
96 45.051425 -3.01897749167423 pleio
97 45.101619 -2.85160160410749 pleio
98 45.106404 -2.67969637289363 pleio
99 45.111189 -2.52834646938304 pleio
100 45.144068 -2.40454095323234 pleio
101 45.165 -2.41633737852856 pleio
102 45.174292 -2.43326406542692 pleio
103 45.183584 -2.45649159746783 pleio
104 45.206863 -2.47596988459042 pleio
105 45.270542 -2.56141671236802 pleio
106 45.33422 -2.28473069318887 pleio
107 45.420117 -2.41329094344056 pleio
108 45.434499 -2.42531185346848 pleio
109 45.438006 -2.50000364858634 pleio
110 45.441513 -2.58831039638568 pleio
111 45.445019 -2.62691152764662 pleio
112 45.448526 -2.67028074611499 pleio
113 45.452033 -2.71832506568527 pleio
114 45.455539 -2.44984437798812 pleio
115 45.458985 -2.69099022735642 pleio
116 45.460636 -2.88243972350537 pleio
117 45.462287 -2.94741655767122 pleio
118 45.463938 -2.98014096480558 pleio
119 45.465589 -2.99597314431227 pleio
120 45.46724 -3.01340136885986 pleio
121 45.470001 -3.03241499227334 pleio
122 45.474942 -3.05299734148516 pleio
123 45.479882 -3.07514666758071 pleio
124 45.484823 -3.09884681192316 pleio
125 45.489764 -3.12408400055409 pleio
126 45.494704 -3.15083990543291 pleio
127 45.499645 -3.17489360367625 pleio
128 45.504585 -3.07260685070937 pleio
129 45.622192 -2.74863184631277 pleio
130 45.689416 -1.77206985490001 pleio
131 45.705169 -1.59757786187347 pleio
132 45.720922 -1.3726050738535 pleio
133 46.0005425 -1.84776789069556 pleio
134 46.280163 -0.630713247746129 pleio
135 46.288948 -0.0816340266745624 pleio
136 46.297732 -0.333838851099614 pleio
137 46.306516 -0.245498475627509 pleio
138 46.315301 -0.165206579893446 pleio
139 46.32335 -0.0561648844798337 pleio
140 46.326762 0 pleio
141 46.330173 -0.0970955105047756 pleio
142 46.333584 -0.241762553173551 pleio
143 46.336995 -0.302602916151129 pleio
144 46.341532 -0.392390060343437 pleio
145 46.350316 -0.506497873320557 pleio
146 46.358463 -0.60670430454714 pleio
147 46.360127 -0.615829378858632 pleio
148 46.36179 -0.632711218686837 pleio
149 46.363103 -0.657339442093285 pleio
150 46.364052 -0.689691027241005 pleio
151 46.364976 -0.729730463182286 pleio
152 46.365522 -0.77740976464443 pleio
153 46.366069 -0.832668545374779 pleio
154 46.366615 -0.895434413153286 pleio
155 46.367161 -0.965622400310993 pleio
156 46.367707 -1.04313567066638 pleio
157 46.368253 -1.12786639693604 pleio
158 46.368799 -1.21713080572742 pleio
159 46.485003 -3.82984329141607 pleio
160 46.557864 -3.66209183907296 pleio
161 46.610522 -3.67302419001567 pleio
162 46.616448 -3.68545735847412 pleio
163 46.622375 -3.69912109862842 pleio
164 46.628301 -3.71401549937135 pleio
165 46.687297 -3.73013393255372 pleio
166 46.730117 -3.75402543950853 pleio
167 46.732363 -3.81104647188238 pleio
168 46.73461 -3.89825827634284 pleio
169 46.736857 -4.0156957307722 pleio
170 46.739103 -4.16278520316294 pleio
171 46.74135 -4.31768429400094 pleio
172 46.750658 -4.34058961127599 pleio
173 46.815826 -4.37192777093324 pleio
174 46.828517 -4.83873443380915 pleio
175 46.833526 -5.12601135570747 pleio
176 46.838536 -5.15614841555423 pleio
177 46.843545 -5.19443960220617 pleio
178 46.848554 -5.23882065226217 pleio
179 46.853564 -5.28710828938986 pleio
180 46.921126 -5.33467356142893 pleio
181 47.021298 -5.28987744868587 pleio
182 47.023709 -5.39739312470765 pleio
183 47.02612 -5.54483743161565 pleio
184 47.035721 -5.60728510750166 pleio
185 47.160161 -5.75361289504383 pleio
186 47.295389 -5.9068006230922 pleio
187 47.430616 -5.93716731634265 pleio
188 47.565843 -5.94626366931487 pleio
189 47.70107 -5.95127971533082 pleio
190 47.836298 -6.05966834919254 pleio
191 47.971525 -6.25288513162729 pleio
192 48.106752 -6.26753241820562 pleio
193 48.24198 -6.27947858400002 pleio
194 48.377207 -6.28476784724353 pleio
195 48.474506 -6.29128976083669 pleio
196 48.553159 -6.29911089218527 pleio
197 48.631813 -6.30682308142964 pleio
198 48.717003 -6.31461982802947 pleio
199 48.805261 -6.65183536534146 pleio
200 48.89352 -7.23966058547057 pleio
201 48.982344 -8.05305649507453 pleio
202 49.13026 -8.29794538339915 pleio
203 49.161395 -8.58278830379704 pleio
204 49.168603 -8.7159576005342 pleio
205 49.175812 -8.87222756904079 pleio
206 49.276939 -10.1930430206709 pleio
207 49.413086 -10.6628629902667 pleio
208 49.549232 -10.491933561705 pleio
209 49.611939 -10.6761946509539 pleio
210 49.614662 -11.060108863387 pleio
211 49.617384 -11.4512304651468 pleio
212 49.620107 -11.3892483136475 pleio
213 49.62283 -11.3401092150606 pleio
214 49.625553 -11.3038800299166 pleio
215 49.628276 -11.2805507640671 pleio
216 49.638989 -11.3058280616132 pleio
217 49.65723 -11.4212992752745 pleio
218 49.660035 -11.5398724788355 pleio
219 49.66284 -11.6608384753283 pleio
220 49.665644 -11.7839173091366 pleio
221 49.668449 -11.9088363277183 pleio
222 49.671254 -12.0353339741528 pleio
223 49.674058 -12.1631630505543 pleio
224 49.695383 -12.2909386598243 pleio
225 49.798204 -12.2987224953658 pleio
226 49.807433 -12.2955965605696 pleio
227 49.816662 -12.2920861571806 pleio
228 49.911484 -14.0384381131756 pleio
229 50.08976 -15.8913558969615 pleio
230 50.121095 -15.8674799471852 pleio
231 50.152431 -15.8442014619652 pleio
232 50.173971 -15.8235995691597 pleio
233 50.177001 -15.8031205631617 pleio
234 50.180031 -17.8628102174159 pleio
235 50.183061 -18.9742530245355 pleio
236 50.18609 -19.0873906314303 pleio
237 50.18912 -19.2109536412742 pleio
238 50.19215 -19.3098108425648 pleio
239 50.295327 -19.56204679379 pleio
240 50.302108 -19.5314864656561 pleio
241 50.308889 -19.5015134092438 pleio
242 50.311001 -19.4722706427352 pleio
243 44.584661 -3.01847595508736 profile1
244 44.588908 -2.9090894553801 profile1
245 44.596324 -2.80306656171585 profile1
246 44.603741 -2.70030990842046 profile1
247 44.608283 -2.6021624047297 profile1
248 44.609389 -2.51025472303411 profile1
249 44.610566 -2.42535771973949 profile1
250 44.612126 -2.34814250572826 profile1
251 44.618941 -2.27916605838479 profile1
252 44.625756 -2.21886152273409 profile1
253 44.632571 -2.18002375282049 profile1
254 44.721343 -2.13932624430828 profile1
255 44.725576 -2.0884619965965 profile1
256 44.729808 -2.03843151446798 profile1
257 44.761322 -1.98595272480649 profile1
258 44.780832 -1.941301995159 profile1
259 44.800342 -1.57833540441459 profile1
260 44.819852 -1.05792849587199 profile1
261 44.838742 -0.967340104219087 profile1
262 44.856652 -0.813941832886594 profile1
263 44.867332 -0.676715741242108 profile1
264 44.874623 -0.558060713392183 profile1
265 44.881915 -0.458682383760236 profile1
266 44.889206 -0.379069076469819 profile1
267 44.896497 -0.283442861604353 profile1
268 44.940291 0.270432819467644 profile1
269 44.995858 0.499817519695246 profile1
270 45.051425 0.719126884945886 profile1
271 45.101619 0.946935915620802 profile1
272 45.106404 1.1757280269574 profile1
273 45.111189 1.39016389038073 profile1
274 45.144068 1.5844574804768 profile1
275 45.165 1.59605334245962 profile1
276 45.174292 1.60572995992059 profile1
277 45.183584 1.61344279302519 profile1
278 45.206863 1.62117369390588 profile1
279 45.270542 1.77921315326475 profile1
280 45.33422 2.43834266271293 profile1
281 45.420117 2.70686212041926 profile1
282 45.434499 2.61064285180504 profile1
283 45.438006 2.47686368952595 profile1
284 45.441513 2.37918772033854 profile1
285 45.445019 2.37692615597753 profile1
286 45.448526 2.37456793495759 profile1
287 45.452033 2.37211120188388 profile1
288 45.455539 2.398888874806 profile1
289 45.458985 2.38190121528013 profile1
290 45.460636 2.36486528529091 profile1
291 45.462287 2.36176209524048 profile1
292 45.463938 2.36524239425766 profile1
293 45.465589 2.37178276249901 profile1
294 45.46724 2.3777225017152 profile1
295 45.470001 2.38304829326386 profile1
296 45.474942 2.38775095226987 profile1
297 45.479882 2.39180322829645 profile1
298 45.484823 2.39519111979555 profile1
299 45.489764 2.39789613048942 profile1
300 45.494704 2.39990279367442 profile1
301 45.499645 2.40647518722509 profile1
302 45.504585 2.53504171683829 profile1
303 45.622192 2.91796638721331 profile1
304 45.689416 3.99759526876737 profile1
305 45.705169 4.16912668071946 profile1
306 45.720922 4.37732865726126 profile1
307 46.0005425 4.46643238342202 profile1
308 46.280163 7.0314203514525 profile1
309 46.288948 8.9048946192412 profile1
310 46.297732 8.99839333383582 profile1
311 46.306516 9.05634131009189 profile1
312 46.315301 9.10570354311503 profile1
313 46.32335 9.29079518139422 profile1
314 46.326762 9.62558591604493 profile1
315 46.330173 9.89063611321883 profile1
316 46.333584 10.0340081643993 profile1
317 46.336995 10.1004697167483 profile1
318 46.341532 10.1518629484153 profile1
319 46.350316 10.1880395152331 profile1
320 46.358463 10.1963814525661 profile1
321 46.360127 10.1683079317202 profile1
322 46.36179 10.1363475437146 profile1
323 46.363103 10.1005168740328 profile1
324 46.364052 10.0608371341247 profile1
325 46.364976 10.0173339655391 profile1
326 46.365522 9.97003742479472 profile1
327 46.366069 9.91898195384251 profile1
328 46.366615 9.86420596639332 profile1
329 46.367161 9.80575316080212 profile1
330 46.367707 9.74367062308071 profile1
331 46.368253 9.67800966999022 profile1
332 46.368799 9.61066640215224 profile1
333 46.485003 9.03490366253617 profile1
334 46.557864 9.36962259230757 profile1
335 46.610522 9.39471850257939 profile1
336 46.616448 9.37029084152256 profile1
337 46.622375 9.34444357799546 profile1
338 46.628301 9.31720348858698 profile1
339 46.687297 9.2886064570878 profile1
340 46.730117 9.26954560348733 profile1
341 46.732363 9.25277131468419 profile1
342 46.73461 9.2108793010944 profile1
343 46.736857 9.14381374225424 profile1
344 46.739103 9.05184575635004 profile1
345 46.74135 8.94699160406253 profile1
346 46.750658 8.91058845901048 profile1
347 46.815826 8.84624025308344 profile1
348 46.828517 8.30800341353233 profile1
349 46.833526 7.98059443197062 profile1
350 46.838536 7.91417674859908 profile1
351 46.843545 7.84311416417883 profile1
352 46.848554 7.76966407513151 profile1
353 46.853564 7.69602051494149 profile1
354 46.921126 7.62616509072665 profile1
355 47.021298 7.78112623042905 profile1
356 47.023709 7.64842445675991 profile1
357 47.02612 7.48027808152732 profile1
358 47.035721 7.42042194922148 profile1
359 47.160161 7.27749862718488 profile1
360 47.295389 7.14320147791256 profile1
361 47.430616 7.12361417951161 profile1
362 47.565843 7.11502108972979 profile1
363 47.70107 7.09650167499736 profile1
364 47.836298 7.11659043720977 profile1
365 47.971525 7.11676773833942 profile1
366 48.106752 7.10128624435002 profile1
367 48.24198 7.08647123081697 profile1
368 48.377207 7.0774712493358 profile1
369 48.474506 7.06759655128091 profile1
370 48.553159 7.0568123074579 profile1
371 48.631813 7.04613037336637 profile1
372 48.717003 7.03547656381415 profile1
373 48.805261 6.85129686402045 profile1
374 48.89352 6.50999296825894 profile1
375 48.982344 5.93651699876911 profile1
376 49.13026 5.90449753198611 profile1
377 49.161395 5.81076428223282 profile1
378 49.168603 5.7163762124662 profile1
379 49.175812 5.57831341209901 profile1
380 49.276939 4.28024905091076 profile1
381 49.413086 3.99189050426584 profile1
382 49.549232 3.7351084820859 profile1
383 49.611939 3.68792841689789 profile1
384 49.614662 3.56192235472112 profile1
385 49.617384 3.42973848007308 profile1
386 49.620107 3.51953603959021 profile1
387 49.62283 3.59725918574409 profile1
388 49.625553 3.66271238171022 profile1
389 49.628276 3.71576171088233 profile1
390 49.638989 3.72830686482826 profile1
391 49.65723 3.64978966238612 profile1
392 49.660035 3.56949561592021 profile1
393 49.66284 3.48655866388477 profile1
394 49.665644 3.40104684603227 profile1
395 49.668449 3.31303290972889 profile1
396 49.671254 3.22259420442071 profile1
397 49.674058 3.12981258425096 profile1
398 49.695383 3.03565591167677 profile1
399 49.798204 3.0352356243957 profile1
400 49.807433 3.03963289040093 profile1
401 49.816662 3.04402928645058 profile1
402 49.911484 1.28090173394718 profile1
403 50.08976 -0.080911415808971 profile1
404 50.121095 -0.0602804926568518 profile1
405 50.152431 -0.0403346212289436 profile1
406 50.173971 -0.0224552124164289 profile1
407 50.177001 -0.00489563492158142 profile1
408 50.180031 -1.06149188189006 profile1
409 40.751751 -4.38082478110445 profile1
410 40.852649 -3.50758551713779 profile1
411 40.963726 -3.48009943493641 profile1
412 41.071368 -3.50768143925576 profile1
413 41.130258 -3.53251173411636 profile1
414 41.189147 -3.55726523649814 profile1
415 41.248037 -3.58191534300212 profile1
416 41.306927 -3.60616668654968 profile1
417 41.376781 -3.62381821090901 profile1
418 41.466542 -3.63202229397812 profile1
419 41.467199 -3.64037367688379 profile1
420 41.467856 -3.64811538653358 profile1
421 41.535355 -3.6403438459305 profile1
422 41.812857 -3.33530153918829 profile1
423 42.090359 -3.33849756261487 profile1
424 42.192627 -3.34530145004663 profile1
425 42.292082 -3.33912188860381 profile1
426 42.391537 -3.34618350643832 profile1
427 42.490992 -3.37704754932059 profile1
428 42.590447 -3.38698996262842 profile1
429 42.689901 -3.39529837006998 profile1
430 42.789356 -3.40371448848647 profile1
431 42.929723 -3.41226062281309 profile1
432 43.030511 -3.38042282585459 profile1
433 43.09059 -3.32083826792455 profile1
434 43.150669 -3.26440548047723 profile1
435 43.210748 -3.21194010421978 profile1
436 43.265979 -3.16361777759017 profile1
437 43.296031 -3.13718729735984 profile1
438 43.336485 -3.17679038370457 profile1
439 43.376939 -3.19310411814792 profile1
440 43.399199 -3.25254027366854 profile1
441 43.400566 -3.49672596088682 profile1
442 43.401932 -3.42288448702966 profile1
443 43.416832 -3.51395440787215 profile1
444 43.545216 -3.72530030012227 profile1
445 43.659927 -3.7403818277673 profile1
446 43.662301 -3.75247751278001 profile1
447 43.664677 -3.7640661497419 profile1
448 43.66789 -3.80897505313197 profile1
449 43.746502 -3.73715017747725 profile1
450 43.811623 -3.69641286076668 profile1
451 43.828159 -3.70870951117027 profile1
452 43.836311 -3.71776280865696 profile1
453 43.838406 -3.7239892739197 profile1
454 43.840501 -3.72821390088727 profile1
455 43.844466 -3.731803186675 profile1
456 43.861003 -3.73584905156883 profile1
457 43.901546 -3.74990603125647 profile1
458 43.980158 -3.83019983424509 profile1
459 44.020771 -3.92715480520238 profile1
460 44.053303 -3.97305286222826 profile1
461 44.085836 -4.00420711264386 profile1
462 44.138903 -4.047945968673 profile1
463 44.294495 -3.60137897915188 profile1
464 44.317834 -3.58422579085988 profile1
465 44.341174 -3.57758633432493 profile1
466 44.364954 -3.56813805779255 profile1
467 44.431929 -3.24931756222128 profile1
468 44.438774 -3.23358689511299 profile1
469 44.445619 -3.16808203692005 profile1
470 44.482294 -3.33932294726362 profile1
471 44.551043 -3.54440701827921 profile1
472 44.564207 -3.45707678139104 profile1
473 44.568298 -3.36951465967794 profile1
474 44.572388 -3.28258587455447 profile1
475 44.576479 -3.19666998620756 profile1
476 44.58057 -3.11280157468775 profile1
477 50.183061 -1.52241859481095 profile1
478 50.18609 -1.52804404629494 profile1
479 50.18912 -1.5352563907371 profile1
480 50.19215 -1.54254981034873 profile1
481 50.295327 -1.49950970266925 profile1
482 50.302108 -1.47582741266895 profile1
483 50.308889 -1.45119024114227 profile1
484 50.311001 -1.42567328214999 profile1
485 40.751751 1.64378509642918 profile2
486 40.852649 2.7833899533661 profile2
487 40.963726 2.87996567776502 profile2
488 41.071368 2.87500588232469 profile2
489 41.130258 2.87422040216535 profile2
490 41.189147 2.87322712342367 profile2
491 41.248037 2.87202626244137 profile2
492 41.306927 2.87080267815147 profile2
493 41.376781 2.87271844137022 profile2
494 41.466542 2.87597262204831 profile2
495 41.467199 2.87788083287445 profile2
496 41.467856 2.87542781317363 profile2
497 41.535355 2.89866050679726 profile2
498 41.812857 4.30493630097377 profile2
499 42.090359 4.30376694010893 profile2
500 42.192627 4.30893244034634 profile2
501 42.292082 4.30123110441294 profile2
502 42.391537 4.30722233870058 profile2
503 42.490992 4.33156287285511 profile2
504 42.590447 4.33840154376391 profile2
505 42.689901 4.34286342101888 profile2
506 42.789356 4.34707438371318 profile2
507 42.929723 4.35115735292508 profile2
508 43.030511 4.36556177237684 profile2
509 43.09059 4.38129667300064 profile2
510 43.150669 4.38825961111152 profile2
511 43.210748 4.38632884350607 profile2
512 43.265979 4.37554238828547 profile2
513 43.296031 4.36064025736663 profile2
514 43.336485 4.37177894844572 profile2
515 43.376939 4.36360565762366 profile2
516 43.399199 5.84030636108512 profile2
517 43.400566 6.91170177303194 profile2
518 43.401932 7.18431976109516 profile2
519 43.416832 7.27840265146659 profile2
520 43.545216 7.27157335208352 profile2
521 43.659927 7.28224513759738 profile2
522 43.662301 7.30514572038493 profile2
523 43.664677 7.32719777873834 profile2
524 43.66789 7.34574722378471 profile2
525 43.746502 8.26823530359698 profile2
526 43.811623 8.49982596591561 profile2
527 43.828159 8.49580943292267 profile2
528 43.836311 8.49053414524674 profile2
529 43.838406 8.52133107866834 profile2
530 43.840501 8.70439753247959 profile2
531 43.844466 8.85460574594264 profile2
532 43.861003 8.95728747092901 profile2
533 43.901546 9.00237727173901 profile2
534 43.980158 8.94991591309466 profile2
535 44.020771 8.76354739099803 profile2
536 44.053303 8.6980153934652 profile2
537 44.085836 8.68600611730868 profile2
538 44.138903 8.66938082284833 profile2
539 44.294495 8.80010745008428 profile2
540 44.317834 8.80516215716214 profile2
541 44.341174 8.76122711390011 profile2
542 44.364954 8.70927986658233 profile2
543 44.431929 9.30230067458668 profile2
544 44.438774 9.39423137835155 profile2
545 44.445619 9.43776343088943 profile2
546 44.482294 9.81549792108514 profile2
547 44.551043 10.1963814525661 profile2
548 44.564207 10.179547115478 profile2
549 44.568298 10.1334066316185 profile2
550 44.572388 10.0619918135507 profile2
551 44.576479 9.96074962787222 profile2
552 44.58057 9.8371632594597 profile2
553 44.584661 9.6859629204217 profile2
554 44.588908 9.51838928513663 profile2
555 44.596324 9.33526116627144 profile2
556 44.603741 9.0909727047418 profile2
557 44.608283 8.79129350329561 profile2
558 44.609389 8.46318107721463 profile2
559 44.610566 8.10943839600196 profile2
560 44.612126 7.73319174163435 profile2
561 44.618941 7.33779600880891 profile2
562 44.625756 6.92673504707514 profile2
563 44.632571 6.55678134261407 profile2
564 44.721343 6.33085101823467 profile2
565 44.725576 6.18233943066098 profile2
566 44.729808 6.00137796818362 profile2
567 44.761322 5.85718307724697 profile2
568 44.780832 5.86449992623782 profile2
569 44.800342 6.06702719686955 profile2
570 44.819852 6.17414896446315 profile2
571 44.838742 6.15594818678901 profile2
572 44.856652 6.12044243435637 profile2
573 44.867332 6.08034008671034 profile2
574 44.874623 6.03565810208299 profile2
575 44.881915 5.98649032402483 profile2
576 44.889206 5.93293986418141 profile2
577 44.896497 5.92945272073523 profile2
578 44.940291 6.52753600020588 profile2
579 44.995858 6.49237510767753 profile2
580 45.051425 6.44257197529082 profile2
581 45.101619 6.38940806267846 profile2
582 45.106404 6.33617949489729 profile2
583 45.111189 6.27441005406307 profile2
584 45.144068 6.20267754005913 profile2
585 45.165 6.17845309247979 profile2
586 45.174292 6.15015067815019 profile2
587 45.183584 6.1166349835328 profile2
588 45.206863 6.08693428103942 profile2
589 45.270542 5.8446828832294 profile2
590 45.33422 5.45140297823178 profile2
591 45.420117 5.04466189814541 profile2
592 45.434499 5.13869623338925 profile2
593 45.438006 5.19934908311593 profile2
594 45.441513 5.20626396690745 profile2
595 45.445019 5.17126380753621 profile2
596 45.448526 5.13153770619329 profile2
597 45.452033 5.08716906495886 profile2
598 45.455539 5.33350038506232 profile2
599 45.458985 5.10675575077161 profile2
600 45.460636 4.93362592941504 profile2
601 45.462287 4.87262556934335 profile2
602 45.463938 4.83810191927572 profile2
603 45.465589 4.81783967387823 profile2
604 45.46724 4.79654467563961 profile2
605 45.470001 4.77423828032538 profile2
606 45.474942 4.75094384983967 profile2
607 45.479882 4.72668870451378 profile2
608 45.484823 4.70150120677507 profile2
609 45.489764 4.6754122690036 profile2
610 45.494704 4.64845454858996 profile2
611 45.499645 4.61958463261183 profile2
612 45.504585 4.59411268452444 profile2
613 45.622192 4.54916809678384 profile2
614 45.689416 4.42533403218302 profile2
615 45.705169 4.41887122564396 profile2
616 45.720922 4.41594113231043 profile2
617 46.0005425 3.81901512317227 profile2
618 46.280163 2.3608917378218 profile2
619 46.288948 1.20697734341471 profile2
620 46.297732 0.926992560025383 profile2
621 46.306516 0.954229639222763 profile2
622 46.315301 0.981978880276084 profile2
623 46.32335 0.912895804127026 profile2
624 46.326762 0.642393107274232 profile2
625 46.330173 0.271396988699966 profile2
626 46.333584 -0.031623393394041 profile2
627 46.336995 -0.165750695849428 profile2
628 46.341532 -0.318059330634013 profile2
629 46.350316 -0.48350089577151 profile2
630 46.358463 -0.60670430454714 profile2
631 46.360127 -0.591868623573603 profile2
632 46.36179 -0.580873582285424 profile2
633 46.363103 -0.573715864748361 profile2
634 46.364052 -0.570384027391645 profile2
635 46.364976 -0.570858582256357 profile2
636 46.365522 -0.575112048629807 profile2
637 46.366069 -0.583109048856176 profile2
638 46.366615 -0.594806410763852 profile2
639 46.367161 -0.610153727781538 profile2
640 46.367707 -0.629092460344919 profile2
641 46.368253 -0.651557681994615 profile2
642 46.368799 -0.675629596111527 profile2
643 46.485003 -2.32030919088319 profile2
644 46.557864 -2.52439206701989 profile2
645 46.610522 -2.57638429575143 profile2
646 46.616448 -2.56460214641897 profile2
647 46.622375 -2.55265092911334 profile2
648 46.628301 -2.5405587419926 profile2
649 46.687297 -2.5283561175724 profile2
650 46.730117 -2.5368317318898 profile2
651 46.732363 -2.58867177373157 profile2
652 46.73461 -2.64835824202225 profile2
653 46.736857 -2.71575896134174 profile2
654 46.739103 -2.79046068520453 profile2
655 46.74135 -2.8596786622545 profile2
656 46.750658 -2.84688353739332 profile2
657 46.815826 -2.81316551556023 profile2
658 46.828517 -2.76407367953125 profile2
659 46.833526 -2.74417486144227 profile2
660 46.838536 -2.71519513292553 profile2
661 46.843545 -2.69190249712729 profile2
662 46.848554 -2.6741861482364 profile2
663 46.853564 -2.66166896432028 profile2
664 46.921126 -2.65326223394936 profile2
665 47.021298 -2.76898118107261 profile2
666 47.023709 -2.74209086351839 profile2
667 47.02612 -2.72520211770169 profile2
668 47.035721 -2.72961457868545 profile2
669 47.160161 -2.74464701220139 profile2
670 47.295389 -2.77006556107202 profile2
671 47.430616 -2.77978035383297 profile2
672 47.565843 -2.78035442044857 profile2
673 47.70107 -2.7666769201638 profile2
674 47.836298 -2.89015830745141 profile2
675 47.971525 -3.07235053160364 profile2
676 48.106752 -3.0718269919792 profile2
677 48.24198 -3.06890093342467 profile2
678 48.377207 -3.06542589153049 profile2
679 48.474506 -3.06225915033741 profile2
680 48.553159 -3.05942826364147 profile2
681 48.631813 -3.05660892598772 profile2
682 48.717003 -3.05391371824787 profile2
683 48.805261 -3.20196757795269 profile2
684 48.89352 -3.44263213377588 profile2
685 48.982344 -3.67825884676303 profile2
686 49.13026 -3.87449109933088 profile2
687 49.161395 -4.03731479844053 profile2
688 49.168603 -4.03927747676433 profile2
689 49.175812 -4.02123598141656 profile2
690 49.276939 -3.98980725985338 profile2
691 49.413086 -4.18430802731952 profile2
692 49.549232 -3.73565969104723 profile2
693 49.611939 -3.87287225768375 profile2
694 49.614662 -4.12405412680803 profile2
695 49.617384 -4.37551458324232 profile2
696 49.620107 -4.41886435779319 profile2
697 49.62283 -4.4629756034546 profile2
698 49.625553 -4.5076934351102 profile2
699 49.628276 -4.55284699013026 profile2
700 49.638989 -4.60079421836729 profile2
701 49.65723 -4.63805055316313 profile2
702 49.660035 -4.67656286546783 profile2
703 49.66284 -4.7150711360994 profile2
704 49.665644 -4.75336565144164 profile2
705 49.668449 -4.79124792434885 profile2
706 49.671254 -4.8285343612235 profile2
707 49.674058 -4.86505941619917 profile2
708 49.695383 -4.90039442302009 profile2
709 49.798204 -4.90894542175128 profile2
710 49.807433 -4.91069753236441 profile2
711 49.816662 -4.91206392587146 profile2
712 49.911484 -5.04048163779961 profile2
713 50.08976 -5.72857845358105 profile2
714 50.121095 -5.72387851992509 profile2
715 50.152431 -5.71923265016863 profile2
716 50.173971 -5.71527071556707 profile2
717 50.177001 -5.71126868931378 profile2
718 50.180031 -6.59473826073743 profile2
719 50.183061 -7.16416281236392 profile2
720 50.18609 -7.2586311339985 profile2
721 50.18912 -7.36108317683016 profile2
722 50.19215 -7.43391209687792 profile2
723 50.295327 -7.73382726786803 profile2
724 50.302108 -7.73359315790316 profile2
725 50.308889 -7.73481118189182 profile2
726 50.311001 -7.73751447120869 profile2
