marker_position lod trace
1 40.751751 -32.4337124744564 pleio
2 40.852649 -31.2664126698814 pleio
3 40.963726 -30.9694485861163 pleio
4 41.071368 -30.9747837366031 pleio
5 41.130258 -30.9846077529581 pleio
6 41.189147 -30.995762073967 pleio
7 41.248037 -31.0082431248667 pleio
8 41.306927 -31.0213275423136 pleio
9 41.376781 -31.0231273477878 pleio
10 41.466542 -31.0236520488306 pleio
11 41.467199 -31.0246383606088 pleio
12 41.467856 -31.029867274539 pleio
13 41.535355 -30.997578223411 pleio
14 41.812857 -30.9549090503451 pleio
15 42.090359 -30.9568119414931 pleio
16 42.192627 -30.9419925450588 pleio
17 42.292082 -30.8971177807563 pleio
18 42.391537 -30.8640692607095 pleio
19 42.490992 -30.856109295274 pleio
20 42.590447 -30.8311298341917 pleio
21 42.689901 -30.8065840659716 pleio
22 42.789356 -30.7833360520685 pleio
23 42.929723 -30.7615010108077 pleio
24 43.030511 -30.6665325832613 pleio
25 43.09059 -30.5297601267918 pleio
26 43.150669 -30.4105417117597 pleio
27 43.210748 -30.3112455818047 pleio
28 43.265979 -30.2319901638182 pleio
29 43.296031 -30.1762133400117 pleio
30 43.336485 -29.5642305780312 pleio
31 43.376939 -29.56298486845 pleio
32 43.399199 -29.3844052310548 pleio
33 43.400566 -28.8849159514965 pleio
34 43.401932 -27.8228889463093 pleio
35 43.416832 -27.101301883633 pleio
36 43.545216 -27.0091394488041 pleio
37 43.659927 -27.0157035980983 pleio
38 43.662301 -27.0204318112585 pleio
39 43.664677 -27.0256941012706 pleio
40 43.66789 -26.9407733910863 pleio
41 43.746502 -26.7310782896835 pleio
42 43.811623 -26.765050948449 pleio
43 43.828159 -26.6476741512027 pleio
44 43.836311 -26.5313709803812 pleio
45 43.838406 -26.4065292962559 pleio
46 43.840501 -26.2461338707652 pleio
47 43.844466 -26.1035169815097 pleio
48 43.861003 -25.984297547643 pleio
49 43.901546 -25.8902026444012 pleio
50 43.980158 -25.8434479575508 pleio
51 44.020771 -25.8338137548253 pleio
52 44.053303 -25.6070940879502 pleio
53 44.085836 -25.3577136269922 pleio
54 44.138903 -25.2960250035643 pleio
55 44.294495 -24.1681333823418 pleio
56 44.317834 -24.1382225010515 pleio
57 44.341174 -24.089814275219 pleio
58 44.364954 -24.103046785091 pleio
59 44.431929 -23.4220380368855 pleio
60 44.438774 -23.4251277615459 pleio
61 44.445619 -23.2968575683161 pleio
62 44.482294 -22.8091065523216 pleio
63 44.551043 -22.6273569087244 pleio
64 44.564207 -22.4051931356092 pleio
65 44.568298 -22.1917839345894 pleio
66 44.572388 -21.9864911899673 pleio
67 44.576479 -21.7909543096998 pleio
68 44.58057 -21.6040736364901 pleio
69 44.584661 -21.4356162712342 pleio
70 44.588908 -21.2920767823553 pleio
71 44.596324 -21.1648351959772 pleio
72 44.603741 -21.0638140532665 pleio
73 44.608283 -20.9885308336629 pleio
74 44.609389 -20.9344804280516 pleio
75 44.610566 -20.9020109362308 pleio
76 44.612126 -20.8912797957199 pleio
77 44.618941 -20.902250944913 pleio
78 44.625756 -20.9346977355211 pleio
79 44.632571 -20.991466894428 pleio
80 44.721343 -20.9692033644136 pleio
81 44.725576 -20.885324436551 pleio
82 44.729808 -20.829250398585 pleio
83 44.761322 -20.7806514909862 pleio
84 44.780832 -20.7102292134693 pleio
85 44.800342 -20.5893809438436 pleio
86 44.819852 -20.317056436665 pleio
87 44.838742 -20.2479683098713 pleio
88 44.856652 -20.068019779662 pleio
89 44.867332 -19.9267273682805 pleio
90 44.874623 -19.8290592614144 pleio
91 44.881915 -19.7758977233468 pleio
92 44.889206 -19.7676570950553 pleio
93 44.896497 -19.6689928107302 pleio
94 44.940291 -17.8563334642506 pleio
95 44.995858 -17.1606622383394 pleio
96 45.051425 -16.5346212638173 pleio
97 45.101619 -16.011513733691 pleio
98 45.106404 -15.5803463713873 pleio
99 45.111189 -15.2215438817887 pleio
100 45.144068 -14.9332943984155 pleio
101 45.165 -14.8109644445036 pleio
102 45.174292 -14.7079806812945 pleio
103 45.183584 -14.6241108620496 pleio
104 45.206863 -14.5737836600449 pleio
105 45.270542 -14.4195634935122 pleio
106 45.33422 -14.1781713699291 pleio
107 45.420117 -11.4614857926305 pleio
108 45.434499 -11.3279115758746 pleio
109 45.438006 -11.3318550385443 pleio
110 45.441513 -11.3720456481049 pleio
111 45.445019 -11.3060745037872 pleio
112 45.448526 -11.2440317779693 pleio
113 45.452033 -11.1861511005851 pleio
114 45.455539 -11.024947919387 pleio
115 45.458985 -11.0386764819095 pleio
116 45.460636 -11.0395608301558 pleio
117 45.462287 -11.0001658601139 pleio
118 45.463938 -10.9743895499943 pleio
119 45.465589 -10.9552253561081 pleio
120 45.46724 -10.9375475456645 pleio
121 45.470001 -10.9213995684789 pleio
122 45.474942 -10.9068232963211 pleio
123 45.479882 -10.8938502563422 pleio
124 45.484823 -10.8825132451587 pleio
125 45.489764 -10.872839285911 pleio
126 45.494704 -10.8648522242708 pleio
127 45.499645 -10.8495112805923 pleio
128 45.504585 -10.8366403567644 pleio
129 45.622192 -10.8743381848356 pleio
130 45.689416 -9.92354055368125 pleio
131 45.705169 -9.86133978659834 pleio
132 45.720922 -9.5926193826362 pleio
133 46.0005425 -9.4481688426887 pleio
134 46.280163 -6.53799140450366 pleio
135 46.288948 -5.22718408560335 pleio
136 46.297732 -5.40765238054999 pleio
137 46.306516 -5.289751595245 pleio
138 46.315301 -5.19166709607695 pleio
139 46.32335 -4.43969487041507 pleio
140 46.326762 -2.9811278003014 pleio
141 46.330173 -1.86409874264305 pleio
142 46.333584 -1.20857361718395 pleio
143 46.336995 -0.797964607099153 pleio
144 46.341532 -0.542333917880047 pleio
145 46.350316 -0.446470905872084 pleio
146 46.358463 -0.447330847988944 pleio
147 46.360127 -0.356168665611149 pleio
148 46.36179 -0.278328430616813 pleio
149 46.363103 -0.213885829646925 pleio
150 46.364052 -0.162895286206255 pleio
151 46.364976 -0.125388715657776 pleio
152 46.365522 -0.101375350905633 pleio
153 46.366069 -0.0908416713271804 pleio
154 46.366615 -0.0937510956380472 pleio
155 46.367161 -0.110045686435563 pleio
156 46.367707 -0.139643628978872 pleio
157 46.368253 -0.182441888639477 pleio
158 46.368799 -0.246155592513064 pleio
159 46.485003 -0.550197246808253 pleio
160 46.557864 0 pleio
161 46.610522 -0.0526692833126718 pleio
162 46.616448 -0.0882366962055385 pleio
163 46.622375 -0.124212527274087 pleio
164 46.628301 -0.160561223946271 pleio
165 46.687297 -0.197244771502617 pleio
166 46.730117 -0.217973679676544 pleio
167 46.732363 -0.261152004919048 pleio
168 46.73461 -0.382393310065616 pleio
169 46.736857 -0.58094185013576 pleio
170 46.739103 -0.855818188961347 pleio
171 46.74135 -1.16220596606466 pleio
172 46.750658 -1.202796041162 pleio
173 46.815826 -1.17937183283137 pleio
174 46.828517 -2.19892390422783 pleio
175 46.833526 -2.91347411522858 pleio
176 46.838536 -3.03506076864093 pleio
177 46.843545 -3.23212358706625 pleio
178 46.848554 -3.49977718201533 pleio
179 46.853564 -3.8296784203638 pleio
180 46.921126 -4.20935175896493 pleio
181 47.021298 -4.30540989403189 pleio
182 47.023709 -4.32201607520146 pleio
183 47.02612 -4.56080247970343 pleio
184 47.035721 -4.74315769990868 pleio
185 47.160161 -4.67385060205022 pleio
186 47.295389 -4.68774952672562 pleio
187 47.430616 -4.66238589835877 pleio
188 47.565843 -4.66822478319417 pleio
189 47.70107 -4.70962290536061 pleio
190 47.836298 -4.63426956255889 pleio
191 47.971525 -4.55961441204666 pleio
192 48.106752 -4.57730799896895 pleio
193 48.24198 -4.59029400886394 pleio
194 48.377207 -4.60377673444747 pleio
195 48.474506 -4.61602197810927 pleio
196 48.553159 -4.62696819157373 pleio
197 48.631813 -4.63765429463608 pleio
198 48.717003 -4.64811712742612 pleio
199 48.805261 -4.79187757851418 pleio
200 48.89352 -5.31569885236248 pleio
201 48.982344 -6.33643740637518 pleio
202 49.13026 -7.03493333050551 pleio
203 49.161395 -7.19374211630157 pleio
204 49.168603 -7.47752207811098 pleio
205 49.175812 -7.96025290312234 pleio
206 49.276939 -9.45854504494766 pleio
207 49.413086 -11.4498946132174 pleio
208 49.549232 -10.5036087517234 pleio
209 49.611939 -10.673955604448 pleio
210 49.614662 -11.0880337594374 pleio
211 49.617384 -11.5588630623535 pleio
212 49.620107 -11.6579977742162 pleio
213 49.62283 -11.7842296368612 pleio
214 49.625553 -11.9372476374742 pleio
215 49.628276 -12.1165946228073 pleio
216 49.638989 -12.2782651860097 pleio
217 49.65723 -12.386007120933 pleio
218 49.660035 -12.4960400162457 pleio
219 49.66284 -12.6143579661213 pleio
220 49.665644 -12.7406555733687 pleio
221 49.668449 -12.874632588642 pleio
222 49.671254 -13.0159987914205 pleio
223 49.674058 -13.1644779609208 pleio
224 49.695383 -13.3203315352859 pleio
225 49.798204 -13.3376629907908 pleio
226 49.807433 -13.331741912329 pleio
227 49.816662 -13.3275701711653 pleio
228 49.911484 -18.993906627603 pleio
229 50.08976 -21.8101031909617 pleio
230 50.121095 -21.8100661755465 pleio
231 50.152431 -21.8135068066395 pleio
232 50.173971 -21.8216081644499 pleio
233 50.177001 -21.8334241773187 pleio
234 50.180031 -23.2090607026769 pleio
235 50.183061 -24.0823203084973 pleio
236 50.18609 -24.234765739513 pleio
237 50.18912 -24.3875130231826 pleio
238 50.19215 -24.5006072842879 pleio
239 50.295327 -25.8694501429877 pleio
240 50.302108 -25.8961971732782 pleio
241 50.308889 -25.9220910122034 pleio
242 50.311001 -25.9470663943595 pleio
243 40.751751 -2.23894630465571 profile1
244 40.852649 -1.54717078645094 profile1
245 40.963726 -1.32672815974182 profile1
246 41.071368 -1.33427576547007 profile1
247 41.130258 -1.33920138653742 profile1
248 41.189147 -1.34469465279269 profile1
249 41.248037 -1.35073675655512 profile1
250 41.306927 -1.35727598335087 profile1
251 41.376781 -1.3619862784298 profile1
252 41.466542 -1.35771572301489 profile1
253 41.467199 -1.35497685210024 profile1
254 41.467856 -1.35460984528455 profile1
255 41.535355 -1.33940774609993 profile1
256 41.812857 -0.740706402821486 profile1
257 42.090359 -0.737521320918266 profile1
258 42.192627 -0.725359111420831 profile1
259 42.292082 -0.70720628435421 profile1
260 42.391537 -0.686879921841181 profile1
261 42.490992 -0.665505060192189 profile1
262 42.590447 -0.64989115730545 profile1
263 42.689901 -0.636654975094073 profile1
264 42.789356 -0.62377546776961 profile1
265 42.929723 -0.611483135471181 profile1
266 43.030511 -0.611504719593992 profile1
267 43.09059 -0.621158442605046 profile1
268 43.150669 -0.631519309464636 profile1
269 43.210748 -0.642334934816653 profile1
270 43.265979 -0.653531946501022 profile1
271 43.296031 -0.679199716198004 profile1
272 43.336485 -0.773193154342652 profile1
273 43.376939 -0.799044486185408 profile1
274 43.399199 -0.305861670850761 profile1
275 43.400566 0.328555302370641 profile1
276 43.401932 0.293320480682126 profile1
277 43.416832 0.239652091830339 profile1
278 43.545216 0.217603699792358 profile1
279 43.659927 0.223422812386111 profile1
280 43.662301 0.231473521446183 profile1
281 43.664677 0.238949461086782 profile1
282 43.66789 0.281753259185514 profile1
283 43.746502 0.385200542303499 profile1
284 43.811623 0.261356108048599 profile1
285 43.828159 0.301507643319819 profile1
286 43.836311 0.340680266513682 profile1
287 43.838406 0.387032269493484 profile1
288 43.840501 0.460537315920365 profile1
289 43.844466 0.515250285097843 profile1
290 43.861003 0.548131573924286 profile1
291 43.901546 0.567768115757811 profile1
292 43.980158 0.562992928019515 profile1
293 44.020771 0.464727829911518 profile1
294 44.053303 0.474888247130132 profile1
295 44.085836 0.506985630756287 profile1
296 44.138903 0.548872335344839 profile1
297 44.294495 0.721571712790086 profile1
298 44.317834 0.788525730269989 profile1
299 44.341174 0.844243205020186 profile1
300 44.364954 0.839145808540306 profile1
301 44.431929 0.258328239331595 profile1
302 44.438774 0.018747627653977 profile1
303 44.445619 0.0161934548871772 profile1
304 44.482294 0.00773691064939199 profile1
305 44.551043 0.0317373973721519 profile1
306 44.564207 0.118134579574191 profile1
307 44.568298 0.203334070629715 profile1
308 44.572388 0.288037716757642 profile1
309 44.576479 0.371042823367617 profile1
310 44.58057 0.453450369957902 profile1
311 44.584661 0.533782576180215 profile1
312 44.588908 0.606297785118452 profile1
313 44.596324 0.675680452240009 profile1
314 44.603741 0.73544201142189 profile1
315 44.608283 0.786118072424518 profile1
316 44.609389 0.831641458229032 profile1
317 44.610566 0.871717536600095 profile1
318 44.612126 0.906126006141179 profile1
319 44.618941 0.934725379340673 profile1
320 44.625756 0.957454196051003 profile1
321 44.632571 0.967985820133436 profile1
322 44.721343 1.00988178211918 profile1
323 44.725576 1.07655852434818 profile1
324 44.729808 1.13770495520771 profile1
325 44.761322 1.19685748544575 profile1
326 44.780832 1.23940617763713 profile1
327 44.800342 1.07485503892126 profile1
328 44.819852 0.869498961804738 profile1
329 44.838742 0.918750487170106 profile1
330 44.856652 0.943845094886618 profile1
331 44.867332 0.963604720795064 profile1
332 44.874623 0.977867071931337 profile1
333 44.881915 0.986750324569685 profile1
334 44.889206 0.99041830130092 profile1
335 44.896497 0.999729580251104 profile1
336 44.940291 1.23549878214706 profile1
337 44.995858 1.33575448922712 profile1
338 45.051425 1.42280617007494 profile1
339 45.101619 1.47229863613444 profile1
340 45.106404 1.49973283908588 profile1
341 45.111189 1.52749474659342 profile1
342 45.144068 1.55769310346979 profile1
343 45.165 1.55795367561052 profile1
344 45.174292 1.55876461604902 profile1
345 45.183584 1.55994858440057 profile1
346 45.206863 1.56021566418141 profile1
347 45.270542 1.58660732808487 profile1
348 45.33422 1.74436227154325 profile1
349 45.420117 1.7250430333255 profile1
350 45.434499 1.7767966153254 profile1
351 45.438006 1.83044160944819 profile1
352 45.441513 1.87766006678128 profile1
353 45.445019 1.91342749214162 profile1
354 45.448526 1.94893616262218 profile1
355 45.452033 1.98402081730715 profile1
356 45.455539 2.08832173874847 profile1
357 45.458985 2.08360868972523 profile1
358 45.460636 2.08602133489812 profile1
359 45.462287 2.11787421535808 profile1
360 45.463938 2.12636785469099 profile1
361 45.465589 2.12301378921229 profile1
362 45.46724 2.11969230045119 profile1
363 45.470001 2.11641174854789 profile1
364 45.474942 2.11317963170109 profile1
365 45.479882 2.11000319734837 profile1
366 45.484823 2.1068884941646 profile1
367 45.489764 2.10384087105983 profile1
368 45.494704 2.10086474623252 profile1
369 45.499645 2.09769260829066 profile1
370 45.504585 2.0885534554882 profile1
371 45.622192 2.02637576030661 profile1
372 45.689416 1.76765656561913 profile1
373 45.705169 1.75469915514957 profile1
374 45.720922 1.79101094886667 profile1
375 46.0005425 2.02614060136107 profile1
376 46.280163 2.27896795543136 profile1
377 46.288948 1.76659906392443 profile1
378 46.297732 1.38017499203438 profile1
379 46.306516 1.32149207511418 profile1
380 46.315301 1.26004101630251 profile1
381 46.32335 1.21064020198855 profile1
382 46.326762 1.18134886274337 profile1
383 46.330173 1.15976381556884 profile1
384 46.333584 1.13267269945703 profile1
385 46.336995 1.09671688176416 profile1
386 46.341532 1.05937119674525 profile1
387 46.350316 1.02477606758717 profile1
388 46.358463 0.990085692442605 profile1
389 46.360127 0.954529081437594 profile1
390 46.36179 0.916285920110831 profile1
391 46.363103 0.875377436257235 profile1
392 46.364052 0.831830611008792 profile1
393 46.364976 0.785677993750929 profile1
394 46.365522 0.736957632844343 profile1
395 46.366069 0.685712975142826 profile1
396 46.366615 0.631992750579695 profile1
397 46.367161 0.575850579396676 profile1
398 46.367707 0.517345549038577 profile1
399 46.368253 0.456540925636613 profile1
400 46.368799 0.398798430811163 profile1
401 46.485003 0.152836189850519 profile1
402 46.557864 0 profile1
403 46.610522 -0.0422495877180604 profile1
404 46.616448 -0.0741846344626184 profile1
405 46.622375 -0.106496626519661 profile1
406 46.628301 -0.139154753925712 profile1
407 46.687297 -0.172126024545936 profile1
408 46.730117 -0.201244273211004 profile1
409 46.732363 -0.223258145347394 profile1
410 46.73461 -0.246288966432854 profile1
411 46.736857 -0.269547462522757 profile1
412 46.739103 -0.29294371811548 profile1
413 46.74135 -0.31792178331676 profile1
414 46.750658 -0.353185283854744 profile1
415 46.815826 -0.389607599282737 profile1
416 46.828517 -0.526296695946517 profile1
417 46.833526 -0.602605123027415 profile1
418 46.838536 -0.640750963863691 profile1
419 46.843545 -0.68013219113641 profile1
420 46.848554 -0.720783992087591 profile1
421 46.853564 -0.762651928202014 profile1
422 46.921126 -0.805323190875741 profile1
423 47.021298 -0.862216283598889 profile1
424 47.023709 -0.913400685053778 profile1
425 47.02612 -0.96552461757797 profile1
426 47.035721 -1.01156857899072 profile1
427 47.160161 -1.04697605394745 profile1
428 47.295389 -1.05282374336736 profile1
429 47.430616 -1.04387739657308 profile1
430 47.565843 -1.04741847317791 profile1
431 47.70107 -1.07721643039139 profile1
432 47.836298 -0.949436666181621 profile1
433 47.971525 -0.832552196478184 profile1
434 48.106752 -0.840106385356733 profile1
435 48.24198 -0.849017438184862 profile1
436 48.377207 -0.859152925467517 profile1
437 48.474506 -0.868055580242911 profile1
438 48.553159 -0.875790521929926 profile1
439 48.631813 -0.883361254661185 profile1
440 48.717003 -0.890774113453171 profile1
441 48.805261 -1.05357637937678 profile1
442 48.89352 -1.23891506725141 profile1
443 48.982344 -1.35374938688875 profile1
444 49.13026 -1.47565409987723 profile1
445 49.161395 -1.55854280496762 profile1
446 49.168603 -1.63776529314514 profile1
447 49.175812 -1.757915588214 profile1
448 49.276939 -2.00016324325742 profile1
449 49.413086 -1.93855628883646 profile1
450 49.549232 -2.0923677804283 profile1
451 49.611939 -2.22781607910526 profile1
452 49.614662 -2.46682173710545 profile1
453 49.617384 -2.68313880543216 profile1
454 49.620107 -2.64457996768428 profile1
455 49.62283 -2.60937197516727 profile1
456 49.625553 -2.57755286453926 profile1
457 49.628276 -2.54914549886437 profile1
458 49.638989 -2.53664153371508 profile1
459 49.65723 -2.53763856663957 profile1
460 49.660035 -2.53602942527413 profile1
461 49.66284 -2.53455352683833 profile1
462 49.665644 -2.53321120885634 profile1
463 49.668449 -2.53200292389694 profile1
464 49.671254 -2.53092920819725 profile1
465 49.674058 -2.52999063855289 profile1
466 49.695383 -2.52967860979549 profile1
467 49.798204 -2.52542379665765 profile1
468 49.807433 -2.51984356685692 profile1
469 49.816662 -2.51507910791706 profile1
470 49.911484 -2.46208316473469 profile1
471 50.08976 -2.5056664530861 profile1
472 50.121095 -2.51758565917916 profile1
473 50.152431 -2.52921553504273 profile1
474 50.173971 -2.54121866243753 profile1
475 50.177001 -2.5531692805305 profile1
476 50.180031 -3.62338783427618 profile1
477 50.183061 -4.33554456896866 profile1
478 50.18609 -4.48177431134575 profile1
479 50.18912 -4.62973424298159 profile1
480 50.19215 -4.73958156270054 profile1
481 50.295327 -4.74468388498704 profile1
482 50.302108 -4.7630902550466 profile1
483 50.308889 -4.78095661798089 profile1
484 50.311001 -4.79826177186412 profile1
485 40.751751 -27.9660108281404 profile2
486 40.852649 -27.4975550774269 profile2
487 40.963726 -27.4141139361055 profile2
488 41.071368 -27.4116337670804 profile2
489 41.130258 -27.41623705432 profile2
490 41.189147 -27.4217527524977 profile2
491 41.248037 -27.4281960420787 profile2
492 41.306927 -27.4348933302236 profile2
493 41.376781 -27.4322450574811 profile2
494 41.466542 -27.4372847036105 profile2
495 41.467199 -27.441244083864 profile2
496 41.467856 -27.4470884330878 profile2
497 41.535355 -27.4307945773921 profile2
498 41.812857 -27.992372105347 profile2
499 42.090359 -27.9975491320178 profile2
500 42.192627 -27.9942138010716 profile2
501 42.292082 -27.9670462055722 profile2
502 42.391537 -27.9530912021979 profile2
503 42.490992 -27.9642865867999 profile2
504 42.590447 -27.953673243572 profile2
505 42.689901 -27.9411743857842 profile2
506 42.789356 -27.9296293526378 profile2
507 42.929723 -27.9189430937438 profile2
508 43.030511 -27.8240279419986 profile2
509 43.09059 -27.6783376509936 profile2
510 43.150669 -27.5491908641707 profile2
511 43.210748 -27.4392168107648 profile2
512 43.265979 -27.3486059565512 profile2
513 43.296031 -27.267331572333 profile2
514 43.336485 -26.5396172985636 profile2
515 43.376939 -26.5132390000567 profile2
516 43.399199 -26.8664646217778 profile2
517 43.400566 -27.0229713562607 profile2
518 43.401932 -25.9407731470695 profile2
519 43.416832 -25.1775553238984 profile2
520 43.545216 -25.0706256308534 profile2
521 43.659927 -25.0825339134102 profile2
522 43.662301 -25.0949720618796 profile2
523 43.664677 -25.1073321193089 profile2
524 43.66789 -25.0623058914897 profile2
525 43.746502 -24.983061342457 profile2
526 43.811623 -24.9020739443911 profile2
527 43.828159 -24.823764256271 profile2
528 43.836311 -24.7456947181569 profile2
529 43.838406 -24.6672411850433 profile2
530 43.840501 -24.5840590750927 profile2
531 43.844466 -24.4995052035224 profile2
532 43.861003 -24.4157539948264 profile2
533 43.901546 -24.3425083723168 profile2
534 43.980158 -24.2858663537138 profile2
535 44.020771 -24.1800601188667 profile2
536 44.053303 -23.9466320145799 profile2
537 44.085836 -23.7103374582477 profile2
538 44.138903 -23.6864554757593 profile2
539 44.294495 -22.7135102406639 profile2
540 44.317834 -22.7471207292449 profile2
541 44.341174 -22.7535441644302 profile2
542 44.364954 -22.764106576526 profile2
543 44.431929 -21.5260596067987 profile2
544 44.438774 -21.2942243732801 profile2
545 44.445619 -21.163842891002 profile2
546 44.482294 -20.6569738034204 profile2
547 44.551043 -20.4957781419082 profile2
548 44.564207 -20.3652275180824 profile2
549 44.568298 -20.2422153423761 profile2
550 44.572388 -20.1269193983435 profile2
551 44.576479 -20.0196379217868 profile2
552 44.58057 -19.9205334640752 profile2
553 44.584661 -19.8376565396853 profile2
554 44.588908 -19.7715561589959 profile2
555 44.596324 -19.7182832979987 profile2
556 44.603741 -19.680378266681 profile2
557 44.608283 -19.6580233107075 profile2
558 44.609389 -19.6511094061416 profile2
559 44.610566 -19.6596981423531 profile2
560 44.612126 -19.6837434821106 profile2
561 44.618941 -19.7230924935658 profile2
562 44.625756 -19.7774883818637 profile2
563 44.632571 -19.8440123181261 profile2
564 44.721343 -19.8585719568023 profile2
565 44.725576 -19.8344457578096 profile2
566 44.729808 -19.8341117116746 profile2
567 44.761322 -19.8405332923953 profile2
568 44.780832 -19.8098901544218 profile2
569 44.800342 -19.5291146795431 profile2
570 44.819852 -19.0590512863977 profile2
571 44.838742 -19.0364703418567 profile2
572 44.856652 -18.8664658514955 profile2
573 44.867332 -18.7309614488753 profile2
574 44.874623 -18.6351710934189 profile2
575 44.881915 -18.5802006730262 profile2
576 44.889206 -18.5667149088652 profile2
577 44.896497 -18.4711954776781 profile2
578 44.940291 -16.8937361155659 profile2
579 44.995858 -16.2954208267188 profile2
580 45.051425 -15.7555714532966 profile2
581 45.101619 -15.2794768794104 profile2
582 45.106404 -14.8729017088276 profile2
583 45.111189 -14.5405239647451 profile2
584 45.144068 -14.2824288531427 profile2
585 45.165 -14.1620576421042 profile2
586 45.174292 -14.0615594294216 profile2
587 45.183584 -13.9804889684317 profile2
588 45.206863 -13.9316138048542 profile2
589 45.270542 -13.7997893524316 profile2
590 45.33422 -13.7302496142255 profile2
591 45.420117 -10.9904856115684 profile2
592 45.434499 -10.9070006448243 profile2
593 45.438006 -10.9624276806399 profile2
594 45.441513 -11.0476453637015 profile2
595 45.445019 -11.015754990045 profile2
596 45.448526 -10.9875368354108 profile2
597 45.452033 -10.9630727475372 profile2
598 45.455539 -10.9153032991498 profile2
599 45.458985 -10.9166751390622 profile2
600 45.460636 -10.913852190491 profile2
601 45.462287 -10.9048593977196 profile2
602 45.463938 -10.8874364201371 profile2
603 45.465589 -10.8654671163783 profile2
604 45.46724 -10.8450544142313 profile2
605 45.470001 -10.8262469397667 profile2
606 45.474942 -10.8090908091657 profile2
607 45.479882 -10.793621365286 profile2
608 45.484823 -10.7798740232658 profile2
609 45.489764 -10.7678776438357 profile2
610 45.494704 -10.7576569517226 profile2
611 45.499645 -10.7400008765232 profile2
612 45.504585 -10.7187003751363 profile2
613 45.622192 -10.6976861202255 profile2
614 45.689416 -9.43451869370619 profile2
615 45.705169 -9.35536955337013 profile2
616 45.720922 -9.11637630859178 profile2
617 46.0005425 -9.22160588455509 profile2
618 46.280163 -6.53799140450366 profile2
619 46.288948 -4.68738596805311 profile2
620 46.297732 -4.52090077898191 profile2
621 46.306516 -4.34738893654993 profile2
622 46.315301 -4.19183552335335 profile2
623 46.32335 -3.39500109628194 profile2
624 46.326762 -1.9096255143594 profile2
625 46.330173 -0.765301906767604 profile2
626 46.333584 -0.0750771046365629 profile2
627 46.336995 0.374709852636655 profile2
628 46.341532 0.66720935773666 profile2
629 46.350316 0.793710434203843 profile2
630 46.358463 0.823193477176936 profile2
631 46.360127 0.951643815562993 profile2
632 46.36179 1.06933384142919 profile2
633 46.363103 1.17616427918672 profile2
634 46.364052 1.27205176600728 profile2
635 46.364976 1.35693029312969 profile2
636 46.365522 1.43075145312701 profile2
637 46.366069 1.49348461163288 profile2
638 46.366615 1.54511734740013 profile2
639 46.367161 1.58565405421005 profile2
640 46.367707 1.61511798816427 profile2
641 46.368253 1.63354981713252 profile2
642 46.368799 1.62782288729218 profile2
643 46.485003 1.5693969428436 profile2
644 46.557864 2.27896795543136 profile2
645 46.610522 2.27048293002712 profile2
646 46.616448 2.26705043626183 profile2
647 46.622375 2.26363242712838 profile2
648 46.628301 2.26023361299358 profile2
649 46.687297 2.25685880607062 profile2
650 46.730117 2.26718275651935 profile2
651 46.732363 2.25072711923528 profile2
652 46.73461 2.15715343848931 profile2
653 46.736857 1.98641708237303 profile2
654 46.739103 1.73941430620803 profile2
655 46.74135 1.46194594202983 profile2
656 46.750658 1.45730345988722 profile2
657 46.815826 1.51840199857596 profile2
658 46.828517 0.624286700441597 profile2
659 46.833526 -0.0233332712136887 profile2
660 46.838536 -0.108867363116502 profile2
661 46.843545 -0.269969131625039 profile2
662 46.848554 -0.5015804728959 profile2
663 46.853564 -0.795208375274174 profile2
664 46.921126 -1.13849477619501 profile2
665 47.021298 -1.1818730293846 profile2
666 47.023709 -1.14986210897198 profile2
667 47.02612 -1.34055927288109 profile2
668 47.035721 -1.48019303059678 profile2
669 47.160161 -1.38061150579591 profile2
670 47.295389 -1.38869951078111 profile2
671 47.430616 -1.37214882187922 profile2
672 47.565843 -1.37456037074224 profile2
673 47.70107 -1.38548242868663 profile2
674 47.836298 -1.41664774008696 profile2
675 47.971525 -1.43896184560633 profile2
676 48.106752 -1.44917277647813 profile2
677 48.24198 -1.45352193959295 profile2
678 48.377207 -1.45707475331311 profile2
679 48.474506 -1.46060034574416 profile2
680 48.553159 -1.46397132783084 profile2
681 48.631813 -1.46723380221828 profile2
682 48.717003 -1.47041896799929 profile2
683 48.805261 -1.44827015620853 profile2
684 48.89352 -1.78381129689736 profile2
685 48.982344 -2.68298225155665 profile2
686 49.13026 -3.26633966016739 profile2
687 49.161395 -3.3389636511991 profile2
688 49.168603 -3.5482324604311 profile2
689 49.175812 -3.92921515934069 profile2
690 49.276939 -5.22192807730094 profile2
691 49.413086 -7.31100864029136 profile2
692 49.549232 -6.23373999273837 profile2
693 49.611939 -6.25338372522843 profile2
694 49.614662 -6.41514917178944 profile2
695 49.617384 -6.66067323830124 profile2
696 49.620107 -6.79325708094387 profile2
697 49.62283 -6.95046818546471 profile2
698 49.625553 -7.13195458401631 profile2
699 49.628276 -7.3372288185203 profile2
700 49.638989 -7.50967854851248 profile2
701 49.65723 -7.61550584452973 profile2
702 49.660035 -7.72623079404718 profile2
703 49.66284 -7.84514975433087 profile2
704 49.665644 -7.97195584970496 profile2
705 49.668449 -8.10634652755048 profile2
706 49.671254 -8.2480285476289 profile2
707 49.674058 -8.39672209218371 profile2
708 49.695383 -8.55220755484339 profile2
709 49.798204 -8.57380791509511 profile2
710 49.807433 -8.57363658229701 profile2
711 49.816662 -8.57446675978374 profile2
712 49.911484 -14.2541502773885 profile2
713 50.08976 -16.9859046411616 profile2
714 50.121095 -16.9746027643236 profile2
715 50.152431 -16.9669893629008 profile2
716 50.173971 -16.963667998826 profile2
717 50.177001 -16.9640243908867 profile2
718 50.180031 -17.3734154103348 profile2
719 50.183061 -17.5921121989492 profile2
720 50.18609 -17.6029422856522 profile2
721 50.18912 -17.6122202533623 profile2
722 50.19215 -17.617211936257 profile2
723 50.295327 -18.9919208221438 profile2
724 50.302108 -19.0012353316074 profile2
725 50.308889 -19.0102433199921 profile2
726 50.311001 -19.018895690211 profile2
