marker_position lod trace
1 40.751751 -41.5369835279855 pleio
2 40.852649 -40.680768151615 pleio
3 40.963726 -39.8515420304139 pleio
4 41.071368 -39.8123334410528 pleio
5 41.130258 -39.7708666016072 pleio
6 41.189147 -39.7307087449628 pleio
7 41.248037 -39.6919113742676 pleio
8 41.306927 -39.6539956691341 pleio
9 41.376781 -39.612485991797 pleio
10 41.466542 -39.5923754351895 pleio
11 41.467199 -39.5724811470151 pleio
12 41.467856 -39.5503300812203 pleio
13 41.535355 -39.4582882517566 pleio
14 41.812857 -38.1765595628108 pleio
15 42.090359 -38.1540275358346 pleio
16 42.192627 -38.1075494477326 pleio
17 42.292082 -38.0788464424008 pleio
18 42.391537 -38.0237265962519 pleio
19 42.490992 -37.9334781778319 pleio
20 42.590447 -37.8759308122077 pleio
21 42.689901 -37.8232809154709 pleio
22 42.789356 -37.7704614844329 pleio
23 42.929723 -37.717629360641 pleio
24 43.030511 -37.6513602895657 pleio
25 43.09059 -37.5759306679383 pleio
26 43.150669 -37.5020257379574 pleio
27 43.210748 -37.4306681029029 pleio
28 43.265979 -37.3619247584363 pleio
29 43.296031 -37.2982029378304 pleio
30 43.336485 -37.4361955746386 pleio
31 43.376939 -37.3932134080647 pleio
32 43.399199 -36.5009667108128 pleio
33 43.400566 -36.1674417308587 pleio
34 43.401932 -35.7298468854021 pleio
35 43.416832 -35.3308468437123 pleio
36 43.545216 -35.190860230398 pleio
37 43.659927 -35.1501166832676 pleio
38 43.662301 -35.0808279217903 pleio
39 43.664677 -35.0119835024567 pleio
40 43.66789 -34.9085417290836 pleio
41 43.746502 -32.7025554405497 pleio
42 43.811623 -31.4620912866298 pleio
43 43.828159 -30.9654769070692 pleio
44 43.836311 -30.4979224890031 pleio
45 43.838406 -30.0588748615676 pleio
46 43.840501 -29.6216021285879 pleio
47 43.844466 -29.2252554597751 pleio
48 43.861003 -28.88141935896 pleio
49 43.901546 -28.6331446949138 pleio
50 43.980158 -26.9014447869223 pleio
51 44.020771 -24.9246700124338 pleio
52 44.053303 -24.4243115817374 pleio
53 44.085836 -24.216810524722 pleio
54 44.138903 -24.1499997847693 pleio
55 44.294495 -23.9607792921262 pleio
56 44.317834 -23.972574768776 pleio
57 44.341174 -23.9826101794509 pleio
58 44.364954 -23.9926529281353 pleio
59 44.431929 -22.6428228211108 pleio
60 44.438774 -22.4437944689978 pleio
61 44.445619 -22.2548446706409 pleio
62 44.482294 -21.7326237364617 pleio
63 44.551043 -21.1620520082375 pleio
64 44.564207 -20.5628427270716 pleio
65 44.568298 -19.979222803052 pleio
66 44.572388 -19.4241927080696 pleio
67 44.576479 -18.8962800735404 pleio
68 44.58057 -18.4142454871496 pleio
69 44.584661 -17.9123413783438 pleio
70 44.588908 -17.4355791383169 pleio
71 44.596324 -17.0612394841679 pleio
72 44.603741 -16.6901336940065 pleio
73 44.608283 -16.3284704623696 pleio
74 44.609389 -16.0301320250497 pleio
75 44.610566 -15.7968855926861 pleio
76 44.612126 -15.6296844768832 pleio
77 44.618941 -15.5286628156635 pleio
78 44.625756 -15.4931594920922 pleio
79 44.632571 -15.4882100231363 pleio
80 44.721343 -15.3545969478632 pleio
81 44.725576 -15.0529024301822 pleio
82 44.729808 -14.8517332471679 pleio
83 44.761322 -14.7577964894583 pleio
84 44.780832 -14.7129020879711 pleio
85 44.800342 -14.1769504724638 pleio
86 44.819852 -14.2592030563064 pleio
87 44.838742 -14.4949919030837 pleio
88 44.856652 -14.4322550741523 pleio
89 44.867332 -14.3821219134615 pleio
90 44.874623 -14.344565636253 pleio
91 44.881915 -14.319236064235 pleio
92 44.889206 -14.3057341718115 pleio
93 44.896497 -14.2281233344596 pleio
94 44.940291 -12.9859520797329 pleio
95 44.995858 -12.5735497041049 pleio
96 45.051425 -12.170876167503 pleio
97 45.101619 -11.9109908935622 pleio
98 45.106404 -11.7212106054757 pleio
99 45.111189 -11.5734403553215 pleio
100 45.144068 -11.4307834166954 pleio
101 45.165 -11.3187833258006 pleio
102 45.174292 -11.2127002792596 pleio
103 45.183584 -11.1128303450657 pleio
104 45.206863 -11.0317812320922 pleio
105 45.270542 -11.0083785040054 pleio
106 45.33422 -9.19289352185428 pleio
107 45.420117 -8.31385598955847 pleio
108 45.434499 -7.81542097527656 pleio
109 45.438006 -7.38902073009353 pleio
110 45.441513 -6.99936181405849 pleio
111 45.445019 -6.58980655278672 pleio
112 45.448526 -6.20303796385418 pleio
113 45.452033 -5.84117944194546 pleio
114 45.455539 -5.50286855693002 pleio
115 45.458985 -5.13671277351253 pleio
116 45.460636 -4.92268620720003 pleio
117 45.462287 -4.67585124018223 pleio
118 45.463938 -4.53892829139799 pleio
119 45.465589 -4.45599396148962 pleio
120 45.46724 -4.38183420686488 pleio
121 45.470001 -4.31654993497178 pleio
122 45.474942 -4.26021534045371 pleio
123 45.479882 -4.21288855632208 pleio
124 45.484823 -4.17459607085064 pleio
125 45.489764 -4.14534159194093 pleio
126 45.494704 -4.12510263343287 pleio
127 45.499645 -4.10562665377536 pleio
128 45.504585 -3.55458532405566 pleio
129 45.622192 -2.50127597147412 pleio
130 45.689416 -2.1566579708238 pleio
131 45.705169 -1.48859328934162 pleio
132 45.720922 0 pleio
133 46.0005425 -0.333199000566952 pleio
134 46.280163 -0.610550315177072 pleio
135 46.288948 -9.49863297334607 pleio
136 46.297732 -11.8474670353461 pleio
137 46.306516 -11.6010039191659 pleio
138 46.315301 -11.3873922794715 pleio
139 46.32335 -11.2793212168221 pleio
140 46.326762 -11.4373997580502 pleio
141 46.330173 -11.9405049964993 pleio
142 46.333584 -12.4863858277428 pleio
143 46.336995 -12.8148727531896 pleio
144 46.341532 -13.2067868584431 pleio
145 46.350316 -13.6642271950199 pleio
146 46.358463 -14.0709038141254 pleio
147 46.360127 -14.2351789623134 pleio
148 46.36179 -14.4163015991014 pleio
149 46.363103 -14.6143053930338 pleio
150 46.364052 -14.8291872460932 pleio
151 46.364976 -15.0609069661728 pleio
152 46.365522 -15.3093867060841 pleio
153 46.366069 -15.5745106176213 pleio
154 46.366615 -15.8561249331207 pleio
155 46.367161 -16.154037790948 pleio
156 46.367707 -16.4680187000881 pleio
157 46.368253 -16.7978014043186 pleio
158 46.368799 -17.1424887990197 pleio
159 46.485003 -22.292839928903 pleio
160 46.557864 -22.7449878413847 pleio
161 46.610522 -23.0543812180403 pleio
162 46.616448 -23.2469844230157 pleio
163 46.622375 -23.4517126203601 pleio
164 46.628301 -23.6684866415442 pleio
165 46.687297 -23.8971688773126 pleio
166 46.730117 -24.1954600581673 pleio
167 46.732363 -24.6264386507373 pleio
168 46.73461 -25.0910789547347 pleio
169 46.736857 -25.5873747726092 pleio
170 46.739103 -26.1135761082307 pleio
171 46.74135 -26.6337141726239 pleio
172 46.750658 -26.9351724890979 pleio
173 46.815826 -27.3463904175339 pleio
174 46.828517 -27.9514454628485 pleio
175 46.833526 -28.6422647608502 pleio
176 46.838536 -29.2919235514496 pleio
177 46.843545 -29.9837690397304 pleio
178 46.848554 -30.7078424390571 pleio
179 46.853564 -31.4533751017846 pleio
180 46.921126 -32.2101044579207 pleio
181 47.021298 -32.6043815749617 pleio
182 47.023709 -33.1133545326307 pleio
183 47.02612 -33.661511501928 pleio
184 47.035721 -34.1428765473264 pleio
185 47.160161 -34.5820380192177 pleio
186 47.295389 -35.0528690055671 pleio
187 47.430616 -35.4030587967703 pleio
188 47.565843 -35.5465074470061 pleio
189 47.70107 -35.6960868892322 pleio
190 47.836298 -36.2598588718486 pleio
191 47.971525 -36.968613964143 pleio
192 48.106752 -37.1077501334609 pleio
193 48.24198 -37.2435601683942 pleio
194 48.377207 -37.3816516519658 pleio
195 48.474506 -37.5194522855089 pleio
196 48.553159 -37.6567545271318 pleio
197 48.631813 -37.7942035066654 pleio
198 48.717003 -37.9315028685055 pleio
199 48.805261 -38.0141463474203 pleio
200 48.89352 -38.442841638333 pleio
201 48.982344 -39.5333415680012 pleio
202 49.13026 -39.7231889920853 pleio
203 49.161395 -39.9000769758046 pleio
204 49.168603 -40.6341517225237 pleio
205 49.175812 -41.7662231192625 pleio
206 49.276939 -43.1550118790497 pleio
207 49.413086 -43.9934190364805 pleio
208 49.549232 -45.1354626995731 pleio
209 49.611939 -45.2317584285753 pleio
210 49.614662 -45.4900601445743 pleio
211 49.617384 -45.8690865183449 pleio
212 49.620107 -45.9850351879876 pleio
213 49.62283 -46.1085751791499 pleio
214 49.625553 -46.2391739015691 pleio
215 49.628276 -46.376256676776 pleio
216 49.638989 -46.5251439501191 pleio
217 49.65723 -46.6513813119674 pleio
218 49.660035 -46.7216986146743 pleio
219 49.66284 -46.7962065099035 pleio
220 49.665644 -46.8745933781141 pleio
221 49.668449 -46.9565241386012 pleio
222 49.671254 -47.0416465566962 pleio
223 49.674058 -47.1295977929675 pleio
224 49.695383 -47.2206683843832 pleio
225 49.798204 -47.2502420699188 pleio
226 49.807433 -47.2734869624318 pleio
227 49.816662 -47.2914880697428 pleio
228 49.911484 -48.4751022416889 pleio
229 50.08976 -51.8844431816228 pleio
230 50.121095 -51.9240308302388 pleio
231 50.152431 -51.9651420809494 pleio
232 50.173971 -52.0105534506231 pleio
233 50.177001 -52.0572805930714 pleio
234 50.180031 -55.8616164557044 pleio
235 50.183061 -57.9822002370371 pleio
236 50.18609 -58.19494932814 pleio
237 50.18912 -58.4278812450615 pleio
238 50.19215 -58.7849247191436 pleio
239 50.295327 -59.1997362230116 pleio
240 50.302108 -59.1567576841385 pleio
241 50.308889 -59.1212710345422 pleio
242 50.311001 -59.0936426346581 pleio
243 40.751751 -20.1515773096593 profile1
244 40.852649 -19.1535196065974 profile1
245 40.963726 -18.5488749059086 profile1
246 41.071368 -18.5436264848684 profile1
247 41.130258 -18.5365381889523 profile1
248 41.189147 -18.5297755502408 profile1
249 41.248037 -18.5233467987528 profile1
250 41.306927 -18.5170939327983 profile1
251 41.376781 -18.5096036435212 profile1
252 41.466542 -18.50865691206 profile1
253 41.467199 -18.507093257739 profile1
254 41.467856 -18.5041035615376 profile1
255 41.535355 -18.4819894273961 profile1
256 41.812857 -17.9989165882534 profile1
257 42.090359 -17.9989888667196 profile1
258 42.192627 -17.9974285458504 profile1
259 42.292082 -17.9980938263202 profile1
260 42.391537 -17.9961514147719 profile1
261 42.490992 -17.9895406630364 profile1
262 42.590447 -17.9862499312035 profile1
263 42.689901 -17.9817860799219 profile1
264 42.789356 -17.977010859062 profile1
265 42.929723 -17.9717463886428 profile1
266 43.030511 -17.9452449301845 profile1
267 43.09059 -17.905754854374 profile1
268 43.150669 -17.8700482017897 profile1
269 43.210748 -17.8381481601237 profile1
270 43.265979 -17.8101063300013 profile1
271 43.296031 -17.788211291165 profile1
272 43.336485 -18.123206278963 profile1
273 43.376939 -18.1259789449512 profile1
274 43.399199 -16.957606133881 profile1
275 43.400566 -16.5397753416351 profile1
276 43.401932 -16.1411810214472 profile1
277 43.416832 -15.7853767465983 profile1
278 43.545216 -15.6367866035058 profile1
279 43.659927 -15.63266298913 profile1
280 43.662301 -15.6003562801485 profile1
281 43.664677 -15.5681893823663 profile1
282 43.66789 -15.5195367047919 profile1
283 43.746502 -13.66380823191 profile1
284 43.811623 -12.8309392881214 profile1
285 43.828159 -12.8124499340686 profile1
286 43.836311 -12.7956165284158 profile1
287 43.838406 -12.7797090230036 profile1
288 43.840501 -12.7655633861954 profile1
289 43.844466 -12.7554610101829 profile1
290 43.861003 -12.748652711277 profile1
291 43.901546 -12.7414344755425 profile1
292 43.980158 -12.5934905462768 profile1
293 44.020771 -12.4104232799253 profile1
294 44.053303 -12.2177088553707 profile1
295 44.085836 -12.0312060766917 profile1
296 44.138903 -11.9940737844698 profile1
297 44.294495 -11.9775627612026 profile1
298 44.317834 -12.0101698546926 profile1
299 44.341174 -12.0330351073101 profile1
300 44.364954 -12.0632132612172 profile1
301 44.431929 -11.1416036069027 profile1
302 44.438774 -11.1318587749784 profile1
303 44.445619 -11.1015576394894 profile1
304 44.482294 -10.9291068712962 profile1
305 44.551043 -10.5926332653223 profile1
306 44.564207 -10.1239286292959 profile1
307 44.568298 -9.66245329142586 profile1
308 44.572388 -9.21178957099301 profile1
309 44.576479 -8.77575771512271 profile1
310 44.58057 -8.35827045847309 profile1
311 44.584661 -7.92372890531674 profile1
312 44.588908 -7.46685181936361 profile1
313 44.596324 -7.05059310929274 profile1
314 44.603741 -6.68039545347566 profile1
315 44.608283 -6.35932066713004 profile1
316 44.609389 -6.08983573385031 profile1
317 44.610566 -5.87371098351867 profile1
318 44.612126 -5.71198044293106 profile1
319 44.618941 -5.60493451704759 profile1
320 44.625756 -5.55214012333517 profile1
321 44.632571 -5.51225726459041 profile1
322 44.721343 -5.35804649322686 profile1
323 44.725576 -5.03130709953423 profile1
324 44.729808 -4.79182066356139 profile1
325 44.761322 -4.67376189901531 profile1
326 44.780832 -4.66950725061518 profile1
327 44.800342 -4.61247978941951 profile1
328 44.819852 -4.53682947789895 profile1
329 44.838742 -4.47663204475692 profile1
330 44.856652 -4.39561034903343 profile1
331 44.867332 -4.3253912371377 profile1
332 44.874623 -4.26650742456056 profile1
333 44.881915 -4.21870184754653 profile1
334 44.889206 -4.18166425442209 profile1
335 44.896497 -4.08824595622736 profile1
336 44.940291 -2.97886178980178 profile1
337 44.995858 -2.61541134350073 profile1
338 45.051425 -2.35369376103865 profile1
339 45.101619 -2.20550655824472 profile1
340 45.106404 -2.09953927551181 profile1
341 45.111189 -2.01071563173512 profile1
342 45.144068 -1.9386255179019 profile1
343 45.165 -1.87808153931337 profile1
344 45.174292 -1.82314559304816 profile1
345 45.183584 -1.77390337860472 profile1
346 45.206863 -1.74038054009023 profile1
347 45.270542 -1.76963852504759 profile1
348 45.33422 -0.245980687350559 profile1
349 45.420117 0.199385878295446 profile1
350 45.434499 0.239886453988229 profile1
351 45.438006 0.24776937139095 profile1
352 45.441513 0.237739947817774 profile1
353 45.445019 0.239144136672307 profile1
354 45.448526 0.23990612777918 profile1
355 45.452033 0.240025282693501 profile1
356 45.455539 0.0504325154290013 profile1
357 45.458985 0.225226170292271 profile1
358 45.460636 0.236508774215436 profile1
359 45.462287 0.234094894300898 profile1
360 45.463938 0.240509394136352 profile1
361 45.465589 0.251214323841415 profile1
362 45.46724 0.261241610320704 profile1
363 45.470001 0.270589776761726 profile1
364 45.474942 0.279259251953955 profile1
365 45.479882 0.287248026859677 profile1
366 45.484823 0.294557766651442 profile1
367 45.489764 0.301190319973086 profile1
368 45.494704 0.307149159768123 profile1
369 45.499645 0.310447983624431 profile1
370 45.504585 0.311636946764394 profile1
371 45.622192 0.314861328929002 profile1
372 45.689416 0.468874039837807 profile1
373 45.705169 0.474081576886174 profile1
374 45.720922 0.509611969330226 profile1
375 46.0005425 -0.137531247794156 profile1
376 46.280163 -0.610550315177072 profile1
377 46.288948 -7.67851861181727 profile1
378 46.297732 -9.55911725772529 profile1
379 46.306516 -9.54428891107515 profile1
380 46.315301 -9.53171230216434 profile1
381 46.32335 -9.58229584794213 profile1
382 46.326762 -9.82989579717379 profile1
383 46.330173 -10.2606412708827 profile1
384 46.333584 -10.6834077962032 profile1
385 46.336995 -10.9344918511375 profile1
386 46.341532 -11.2099782623257 profile1
387 46.350316 -11.5049596155594 profile1
388 46.358463 -11.7443252673515 profile1
389 46.360127 -11.7998096392658 profile1
390 46.36179 -11.8639502845021 profile1
391 46.363103 -11.9367282710649 profile1
392 46.364052 -12.0181082025787 profile1
393 46.364976 -12.1080376253857 profile1
394 46.365522 -12.2064470762509 profile1
395 46.366069 -12.3132502247934 profile1
396 46.366615 -12.4283439415424 profile1
397 46.367161 -12.5516090730449 profile1
398 46.367707 -12.6829108009319 profile1
399 46.368253 -12.8220983830782 profile1
400 46.368799 -12.9708299346177 profile1
401 46.485003 -17.3287501313221 profile1
402 46.557864 -17.2840816503206 profile1
403 46.610522 -17.2999710468318 profile1
404 46.616448 -17.2818245773273 profile1
405 46.622375 -17.2632405220647 profile1
406 46.628301 -17.244260662585 profile1
407 46.687297 -17.2249304892908 profile1
408 46.730117 -17.2430122228306 profile1
409 46.732363 -17.3382045526881 profile1
410 46.73461 -17.4461940818598 profile1
411 46.736857 -17.5664347180655 profile1
412 46.739103 -17.6981876069969 profile1
413 46.74135 -17.8195634478924 profile1
414 46.750658 -17.7999677341463 profile1
415 46.815826 -17.769282797368 profile1
416 46.828517 -17.871269056683 profile1
417 46.833526 -17.92253583848 profile1
418 46.838536 -17.8691217329057 profile1
419 46.843545 -17.8182386160591 profile1
420 46.848554 -17.7699559482041 profile1
421 46.853564 -17.7242907997086 profile1
422 46.921126 -17.6817144086724 profile1
423 47.021298 -17.6215039620417 profile1
424 47.023709 -17.6853388234839 profile1
425 47.02612 -17.763651813338 profile1
426 47.035721 -17.7753424141543 profile1
427 47.160161 -17.7514585580745 profile1
428 47.295389 -17.8020377421512 profile1
429 47.430616 -17.7949346297878 profile1
430 47.565843 -17.7948336842766 profile1
431 47.70107 -17.7942249047404 profile1
432 47.836298 -18.1625016850948 profile1
433 47.971525 -18.6710173615165 profile1
434 48.106752 -18.6705056692912 profile1
435 48.24198 -18.6661255064354 profile1
436 48.377207 -18.6634658594935 profile1
437 48.474506 -18.6609276451449 profile1
438 48.553159 -18.6585211117311 profile1
439 48.631813 -18.656308975949 profile1
440 48.717003 -18.6541256667845 profile1
441 48.805261 -18.4939580504265 profile1
442 48.89352 -18.5768695654313 profile1
443 48.982344 -19.1250977493447 profile1
444 49.13026 -19.2525402474061 profile1
445 49.161395 -19.3979231093477 profile1
446 49.168603 -19.6749632520497 profile1
447 49.175812 -20.088604327385 profile1
448 49.276939 -20.7837618024876 profile1
449 49.413086 -21.1625702441754 profile1
450 49.549232 -22.4109309232822 profile1
451 49.611939 -22.3919678939333 profile1
452 49.614662 -22.5280256864622 profile1
453 49.617384 -22.7835659575224 profile1
454 49.620107 -22.7810612586281 profile1
455 49.62283 -22.7809483602181 profile1
456 49.625553 -22.7831160977646 profile1
457 49.628276 -22.7874434704706 profile1
458 49.638989 -22.7989225076129 profile1
459 49.65723 -22.8293916061054 profile1
460 49.660035 -22.8627050538392 profile1
461 49.66284 -22.8968386016443 profile1
462 49.665644 -22.931758368398 profile1
463 49.668449 -22.9674298888875 profile1
464 49.671254 -23.0038180972512 profile1
465 49.674058 -23.0408873287184 profile1
466 49.695383 -23.0789047838533 profile1
467 49.798204 -23.0849126162844 profile1
468 49.807433 -23.0888388440393 profile1
469 49.816662 -23.092073882029 profile1
470 49.911484 -24.3820186074167 profile1
471 50.08976 -26.3509176549513 profile1
472 50.121095 -26.3594464429071 profile1
473 50.152431 -26.3680130165015 profile1
474 50.173971 -26.3797927988423 profile1
475 50.177001 -26.391528755959 profile1
476 50.180031 -30.2426816347932 profile1
477 50.183061 -32.3566868339888 profile1
478 50.18609 -32.5789671553386 profile1
479 50.18912 -32.8189098968277 profile1
480 50.19215 -33.2228386433903 profile1
481 50.295327 -33.8170520785124 profile1
482 50.302108 -33.8079298718182 profile1
483 50.308889 -33.7993947235414 profile1
484 50.311001 -33.7914801839113 profile1
485 40.751751 -20.9208218503804 profile2
486 40.852649 -21.0800692691726 profile2
487 40.963726 -20.8739652987783 profile2
488 41.071368 -20.8401101969567 profile2
489 41.130258 -20.8059390334976 profile2
490 41.189147 -20.7727731705421 profile2
491 41.248037 -20.7406558715434 profile2
492 41.306927 -20.7092661303788 profile2
493 41.376781 -20.6754988156627 profile2
494 41.466542 -20.6563885020821 profile2
495 41.467199 -20.6380657634589 profile2
496 41.467856 -20.618753914908 profile2
497 41.535355 -20.5481990728763 profile2
498 41.812857 -19.7790154553542 profile2
499 42.090359 -19.7559642864011 profile2
500 42.192627 -19.7107698564302 profile2
501 42.292082 -19.6811210619621 profile2
502 42.391537 -19.6276856866422 profile2
503 42.490992 -19.5437213565317 profile2
504 42.590447 -19.4892607023005 profile2
505 42.689901 -19.4408958467018 profile2
506 42.789356 -19.3926700059479 profile2
507 42.929723 -19.3449237932761 profile2
508 43.030511 -19.3056204841784 profile2
509 43.09059 -19.2707547353169 profile2
510 43.150669 -19.2337957353165 profile2
511 43.210748 -19.1957101551801 profile2
512 43.265979 -19.1565093069586 profile2
513 43.296031 -19.1159302032417 profile2
514 43.336485 -18.9449864633844 profile2
515 43.376939 -18.8993915035707 profile2
516 43.399199 -19.1891088829205 profile2
517 43.400566 -19.2604124815231 profile2
518 43.401932 -19.2192237261817 profile2
519 43.416832 -19.1760570816772 profile2
520 43.545216 -19.1879324338239 profile2
521 43.659927 -19.1508813324906 profile2
522 43.662301 -19.1132993544838 profile2
523 43.664677 -19.0760258804336 profile2
524 43.66789 -19.021102741301 profile2
525 43.746502 -18.6501418699198 profile2
526 43.811623 -18.2249843264135 profile2
527 43.828159 -17.7425785882752 profile2
528 43.836311 -17.2882278664413 profile2
529 43.838406 -16.8610166940502 profile2
530 43.840501 -16.4297375438904 profile2
531 43.844466 -16.0371386896354 profile2
532 43.861003 -15.6962368088034 profile2
533 43.901546 -15.4537629127606 profile2
534 43.980158 -13.879096068018 profile2
535 44.020771 -12.1074811621198 profile2
536 44.053303 -11.804422662364 profile2
537 44.085836 -11.7819773057174 profile2
538 44.138903 -11.7537950218797 profile2
539 44.294495 -11.5831871510152 profile2
540 44.317834 -11.5671593523348 profile2
541 44.341174 -11.559249193615 profile2
542 44.364954 -11.5414305948937 profile2
543 44.431929 -11.0983398516676 profile2
544 44.438774 -10.9053507981402 profile2
545 44.445619 -10.7436971418134 profile2
546 44.482294 -10.3772562625437 profile2
547 44.551043 -10.130939336299 profile2
548 44.564207 -9.99610971068782 profile2
549 44.568298 -9.86922159253696 profile2
550 44.572388 -9.75944687289962 profile2
551 44.576479 -9.66165689118729 profile2
552 44.58057 -9.59038052936412 profile2
553 44.584661 -9.51699355249566 profile2
554 44.588908 -9.49110070371183 profile2
555 44.596324 -9.52611139996507 profile2
556 44.603741 -9.51907629697785 profile2
557 44.608283 -9.47283014569456 profile2
558 44.609389 -9.43811995292304 profile2
559 44.610566 -9.41498911007865 profile2
560 44.612126 -9.40340076173626 profile2
561 44.618941 -9.40323838031279 profile2
562 44.625756 -9.41430843693852 profile2
563 44.632571 -9.44058835797596 profile2
564 44.721343 -9.45405378825848 profile2
565 44.725576 -9.47167260432628 profile2
566 44.729808 -9.5016979519998 profile2
567 44.761322 -9.51904204973985 profile2
568 44.780832 -9.47702527427273 profile2
569 44.800342 -8.98918651221493 profile2
570 44.819852 -9.13869697726748 profile2
571 44.838742 -9.43578641041301 profile2
572 44.856652 -9.45345753532294 profile2
573 44.867332 -9.47283586631172 profile2
574 44.874623 -9.49341008998524 profile2
575 44.881915 -9.51510954542178 profile2
576 44.889206 -9.53786727992945 profile2
577 44.896497 -9.55387787610963 profile2
578 44.940291 -9.45216714108062 profile2
579 44.995858 -9.40886680720306 profile2
580 45.051425 -9.27308810951091 profile2
581 45.101619 -9.1653789143927 profile2
582 45.106404 -9.08510480214113 profile2
583 45.111189 -9.02961895701051 profile2
584 45.144068 -8.96183577775269 profile2
585 45.165 -8.91041395972906 profile2
586 45.174292 -8.85932555870242 profile2
587 45.183584 -8.80877772082562 profile2
588 45.206863 -8.76126314908075 profile2
589 45.270542 -8.70864481186191 profile2
590 45.33422 -8.43950581064625 profile2
591 45.420117 -7.99487420278826 profile2
592 45.434499 -7.53615051900804 profile2
593 45.438006 -7.11756357721768 profile2
594 45.441513 -6.71829135648083 profile2
595 45.445019 -6.31040232877362 profile2
596 45.448526 -5.92468904696631 profile2
597 45.452033 -5.56328770275687 profile2
598 45.455539 -5.04727000339799 profile2
599 45.458985 -4.8504392922466 profile2
600 45.460636 -4.64266064584435 profile2
601 45.462287 -4.39402920295416 profile2
602 45.463938 -4.26406244674148 profile2
603 45.465589 -4.192285660423 profile2
604 45.46724 -4.12858111901777 profile2
605 45.470001 -4.07304798101479 profile2
606 45.474942 -4.02576082599797 profile2
607 45.479882 -3.98677587518034 profile2
608 45.484823 -3.95612163952765 profile2
609 45.489764 -3.93380421962392 profile2
610 45.494704 -3.91980535580598 profile2
611 45.499645 -3.90382776511766 profile2
612 45.504585 -3.35525780573094 profile2
613 45.622192 -2.30567399491128 profile2
614 45.689416 -2.1165521577495 profile2
615 45.705169 -1.45375376888259 profile2
616 45.720922 0 profile2
617 46.0005425 0.323915792870983 profile2
618 46.280163 0.509611969330226 profile2
619 46.288948 -1.32679253146228 profile2
620 46.297732 -1.79170646748684 profile2
621 46.306516 -1.55920725487246 profile2
622 46.315301 -1.35714163425284 profile2
623 46.32335 -1.197091954132 profile2
624 46.326762 -1.10561199315302 profile2
625 46.330173 -1.17811302158858 profile2
626 46.333584 -1.30288661000696 profile2
627 46.336995 -1.3815853167421 profile2
628 46.341532 -1.49805882705644 profile2
629 46.350316 -1.65885282086921 profile2
630 46.358463 -1.82397025662337 profile2
631 46.360127 -1.93182428815042 profile2
632 46.36179 -2.04767840710017 profile2
633 46.363103 -2.1715803976575 profile2
634 46.364052 -2.3035585206337 profile2
635 46.364976 -2.44362184068176 profile2
636 46.365522 -2.59175966464519 profile2
637 46.366069 -2.74794109387379 profile2
638 46.366615 -2.91211507074081 profile2
639 46.367161 -3.0842094653774 profile2
640 46.367707 -3.26413016238329 profile2
641 46.368253 -3.45176424489177 profile2
642 46.368799 -3.64424262507742 profile2
643 46.485003 -4.43837899110762 profile2
644 46.557864 -4.93538401499927 profile2
645 46.610522 -5.22686233741346 profile2
646 46.616448 -5.43308172890467 profile2
647 46.622375 -5.65180291561604 profile2
648 46.628301 -5.88291638880731 profile2
649 46.687297 -6.12625121522368 profile2
650 46.730117 -6.40278178139552 profile2
651 46.732363 -6.73692393501754 profile2
652 46.73461 -7.09220180791751 profile2
653 46.736857 -7.4671527365971 profile2
654 46.739103 -7.86074493024473 profile2
655 46.74135 -8.25832860806382 profile2
656 46.750658 -8.57454187984765 profile2
657 46.815826 -9.01190380856828 profile2
658 46.828517 -9.51720906962521 profile2
659 46.833526 -10.1545601340878 profile2
660 46.838536 -10.8509650130859 profile2
661 46.843545 -11.5863554336149 profile2
662 46.848554 -12.3507539236299 profile2
663 46.853564 -13.1334733942063 profile2
664 46.921126 -13.9239445013731 profile2
665 47.021298 -14.35119846651 profile2
666 47.023709 -14.7921515497871 profile2
667 47.02612 -15.2580166196229 profile2
668 47.035721 -15.7237722694209 profile2
669 47.160161 -16.1751422317118 profile2
670 47.295389 -16.5866852693963 profile2
671 47.430616 -16.9419979279411 profile2
672 47.565843 -17.0851350749987 profile2
673 47.70107 -17.2338219228309 profile2
674 47.836298 -17.4250399267347 profile2
675 47.971525 -17.622355348076 profile2
676 48.106752 -17.7616366619421 profile2
677 48.24198 -17.9014392425443 profile2
678 48.377207 -18.0416828542706 profile2
679 48.474506 -18.1815631887984 profile2
680 48.553159 -18.3208591421725 profile2
681 48.631813 -18.4601247672927 profile2
682 48.717003 -18.5992300362755 profile2
683 48.805261 -18.8351806093685 profile2
684 48.89352 -19.1752362040638 profile2
685 48.982344 -19.7208887299263 profile2
686 49.13026 -19.7690753586668 profile2
687 49.161395 -19.800605920179 profile2
688 49.168603 -20.2466609756518 profile2
689 49.175812 -20.9538444736686 profile2
690 49.276939 -21.595765234757 profile2
691 49.413086 -22.0178648236785 profile2
692 49.549232 -21.8992403287433 profile2
693 49.611939 -22.0126564650619 profile2
694 49.614662 -22.1344804014382 profile2
695 49.617384 -22.2589865103373 profile2
696 49.620107 -22.3772971312714 profile2
697 49.62283 -22.5012064176569 profile2
698 49.625553 -22.6302900713023 profile2
699 49.628276 -22.7640877484978 profile2
700 49.638989 -22.9028947612599 profile2
701 49.65723 -23.0006214383677 profile2
702 49.660035 -23.0396418337385 profile2
703 49.66284 -23.0820425925535 profile2
704 49.665644 -23.1275398484909 profile2
705 49.668449 -23.1758269380792 profile2
706 49.671254 -23.2265808381481 profile2
707 49.674058 -23.2794688157874 profile2
708 49.695383 -23.3344837220359 profile2
709 49.798204 -23.3567226773691 profile2
710 49.807433 -23.3741497237439 profile2
711 49.816662 -23.3874267651693 profile2
712 49.911484 -23.2943804138767 profile2
713 50.08976 -24.9068400238109 profile2
714 50.121095 -24.9368626814065 profile2
715 50.152431 -24.9683768855832 profile2
716 50.173971 -25.0009843578285 profile2
717 50.177001 -25.0349609613542 profile2
718 50.180031 -24.973976009801 profile2
719 50.183061 -24.972998630655 profile2
720 50.18609 -24.9662855409837 profile2
721 50.18912 -24.9623402775238 profile2
722 50.19215 -24.9119172325479 profile2
723 50.295327 -24.7484297221419 profile2
724 50.302108 -24.7137372448568 profile2
725 50.308889 -24.6858456203389 profile2
726 50.311001 -24.6650939473153 profile2
