marker_position lod trace
1 40.751751 -11.4728897969633 pleio
2 40.852649 -11.3334755430022 pleio
3 40.963726 -11.1473501817923 pleio
4 41.071368 -11.1274512731609 pleio
5 41.130258 -11.120170700754 pleio
6 41.189147 -11.1142225107734 pleio
7 41.248037 -11.1096309340167 pleio
8 41.306927 -11.1063778998645 pleio
9 41.376781 -11.1068019920138 pleio
10 41.466542 -11.1227367011574 pleio
11 41.467199 -11.1363723540523 pleio
12 41.467856 -11.1495801790495 pleio
13 41.535355 -11.1659473379046 pleio
14 41.812857 -11.5156270403179 pleio
15 42.090359 -11.5225406520425 pleio
16 42.192627 -11.5285214519815 pleio
17 42.292082 -11.5352425820821 pleio
18 42.391537 -11.5369133025792 pleio
19 42.490992 -11.5363964336592 pleio
20 42.590447 -11.5392216118535 pleio
21 42.689901 -11.5419636260642 pleio
22 42.789356 -11.5445419080716 pleio
23 42.929723 -11.5470605677011 pleio
24 43.030511 -11.5397200200247 pleio
25 43.09059 -11.5263920821843 pleio
26 43.150669 -11.5146970521776 pleio
27 43.210748 -11.5048560144878 pleio
28 43.265979 -11.4968869405597 pleio
29 43.296031 -11.3783297897427 pleio
30 43.336485 -11.093545673476 pleio
31 43.376939 -10.9128315154128 pleio
32 43.399199 -10.6734415461307 pleio
33 43.400566 -10.6513605817254 pleio
34 43.401932 -10.0699302796637 pleio
35 43.416832 -9.37683109258044 pleio
36 43.545216 -8.88977110316549 pleio
37 43.659927 -8.89863851221434 pleio
38 43.662301 -8.90793615059754 pleio
39 43.664677 -8.9169304913827 pleio
40 43.66789 -8.93242152780036 pleio
41 43.746502 -8.98570347482877 pleio
42 43.811623 -9.04643780057438 pleio
43 43.828159 -9.07787855779288 pleio
44 43.836311 -9.10901780255624 pleio
45 43.838406 -9.12111948983574 pleio
46 43.840501 -9.05555756659334 pleio
47 43.844466 -9.00168690195786 pleio
48 43.861003 -8.96509018927166 pleio
49 43.901546 -8.95600478775726 pleio
50 43.980158 -9.10582555779449 pleio
51 44.020771 -9.33402349842701 pleio
52 44.053303 -9.36636322492568 pleio
53 44.085836 -9.39779809591558 pleio
54 44.138903 -9.42413449903403 pleio
55 44.294495 -9.20039754671051 pleio
56 44.317834 -9.09263705645608 pleio
57 44.341174 -8.97866585015507 pleio
58 44.364954 -8.87353896525375 pleio
59 44.431929 -8.37797527469949 pleio
60 44.438774 -8.29281105464331 pleio
61 44.445619 -8.24046076362206 pleio
62 44.482294 -7.44112894008594 pleio
63 44.551043 -6.82295397613139 pleio
64 44.564207 -6.74281085429667 pleio
65 44.568298 -6.66696214508623 pleio
66 44.572388 -6.59401562443507 pleio
67 44.576479 -6.5259840194047 pleio
68 44.58057 -6.460804917585 pleio
69 44.584661 -6.38411645539384 pleio
70 44.588908 -6.29055496152691 pleio
71 44.596324 -6.20607029847543 pleio
72 44.603741 -6.14281895519263 pleio
73 44.608283 -6.09880403459259 pleio
74 44.609389 -6.06882086885112 pleio
75 44.610566 -6.05295651451276 pleio
76 44.612126 -6.05112893432389 pleio
77 44.618941 -6.06309297594891 pleio
78 44.625756 -6.08845166180745 pleio
79 44.632571 -6.10066837322001 pleio
80 44.721343 -6.09847358776013 pleio
81 44.725576 -6.10828474843763 pleio
82 44.729808 -6.17421664987717 pleio
83 44.761322 -6.25961434833808 pleio
84 44.780832 -6.26980023060752 pleio
85 44.800342 -5.96336528400493 pleio
86 44.819852 -5.44320004545987 pleio
87 44.838742 -5.34245181581405 pleio
88 44.856652 -5.25631688422046 pleio
89 44.867332 -5.18370295868301 pleio
90 44.874623 -5.12532965530561 pleio
91 44.881915 -5.08152597758025 pleio
92 44.889206 -5.05248322959858 pleio
93 44.896497 -4.95479449463935 pleio
94 44.940291 -3.2426338846126 pleio
95 44.995858 -3.15782543428218 pleio
96 45.051425 -3.08756898522625 pleio
97 45.101619 -2.98386011725812 pleio
98 45.106404 -2.85868246147906 pleio
99 45.111189 -2.74503802529172 pleio
100 45.144068 -2.65891189018597 pleio
101 45.165 -2.64306102140533 pleio
102 45.174292 -2.6337897047772 pleio
103 45.183584 -2.63112423207736 pleio
104 45.206863 -2.63289708412176 pleio
105 45.270542 -2.75401064595433 pleio
106 45.33422 -2.54009193234028 pleio
107 45.420117 -1.43074090716975 pleio
108 45.434499 -1.26801223322622 pleio
109 45.438006 -1.14901100799903 pleio
110 45.441513 -1.07593318970321 pleio
111 45.445019 -1.02159037355585 pleio
112 45.448526 -0.973997358602462 pleio
113 45.452033 -0.933533297362584 pleio
114 45.455539 -0.967510352711614 pleio
115 45.458985 -0.895286974102276 pleio
116 45.460636 -0.857386718144228 pleio
117 45.462287 -0.847504957208036 pleio
118 45.463938 -0.816197893947602 pleio
119 45.465589 -0.771761388897938 pleio
120 45.46724 -0.728379922737346 pleio
121 45.470001 -0.686102939356366 pleio
122 45.474942 -0.644977730997211 pleio
123 45.479882 -0.605059073862303 pleio
124 45.484823 -0.566395111031737 pleio
125 45.489764 -0.529034998980673 pleio
126 45.494704 -0.49302534142381 pleio
127 45.499645 -0.462831602490078 pleio
128 45.504585 -0.381885012626125 pleio
129 45.622192 -0.304294298418255 pleio
130 45.689416 -0.470883669563574 pleio
131 45.705169 -0.466156790236808 pleio
132 45.720922 -0.422976755960202 pleio
133 46.0005425 0 pleio
134 46.280163 -0.689487599691196 pleio
135 46.288948 -1.02365864489986 pleio
136 46.297732 -1.15071057074701 pleio
137 46.306516 -1.08166521491376 pleio
138 46.315301 -1.02969007195673 pleio
139 46.32335 -0.962046789217995 pleio
140 46.326762 -0.923950609358498 pleio
141 46.330173 -1.01425359132114 pleio
142 46.333584 -1.11695599704311 pleio
143 46.336995 -1.13892418221027 pleio
144 46.341532 -1.21488557342529 pleio
145 46.350316 -1.33951513939812 pleio
146 46.358463 -1.47256648836224 pleio
147 46.360127 -1.51363447871613 pleio
148 46.36179 -1.55892061904177 pleio
149 46.363103 -1.60834996767282 pleio
150 46.364052 -1.66183825792256 pleio
151 46.364976 -1.71929280243371 pleio
152 46.365522 -1.78061293445975 pleio
153 46.366069 -1.84569049681866 pleio
154 46.366615 -1.91441047587332 pleio
155 46.367161 -1.98665177384876 pleio
156 46.367707 -2.06228601140281 pleio
157 46.368253 -2.14118133924018 pleio
158 46.368799 -2.21403292949452 pleio
159 46.485003 -2.11743867403213 pleio
160 46.557864 -1.82855968935037 pleio
161 46.610522 -1.71290911865547 pleio
162 46.616448 -1.6954057932957 pleio
163 46.622375 -1.67759339115652 pleio
164 46.628301 -1.65947707106676 pleio
165 46.687297 -1.64106660876428 pleio
166 46.730117 -1.6487791181941 pleio
167 46.732363 -1.7162498994441 pleio
168 46.73461 -1.80126824414685 pleio
169 46.736857 -1.9031506987051 pleio
170 46.739103 -2.02118330525228 pleio
171 46.74135 -2.134335723741 pleio
172 46.750658 -2.11443074320154 pleio
173 46.815826 -2.15015492494538 pleio
174 46.828517 -2.62843621936587 pleio
175 46.833526 -2.92368732413451 pleio
176 46.838536 -3.05695500460364 pleio
177 46.843545 -3.20543995937304 pleio
178 46.848554 -3.3629254677366 pleio
179 46.853564 -3.52328552895453 pleio
180 46.921126 -3.68045362005543 pleio
181 47.021298 -3.83902205538393 pleio
182 47.023709 -4.05982312870295 pleio
183 47.02612 -4.3165183888465 pleio
184 47.035721 -4.40531409634821 pleio
185 47.160161 -4.49022359100964 pleio
186 47.295389 -4.57384727083705 pleio
187 47.430616 -4.57321555843053 pleio
188 47.565843 -4.57669895384822 pleio
189 47.70107 -4.56752211708563 pleio
190 47.836298 -4.57271554399443 pleio
191 47.971525 -4.5933953789983 pleio
192 48.106752 -4.60471380666854 pleio
193 48.24198 -4.61389956780544 pleio
194 48.377207 -4.62330496260887 pleio
195 48.474506 -4.63194577066551 pleio
196 48.553159 -4.63974602142969 pleio
197 48.631813 -4.64765438427916 pleio
198 48.717003 -4.65559301367765 pleio
199 48.805261 -4.41401870500961 pleio
200 48.89352 -4.3118225261853 pleio
201 48.982344 -4.41029413319994 pleio
202 49.13026 -4.38344783986072 pleio
203 49.161395 -4.36257477670047 pleio
204 49.168603 -4.16830079544082 pleio
205 49.175812 -4.07338503735385 pleio
206 49.276939 -4.19701527667432 pleio
207 49.413086 -4.50793532504388 pleio
208 49.549232 -4.0310131072058 pleio
209 49.611939 -4.09929797134907 pleio
210 49.614662 -4.2883802644783 pleio
211 49.617384 -4.52189432123097 pleio
212 49.620107 -4.6817667133527 pleio
213 49.62283 -4.85120950036771 pleio
214 49.625553 -5.02961462463078 pleio
215 49.628276 -5.21629608967025 pleio
216 49.638989 -5.41262382838679 pleio
217 49.65723 -5.63898051600301 pleio
218 49.660035 -5.87482463714064 pleio
219 49.66284 -6.11787772418648 pleio
220 49.665644 -6.36714343189596 pleio
221 49.668449 -6.62159397273635 pleio
222 49.671254 -6.88018838251936 pleio
223 49.674058 -7.14189049372112 pleio
224 49.695383 -7.40573965114684 pleio
225 49.798204 -7.46167982139606 pleio
226 49.807433 -7.48653501744867 pleio
227 49.816662 -7.5069163985509 pleio
228 49.911484 -7.83776949616766 pleio
229 50.08976 -9.66291698402186 pleio
230 50.121095 -9.67077114440722 pleio
231 50.152431 -9.67961717969458 pleio
232 50.173971 -9.68951618513073 pleio
233 50.177001 -9.70047530247469 pleio
234 50.180031 -9.67358389734489 pleio
235 50.183061 -9.69244082670039 pleio
236 50.18609 -9.70166328252351 pleio
237 50.18912 -9.71291178927242 pleio
238 50.19215 -9.70437614429597 pleio
239 50.295327 -9.82834640241974 pleio
240 50.302108 -9.80828850586285 pleio
241 50.308889 -9.79062852713989 pleio
242 50.311001 -9.77552867312754 pleio
243 40.751751 -9.22665828241606 profile1
244 40.852649 -9.384470809252 profile1
245 40.963726 -9.26812869329047 profile1
246 41.071368 -9.26623830701892 profile1
247 41.130258 -9.26531253930555 profile1
248 41.189147 -9.26457242291139 profile1
249 41.248037 -9.26403289924196 profile1
250 41.306927 -9.26363082176694 profile1
251 41.376781 -9.26390497563099 profile1
252 41.466542 -9.27337506665978 profile1
253 41.467199 -9.28285567168855 profile1
254 41.467856 -9.2918706630033 profile1
255 41.535355 -9.28939081530261 profile1
256 41.812857 -8.8505225355905 profile1
257 42.090359 -8.85385125082436 profile1
258 42.192627 -8.85961198291341 profile1
259 42.292082 -8.87063023166342 profile1
260 42.391537 -8.87770291708006 profile1
261 42.490992 -8.88215863095193 profile1
262 42.590447 -8.88929361019701 profile1
263 42.689901 -8.89641305059854 profile1
264 42.789356 -8.90365194483875 profile1
265 42.929723 -8.91107577743616 profile1
266 43.030511 -8.94253773305073 profile1
267 43.09059 -8.99357466783439 profile1
268 43.150669 -9.04660274435845 profile1
269 43.210748 -9.10137433061551 profile1
270 43.265979 -9.15765394205878 profile1
271 43.296031 -9.14861146537403 profile1
272 43.336485 -8.81656646336637 profile1
273 43.376939 -8.72991625494101 profile1
274 43.399199 -8.48084546747858 profile1
275 43.400566 -8.1383528241221 profile1
276 43.401932 -7.58723772955342 profile1
277 43.416832 -6.96305446483384 profile1
278 43.545216 -6.61139991323128 profile1
279 43.659927 -6.61448073936924 profile1
280 43.662301 -6.61757944292705 profile1
281 43.664677 -6.62057005537499 profile1
282 43.66789 -6.62265084000807 profile1
283 43.746502 -6.56346091906163 profile1
284 43.811623 -6.50967465523995 profile1
285 43.828159 -6.51545239867533 profile1
286 43.836311 -6.52172555587291 profile1
287 43.838406 -6.51947110925435 profile1
288 43.840501 -6.47999866029545 profile1
289 43.844466 -6.44608803707211 profile1
290 43.861003 -6.42174861067674 profile1
291 43.901546 -6.41206885233112 profile1
292 43.980158 -6.41325742449682 profile1
293 44.020771 -6.41932403156401 profile1
294 44.053303 -6.32009360483533 profile1
295 44.085836 -6.2178024778651 profile1
296 44.138903 -6.2158812601107 profile1
297 44.294495 -6.06241248096515 profile1
298 44.317834 -6.02888328082093 profile1
299 44.341174 -6.00035000641872 profile1
300 44.364954 -5.97367623639995 profile1
301 44.431929 -5.81078837380676 profile1
302 44.438774 -5.78888048965601 profile1
303 44.445619 -5.77012640084053 profile1
304 44.482294 -5.13773226301696 profile1
305 44.551043 -4.64598535498446 profile1
306 44.564207 -4.61773693626758 profile1
307 44.568298 -4.59307280172881 profile1
308 44.572388 -4.571115324323 profile1
309 44.576479 -4.55298815062919 profile1
310 44.58057 -4.53740607408009 profile1
311 44.584661 -4.52691493907973 profile1
312 44.588908 -4.51901011758036 profile1
313 44.596324 -4.51384718496129 profile1
314 44.603741 -4.51789208635683 profile1
315 44.608283 -4.52955317178617 profile1
316 44.609389 -4.54576402665753 profile1
317 44.610566 -4.56631009238371 profile1
318 44.612126 -4.5909190562935 profile1
319 44.618941 -4.61927031508032 profile1
320 44.625756 -4.65100623397436 profile1
321 44.632571 -4.66675860168743 profile1
322 44.721343 -4.66544184388214 profile1
323 44.725576 -4.66566614820205 profile1
324 44.729808 -4.70280187808067 profile1
325 44.761322 -4.75425172966003 profile1
326 44.780832 -4.75737682450091 profile1
327 44.800342 -4.53108117806204 profile1
328 44.819852 -4.16447312234932 profile1
329 44.838742 -4.11713680349086 profile1
330 44.856652 -4.02869796812293 profile1
331 44.867332 -3.94428626964581 profile1
332 44.874623 -3.8653704371337 profile1
333 44.881915 -3.79247078319768 profile1
334 44.889206 -3.72606009620703 profile1
335 44.896497 -3.62575985807819 profile1
336 44.940291 -2.95264489321565 profile1
337 44.995858 -2.84896865093668 profile1
338 45.051425 -2.7582327603366 profile1
339 45.101619 -2.68442698932765 profile1
340 45.106404 -2.62573652749009 profile1
341 45.111189 -2.57785193115999 profile1
342 45.144068 -2.5426028730165 profile1
343 45.165 -2.52863503816268 profile1
344 45.174292 -2.52110417214418 profile1
345 45.183584 -2.52003379498575 profile1
346 45.206863 -2.52342212204601 profile1
347 45.270542 -2.67190372129877 profile1
348 45.33422 -2.54009193234028 profile1
349 45.420117 -1.30496296166822 profile1
350 45.434499 -1.11733578175395 profile1
351 45.438006 -0.969781769138912 profile1
352 45.441513 -0.874162888860396 profile1
353 45.445019 -0.810069480946403 profile1
354 45.448526 -0.752797746829379 profile1
355 45.452033 -0.70272103993989 profile1
356 45.455539 -0.664019104741213 profile1
357 45.458985 -0.625603918455972 profile1
358 45.460636 -0.597839517330984 profile1
359 45.462287 -0.57814286511965 profile1
360 45.463938 -0.533629350707699 profile1
361 45.465589 -0.474539784292694 profile1
362 45.46724 -0.416846905883736 profile1
363 45.470001 -0.360640022521134 profile1
364 45.474942 -0.306005101185198 profile1
365 45.479882 -0.253028292973431 profile1
366 45.484823 -0.201789798092752 profile1
367 45.489764 -0.152366629784384 profile1
368 45.494704 -0.104830841214167 profile1
369 45.499645 -0.0602909543926821 profile1
370 45.504585 0.00240183608577366 profile1
371 45.622192 0.0783847585821352 profile1
372 45.689416 -0.0491265565400691 profile1
373 45.705169 -0.0642145517937983 profile1
374 45.720922 -0.0833967211391649 profile1
375 46.0005425 0.0478331777676792 profile1
376 46.280163 -0.2597889274559 profile1
377 46.288948 -0.623293871909813 profile1
378 46.297732 -0.749446947706996 profile1
379 46.306516 -0.683674007299245 profile1
380 46.315301 -0.624659128980055 profile1
381 46.32335 -0.61928403976008 profile1
382 46.326762 -0.746285802633257 profile1
383 46.330173 -0.960774453728396 profile1
384 46.333584 -1.09783984364589 profile1
385 46.336995 -1.13892418221027 profile1
386 46.341532 -1.2130617525449 profile1
387 49.66284 -3.84276230611124 profile1
388 49.665644 -4.00811425715605 profile1
389 49.668449 -4.17647700256268 profile1
390 49.671254 -4.3472000372747 profile1
391 49.674058 -4.51964443101943 profile1
392 49.695383 -4.69325578057811 profile1
393 49.798204 -4.73374557830315 profile1
394 49.807433 -4.75344100561466 profile1
395 49.816662 -4.76783253134301 profile1
396 50.08976 -5.82971331802758 profile1
397 50.121095 -5.83749398465052 profile1
398 50.152431 -5.84594557098787 profile1
399 50.173971 -5.85507040535776 profile1
400 50.177001 -5.86481762446847 profile1
401 50.180031 -5.85332018956968 profile1
402 50.183061 -5.87613634020908 profile1
403 50.18609 -5.89071590427744 profile1
404 50.18912 -5.9067207279482 profile1
405 50.19215 -5.91301974530531 profile1
406 50.295327 -6.73336416039511 profile1
407 50.302108 -6.72751641457923 profile1
408 50.308889 -6.7244437810155 profile1
409 50.311001 -6.72424506830775 profile1
410 46.350316 -1.31283826048215 profile1
411 46.358463 -1.40277056392386 profile1
412 46.360127 -1.40576012876954 profile1
413 46.36179 -1.41060105952246 profile1
414 46.363103 -1.4172527455222 profile1
415 46.364052 -1.42567120887924 profile1
416 46.364976 -1.43580980849333 profile1
417 46.365522 -1.44761958551193 profile1
418 46.366069 -1.46104961511564 profile1
419 46.366615 -1.47604736383961 profile1
420 46.367161 -1.49255957488183 profile1
421 46.367707 -1.51053046569959 profile1
422 46.368253 -1.52990527358102 profile1
423 46.368799 -1.54738014983077 profile1
424 46.485003 -1.2685851085092 profile1
425 46.557864 -1.02261288152857 profile1
426 46.610522 -0.95790990553727 profile1
427 46.616448 -0.944226753154502 profile1
428 46.622375 -0.930212506166334 profile1
429 46.628301 -0.915876685719248 profile1
430 46.687297 -0.901234124192848 profile1
431 46.730117 -0.894734074904101 profile1
432 46.732363 -0.91235154660908 profile1
433 46.73461 -0.942921344162776 profile1
434 46.736857 -0.98627190421045 profile1
435 46.739103 -1.04200351671456 profile1
436 46.74135 -1.09828777246906 profile1
437 46.750658 -1.08153550310613 profile1
438 46.815826 -1.06094296213319 profile1
439 46.828517 -0.992712074920754 profile1
440 46.833526 -1.00886630454499 profile1
441 46.838536 -1.02648583329202 profile1
442 46.843545 -1.05790329824988 profile1
443 46.848554 -1.09988020665038 profile1
444 46.853564 -1.14898636333618 profile1
445 46.921126 -1.20198707702121 profile1
446 47.021298 -1.28758548642277 profile1
447 47.023709 -1.40370943870387 profile1
448 47.02612 -1.54971199179742 profile1
449 47.035721 -1.59599415915757 profile1
450 47.160161 -1.65954295166586 profile1
451 47.295389 -1.7021387257455 profile1
452 47.430616 -1.70632693932291 profile1
453 47.565843 -1.71827739496367 profile1
454 47.70107 -1.71711575627054 profile1
455 47.836298 -1.70929436296813 profile1
456 47.971525 -1.71605415811158 profile1
457 48.106752 -1.72960198184623 profile1
458 48.24198 -1.74361363479897 profile1
459 48.377207 -1.75810733576865 profile1
460 48.474506 -1.77256282889495 profile1
461 48.553159 -1.78690849667409 profile1
462 48.631813 -1.80126472520796 profile1
463 48.717003 -1.81565291378935 profile1
464 48.805261 -1.87426047042344 profile1
465 48.89352 -2.06515239777512 profile1
466 48.982344 -2.36265726840309 profile1
467 49.13026 -2.30575208637116 profile1
468 49.161395 -2.28986410433072 profile1
469 49.168603 -2.07882698917204 profile1
470 49.175812 -1.93493034852266 profile1
471 49.276939 -2.04143308479552 profile1
472 49.413086 -2.24121854105609 profile1
473 49.549232 -2.18817735771922 profile1
474 49.611939 -2.31246897389378 profile1
475 49.614662 -2.51613417023142 profile1
476 49.617384 -2.71996968714237 profile1
477 49.620107 -2.84021617568167 profile1
478 49.62283 -2.9671906161507 profile1
479 49.625553 -3.10036386581926 profile1
480 49.628276 -3.23915164094883 profile1
481 49.638989 -3.37588752999507 profile1
482 49.65723 -3.52301696524322 profile1
483 49.660035 -3.68075793749475 profile1
484 49.911484 -4.71080533439378 profile1
485 40.751751 -3.09645511445275 profile2
486 40.852649 -2.74400006418747 profile2
487 40.963726 -2.70658470721038 profile2
488 41.071368 -2.6867118670079 profile2
489 41.130258 -2.67886774252636 profile2
490 41.189147 -2.67183885943611 profile2
491 41.248037 -2.66564226911609 profile2
492 41.306927 -2.66032636378705 profile2
493 41.376781 -2.65778375569065 profile2
494 41.466542 -2.66228130425587 profile2
495 41.467199 -2.66433385925283 profile2
496 41.467856 -2.66645517450378 profile2
497 41.535355 -2.68240019925591 profile2
498 41.812857 -3.48025600441905 profile2
499 42.090359 -3.48240025090935 profile2
500 42.192627 -3.48388002113519 profile2
501 42.292082 -3.48323615687059 profile2
502 42.391537 -3.48026447991718 profile2
503 42.490992 -3.47669383830508 profile2
504 42.590447 -3.47515428451978 profile2
505 42.689901 -3.47361684541079 profile2
506 42.789356 -3.47168308713418 profile2
507 42.929723 -3.46937243641989 profile2
508 43.030511 -3.42338997810769 profile2
509 43.09059 -3.34540683712313 profile2
510 43.150669 -3.26812825765943 profile2
511 43.210748 -3.19223388202686 profile2
512 43.265979 -3.11801287704699 profile2
513 43.296031 -3.01856757929283 profile2
514 43.336485 -3.02946975940038 profile2
515 43.376939 -2.95454538321264 profile2
516 43.399199 -2.91514546756556 profile2
517 43.400566 -3.23785962637163 profile2
518 43.401932 -3.09824839534536 profile2
519 43.416832 -2.93038241234362 profile2
520 43.545216 -2.74647731179993 profile2
521 43.659927 -2.75269410752987 profile2
522 43.662301 -2.75944348563823 profile2
523 43.664677 -2.76604537950347 profile2
524 43.66789 -2.77538587018635 profile2
525 43.746502 -2.87388247474323 profile2
526 43.811623 -2.96197761037973 profile2
527 43.828159 -2.97831550057219 profile2
528 43.836311 -2.99399858907307 profile2
529 43.838406 -2.99327519254463 profile2
530 43.840501 -2.92764767215282 profile2
531 43.844466 -2.87443109502665 profile2
532 43.861003 -2.83800639869169 profile2
533 43.901546 -2.82599976716044 profile2
534 43.980158 -2.97746460434712 profile2
535 44.020771 -3.19788463970325 profile2
536 44.053303 -3.33859492639339 profile2
537 44.085836 -3.46803214822762 profile2
538 44.138903 -3.5021035675767 profile2
539 44.294495 -3.4759998122613 profile2
540 44.317834 -3.40987054686451 profile2
541 44.341174 -3.32012549699817 profile2
542 44.364954 -3.23742979172617 profile2
543 44.431929 -2.76974429874532 profile2
544 44.438774 -2.67813625247967 profile2
545 44.445619 -2.623256176378 profile2
546 44.482294 -2.48716257842361 profile2
547 44.551043 -2.38863265569217 profile2
548 44.564207 -2.3405007730347 profile2
549 44.568298 -2.2935319994751 profile2
550 44.572388 -2.24672526404575 profile2
551 44.576479 -2.20113854224701 profile2
552 44.58057 -2.15545484948739 profile2
553 44.584661 -2.10074435811705 profile2
554 44.588908 -2.03620717614693 profile2
555 44.596324 -1.97803880280224 profile2
556 44.603741 -1.93274510861013 profile2
557 44.608283 -1.89919247211539 profile2
558 44.609389 -1.87479030243586 profile2
559 44.610566 -1.85976160103881 profile2
560 44.612126 -1.85422738141112 profile2
561 44.618941 -1.8582037743935 profile2
562 44.625756 -1.87160235935481 profile2
563 44.632571 -1.87619807438939 profile2
564 44.721343 -1.89098621147846 profile2
565 44.725576 -1.91992626589321 profile2
566 44.729808 -1.95656431087529 profile2
567 44.761322 -1.98650693826644 profile2
568 44.780832 -1.98654776769324 profile2
569 44.800342 -1.8933490878784 profile2
570 44.819852 -1.75342529141671 profile2
571 44.838742 -1.7001224711665 profile2
572 44.856652 -1.6811263115472 profile2
573 44.867332 -1.67500845035605 profile2
574 44.874623 -1.68169262675062 profile2
575 44.881915 -1.70121269035744 profile2
576 44.889206 -1.73344698019279 profile2
577 44.896497 -1.71777998800357 profile2
578 44.940291 -0.432757505467826 profile2
579 44.995858 -0.414870680664287 profile2
580 45.051425 -0.405763312331428 profile2
581 45.101619 -0.348702381727643 profile2
582 45.106404 -0.258400068883566 profile2
583 45.111189 -0.174618841887829 profile2
584 45.144068 -0.110265673356737 profile2
585 45.165 -0.098752534539709 profile2
586 45.174292 -0.0903342392163665 profile2
587 45.183584 -0.0850106543105314 profile2
588 45.206863 -0.0824886991119348 profile2
589 45.270542 -0.0444777407653672 profile2
590 45.33422 0.0783847585821352 profile2
591 45.420117 -0.0164870021815977 profile2
592 45.434499 -0.0267722771442688 profile2
593 45.438006 -0.0595967367261873 profile2
594 45.441513 -0.0929486842097466 profile2
595 45.445019 -0.101240050534698 profile2
596 45.448526 -0.110416213125231 profile2
597 45.452033 -0.120522326031852 profile2
598 45.455539 -0.203214708062222 profile2
599 45.458985 -0.164883303401784 profile2
600 45.460636 -0.156560165919087 profile2
601 45.462287 -0.170573486319511 profile2
602 45.463938 -0.186466097282976 profile2
603 45.465589 -0.202768712395474 profile2
604 45.46724 -0.218751956834619 profile2
605 45.470001 -0.234377813521572 profile2
606 45.474942 -0.249609138819732 profile2
607 45.479882 -0.264415709545918 profile2
608 45.484823 -0.278766266680711 profile2
609 45.489764 -0.292633352544587 profile2
610 45.494704 -0.305991519671368 profile2
611 45.499645 -0.322171800619554 profile2
612 45.504585 -0.304983494981024 profile2
613 45.622192 -0.304294298418255 profile2
614 45.689416 -0.344289723906484 profile2
615 45.705169 -0.329129037306266 profile2
616 45.720922 -0.278216392238097 profile2
617 46.0005425 0 profile2
618 46.280163 -0.553007076131271 profile2
619 46.288948 -0.494491066043656 profile2
620 46.297732 -0.481189062882267 profile2
621 46.306516 -0.468555784243144 profile2
622 46.315301 -0.462447898762241 profile2
623 46.32335 -0.402396706154855 profile2
624 46.326762 -0.297712185270325 profile2
625 46.330173 -0.243141073925609 profile2
626 46.333584 -0.229042076332651 profile2
627 46.336995 -0.214129705513368 profile2
628 46.341532 -0.230910179375053 profile2
629 46.350316 -0.276210261317375 profile2
630 46.358463 -0.338474528487009 profile2
631 46.360127 -0.376152337680276 profile2
632 46.36179 -0.416415830540986 profile2
633 46.363103 -0.459212762161773 profile2
634 46.364052 -0.504484221811009 profile2
635 46.364976 -0.552165087679933 profile2
636 46.365522 -0.602184312913898 profile2
637 46.366069 -0.654465255481902 profile2
638 46.366615 -0.708926189165352 profile2
639 46.367161 -0.765480312026519 profile2
640 46.367707 -0.824036391279254 profile2
641 46.368253 -0.884499616627345 profile2
642 46.368799 -0.939533276644984 profile2
643 46.485003 -1.09796378513091 profile2
644 46.557864 -1.09708085549625 profile2
645 46.610522 -1.07255444154924 profile2
646 46.616448 -1.0692749949464 profile2
647 46.622375 -1.06615752009962 profile2
648 46.628301 -1.06320181464045 profile2
649 46.687297 -1.06040707273985 profile2
650 46.730117 -1.07749571907731 profile2
651 46.732363 -1.13831082293663 profile2
652 46.73461 -1.21091071476702 profile2
653 46.736857 -1.29459691525278 profile2
654 46.739103 -1.38877950120251 profile2
655 46.74135 -1.47900610284634 profile2
656 46.750658 -1.47819004418217 profile2
657 46.815826 -1.52638965319047 profile2
658 46.828517 -2.06256342386557 profile2
659 46.833526 -2.32540811065777 profile2
660 46.838536 -2.39153306174385 profile2
661 46.843545 -2.4487105240113 profile2
662 46.848554 -2.49571609223681 profile2
663 46.853564 -2.53212417545245 profile2
664 46.921126 -2.55768899636112 profile2
665 47.021298 -2.55663356015477 profile2
666 47.023709 -2.63897460712076 profile2
667 47.02612 -2.7396061099027 profile2
668 47.035721 -2.75971462079292 profile2
669 47.160161 -2.7816335523922 profile2
670 47.295389 -2.84121338099293 profile2
671 47.430616 -2.83803668228288 profile2
672 47.565843 -2.82923150762755 profile2
673 47.70107 -2.82063804600501 profile2
674 47.836298 -2.83118572361936 profile2
675 47.971525 -2.84151110103071 profile2
676 48.106752 -2.83903512396137 profile2
677 48.24198 -2.83402924159757 profile2
678 48.377207 -2.82915666732221 profile2
679 48.474506 -2.82352037928263 profile2
680 48.553159 -2.8171135788403 profile2
681 48.631813 -2.81083852410008 profile2
682 48.717003 -2.80459330548811 profile2
683 48.805261 -2.53640019498083 profile2
684 48.89352 -2.30342911422093 profile2
685 48.982344 -2.19845205747287 profile2
686 49.13026 -2.26178677218735 profile2
687 49.161395 -2.27729554805606 profile2
688 49.168603 -2.35956889426267 profile2
689 49.175812 -2.48548218505531 profile2
690 49.276939 -2.6551953166011 profile2
691 49.413086 -2.87734985472188 profile2
692 49.549232 -2.45055807014413 profile2
693 49.611939 -2.37200033445049 profile2
694 49.614662 -2.33184679846011 profile2
695 49.617384 -2.34185672908156 profile2
696 49.620107 -2.36969068254675 profile2
697 49.62283 -2.39996922141736 profile2
698 49.625553 -2.43259625600238 profile2
699 49.628276 -2.46746329186688 profile2
700 49.638989 -2.50968304495084 profile2
701 49.65723 -2.56413953016302 profile2
702 49.660035 -2.61411467904133 profile2
703 49.66284 -2.66597735366056 profile2
704 49.665644 -2.71949188651051 profile2
705 49.668449 -2.77442285864991 profile2
706 49.671254 -2.83053953657074 profile2
707 49.674058 -2.88761991924282 profile2
708 49.695383 -2.94539928873402 profile2
709 49.798204 -2.95531437813215 profile2
710 49.807433 -2.96062171148533 profile2
711 49.816662 -2.96634883754818 profile2
712 49.911484 -3.34187948824602 profile2
713 50.08976 -4.13015870194363 profile2
714 50.121095 -4.1316513849103 profile2
715 50.152431 -4.13317164633101 profile2
716 50.173971 -4.1347121105705 profile2
717 50.177001 -4.13635980398345 profile2
718 50.180031 -4.08645247556658 profile2
719 50.183061 -4.05656446725803 profile2
720 50.18609 -4.04697250240382 profile2
721 50.18912 -4.03707706057705 profile2
722 50.19215 -4.01701016473007 profile2
723 50.295327 -3.32849722502673 profile2
724 50.302108 -3.32452350571322 profile2
725 50.308889 -3.32046681841015 profile2
726 50.311001 -3.3163559089998 profile2
