marker_position lod trace
1 67.606765 -5.4232226629563 pleio
2 67.613251 -5.43069800965991 pleio
3 67.619736 -5.43830883733848 pleio
4 67.626222 -5.44605505437756 pleio
5 67.641347 -5.45393972285429 pleio
6 67.654855 -5.46202724753486 pleio
7 67.658769 -5.47157213665257 pleio
8 67.662682 -5.48122806629173 pleio
9 67.666596 -5.49100396879902 pleio
10 67.679986 -5.50090712271068 pleio
11 67.708923 -5.35582768517107 pleio
12 67.715069 -5.20336914870597 pleio
13 67.721215 -5.0602937450321 pleio
14 67.746869 -4.94292370580348 pleio
15 67.778018 -4.94969277789303 pleio
16 67.809168 -4.96261650966259 pleio
17 67.895218 -4.96946479086634 pleio
18 67.900561 -4.97944589533999 pleio
19 67.905905 -5.00373876385429 pleio
20 67.911248 -5.04259883197511 pleio
21 67.920171 -5.10969828103202 pleio
22 67.929072 -5.21512306280527 pleio
23 67.937973 -5.32924853779134 pleio
24 67.946874 -5.45086719543864 pleio
25 67.962131 -5.53334909033778 pleio
26 68.103338 -5.5693369901918 pleio
27 68.122257 -5.57769908063684 pleio
28 68.141177 -5.63722671100215 pleio
29 68.410128 -5.786972592305 pleio
30 68.415239 -5.73914792903885 pleio
31 68.42035 -5.67780744525328 pleio
32 68.640199 -5.50003340661946 pleio
33 68.652056 -5.23313018128237 pleio
34 68.656091 -4.96952126558935 pleio
35 68.660126 -4.71297896480679 pleio
36 68.664161 -4.46718320852446 pleio
37 68.685197 -4.22407506142584 pleio
38 68.806919 -4.12283844403023 pleio
39 68.816104 -4.1246416467728 pleio
40 68.825289 -4.12648490712224 pleio
41 68.885575 -4.12650333063906 pleio
42 68.886394 -4.12586803213098 pleio
43 68.887213 -4.12648198361285 pleio
44 68.888033 -4.12832244317984 pleio
45 68.888852 -4.13135748623675 pleio
46 68.889671 -4.13555160074802 pleio
47 68.89049 -4.1095187456575 pleio
48 68.89131 -4.09406918419629 pleio
49 68.892129 -4.09372996487708 pleio
50 68.987403 -3.99639408176144 pleio
51 69.064645 -3.12640440874475 pleio
52 69.131341 -2.14694630374972 pleio
53 69.198036 -2.18386768982694 pleio
54 69.214855 -2.19374275615196 pleio
55 69.21825 -2.21555635805452 pleio
56 69.221446 -2.24928248144576 pleio
57 69.224642 -2.29466251906886 pleio
58 69.227838 -2.35107535447566 pleio
59 69.231034 -1.31892571607296 pleio
60 69.23423 -1.12124972441853 pleio
61 69.237426 -1.13516580801779 pleio
62 69.240621 -1.14920448101551 pleio
63 69.244859 -1.16328699026601 pleio
64 69.252696 -1.17870659231842 pleio
65 69.260534 -1.21228580302466 pleio
66 69.416362 -1.23606862124129 pleio
67 69.484146 -1.5645618658677 pleio
68 69.505599 -1.57900619543168 pleio
69 69.508945 -1.62671680758342 pleio
70 69.512291 -1.67119615796284 pleio
71 69.515636 -1.71177662474906 pleio
72 69.542556 -1.67546691080951 pleio
73 69.592546 -1.11838440884749 pleio
74 69.66328 -1.15874635286234 pleio
75 69.721392 -1.15184156985679 pleio
76 69.724456 -1.13581170614312 pleio
77 69.727519 -1.12030088868939 pleio
78 69.733033 -1.10532318824396 pleio
79 69.768364 -1.05716026300646 pleio
80 69.782339 -1.02367922296042 pleio
81 69.796313 -1.01772246932313 pleio
82 69.810287 -0.335659424996099 pleio
83 69.829176 0 pleio
84 69.837051 -0.0819978646563547 pleio
85 69.844926 -0.15221001702833 pleio
86 69.869428 -0.21413449967046 pleio
87 69.876397 -0.244688366354985 pleio
88 69.876657 -0.275198500737923 pleio
89 69.876917 -0.302965548798562 pleio
90 69.924127 -0.350592796033808 pleio
91 69.978753 -0.371544952465466 pleio
92 70.033378 -0.367999010431916 pleio
93 70.042973 -0.372191312634695 pleio
94 70.043703 -0.384918478688266 pleio
95 70.044434 -0.40648749833312 pleio
96 70.087246 -0.442127118490233 pleio
97 70.141872 -0.491521312327916 pleio
98 70.196497 -0.552227419659621 pleio
99 70.400832 -0.570525849602416 pleio
100 70.421006 -0.549813203577898 pleio
101 70.441181 -0.547412097753239 pleio
102 70.60917 -0.595290879229874 pleio
103 70.612702 -0.780853455892865 pleio
104 70.616235 -1.22260936208957 pleio
105 70.661194 -1.27272891306154 pleio
106 70.728481 -1.34221664675139 pleio
107 70.750402 -1.44944302540376 pleio
108 70.772323 -1.557061669142 pleio
109 70.779053 -1.66564966561977 pleio
110 70.782062 -1.77536532609436 pleio
111 70.785072 -1.8892322730287 pleio
112 71.12066 -2.00172753018849 pleio
113 71.198629 -2.00249436053013 pleio
114 71.276599 -2.00456210467381 pleio
115 71.354568 -2.10457109195881 pleio
116 71.418821 -2.4372266669177 pleio
117 71.422464 -2.71661796781752 pleio
118 71.425934 -3.04723829954507 pleio
119 71.429405 -3.17156810934703 pleio
120 71.432875 -3.15360048090849 pleio
121 71.436346 -3.13715345705552 pleio
122 71.439817 -3.12222849193955 pleio
123 71.443287 -3.1088191266697 pleio
124 71.449172 -3.09767401355806 pleio
125 71.46043 -3.08912116124429 pleio
126 71.475844 -3.08031198706629 pleio
127 71.510771 -3.07235772571311 pleio
128 71.658293 -3.05469665453803 pleio
129 71.675712 -3.02558098409843 pleio
130 71.693132 -3.00499001838355 pleio
131 71.782692 -3.25437627958896 pleio
132 71.793079 -3.36379664162511 pleio
133 71.803404 -3.65726359437078 pleio
134 71.813729 -3.62365752558209 pleio
135 71.824055 -4.05674853497155 pleio
136 71.83438 -4.33718994058417 pleio
137 71.859513 -4.36701685455913 pleio
138 71.937774 -4.40072199642053 pleio
139 71.945079 -4.40765789456405 pleio
140 71.952385 -4.39079080242907 pleio
141 71.98473 -4.39500647713485 pleio
142 72.012709 -4.41111541670282 pleio
143 72.040688 -4.42817535643161 pleio
144 72.210521 -4.39415367835085 pleio
145 72.314268 -4.01330125846905 pleio
146 72.366456 -3.66800651554747 pleio
147 72.411367 -3.66009195310531 pleio
148 72.450663 -3.66396329026734 pleio
149 72.471305 -3.68735760343805 pleio
150 72.491946 -3.66901255993902 pleio
151 72.512588 -3.63538320439106 pleio
152 72.601385 -3.66278391476247 pleio
153 72.621813 -3.66498581752374 pleio
154 72.642242 -3.66211302659386 pleio
155 72.66267 -3.66117661165415 pleio
156 72.771429 -3.76319025200816 pleio
157 72.883243 -3.75837887490787 pleio
158 72.898448 -3.76570018657093 pleio
159 72.913654 -3.77280937180358 pleio
160 72.928859 -3.77934287949419 pleio
161 72.944065 -3.78641489529517 pleio
162 72.95927 -3.80547750509759 pleio
163 72.974476 -3.75219745221378 pleio
164 72.989681 -4.38924127834467 pleio
165 72.996574 -4.4342717965169 pleio
166 72.9996 -4.34550465470766 pleio
167 73.002626 -4.34079465919964 pleio
168 73.005652 -4.39148118984681 pleio
169 73.012925 -4.46049150353283 pleio
170 73.023956 -4.54020590262966 pleio
171 73.034987 -4.62307254198071 pleio
172 73.046018 -4.71731658728112 pleio
173 73.057049 -4.8208321241725 pleio
174 73.06808 -4.9317480508841 pleio
175 73.079353 -5.04927004117257 pleio
176 73.111862 -6.0420620055285 pleio
177 73.146945 -6.03594053932666 pleio
178 73.171837 -6.10217038925646 pleio
179 73.196729 -5.94059355489401 pleio
180 73.629401 -5.97867590261565 pleio
181 74.062073 -5.91717092455322 pleio
182 74.066223 -5.89535870675189 pleio
183 74.070373 -5.87440301334814 pleio
184 74.074523 -5.85434614435214 pleio
185 74.078673 -5.8352209848288 pleio
186 74.082823 -5.86902737332139 pleio
187 74.3761735 -5.82646161072955 pleio
188 74.669524 -5.86642255920962 pleio
189 74.672012 -5.88495496850929 pleio
190 74.674499 -5.90772540491844 pleio
191 74.716248 -5.9349303528136 pleio
192 74.724515 -5.96726393998174 pleio
193 74.732783 -5.96687500464099 pleio
194 75.0995546666667 -7.11296784018436 pleio
195 75.4663263333333 -7.11690261791697 pleio
196 75.833098 -7.12390670563058 pleio
197 75.863363 -7.14035251177445 pleio
198 75.875899 -7.16367209928797 pleio
199 75.888435 -7.25702128915404 pleio
200 75.900971 -7.50102577833702 pleio
201 75.903257 -7.77915664769078 pleio
202 75.904489 -7.89276146641379 pleio
203 75.905721 -7.94384226172535 pleio
204 75.917304 -7.99222085730533 pleio
205 76.287653 -7.97232394660866 pleio
206 76.288899 -7.95836593477793 pleio
207 76.290145 -7.9532304329254 pleio
208 76.397032 -7.84968133838819 pleio
209 76.403847 -7.66880304176708 pleio
210 76.410663 -7.54463766124419 pleio
211 76.607927 -7.49451911048745 pleio
212 76.623625 -7.41652197110355 pleio
213 76.633554 -7.33851519940992 pleio
214 76.643483 -7.26875522224825 pleio
215 76.653411 -7.21291083983789 pleio
216 76.66334 -7.17574667500686 pleio
217 76.700004 -7.24335271079609 pleio
218 67.606765 -0.848390790912967 profile1
219 67.613251 -0.852468810447504 profile1
220 67.619736 -0.856641466240924 profile1
221 67.626222 -0.860907694093406 profile1
222 67.641347 -0.865268217165946 profile1
223 67.654855 -0.869774730928768 profile1
224 67.658769 -0.875378157919597 profile1
225 67.662682 -0.881081862599956 profile1
226 67.666596 -0.88687852314853 profile1
227 67.679986 -0.892762002979272 profile1
228 67.708923 -0.754647019291087 profile1
229 67.715069 -0.611965656947396 profile1
230 67.721215 -0.481047085911534 profile1
231 67.746869 -0.366936979260756 profile1
232 67.778018 -0.370201043507154 profile1
233 67.809168 -0.375619378675833 profile1
234 67.895218 -0.396355551015042 profile1
235 67.900561 -0.434720773604591 profile1
236 67.905905 -0.481674787580624 profile1
237 67.911248 -0.537139927263025 profile1
238 67.920171 -0.610707033638277 profile1
239 67.929072 -0.71019220555384 profile1
240 67.937973 -0.814425175640539 profile1
241 67.946874 -0.922299465196047 profile1
242 67.962131 -0.99050727463398 profile1
243 68.103338 -1.02011169789675 profile1
244 68.122257 -1.02720629573027 profile1
245 68.141177 -0.953488369984367 profile1
246 68.410128 -0.924578713633274 profile1
247 68.415239 -0.918645056767165 profile1
248 68.42035 -0.900752798138903 profile1
249 68.640199 -0.758353086039544 profile1
250 68.652056 -0.524371444200075 profile1
251 68.656091 -0.292039735946755 profile1
252 68.660126 -0.0642945770034692 profile1
253 68.664161 0.15597525451485 profile1
254 68.685197 0.370301336350221 profile1
255 68.806919 0.45903320722737 profile1
256 68.816104 0.456725937296878 profile1
257 68.825289 0.454365792975973 profile1
258 68.885575 0.445281964948448 profile1
259 68.886394 0.429504548797227 profile1
260 68.887213 0.412781799867266 profile1
261 68.888033 0.395164176148778 profile1
262 68.888852 0.376710826459841 profile1
263 68.889671 0.357483357142564 profile1
264 68.89049 0.38110766569354 profile1
265 68.89131 0.393208470306591 profile1
266 68.892129 0.3877007530724 profile1
267 68.987403 0.146782017668418 profile1
268 69.064645 0.0945317110188102 profile1
269 69.131341 0.353385678580266 profile1
270 69.198036 0.317122187961062 profile1
271 69.214855 0.321486726501172 profile1
272 69.21825 0.314117862335986 profile1
273 69.221446 0.294602547151965 profile1
274 69.224642 0.262926857279475 profile1
275 69.227838 0.219476747035997 profile1
276 69.231034 0.534808843647294 profile1
277 69.23423 0.592011553234404 profile1
278 69.237426 0.562848998328235 profile1
279 69.240621 0.533661736609892 profile1
280 69.244859 0.504465303456556 profile1
281 69.252696 0.474587494233106 profile1
282 69.260534 0.425683842806014 profile1
283 69.416362 0.443211442618722 profile1
284 69.484146 0.291025510097394 profile1
285 69.505599 0.279564442857481 profile1
286 69.508945 0.251318047398984 profile1
287 69.512291 0.220811344915365 profile1
288 69.515636 0.188452129126918 profile1
289 69.542556 0.112632984537205 profile1
290 69.592546 0.812316761138852 profile1
291 69.66328 0.752463652726404 profile1
292 69.721392 0.76093391802095 profile1
293 69.724456 0.776130047317527 profile1
294 69.727519 0.79047760070388 profile1
295 69.733033 0.803950609101706 profile1
296 69.768364 0.769680341353528 profile1
297 69.782339 0.682274807541037 profile1
298 69.796313 0.599848332425888 profile1
299 69.810287 0.515895066952104 profile1
300 69.829176 0.435006391247128 profile1
301 69.837051 0.385882751627739 profile1
302 69.844926 0.3198248814363 profile1
303 69.869428 0.266439558187936 profile1
304 69.876397 0.266308647454293 profile1
305 69.876657 0.261182518245496 profile1
306 69.876917 0.254065050509904 profile1
307 69.924127 0.225723511354461 profile1
308 69.978753 0.211649738318026 profile1
309 70.033378 0.194534303425578 profile1
310 70.042973 0.172972340986681 profile1
311 70.043703 0.146989924228684 profile1
312 70.044434 0.116467840464614 profile1
313 70.087246 0.0802813653227122 profile1
314 70.141872 0.0393464724555011 profile1
315 70.196497 0.0102220313475791 profile1
316 70.400832 -0.0169676307663758 profile1
317 70.421006 -0.0249557389269162 profile1
318 70.441181 -0.046464257977683 profile1
319 70.60917 -0.097603361935512 profile1
320 70.612702 -0.212125205373348 profile1
321 70.616235 -0.547360589994059 profile1
322 70.661194 -0.559655640338072 profile1
323 70.728481 -0.629103259004237 profile1
324 70.750402 -0.742806126088276 profile1
325 70.772323 -0.855350979949348 profile1
326 70.779053 -0.968093942060751 profile1
327 70.782062 -1.08251798163348 profile1
328 70.785072 -1.20122941138554 profile1
329 71.12066 -1.11604254927657 profile1
330 71.198629 -1.11612814003777 profile1
331 71.276599 -1.1176699888039 profile1
332 71.354568 -1.30590146785179 profile1
333 71.418821 -1.71271143346945 profile1
334 71.422464 -2.16896639687415 profile1
335 71.425934 -2.62780180803146 profile1
336 71.429405 -2.79948037526912 profile1
337 71.432875 -2.81799861676815 profile1
338 71.436346 -2.83718353299692 profile1
339 71.439817 -2.85698329855871 profile1
340 71.443287 -2.87734020643837 profile1
341 71.449172 -2.89681279904969 profile1
342 71.46043 -2.91351678443478 profile1
343 71.475844 -2.92973793870493 profile1
344 71.510771 -2.946275809134 profile1
345 71.658293 -2.96399066712814 profile1
346 71.675712 -2.98393562524372 profile1
347 71.693132 -3.00499001838355 profile1
348 71.782692 -3.20697013214243 profile1
349 71.793079 -3.33811356534766 profile1
350 71.803404 -3.63795633964122 profile1
351 71.813729 -3.49915487546387 profile1
352 71.824055 -3.28369495248899 profile1
353 71.83438 -3.24421713738379 profile1
354 71.859513 -3.21752381388501 profile1
355 71.937774 -3.06407938722169 profile1
356 71.945079 -3.02269600414714 profile1
357 71.952385 -2.98785876125543 profile1
358 71.98473 -2.95846720428768 profile1
359 72.012709 -2.93437975602798 profile1
360 72.040688 -2.90616621135742 profile1
361 72.210521 -2.99336504249835 profile1
362 72.314268 -2.84212275792374 profile1
363 72.366456 -2.61675048281266 profile1
364 72.411367 -2.6225529024521 profile1
365 72.450663 -2.63451106637737 profile1
366 72.471305 -2.67136657724984 profile1
367 72.491946 -2.69315998557136 profile1
368 72.512588 -2.69980697222887 profile1
369 72.601385 -2.65709431847742 profile1
370 72.621813 -2.66016805161546 profile1
371 72.642242 -2.65237114685254 profile1
372 72.66267 -2.64475617659999 profile1
373 72.771429 -2.17350761509774 profile1
374 72.883243 -2.15779820327231 profile1
375 72.898448 -2.15665760434322 profile1
376 72.913654 -2.15393148420188 profile1
377 72.928859 -2.14933617438337 profile1
378 72.944065 -2.14574361206244 profile1
379 72.95927 -2.13468858337954 profile1
380 72.974476 -2.09852380123326 profile1
381 72.989681 -2.27247731425987 profile1
382 72.996574 -2.44851811878701 profile1
383 72.9996 -2.5079147050042 profile1
384 73.002626 -2.57312495820238 profile1
385 73.005652 -2.64232436092328 profile1
386 73.012925 -2.73396628541443 profile1
387 73.023956 -2.83720241659179 profile1
388 73.034987 -2.94124552773967 profile1
389 73.046018 -3.02805924983393 profile1
390 73.057049 -3.11435504947084 profile1
391 73.06808 -3.20304308210085 profile1
392 73.079353 -3.30207303538926 profile1
393 73.111862 -3.83739795169437 profile1
394 73.146945 -3.83863224536468 profile1
395 73.171837 -3.87182453596323 profile1
396 73.196729 -3.92893043716584 profile1
397 73.629401 -3.94449737902696 profile1
398 74.062073 -3.93743529788487 profile1
399 74.066223 -3.93736775479005 profile1
400 74.070373 -3.93724545135397 profile1
401 74.074523 -3.93706613005726 profile1
402 74.078673 -3.93682625711938 profile1
403 74.082823 -3.89381447081842 profile1
404 74.3761735 -3.92868406864059 profile1
405 74.669524 -3.98022712452498 profile1
406 74.672012 -4.11027716532336 profile1
407 74.674499 -4.23439001877581 profile1
408 74.716248 -4.34590272705112 profile1
409 74.724515 -4.44057538690952 profile1
410 74.732783 -4.51099937409398 profile1
411 75.0995546666667 -4.06111779040603 profile1
412 75.4663263333333 -4.05656982266425 profile1
413 75.833098 -4.06546850351065 profile1
414 75.863363 -4.06734294465104 profile1
415 75.875899 -4.07046476238762 profile1
416 75.888435 -4.08795731983259 profile1
417 75.900971 -4.13567146411412 profile1
418 75.903257 -4.18579322745156 profile1
419 75.904489 -4.24004036746399 profile1
420 75.905721 -4.29535334728356 profile1
421 75.917304 -4.34923674011299 profile1
422 76.287653 -4.36200388885891 profile1
423 76.288899 -4.36423743101627 profile1
424 76.290145 -4.36654440190099 profile1
425 76.397032 -4.299149999839 profile1
426 76.403847 -4.15369102020725 profile1
427 76.410663 -3.99948813834643 profile1
428 76.607927 -3.8529905362252 profile1
429 76.623625 -3.68748282797764 profile1
430 76.633554 -3.58530591796985 profile1
431 76.643483 -3.48420317018548 profile1
432 76.653411 -3.38925018955604 profile1
433 76.66334 -3.30504008088273 profile1
434 76.700004 -3.23624929699637 profile1
435 67.606765 -4.22725641227965 profile2
436 67.613251 -4.2305790901711 profile2
437 67.619736 -4.23394193934549 profile2
438 67.626222 -4.23734602375513 profile2
439 67.641347 -4.24079367901396 profile2
440 67.654855 -4.24429537120716 profile2
441 67.658769 -4.24811355547631 profile2
442 67.662682 -4.25195015200782 profile2
443 67.666596 -4.2558165322996 profile2
444 67.679986 -4.25972207004881 profile2
445 67.708923 -4.25070722066183 profile2
446 67.715069 -4.23870380920219 profile2
447 67.721215 -4.22437495904517 profile2
448 67.746869 -4.21991100900128 profile2
449 67.778018 -4.22327458983816 profile2
450 67.809168 -4.23070124760239 profile2
451 67.895218 -4.208606594022 profile2
452 67.900561 -4.16775671444848 profile2
453 67.905905 -4.133333229869 profile2
454 67.911248 -4.1059451004002 profile2
455 67.920171 -4.08943533501489 profile2
456 67.929072 -4.08590151369339 profile2
457 67.937973 -4.08797943111287 profile2
458 67.946874 -4.09561360001159 profile2
459 67.962131 -4.10913112940065 profile2
460 68.103338 -4.11572726888249 profile2
461 68.122257 -4.11670653107186 profile2
462 68.141177 -4.24995168170997 profile2
463 68.410128 -4.42996841425297 profile2
464 68.415239 -4.38392139128822 profile2
465 68.42035 -4.33691697523794 profile2
466 68.640199 -4.2981236461956 profile2
467 68.652056 -4.26165270099173 profile2
468 68.656091 -4.22715322831932 profile2
469 68.660126 -4.19544316325368 profile2
470 68.664161 -4.16731408010608 profile2
471 68.685197 -4.13615702612628 profile2
472 68.806919 -4.12283844403023 profile2
473 68.816104 -4.12220159466269 profile2
474 68.825289 -4.12155246024397 profile2
475 68.885575 -4.11302524762407 profile2
476 68.886394 -4.09764486900768 profile2
477 68.887213 -4.08243253247581 profile2
478 68.888033 -4.06741138695102 profile2
479 68.888852 -4.05260498603445 profile2
480 68.889671 -4.0380365515038 profile2
481 68.89049 -4.03942852804534 profile2
482 68.89131 -4.03982968579593 profile2
483 68.892129 -4.03732686890115 profile2
484 68.987403 -3.68699539655359 profile2
485 69.064645 -2.74522809322509 profile2
486 69.131341 -1.98237753458749 profile2
487 69.198036 -1.98507976192783 profile2
488 69.214855 -1.99927163938985 profile2
489 69.21825 -2.01403285956298 profile2
490 69.221446 -2.02900977656125 profile2
491 69.224642 -2.04397970740445 profile2
492 69.227838 -2.05872834649855 profile2
493 69.231034 -1.2655819176957 profile2
494 69.23423 -1.12124972441853 profile2
495 69.237426 -1.10563712770716 profile2
496 69.240621 -1.09008058709669 profile2
497 69.244859 -1.07452113585345 profile2
498 69.252696 -1.05955380466188 profile2
499 69.260534 -1.04320390535239 profile2
500 69.416362 -1.05287834854162 profile2
501 69.484146 -1.20583468714599 profile2
502 69.505599 -1.20704964466623 profile2
503 69.508945 -1.2225885750666 profile2
504 69.512291 -1.23340428287074 profile2
505 69.515636 -1.23925649137437 profile2
506 69.542556 -1.11484285604804 profile2
507 69.592546 -1.11838440884749 profile2
508 69.66328 -1.10194011876819 profile2
509 69.721392 -1.10424212575992 profile2
510 69.724456 -1.10407262430638 profile2
511 69.727519 -1.10351171237794 profile2
512 69.733033 -1.10254570896701 profile2
513 69.768364 -1.00865534746619 profile2
514 69.782339 -0.877328633414612 profile2
515 69.796313 -0.784107947329367 profile2
516 69.810287 -0.00329193631248996 profile2
517 69.829176 0.370349339985343 profile2
518 69.837051 0.33704866460898 profile2
519 69.844926 0.331444695232788 profile2
520 69.869428 0.321096410159851 profile2
521 69.876397 0.289749143305086 profile2
522 69.876657 0.263395476238384 profile2
523 69.876917 0.241944118596858 profile2
524 69.924127 0.22062334123846 profile2
525 69.978753 0.210486923506752 profile2
526 70.033378 0.228129238169291 profile2
527 70.042973 0.243472041705673 profile2
528 70.043703 0.255738019282155 profile2
529 70.044434 0.264759585863637 profile2
530 70.087246 0.265533835074925 profile2
531 70.141872 0.256066047614652 profile2
532 70.196497 0.224717024558675 profile2
533 70.400832 0.234076234554076 profile2
534 70.421006 0.265107851304669 profile2
535 70.441181 0.291365084166418 profile2
536 70.60917 0.295795845127128 profile2
537 70.612702 0.222727257157761 profile2
538 70.616235 0.112664213381327 profile2
539 70.661194 0.0765992474815966 profile2
540 70.728481 0.0774959672191358 profile2
541 70.750402 0.0841668110646466 profile2
542 70.772323 0.0888939951600691 profile2
543 70.779053 0.0926831395988908 profile2
544 70.782062 0.097132982717031 profile2
545 70.785072 0.101302358314081 profile2
546 71.12066 -0.0925475891510406 profile2
547 71.198629 -0.0924967844287855 profile2
548 71.276599 -0.0922312471782446 profile2
549 71.354568 -0.0040569525658144 profile2
550 71.418821 0.0622218641812095 profile2
551 71.422464 0.245018508971175 profile2
552 71.425934 0.386519339479204 profile2
553 71.429405 0.440380571109499 profile2
554 71.432875 0.47742001092772 profile2
555 71.436346 0.513592311741057 profile2
556 71.439817 0.548842791209401 profile2
557 71.443287 0.583118810638509 profile2
558 71.449172 0.614158844147013 profile2
559 71.46043 0.639627639400603 profile2
560 71.475844 0.664865966093915 profile2
561 71.510771 0.689475154403791 profile2
562 71.658293 0.723883554155191 profile2
563 71.675712 0.771198623044717 profile2
564 71.693132 0.812316761138852 profile2
565 71.782692 0.729943617423993 profile2
566 71.793079 0.738493391439924 profile2
567 71.803404 0.728348037172703 profile2
568 71.813729 0.63595522748674 profile2
569 71.824055 -0.083898937902348 profile2
570 71.83438 -0.439333696571236 profile2
571 71.859513 -0.492080808100768 profile2
572 71.937774 -0.668762159789947 profile2
573 71.945079 -0.712334511794515 profile2
574 71.952385 -0.727643960930109 profile2
575 71.98473 -0.758414915893371 profile2
576 72.012709 -0.795874294112429 profile2
577 72.040688 -0.838153450549076 profile2
578 72.210521 -0.727975046353902 profile2
579 72.314268 -0.553653703325732 profile2
580 72.366456 -0.442092974672034 profile2
581 72.411367 -0.427091532507928 profile2
582 72.450663 -0.416934891334042 profile2
583 72.471305 -0.399756192672508 profile2
584 72.491946 -0.359184641030308 profile2
585 72.512588 -0.323027518168731 profile2
586 72.601385 -0.410705245994349 profile2
587 72.621813 -0.410714831920432 profile2
588 72.642242 -0.416040204149021 profile2
589 72.66267 -0.423171131936064 profile2
590 72.771429 -1.02512240152653 profile2
591 72.883243 -1.03624231748961 profile2
592 72.898448 -1.04551037307668 profile2
593 72.913654 -1.05630336219533 profile2
594 72.928859 -1.06859200128227 profile2
595 72.944065 -1.08057974895519 profile2
596 72.95927 -1.1175359471123 profile2
597 72.974476 -1.12802259242142 profile2
598 72.989681 -1.7313469737726 profile2
599 72.996574 -1.6214330531459 profile2
600 72.9996 -1.46880887730237 profile2
601 73.002626 -1.39770344594476 profile2
602 73.005652 -1.38262160988557 profile2
603 73.012925 -1.36201848336478 profile2
604 73.023956 -1.33958335061945 profile2
605 73.034987 -1.31901234834554 profile2
606 73.046018 -1.32779960740617 profile2
607 73.057049 -1.34593613180639 profile2
608 73.06808 -1.36835038188653 profile2
609 73.079353 -1.38622223469476 profile2
610 73.111862 -1.80124055884679 profile2
611 73.146945 -1.79993547886594 profile2
612 73.171837 -1.84130424866744 profile2
613 73.196729 -1.6308731377707 profile2
614 73.629401 -1.65445106134234 profile2
615 74.062073 -1.59972385736612 profile2
616 74.066223 -1.57771743300494 profile2
617 74.070373 -1.55655774180668 profile2
618 74.074523 -1.53628741787571 profile2
619 74.078673 -1.51694141247941 profile2
620 74.082823 -1.59917660261936 profile2
621 74.3761735 -1.51935411716033 profile2
622 74.669524 -1.50440453370247 profile2
623 74.672012 -1.38424557718071 profile2
624 74.674499 -1.27253487679655 profile2
625 74.716248 -1.17688915476353 profile2
626 74.724515 -1.10320611257429 profile2
627 74.732783 -1.01894252572395 profile2
628 75.0995546666667 -2.52832837014622 profile2
629 75.4663263333333 -2.54080473660098 profile2
630 75.833098 -2.53139247118412 profile2
631 75.863363 -2.54606218422327 profile2
632 75.875899 -2.56587298847106 profile2
633 75.888435 -2.640905851001 profile2
634 75.900971 -2.83602603544506 profile2
635 75.903257 -3.06362913771421 profile2
636 75.904489 -3.12818275962652 profile2
637 75.905721 -3.13100588651194 profile2
638 75.917304 -3.1325512446655 profile2
639 76.287653 -3.10388946188717 profile2
640 76.288899 -3.09180785915553 profile2
641 76.290145 -3.08903273105576 profile2
642 76.397032 -3.05425039747177 profile2
643 76.403847 -3.01410181946497 profile2
644 76.410663 -3.0364945061194 profile2
645 76.607927 -3.11506991504214 profile2
646 76.623625 -3.19099825698002 profile2
647 76.633554 -3.20267645916533 profile2
648 76.643483 -3.21980114161259 profile2
649 76.653411 -3.24337990139357 profile2
650 76.66334 -3.27409675212702 profile2
651 76.700004 -3.38742125236946 profile2
