marker_position lod trace
1 67.606765 -4.66003195240861 pleio
2 67.613251 -4.65257890539737 pleio
3 67.619736 -4.64521406502601 pleio
4 67.626222 -4.63793847646346 pleio
5 67.641347 -4.63075274050896 pleio
6 67.654855 -4.62374451622016 pleio
7 67.658769 -4.61850084288777 pleio
8 67.662682 -4.61322062344567 pleio
9 67.666596 -4.60797251616969 pleio
10 67.679986 -4.60281340876885 pleio
11 67.708923 -4.52329918967531 pleio
12 67.715069 -4.45019885229864 pleio
13 67.721215 -4.39063412598206 pleio
14 67.746869 -4.34753554307093 pleio
15 67.778018 -4.34161811136266 pleio
16 67.809168 -4.33807739081719 pleio
17 67.895218 -4.32359746204629 pleio
18 67.900561 -4.3104777927464 pleio
19 67.905905 -4.30993352893016 pleio
20 67.911248 -4.32270044006003 pleio
21 67.920171 -4.3451022346504 pleio
22 67.929072 -4.37264097337052 pleio
23 67.937973 -4.41282635325899 pleio
24 67.946874 -4.46496988172269 pleio
25 67.962131 -4.49703327891738 pleio
26 68.103338 -4.50781518900906 pleio
27 68.122257 -4.50374794894974 pleio
28 68.141177 -4.54913898299615 pleio
29 68.410128 -4.62480954546585 pleio
30 68.415239 -4.56849815295891 pleio
31 68.42035 -4.51896736037313 pleio
32 68.640199 -4.43709978682391 pleio
33 68.652056 -4.34019274699671 pleio
34 68.656091 -4.26167092946627 pleio
35 68.660126 -4.20296295769608 pleio
36 68.664161 -4.16517498379786 pleio
37 68.685197 -4.1448931665409 pleio
38 68.806919 -4.1439514356718 pleio
39 68.816104 -4.13963423634357 pleio
40 68.825289 -4.13536877714993 pleio
41 68.885575 -4.1324059029704 pleio
42 68.886394 -4.13089699006628 pleio
43 68.887213 -4.12982584907596 pleio
44 68.888033 -4.12920169376691 pleio
45 68.888852 -4.12903179906146 pleio
46 68.889671 -4.12931907593078 pleio
47 68.89049 -4.04867609766545 pleio
48 68.89131 -3.97336962024633 pleio
49 68.892129 -3.91180524243124 pleio
50 68.987403 -3.93233075154119 pleio
51 69.064645 -3.28240185859981 pleio
52 69.131341 -3.54831562770116 pleio
53 69.198036 -3.59012838979736 pleio
54 69.214855 -3.60212775632905 pleio
55 69.21825 -3.62331859965775 pleio
56 69.221446 -3.65437832641913 pleio
57 69.224642 -3.6956840944614 pleio
58 69.227838 -3.74727660484069 pleio
59 69.231034 -2.65719149469035 pleio
60 69.23423 -2.41576861382377 pleio
61 69.237426 -2.40401604149379 pleio
62 69.240621 -2.39251773529129 pleio
63 69.244859 -2.38128041393975 pleio
64 69.252696 -2.37084521703641 pleio
65 69.260534 -2.3563445635981 pleio
66 69.416362 -1.95441956525818 pleio
67 69.484146 -1.16578555171211 pleio
68 69.505599 -1.17792241158722 pleio
69 69.508945 -1.21222033223573 pleio
70 69.512291 -1.24785002537204 pleio
71 69.515636 -1.2843093929771 pleio
72 69.542556 -1.20777668550989 pleio
73 69.592546 -1.36229692369784 pleio
74 69.66328 -0.938462217690332 pleio
75 69.721392 -0.94270721293733 pleio
76 69.724456 -0.929329417342655 pleio
77 69.727519 -0.916384584991686 pleio
78 69.733033 -0.903898279368357 pleio
79 69.768364 -0.794217755233563 pleio
80 69.782339 -0.66486365527173 pleio
81 69.796313 -0.486132154348899 pleio
82 69.810287 0 pleio
83 69.829176 -0.449792597564075 pleio
84 69.837051 -0.483261792000668 pleio
85 69.844926 -0.536559319459628 pleio
86 69.869428 -0.579586325449942 pleio
87 69.876397 -0.589520731974899 pleio
88 69.876657 -0.603240319923512 pleio
89 69.876917 -0.620522869304382 pleio
90 69.924127 -0.64661523217737 pleio
91 69.978753 -0.67268785192944 pleio
92 70.033378 -0.678897569719381 pleio
93 70.042973 -0.687507395354824 pleio
94 70.043703 -0.698863176232758 pleio
95 70.044434 -0.712961170196496 pleio
96 70.087246 -0.724183224413341 pleio
97 70.141872 -0.726465983163357 pleio
98 70.196497 -0.719540255461 pleio
99 70.400832 -0.710098970694858 pleio
100 70.421006 -0.686545076277958 pleio
101 70.441181 -0.660620986117519 pleio
102 70.60917 -0.631037764234814 pleio
103 70.612702 -0.601621463669612 pleio
104 70.616235 -0.503966440320975 pleio
105 70.661194 -0.480861857488278 pleio
106 70.728481 -0.487186230431112 pleio
107 70.750402 -0.510509803114104 pleio
108 70.772323 -0.54096300446928 pleio
109 70.779053 -0.578030030229579 pleio
110 70.782062 -0.618450100371237 pleio
111 70.785072 -0.663043012329719 pleio
112 71.12066 -0.785640746680507 pleio
113 71.198629 -0.792163487694856 pleio
114 71.276599 -0.799040470823695 pleio
115 71.354568 -0.7910856007296 pleio
116 71.418821 -0.945017094073352 pleio
117 71.422464 -1.19426077089502 pleio
118 71.425934 -1.55248467716799 pleio
119 71.429405 -1.72034773458271 pleio
120 71.432875 -1.74700170539999 pleio
121 71.436346 -1.77463492917428 pleio
122 71.439817 -1.80318055643939 pleio
123 71.443287 -1.83257257503235 pleio
124 71.449172 -1.86070063359259 pleio
125 71.46043 -1.88439204818136 pleio
126 71.475844 -1.90738667886166 pleio
127 71.510771 -1.93015770769974 pleio
128 71.658293 -1.94529446055262 pleio
129 71.675712 -1.95180810482204 pleio
130 71.693132 -1.96392257775772 pleio
131 71.782692 -2.49356774919392 pleio
132 71.793079 -2.73078659641087 pleio
133 71.803404 -2.73791893073494 pleio
134 71.813729 -2.41576547045187 pleio
135 71.824055 -2.3769821104456 pleio
136 71.83438 -2.4976348159335 pleio
137 71.859513 -2.51301779476477 pleio
138 71.937774 -2.43467236186109 pleio
139 71.945079 -2.43175785101097 pleio
140 71.952385 -2.43505774990835 pleio
141 71.98473 -2.42673102392261 pleio
142 72.012709 -2.33866335412709 pleio
143 72.040688 -2.29297064608822 pleio
144 72.210521 -2.00729932700923 pleio
145 72.314268 -3.10411072663796 pleio
146 72.366456 -3.16633513232502 pleio
147 72.411367 -3.24688799748862 pleio
148 72.450663 -3.33408317775737 pleio
149 72.471305 -3.46359031727244 pleio
150 72.491946 -3.48755354560994 pleio
151 72.512588 -3.43123793709946 pleio
152 72.601385 -3.46719476644086 pleio
153 72.621813 -3.49099511534975 pleio
154 72.642242 -3.50347304283033 pleio
155 72.66267 -3.51741622974171 pleio
156 72.771429 -3.81691436463575 pleio
157 72.883243 -3.82694170769498 pleio
158 72.898448 -3.8372991574723 pleio
159 72.913654 -3.84753433361963 pleio
160 72.928859 -3.85638925263367 pleio
161 72.944065 -3.86530839143814 pleio
162 72.95927 -3.82509643728974 pleio
163 72.974476 -3.83102943634551 pleio
164 72.989681 -3.30388635414047 pleio
165 72.996574 -3.18901628093716 pleio
166 72.9996 -3.26270162697857 pleio
167 73.002626 -3.33949978455089 pleio
168 73.005652 -3.39152559476518 pleio
169 73.012925 -3.43588764470262 pleio
170 73.023956 -3.4778689996041 pleio
171 73.034987 -3.52298753093414 pleio
172 73.046018 -3.58152502532638 pleio
173 73.057049 -3.65033632881474 pleio
174 73.06808 -3.72746661103837 pleio
175 73.079353 -3.802475346911 pleio
176 73.111862 -3.85707043622933 pleio
177 73.146945 -3.94195874083541 pleio
178 73.171837 -4.04875536793394 pleio
179 73.196729 -4.16287373721025 pleio
180 73.629401 -4.17394912783801 pleio
181 74.062073 -4.16961979612651 pleio
182 74.066223 -4.16113985516849 pleio
183 74.070373 -4.15267866779101 pleio
184 74.074523 -4.14424322870089 pleio
185 74.078673 -4.13584084012596 pleio
186 74.082823 -4.13222706485891 pleio
187 74.3761735 -4.13847246887401 pleio
188 74.669524 -4.1482819185551 pleio
189 74.672012 -4.21181724882356 pleio
190 74.674499 -4.30607740756049 pleio
191 74.716248 -4.42710942805566 pleio
192 74.724515 -4.56953971077194 pleio
193 74.732783 -4.7222640664026 pleio
194 75.0995546666667 -4.34351888296066 pleio
195 75.4663263333333 -4.31907542387364 pleio
196 75.833098 -4.30677789121019 pleio
197 75.863363 -4.23568624187429 pleio
198 75.875899 -4.16177077191772 pleio
199 75.888435 -4.14003675162911 pleio
200 75.900971 -4.24596917511289 pleio
201 75.903257 -4.38607734180626 pleio
202 75.904489 -4.48549114969953 pleio
203 75.905721 -4.57828868415837 pleio
204 75.917304 -4.6863753380473 pleio
205 76.287653 -4.71508891389554 pleio
206 76.288899 -4.71934190195971 pleio
207 76.290145 -4.7228378791954 pleio
208 76.397032 -4.58585427533158 pleio
209 76.403847 -4.32698927231637 pleio
210 76.410663 -4.10673893490358 pleio
211 76.607927 -4.05646306310782 pleio
212 76.623625 -3.92264096313263 pleio
213 76.633554 -3.91190484280589 pleio
214 76.643483 -3.94725302535713 pleio
215 76.653411 -4.03012734946649 pleio
216 76.66334 -4.15893297369332 pleio
217 76.700004 -4.08498687407068 pleio
218 67.606765 -2.06400345359467 profile1
219 67.613251 -2.05479084741385 profile1
220 67.619736 -2.04563558990915 profile1
221 67.626222 -2.03653874732189 profile1
222 67.641347 -2.02750051528199 profile1
223 67.654855 -2.01858164925486 profile1
224 67.658769 -2.01086348469096 profile1
225 67.662682 -2.00316684164117 profile1
226 67.666596 -1.995512959843 profile1
227 67.679986 -1.98791869738523 profile1
228 67.708923 -1.92255603940033 profile1
229 67.715069 -1.86232441478552 profile1
230 67.721215 -1.81283964397522 profile1
231 67.746869 -1.78100702338831 profile1
232 67.778018 -1.77312407403423 profile1
233 67.809168 -1.76671857670522 profile1
234 67.895218 -1.76721803570816 profile1
235 67.900561 -1.77166951237172 profile1
236 67.905905 -1.77808547306959 profile1
237 67.911248 -1.78630802520935 profile1
238 67.920171 -1.78650508463158 profile1
239 67.929072 -1.76830712216497 profile1
240 67.937973 -1.75042030140651 profile1
241 67.946874 -1.7329118445726 profile1
242 67.962131 -1.71314839220675 profile1
243 68.103338 -1.69823945302249 profile1
244 68.122257 -1.68645161043921 profile1
245 68.141177 -1.65515644062756 profile1
246 68.410128 -1.66980947423335 profile1
247 68.415239 -1.6606676522011 profile1
248 68.42035 -1.65455930467891 profile1
249 68.640199 -1.60956414778913 profile1
250 68.652056 -1.54266437174305 profile1
251 68.656091 -1.48973720974033 profile1
252 68.660126 -1.45280656728805 profile1
253 68.664161 -1.43335439449606 profile1
254 68.685197 -1.42788882929724 profile1
255 68.806919 -1.43124365509104 profile1
256 68.816104 -1.42721666623842 profile1
257 68.825289 -1.42322160948235 profile1
258 68.885575 -1.42141838079417 profile1
259 68.886394 -1.42174958666606 profile1
260 68.887213 -1.42234794567581 profile1
261 68.888033 -1.42321431982382 profile1
262 68.888852 -1.42434924385568 profile1
263 68.889671 -1.42575109532929 profile1
264 68.89049 -1.33761500596932 profile1
265 68.89131 -1.259737963507 profile1
266 68.892129 -1.20213459197628 profile1
267 68.987403 -1.31589104369862 profile1
268 69.064645 -1.19836197111116 profile1
269 69.131341 -1.06044923141039 profile1
270 69.198036 -1.07956296463843 profile1
271 69.214855 -1.05153443704398 profile1
272 69.21825 -1.03298363781548 profile1
273 69.221446 -1.02530310843299 profile1
274 69.224642 -1.0295748849576 profile1
275 69.227838 -1.04649504662876 profile1
276 69.231034 -1.03235688849005 profile1
277 69.23423 -1.02613315781452 profile1
278 69.237426 -1.01746075656933 profile1
279 69.240621 -1.00903798282618 profile1
280 69.244859 -1.00087203841466 profile1
281 69.252696 -0.99300239856077 profile1
282 69.260534 -0.980871632939854 profile1
283 69.416362 -0.837619392853571 profile1
284 69.484146 -0.622188367857189 profile1
285 69.505599 -0.622047825586656 profile1
286 69.508945 -0.622599511040572 profile1
287 69.512291 -0.624201242275437 profile1
288 69.515636 -0.626812027342273 profile1
289 69.542556 -0.635468048119835 profile1
290 69.592546 -0.409059918729237 profile1
291 69.66328 -0.024250130872933 profile1
292 69.721392 -0.0136802248550662 profile1
293 69.724456 0.00591005516775706 profile1
294 69.727519 0.024812230930081 profile1
295 69.733033 0.0429848213566841 profile1
296 69.768364 0.067022742235147 profile1
297 69.782339 0.0944261568467077 profile1
298 69.796313 0.135128926143403 profile1
299 69.810287 0.623270167277549 profile1
300 69.829176 0.440811580626917 profile1
301 69.837051 0.469507333629397 profile1
302 69.844926 0.499694774283837 profile1
303 69.869428 0.525922108009812 profile1
304 69.876397 0.534837614257585 profile1
305 69.876657 0.530332965962049 profile1
306 69.876917 0.513325433852046 profile1
307 69.924127 0.468500294519322 profile1
308 69.978753 0.412567795650481 profile1
309 70.033378 0.376991815272475 profile1
310 70.042973 0.337971765784356 profile1
311 70.043703 0.295430666420906 profile1
312 70.044434 0.24956462404952 profile1
313 70.087246 0.20669652841155 profile1
314 70.141872 0.173054034474698 profile1
315 70.196497 0.094755678111527 profile1
316 70.400832 0.0760517854817923 profile1
317 70.421006 0.077193249259998 profile1
318 70.441181 0.0792626444445292 profile1
319 70.60917 0.083569676672204 profile1
320 70.612702 0.0820799589158793 profile1
321 70.616235 0.101601077964198 profile1
322 70.661194 0.074974474099155 profile1
323 70.728481 0.0343660912402324 profile1
324 70.750402 -0.0353140708906845 profile1
325 70.772323 -0.141241230590927 profile1
326 70.779053 -0.271608484476126 profile1
327 70.782062 -0.407530786480743 profile1
328 70.785072 -0.545169793897553 profile1
329 71.12066 -0.490576876112262 profile1
330 71.198629 -0.509064834527663 profile1
331 71.276599 -0.52725458064184 profile1
332 71.354568 -0.556147291333548 profile1
333 71.418821 -0.723889425239771 profile1
334 71.422464 -1.01922066529743 profile1
335 71.425934 -1.41275534148803 profile1
336 71.429405 -1.59372539132852 profile1
337 71.432875 -1.62861129529847 profile1
338 71.436346 -1.66387968489674 profile1
339 71.439817 -1.6994816711177 profile1
340 71.443287 -1.73537119864317 profile1
341 71.449172 -1.77019163947679 profile1
342 71.46043 -1.80190572009808 profile1
343 71.475844 -1.83290506573889 profile1
344 71.510771 -1.86345393371464 profile1
345 71.658293 -1.89445706229628 profile1
346 71.675712 -1.92827002485568 profile1
347 71.693132 -1.96392257775772 profile1
348 71.782692 -1.9027016601583 profile1
349 71.793079 -1.87575656765581 profile1
350 71.803404 -1.6966519809539 profile1
351 71.813729 -1.57938951831938 profile1
352 71.824055 -1.36942613729915 profile1
353 71.83438 -1.28794956574078 profile1
354 71.859513 -1.28211087762581 profile1
355 71.937774 -1.14389332172141 profile1
356 71.945079 -1.0947362917988 profile1
357 71.952385 -1.10182259216579 profile1
358 71.98473 -1.11609056415825 profile1
359 72.012709 -1.03731227149386 profile1
360 72.040688 -0.998444439387843 profile1
361 72.210521 -0.767510818676868 profile1
362 72.314268 -2.0208438782093 profile1
363 72.366456 -2.01248610056033 profile1
364 72.411367 -2.07736901160434 profile1
365 72.450663 -2.14473641085499 profile1
366 72.471305 -2.22465099106557 profile1
367 72.491946 -2.23434443014985 profile1
368 72.512588 -2.180456980593 profile1
369 72.601385 -2.39658742269208 profile1
370 72.621813 -2.42734802460327 profile1
371 72.642242 -2.43969954871073 profile1
372 72.66267 -2.45170165210299 profile1
373 72.771429 -2.46609175535514 profile1
374 72.883243 -2.46887474687892 profile1
375 72.898448 -2.46420892773893 profile1
376 72.913654 -2.45864355959244 profile1
377 72.928859 -2.45166301524883 profile1
378 72.944065 -2.44380233790021 profile1
379 72.95927 -2.45495545254508 profile1
380 72.974476 -2.67112434985751 profile1
381 72.989681 -2.80232043434161 profile1
382 72.996574 -2.78977337633238 profile1
383 72.9996 -2.82417608705973 profile1
384 73.002626 -2.87091634157269 profile1
385 73.005652 -2.90825568404076 profile1
386 73.012925 -2.94577136595902 profile1
387 73.023956 -2.98421999896591 profile1
388 73.034987 -3.02421340937651 profile1
389 73.046018 -3.07002929866922 profile1
390 73.057049 -3.12124177066473 profile1
391 73.06808 -3.17699493278303 profile1
392 73.079353 -3.23196420539873 profile1
393 73.111862 -3.0878238464545 profile1
394 73.146945 -3.07589366193444 profile1
395 73.171837 -3.08122830969631 profile1
396 73.196729 -3.10479397582016 profile1
397 73.629401 -3.11298471378561 profile1
398 74.062073 -3.11380757468659 profile1
399 74.066223 -3.11986560361328 profile1
400 74.070373 -3.12575952197773 profile1
401 74.074523 -3.13147585849172 profile1
402 74.078673 -3.13700269399675 profile1
403 74.082823 -3.15622890259008 profile1
404 74.3761735 -3.14760504445697 profile1
405 74.669524 -3.15567042964096 profile1
406 74.672012 -3.15582914264351 profile1
407 74.674499 -3.16443687134419 profile1
408 74.716248 -3.18302661495647 profile1
409 74.724515 -3.21316324541115 profile1
410 74.732783 -3.25152397207491 profile1
411 75.0995546666667 -2.42337380829441 profile1
412 75.4663263333333 -2.42166580247946 profile1
413 75.833098 -2.43715220935358 profile1
414 75.863363 -2.4429608512307 profile1
415 75.875899 -2.44924470566946 profile1
416 75.888435 -2.45697542353384 profile1
417 75.900971 -2.47621093594449 profile1
418 75.903257 -2.51272627823796 profile1
419 75.904489 -2.55714845500039 profile1
420 75.905721 -2.60812677710973 profile1
421 75.917304 -2.66659242971803 profile1
422 76.287653 -2.69006595756897 profile1
423 76.288899 -2.70446091412735 profile1
424 76.290145 -2.71742240905801 profile1
425 76.397032 -2.56006906635707 profile1
426 76.403847 -2.25343529980522 profile1
427 76.410663 -1.97857174418254 profile1
428 76.607927 -1.77967803494621 profile1
429 76.623625 -1.57163196717299 profile1
430 76.633554 -1.47137376138991 profile1
431 76.643483 -1.41038869921106 profile1
432 76.653411 -1.39110959328026 profile1
433 76.66334 -1.4132159049089 profile1
434 76.700004 -1.35543884035707 profile1
435 67.606765 -2.54213531412731 profile2
436 67.613251 -2.54412887707714 profile2
437 67.619736 -2.54616039421761 profile2
438 67.626222 -2.5482298279821 profile2
439 67.641347 -2.55033757201135 profile2
440 67.654855 -2.55250803064755 profile2
441 67.658769 -2.55520234965625 profile2
442 67.662682 -2.55784468824161 profile2
443 67.666596 -2.5604832888419 profile2
444 67.679986 -2.56315905016472 profile2
445 67.708923 -2.54962156870102 profile2
446 67.715069 -2.5373971773265 profile2
447 67.721215 -2.52800207862075 profile2
448 67.746869 -2.51797205465054 profile2
449 67.778018 -2.52024037591572 profile2
450 67.809168 -2.52336576114704 profile2
451 67.895218 -2.50243017836795 profile2
452 67.900561 -2.4753879642552 profile2
453 67.905905 -2.45904537083215 profile2
454 67.911248 -2.45448630970454 profile2
455 67.920171 -2.46964796621469 profile2
456 67.929072 -2.51219660363983 profile2
457 67.937973 -2.56787845590669 profile2
458 67.946874 -2.63597956418557 profile2
459 67.962131 -2.68764963191497 profile2
460 68.103338 -2.71457633281498 profile2
461 68.122257 -2.72405809928544 profile2
462 68.141177 -2.80362248230132 profile2
463 68.410128 -2.87511857857389 profile2
464 68.415239 -2.83320794460815 profile2
465 68.42035 -2.79435636293158 profile2
466 68.640199 -2.75446092059285 profile2
467 68.652056 -2.71578310925546 profile2
468 68.656091 -2.68129645614732 profile2
469 68.660126 -2.65056468604106 profile2
470 68.664161 -2.62336684832737 profile2
471 68.685197 -2.59975378957981 profile2
472 68.806919 -2.59177565308873 profile2
473 68.816104 -2.59179713103379 profile2
474 68.825289 -2.5918369565011 profile2
475 68.885575 -2.59106516455755 profile2
476 68.886394 -2.58966545290374 profile2
477 68.887213 -2.58841187418876 profile2
478 68.888033 -2.58731193740842 profile2
479 68.888852 -2.58637168602698 profile2
480 68.889671 -2.58559511644979 profile2
481 68.89049 -2.58938511732027 profile2
482 68.89131 -2.58777711871871 profile2
483 68.892129 -2.57970846957336 profile2
484 68.987403 -2.46537678434961 profile2
485 69.064645 -1.93334537348807 profile2
486 69.131341 -2.31152338014463 profile2
487 69.198036 -2.32759568376557 profile2
488 69.214855 -2.35830860541144 profile2
489 69.21825 -2.38905300632866 profile2
490 69.221446 -2.41926653835454 profile2
491 69.224642 -2.44838511454859 profile2
492 69.227838 -2.47587490075452 profile2
493 69.231034 -1.38816548887191 profile2
494 69.23423 -1.14927571461589 profile2
495 69.237426 -1.14542070436175 profile2
496 69.240621 -1.14157920743762 profile2
497 69.244859 -1.13775147487566 profile2
498 69.252696 -1.13445000266243 profile2
499 69.260534 -1.13109238829957 profile2
500 69.416362 -0.827551430780063 profile2
501 69.484146 -0.222802396923504 profile2
502 69.505599 -0.233853133204034 profile2
503 69.508945 -0.265058008767166 profile2
504 69.512291 -0.296626495465735 profile2
505 69.515636 -0.328113506498439 profile2
506 69.542556 -0.246018686177273 profile2
507 69.592546 -0.595889306757985 profile2
508 69.66328 -0.535731629532456 profile2
509 69.721392 -0.548056157651118 profile2
510 69.724456 -0.551404520699811 profile2
511 69.727519 -0.554467234575563 profile2
512 69.733033 -0.557232037051069 profile2
513 69.768364 -0.463067498532306 profile2
514 69.782339 -0.349897781956679 profile2
515 69.796313 -0.197155044971803 profile2
516 69.810287 0 profile2
517 69.829176 -0.278499475341439 profile2
518 69.837051 -0.34368573089785 profile2
519 69.844926 -0.43016945907952 profile2
520 69.869428 -0.500840725276017 profile2
521 69.876397 -0.518784745012312 profile2
522 69.876657 -0.527454923559185 profile2
523 69.876917 -0.527405602585176 profile2
524 69.924127 -0.507147900612724 profile2
525 69.978753 -0.478634925176081 profile2
526 70.033378 -0.449764322009053 profile2
527 70.042973 -0.419637390199517 profile2
528 70.043703 -0.388485714014523 profile2
529 70.044434 -0.356480608345421 profile2
530 70.087246 -0.325043312718322 profile2
531 70.141872 -0.295168436321247 profile2
532 70.196497 -0.213041636872283 profile2
533 70.400832 -0.186443363291823 profile2
534 70.421006 -0.165398254488932 profile2
535 70.441181 -0.14288269957144 profile2
536 70.60917 -0.118205358380736 profile2
537 70.612702 -0.0849209411611883 profile2
538 70.616235 -0.00709380381291923 profile2
539 70.661194 0.0438852791225895 profile2
540 70.728481 0.078769762572074 profile2
541 70.750402 0.12625182504897 profile2
542 70.772323 0.203528866454488 profile2
543 70.779053 0.297889381824049 profile2
544 70.782062 0.392734136469067 profile2
545 70.785072 0.483443091865582 profile2
546 71.12066 0.299294789908785 profile2
547 71.198629 0.309362507505969 profile2
548 71.276599 0.318589684884619 profile2
549 71.354568 0.353262129569876 profile2
550 71.418821 0.374253421111849 profile2
551 71.422464 0.426090806612894 profile2
552 71.425934 0.471265259801003 profile2
553 71.429405 0.490044995509009 profile2
554 71.432875 0.499338781258809 profile2
555 71.436346 0.507849922274981 profile2
556 71.439817 0.515599939117696 profile2
557 71.443287 0.522612178632386 profile2
558 71.449172 0.529651604964056 profile2
559 71.46043 0.537907637566923 profile2
560 71.475844 0.546082964389549 profile2
561 71.510771 0.553918855920495 profile2
562 71.658293 0.570092801257395 profile2
563 71.675712 0.598432139839506 profile2
564 71.693132 0.623270167277549 profile2
565 71.782692 0.009020607431575 profile2
566 71.793079 -0.259110570094419 profile2
567 71.803404 -0.458696371235575 profile2
568 71.813729 -0.251369879919116 profile2
569 71.824055 -0.418202199955057 profile2
570 71.83438 -0.617856236509944 profile2
571 71.859513 -0.636192666941663 profile2
572 71.937774 -0.707312737350807 profile2
573 71.945079 -0.763625997383213 profile2
574 71.952385 -0.765824072722356 profile2
575 71.98473 -0.747117774911873 profile2
576 72.012709 -0.739225607820512 profile2
577 72.040688 -0.735431075696071 profile2
578 72.210521 -0.666125173666069 profile2
579 72.314268 -0.530502954265312 profile2
580 72.366456 -0.604286225258323 profile2
581 72.411367 -0.621156784741067 profile2
582 72.450663 -0.642300028022661 profile2
583 72.471305 -0.692839746233953 profile2
584 72.491946 -0.712852779972332 profile2
585 72.512588 -0.724114290788458 profile2
586 72.601385 -0.559124318029432 profile2
587 72.621813 -0.553100917813601 profile2
588 72.642242 -0.554307815906555 profile2
589 72.66267 -0.557806684816247 profile2
590 72.771429 -0.853868527558528 profile2
591 72.883243 -0.862474756849867 profile2
592 72.898448 -0.880484715743009 profile2
593 72.913654 -0.899649341594594 profile2
594 72.928859 -0.919139074979507 profile2
595 72.944065 -0.940008323542761 profile2
596 72.95927 -0.89888540952376 profile2
597 72.974476 -0.727179776900196 profile2
598 72.989681 -0.0120903983940445 profile2
599 72.996574 0.0918511859358368 profile2
600 72.9996 0.0429626918191454 profile2
601 73.002626 0.00527062935120275 profile2
602 73.005652 -0.015294249539696 profile2
603 73.012925 -0.027403721612051 profile2
604 73.023956 -0.0362346552835242 profile2
605 73.034987 -0.0475076726982448 profile2
606 73.046018 -0.0669011895708003 profile2
607 73.057049 -0.0925770790049825 profile2
608 73.06808 -0.123470641228169 profile2
609 73.079353 -0.153463910731901 profile2
610 73.111862 -0.360136962966036 profile2
611 73.146945 -0.445724852759135 profile2
612 73.171837 -0.551937346970285 profile2
613 73.196729 -0.66886664636967 profile2
614 73.629401 -0.675189303074306 profile2
615 74.062073 -0.668879500358274 profile2
616 74.066223 -0.653078510178092 profile2
617 74.070373 -0.637510931291073 profile2
618 74.074523 -0.622200204150883 profile2
619 74.078673 -0.607168226184148 profile2
620 74.082823 -0.578226881560839 profile2
621 74.3761735 -0.59714598275242 profile2
622 74.669524 -0.596729359084417 profile2
623 74.672012 -0.665531017695896 profile2
624 74.674499 -0.763728559854765 profile2
625 74.716248 -0.884618193469878 profile2
626 74.724515 -1.01948008025123 profile2
627 74.732783 -1.15819100015148 profile2
628 75.0995546666667 -1.54214776810254 profile2
629 75.4663263333333 -1.51871671235774 profile2
630 75.833098 -1.49031930755822 profile2
631 75.863363 -1.41214784576347 profile2
632 75.875899 -1.33198128536506 profile2
633 75.888435 -1.29822694069072 profile2
634 75.900971 -1.372154598246 profile2
635 75.903257 -1.46525779847063 profile2
636 75.904489 -1.51277917567503 profile2
637 75.905721 -1.54672280223641 profile2
638 75.917304 -1.58751699235552 profile2
639 76.287653 -1.58954202005928 profile2
640 76.288899 -1.57766789269572 profile2
641 76.290145 -1.56673528155106 profile2
642 76.397032 -1.58589779563113 profile2
643 76.403847 -1.63519489944253 profile2
644 76.410663 -1.69555515372728 profile2
645 76.607927 -1.83696544930251 profile2
646 76.623625 -1.90757072840131 profile2
647 76.633554 -1.99217621756947 profile2
648 76.643483 -2.08434091919174 profile2
649 76.653411 -2.18315583999352 profile2
650 76.66334 -2.2873385900737 profile2
651 76.700004 -2.25485758028479 profile2
