marker_position lod trace
1 67.606765 -4.03241103648611 pleio
2 67.613251 -4.03364240185464 pleio
3 67.619736 -4.03492441062406 pleio
4 67.626222 -4.03625846300096 pleio
5 67.641347 -4.03764280959646 pleio
6 67.654855 -4.03907251674537 pleio
7 67.658769 -4.04044608321159 pleio
8 67.662682 -4.04197447263024 pleio
9 67.666596 -4.0435973233514 pleio
10 67.679986 -4.04526841094116 pleio
11 67.708923 -4.13881749809289 pleio
12 67.715069 -4.25424637787529 pleio
13 67.721215 -4.38155762560044 pleio
14 67.746869 -4.46491518689773 pleio
15 67.778018 -4.46752066656241 pleio
16 67.809168 -4.46858085930607 pleio
17 67.895218 -4.45697607681272 pleio
18 67.900561 -4.44586126108325 pleio
19 67.905905 -4.44448118918615 pleio
20 67.911248 -4.45342981081185 pleio
21 67.920171 -4.44675531946134 pleio
22 67.929072 -4.39897559429011 pleio
23 67.937973 -4.36247503407208 pleio
24 67.946874 -4.33745034190975 pleio
25 67.962131 -4.3597350384908 pleio
26 68.103338 -4.37768291597332 pleio
27 68.122257 -4.38781959497212 pleio
28 68.141177 -4.418127661314 pleio
29 68.410128 -4.46527787676291 pleio
30 68.415239 -4.38408348263646 pleio
31 68.42035 -4.31789518566791 pleio
32 68.640199 -4.25618002029588 pleio
33 68.652056 -4.2010837024502 pleio
34 68.656091 -4.17811975635591 pleio
35 68.660126 -4.18835539057099 pleio
36 68.664161 -4.23135397544402 pleio
37 68.685197 -4.26269049415529 pleio
38 68.806919 -4.2826245275959 pleio
39 68.816104 -4.28506360103641 pleio
40 68.825289 -4.28750133880652 pleio
41 68.885575 -4.29928360042657 pleio
42 68.886394 -4.31966009028442 pleio
43 68.887213 -4.34025372559476 pleio
44 68.888033 -4.36096076275361 pleio
45 68.888852 -4.38168036044295 pleio
46 68.889671 -4.40231374395231 pleio
47 68.89049 -4.45896948653075 pleio
48 68.89131 -4.5292409262765 pleio
49 68.892129 -4.60830813827774 pleio
50 68.987403 -4.44729477261618 pleio
51 69.064645 -2.63293811618676 pleio
52 69.131341 -1.97779518872787 pleio
53 69.198036 -1.955059347622 pleio
54 69.214855 -1.9216254579529 pleio
55 69.21825 -1.89503907595831 pleio
56 69.221446 -1.87576069186698 pleio
57 69.224642 -1.86411990619259 pleio
58 69.227838 -1.86021316115945 pleio
59 69.231034 -0.738172689896117 pleio
60 69.23423 -0.510936664525471 pleio
61 69.237426 -0.485690217946789 pleio
62 69.240621 -0.460664692955776 pleio
63 69.244859 -0.435829799225399 pleio
64 69.252696 -0.411805021529058 pleio
65 69.260534 -0.378371939090569 pleio
66 69.416362 -0.193968233569879 pleio
67 69.484146 0 pleio
68 69.505599 -0.00699247867019208 pleio
69 69.508945 -0.0291263635207032 pleio
70 69.512291 -0.0489299375419023 pleio
71 69.515636 -0.0661661234075109 pleio
72 69.542556 -0.0160225080969456 pleio
73 69.592546 -0.552059211411669 pleio
74 69.66328 -0.529349247486263 pleio
75 69.721392 -0.536512212130701 pleio
76 69.724456 -0.545806862036309 pleio
77 69.727519 -0.55559013454976 pleio
78 69.733033 -0.565850744531568 pleio
79 69.768364 -0.544104048666474 pleio
80 69.782339 -0.538284914746944 pleio
81 69.796313 -0.522152055651521 pleio
82 69.810287 -0.234870206613446 pleio
83 69.829176 -0.289858039434756 pleio
84 69.837051 -0.252282023030294 pleio
85 69.844926 -0.233653985472805 pleio
86 69.869428 -0.223272801690139 pleio
87 69.876397 -0.244060729364427 pleio
88 69.876657 -0.261271087907438 pleio
89 69.876917 -0.271194233466355 pleio
90 69.924127 -0.271412873280332 pleio
91 69.978753 -0.28343546226338 pleio
92 70.033378 -0.327080727043772 pleio
93 70.042973 -0.372669441183661 pleio
94 70.043703 -0.41961381285043 pleio
95 70.044434 -0.467548447506496 pleio
96 70.087246 -0.506797521156344 pleio
97 70.141872 -0.530319882297193 pleio
98 70.196497 -0.485842880196173 pleio
99 70.400832 -0.485962070523684 pleio
100 70.421006 -0.458661538556392 pleio
101 70.441181 -0.433446435737227 pleio
102 70.60917 -0.415697197890114 pleio
103 70.612702 -0.40443661278466 pleio
104 70.616235 -0.370024707633834 pleio
105 70.661194 -0.321566685158584 pleio
106 70.728481 -0.350761313337672 pleio
107 70.750402 -0.410142299958568 pleio
108 70.772323 -0.469305352443404 pleio
109 70.779053 -0.524287934199998 pleio
110 70.782062 -0.570923484870774 pleio
111 70.785072 -0.618362925435816 pleio
112 71.12066 -0.631291164277993 pleio
113 71.198629 -0.614676388126394 pleio
114 71.276599 -0.597569320377743 pleio
115 71.354568 -0.427326083038613 pleio
116 71.418821 -0.836362347131753 pleio
117 71.422464 -1.2197670166004 pleio
118 71.425934 -1.63899143416109 pleio
119 71.429405 -1.80223284502506 pleio
120 71.432875 -1.80703743530044 pleio
121 71.436346 -1.81434667498992 pleio
122 71.439817 -1.824118837415 pleio
123 71.443287 -1.83629295343721 pleio
124 71.449172 -1.83949387617671 pleio
125 71.46043 -1.81850951468692 pleio
126 71.475844 -1.79712423592701 pleio
127 71.510771 -1.77615847377391 pleio
128 71.658293 -1.75590919473734 pleio
129 71.675712 -1.7379754464744 pleio
130 71.693132 -1.72162714318806 pleio
131 71.782692 -1.68975533368758 pleio
132 71.793079 -1.86905918931998 pleio
133 71.803404 -1.9096626058198 pleio
134 71.813729 -1.57647219336878 pleio
135 71.824055 -1.43858767077831 pleio
136 71.83438 -1.6249827441808 pleio
137 71.859513 -1.68694103067642 pleio
138 71.937774 -1.76963130669401 pleio
139 71.945079 -1.7099762508042 pleio
140 71.952385 -1.67269740664516 pleio
141 71.98473 -1.66248229251772 pleio
142 72.012709 -1.64433292068466 pleio
143 72.040688 -1.63708619923882 pleio
144 72.210521 -1.70865424232424 pleio
145 72.314268 -1.5531217555209 pleio
146 72.366456 -1.56450401852577 pleio
147 72.411367 -1.54457237146189 pleio
148 72.450663 -1.51840354008836 pleio
149 72.471305 -1.45445962399716 pleio
150 72.491946 -1.26135347992324 pleio
151 72.512588 -1.01493866448785 pleio
152 72.601385 -1.06632551322408 pleio
153 72.621813 -1.15278976465468 pleio
154 72.642242 -1.1636845694181 pleio
155 72.66267 -1.1756543132665 pleio
156 72.771429 -0.975527712405125 pleio
157 72.883243 -0.997673207554124 pleio
158 72.898448 -1.03109034921733 pleio
159 72.913654 -1.06544063457056 pleio
160 72.928859 -1.09963086213007 pleio
161 72.944065 -1.13593845628818 pleio
162 72.95927 -1.15903932437146 pleio
163 72.974476 -1.19545915150388 pleio
164 72.989681 -2.51963148731655 pleio
165 72.996574 -2.47171217875639 pleio
166 72.9996 -2.44081956624259 pleio
167 73.002626 -2.45219322129989 pleio
168 73.005652 -2.4686283244993 pleio
169 73.012925 -2.48386526271739 pleio
170 73.023956 -2.49888609564297 pleio
171 73.034987 -2.51474953172623 pleio
172 73.046018 -2.53546472937971 pleio
173 73.057049 -2.5591365149397 pleio
174 73.06808 -2.58501533802035 pleio
175 73.079353 -2.61711851130529 pleio
176 73.111862 -3.08572572635244 pleio
177 73.146945 -3.12590489394776 pleio
178 73.171837 -3.1017865321382 pleio
179 73.196729 -3.06950618190805 pleio
180 73.629401 -3.0820913013873 pleio
181 74.062073 -3.04813360502129 pleio
182 74.066223 -3.02237700770789 pleio
183 74.070373 -2.99640041023963 pleio
184 74.074523 -2.97029602202374 pleio
185 74.078673 -2.94415614108727 pleio
186 74.082823 -2.88231143981378 pleio
187 74.3761735 -2.90641283992411 pleio
188 74.669524 -2.87964782951774 pleio
189 74.672012 -2.84340984940192 pleio
190 74.674499 -2.8401382966562 pleio
191 74.716248 -2.86571535587395 pleio
192 74.724515 -2.91336082484168 pleio
193 74.732783 -2.84212673777352 pleio
194 75.0995546666667 -2.74346195294232 pleio
195 75.4663263333333 -2.78759343430972 pleio
196 75.833098 -2.63750593366235 pleio
197 75.863363 -2.57572030185191 pleio
198 75.875899 -2.52018028498641 pleio
199 75.888435 -2.54995846187244 pleio
200 75.900971 -2.7642689306313 pleio
201 75.903257 -3.0147179094065 pleio
202 75.904489 -3.04067878846805 pleio
203 75.905721 -3.0095198890493 pleio
204 75.917304 -3.0121932182332 pleio
205 76.287653 -3.02324013752612 pleio
206 76.288899 -3.03654711954015 pleio
207 76.290145 -3.04725001180654 pleio
208 76.397032 -3.07209886334086 pleio
209 76.403847 -3.11386991414919 pleio
210 76.410663 -3.13801393763605 pleio
211 76.607927 -2.95958978028073 pleio
212 76.623625 -3.101682503991 pleio
213 76.633554 -3.26380410409016 pleio
214 76.643483 -3.45432147508788 pleio
215 76.653411 -3.67125922583795 pleio
216 76.66334 -3.91161453269463 pleio
217 76.700004 -4.18071608688734 pleio
218 68.664161 0.679481804991632 profile1
219 68.685197 0.652896089603284 profile1
220 68.806919 0.633624718413327 profile1
221 68.816104 0.631020422595576 profile1
222 68.825289 0.628422751007033 profile1
223 68.885575 0.615932029646608 profile1
224 68.886394 0.594278947306866 profile1
225 68.887213 0.572349892752236 profile1
226 68.888033 0.550255186376349 profile1
227 68.888852 0.528102330046267 profile1
228 68.889671 0.505996443211692 profile1
229 68.89049 0.433005245141993 profile1
230 68.89131 0.347190397470568 profile1
231 68.892129 0.254858886141619 profile1
232 68.987403 0.183559460955646 profile1
233 69.064645 0.931113851411922 profile1
234 69.131341 0.827822711520361 profile1
235 69.198036 0.833346521466669 profile1
236 69.214855 0.847949885860125 profile1
237 69.21825 0.857214985760518 profile1
238 69.221446 0.860780244561256 profile1
239 69.224642 0.858362316667692 profile1
240 69.227838 0.849895652835857 profile1
241 69.231034 1.51181845223644 profile1
242 69.23423 1.61545818054789 profile1
243 69.237426 1.63554575422609 profile1
244 69.240621 1.65540760149512 profile1
245 69.244859 1.67509061919519 profile1
246 69.252696 1.69458044847557 profile1
247 69.260534 1.72407020043821 profile1
248 69.416362 1.73567761432757 profile1
249 69.484146 1.78853121284316 profile1
250 69.505599 1.78950462618421 profile1
251 69.508945 1.79083908194784 profile1
252 69.512291 1.79203928064103 profile1
253 69.515636 1.79308414088136 profile1
254 69.542556 1.74669666458367 profile1
255 69.592546 0.572692449684534 profile1
256 69.66328 0.559184460244402 profile1
257 69.721392 0.537286572243906 profile1
258 69.724456 0.518251744491364 profile1
259 69.727519 0.498889423452702 profile1
260 69.733033 0.479228130235363 profile1
261 69.768364 0.452489994760803 profile1
262 69.782339 0.38730303301452 profile1
263 69.810287 -0.05713758589786 profile1
264 69.829176 -0.258056428514862 profile1
265 69.837051 -0.252282023030294 profile1
266 69.844926 -0.232733732954611 profile1
267 69.869428 -0.208930796646646 profile1
268 69.876397 -0.196762027653488 profile1
269 69.876657 -0.17935104878849 profile1
270 69.876917 -0.152462351060467 profile1
271 69.924127 -0.167724378366898 profile1
272 69.978753 -0.202138075790673 profile1
273 70.033378 -0.239873730281951 profile1
274 70.042973 -0.279076297421456 profile1
275 70.043703 -0.318936497760761 profile1
276 70.044434 -0.359029962836043 profile1
277 70.087246 -0.389340735135081 profile1
278 70.141872 -0.402664611032017 profile1
279 70.196497 -0.358772397284408 profile1
280 70.400832 -0.356919678869294 profile1
281 70.421006 -0.338025252379244 profile1
282 70.441181 -0.322223901081045 profile1
283 70.60917 -0.30750018256607 profile1
284 70.612702 -0.265069007803376 profile1
285 70.616235 -0.235160746076775 profile1
286 70.661194 -0.169891756538848 profile1
287 70.728481 -0.195948273603662 profile1
288 70.750402 -0.254621594225922 profile1
289 70.772323 -0.31177440198864 profile1
290 70.779053 -0.364654133954534 profile1
291 70.782062 -0.410896998645641 profile1
292 70.785072 -0.455815586616101 profile1
293 71.12066 -0.404726692295745 profile1
294 71.198629 -0.396288133378949 profile1
295 71.276599 -0.387679589726377 profile1
296 71.354568 -0.375233252180481 profile1
297 71.418821 -0.436190795569449 profile1
298 71.422464 -0.479735316050091 profile1
299 71.425934 -0.585129339912932 profile1
300 71.429405 -0.639468391832825 profile1
301 71.432875 -0.637750471192945 profile1
302 71.436346 -0.637648762645615 profile1
303 71.439817 -0.639165167189165 profile1
304 71.443287 -0.64228518608621 profile1
305 71.449172 -0.643432342035585 profile1
306 71.46043 -0.637611550643855 profile1
307 71.475844 -0.632363890950354 profile1
308 71.510771 -0.62761434664419 profile1
309 71.658293 -0.624662125730632 profile1
310 71.675712 -0.625001326023392 profile1
311 71.693132 -0.624067103046409 profile1
312 71.782692 -0.104706859766286 profile1
313 71.793079 -0.303446882403601 profile1
314 71.803404 -0.478126115362555 profile1
315 71.813729 -0.0957032716232162 profile1
316 71.824055 0.567582921832853 profile1
317 71.83438 0.621561640389538 profile1
318 71.859513 0.610797607711533 profile1
319 71.937774 0.592739132086257 profile1
320 71.945079 0.576043533531733 profile1
321 71.952385 0.596833343684425 profile1
322 71.98473 0.61821266715575 profile1
323 72.012709 0.65143792647372 profile1
324 72.040688 0.679827395446014 profile1
325 72.210521 0.546824344771694 profile1
326 72.314268 0.376427216026222 profile1
327 72.366456 0.382495182025181 profile1
328 72.411367 0.399007184859066 profile1
329 72.450663 0.420165882444171 profile1
330 72.471305 0.466483001173063 profile1
331 72.491946 0.574360365950384 profile1
332 72.512588 0.713865482881698 profile1
333 72.601385 0.736181363746782 profile1
334 72.621813 0.688263643139761 profile1
335 72.642242 0.682519943979603 profile1
336 72.66267 0.676669584141928 profile1
337 72.771429 0.877381605686887 profile1
338 72.883243 0.860786921531505 profile1
339 72.898448 0.841447444710236 profile1
340 72.913654 0.8222507963266 profile1
341 72.928859 0.803867308949308 profile1
342 72.944065 0.785039397601315 profile1
343 72.95927 0.788025975753127 profile1
344 72.974476 0.803377145927325 profile1
345 67.606765 0.965588585725707 profile1
346 67.613251 0.963818793524288 profile1
347 67.619736 0.962033433741733 profile1
348 67.626222 0.960230889601508 profile1
349 67.641347 0.958412316832057 profile1
350 67.654855 0.956592620649213 profile1
351 67.658769 0.9550357992511 profile1
352 67.662682 0.953331421304541 profile1
353 67.666596 0.95155433555479 profile1
354 67.679986 0.949763641416288 profile1
355 67.708923 0.814510546691633 profile1
356 67.715069 0.654007686900405 profile1
357 67.721215 0.483134997675492 profile1
358 67.746869 0.353372383161862 profile1
359 67.778018 0.349325839401933 profile1
360 67.809168 0.351145492501453 profile1
361 67.895218 0.351939804839739 profile1
362 67.900561 0.338610504471012 profile1
363 67.905905 0.314713285657421 profile1
364 67.911248 0.280032633704714 profile1
365 67.920171 0.261056945436274 profile1
366 67.929072 0.282578353291168 profile1
367 67.937973 0.291704616048446 profile1
368 67.946874 0.288657950249478 profile1
369 67.962131 0.272522461440941 profile1
370 68.103338 0.262732703129221 profile1
371 68.122257 0.259147231489278 profile1
372 68.141177 0.316904550564036 profile1
373 68.410128 0.369665460350295 profile1
374 68.415239 0.474066079648791 profile1
375 68.42035 0.558155368477306 profile1
376 68.640199 0.628158022960114 profile1
377 68.652056 0.687002058059459 profile1
378 68.656091 0.715595427640415 profile1
379 68.660126 0.712959427642482 profile1
380 69.796313 0.302531266999108 profile1
381 72.989681 -0.878859854194437 profile1
382 72.996574 -1.03799973971589 profile1
383 72.9996 -1.02902933318731 profile1
384 73.002626 -1.03306142367402 profile1
385 73.005652 -1.05302254764263 profile1
386 73.012925 -1.07268144546383 profile1
387 73.023956 -1.0929000358819 profile1
388 73.034987 -1.11444315975145 profile1
389 73.046018 -1.15444707168345 profile1
390 73.057049 -1.19856823848547 profile1
391 73.06808 -1.24319463292342 profile1
392 73.079353 -1.28783686591462 profile1
393 73.111862 -1.58704376961895 profile1
394 73.146945 -1.58653033863549 profile1
395 74.070373 -1.71522281697585 profile1
396 74.074523 -1.6956430661729 profile1
397 74.078673 -1.67667266899578 profile1
398 74.674499 -1.73889003853126 profile1
399 74.716248 -1.78672602151933 profile1
400 74.724515 -1.83176024951256 profile1
401 74.732783 -1.88151533680393 profile1
402 75.863363 -1.5932425735445 profile1
403 75.875899 -1.56792626232804 profile1
404 75.888435 -1.50375367420526 profile1
405 75.900971 -1.38545973748237 profile1
406 75.903257 -1.30341465787772 profile1
407 75.904489 -1.25580982752538 profile1
408 75.905721 -1.24437755483034 profile1
409 75.917304 -1.26779873371842 profile1
410 76.287653 -1.24409274679149 profile1
411 76.288899 -1.19891686268401 profile1
412 76.290145 -1.15362226887462 profile1
413 76.397032 -1.14274199827008 profile1
414 76.403847 -1.16279874778481 profile1
415 76.410663 -1.17860601511052 profile1
416 76.607927 -0.65298606545782 profile1
417 76.623625 -0.75052387222187 profile1
418 73.171837 -1.68176288817867 profile1
419 73.196729 -1.75684645796385 profile1
420 73.629401 -1.78966306540836 profile1
421 74.062073 -1.75469767061969 profile1
422 74.066223 -1.73528258186033 profile1
423 74.082823 -1.61936763828518 profile1
424 74.3761735 -1.65698338254122 profile1
425 74.669524 -1.65037936436531 profile1
426 74.672012 -1.69285436982049 profile1
427 75.0995546666667 -1.64661167238659 profile1
428 75.4663263333333 -1.67268171644309 profile1
429 75.833098 -1.61179658260631 profile1
430 76.633554 -0.984640120363661 profile1
431 76.643483 -1.24381005069095 profile1
432 76.653411 -1.52764027757689 profile1
433 76.66334 -1.83233584272031 profile1
434 76.700004 -2.22652933569463 profile1
435 67.606765 -4.03241103648611 profile2
436 67.613251 -4.03193270862835 profile2
437 67.619736 -4.03148792130647 profile2
438 67.626222 -4.03107642324366 profile2
439 67.641347 -4.03069756061296 profile2
440 67.654855 -4.03035683107036 profile2
441 67.658769 -4.03013380248545 profile2
442 67.662682 -4.02994923729904 profile2
443 67.666596 -4.02979994731914 profile2
444 67.679986 -4.02968415015314 profile2
445 67.708923 -3.99392634619132 profile2
446 67.715069 -3.95167118463611 profile2
447 67.721215 -3.90689508067605 profile2
448 67.746869 -3.85712051628874 profile2
449 67.778018 -3.85544734480467 profile2
450 67.809168 -3.85884041477157 profile2
451 67.895218 -3.83798748718628 profile2
452 67.900561 -3.80042194184589 profile2
453 67.905905 -3.76732598567701 profile2
454 67.911248 -3.73932353326668 profile2
455 67.920171 -3.71929778111047 profile2
456 67.929072 -3.70751982590013 profile2
457 67.937973 -3.69823681093067 profile2
458 67.946874 -3.69161321114598 profile2
459 67.962131 -3.70405968492199 profile2
460 68.103338 -3.71365035620111 profile2
461 68.122257 -3.71898581703374 profile2
462 68.141177 -3.80341313847837 profile2
463 68.410128 -3.89650161694369 profile2
464 68.415239 -3.88154756900003 profile2
465 68.42035 -3.86367156159668 profile2
466 68.640199 -3.83405787106883 profile2
467 68.652056 -3.79779005276782 profile2
468 68.656091 -3.7644630428317 profile2
469 68.660126 -3.73471575994044 profile2
470 68.664161 -3.70898953917336 profile2
471 68.685197 -3.68369381445381 profile2
472 68.806919 -3.67258253672035 profile2
473 68.816104 -3.67230260756468 profile2
474 68.825289 -3.6720215476783 profile2
475 68.885575 -3.67064958727519 profile2
476 68.886394 -3.66833074804498 profile2
477 68.887213 -3.66606386321913 profile2
478 68.888033 -3.66384661879457 profile2
479 68.888852 -3.661676658728 profile2
480 68.889671 -3.65955153383795 profile2
481 68.89049 -3.64488536218222 profile2
482 68.89131 -3.63059500113562 profile2
483 68.892129 -3.61779558032883 profile2
484 68.987403 -3.3820269387324 profile2
485 69.064645 -2.13938658604114 profile2
486 69.131341 -1.27824207813939 profile2
487 69.198036 -1.26527048815507 profile2
488 69.214855 -1.25090800296813 profile2
489 69.21825 -1.23727035971219 profile2
490 69.221446 -1.22446171036385 profile2
491 69.224642 -1.21252535533638 profile2
492 69.227838 -1.20149561286519 profile2
493 69.231034 -0.441881169595958 profile2
494 69.23423 -0.29806378086805 profile2
495 69.237426 -0.291551251280361 profile2
496 69.240621 -0.28503879420373 profile2
497 69.244859 -0.278553187801878 profile2
498 69.252696 -0.272687354472691 profile2
499 69.260534 -0.266992397917526 profile2
500 69.416362 -0.118596160894134 profile2
501 69.484146 0.00277632883922832 profile2
502 69.505599 -0.00453343183059384 profile2
503 69.508945 -0.0274073556170278 profile2
504 69.512291 -0.0480535312451715 profile2
505 69.515636 -0.0661661234075109 profile2
506 69.542556 0.0424105447883966 profile2
507 69.592546 0.682080817500816 profile2
508 69.66328 0.71499390012234 profile2
509 69.721392 0.726724968017995 profile2
510 69.724456 0.735154213018398 profile2
511 69.727519 0.743444815614907 profile2
512 69.733033 0.751587740747006 profile2
513 69.768364 0.824962997600572 profile2
514 69.782339 0.918060752198175 profile2
515 69.796313 1.01036875093907 profile2
516 69.810287 1.58921386382831 profile2
517 69.829176 1.76228164481313 profile2
518 69.837051 1.79308414088136 profile2
519 69.844926 1.7913950778557 profile2
520 69.869428 1.77740043804984 profile2
521 69.876397 1.74362925501771 profile2
522 69.876657 1.70738308854938 profile2
523 69.876917 1.66788685611861 profile2
524 69.924127 1.67704630103155 profile2
525 69.978753 1.69429573277936 profile2
526 70.033378 1.68598414149005 profile2
527 70.042973 1.67683887206525 profile2
528 70.043703 1.66669886480546 profile2
529 70.044434 1.65559792560201 profile2
530 70.087246 1.64414462463078 profile2
531 70.141872 1.63298515998016 profile2
532 70.196497 1.63485827560332 profile2
533 70.400832 1.63517928751184 profile2
534 70.421006 1.64872280112286 profile2
535 70.441181 1.6622406457339 profile2
536 70.60917 1.6685200650988 profile2
537 70.612702 1.63927006738665 profile2
538 70.616235 1.64370843669839 profile2
539 70.661194 1.62590675222071 profile2
540 70.728481 1.62533725879269 profile2
541 70.750402 1.62477387128499 profile2
542 70.772323 1.62293480306263 profile2
543 70.779053 1.62123404870175 profile2
544 70.782062 1.62138893430454 profile2
545 70.785072 1.61928825242266 profile2
546 71.12066 1.46773360921831 profile2
547 71.198629 1.47865732744762 profile2
548 71.276599 1.49000371148561 profile2
549 71.354568 1.64686575421695 profile2
550 71.418821 1.26577114267181 profile2
551 71.422464 0.897449951251785 profile2
552 71.425934 0.540323662743414 profile2
553 71.429405 0.413179367118796 profile2
554 71.432875 0.40954051867236 profile2
555 71.436346 0.405365348362157 profile2
556 71.439817 0.400678003953392 profile2
557 71.443287 0.395504756992316 profile2
558 71.449172 0.396473792364094 profile2
559 71.46043 0.412165738596073 profile2
560 71.475844 0.428897610684938 profile2
561 71.510771 0.445631629842483 profile2
562 71.658293 0.463685702310554 profile2
563 71.675712 0.482815806323673 profile2
564 71.693132 0.498624316637506 profile2
565 71.782692 -0.0162480397617454 profile2
566 71.793079 -0.0222739322221405 profile2
567 71.803404 0.0724767996166816 profile2
568 71.813729 0.0724718274301124 profile2
569 71.824055 -0.561227906495885 profile2
570 71.83438 -0.874648499132797 profile2
571 71.859513 -0.920025171574584 profile2
572 71.937774 -0.980272285074593 profile2
573 71.945079 -0.914276436132327 profile2
574 71.952385 -0.894715934285471 profile2
575 71.98473 -0.900028657502335 profile2
576 72.012709 -0.914554724666357 profile2
577 72.040688 -0.934654953981517 profile2
578 72.210521 -0.934725767604079 profile2
579 72.314268 -0.588305208441671 profile2
580 72.366456 -0.605212266366262 profile2
581 72.411367 -0.599876936632499 profile2
582 72.450663 -0.59335278788594 profile2
583 72.471305 -0.575841022829202 profile2
584 72.491946 -0.483113340668756 profile2
585 72.512588 -0.358605458548256 profile2
586 72.601385 -0.434152319303709 profile2
587 72.621813 -0.474622693061671 profile2
588 72.642242 -0.47618109995668 profile2
589 72.66267 -0.478598008269363 profile2
590 72.771429 -0.602505447456574 profile2
591 72.883243 -0.607406019147091 profile2
592 72.898448 -0.624673462881467 profile2
593 72.913654 -0.642686823791614 profile2
594 72.928859 -0.660992406417833 profile2
595 72.944065 -0.680795736956154 profile2
596 72.95927 -0.738611336472185 profile2
597 72.974476 -0.89401757229736 profile2
598 72.989681 -1.0232434000199 profile2
599 72.996574 -0.877854605904936 profile2
600 72.9996 -0.847672302701402 profile2
601 73.002626 -0.852045597639543 profile2
602 73.005652 -0.851480477454719 profile2
603 73.012925 -0.849724155573909 profile2
604 73.023956 -0.846899359472686 profile2
605 73.034987 -0.843343625664879 profile2
606 73.046018 -0.824153009776356 profile2
607 73.057049 -0.802942464519407 profile2
608 73.06808 -0.782878279047179 profile2
609 73.079353 -0.769288980198569 profile2
610 73.111862 -0.837756147746069 profile2
611 73.146945 -0.813417855145226 profile2
612 73.171837 -0.685373222395852 profile2
613 73.196729 -0.529404066914303 profile2
614 73.629401 -0.501559583366789 profile2
615 74.062073 -0.503937966019723 profile2
616 74.066223 -0.496828959645479 profile2
617 74.070373 -0.489319947095532 profile2
618 74.074523 -0.481433102764686 profile2
619 74.078673 -0.473194948945465 profile2
620 74.082823 -0.43961004160459 profile2
621 74.3761735 -0.44249007620192 profile2
622 74.669524 -0.402815807469831 profile2
623 74.672012 -0.321537863310034 profile2
624 74.674499 -0.267158207597678 profile2
625 74.716248 -0.2398699659945 profile2
626 74.724515 -0.237036035831654 profile2
627 74.732783 -0.106742115666 profile2
628 75.0995546666667 -0.210004025002382 profile2
629 75.4663263333333 -0.235929053684057 profile2
630 75.833098 -0.124501666237841 profile2
631 75.863363 -0.0805354754291688 profile2
632 75.875899 -0.052573816846257 profile2
633 75.888435 -0.159042904682292 profile2
634 75.900971 -0.52829858085869 profile2
635 75.903257 -0.902923650468761 profile2
636 75.904489 -1.01329803453852 profile2
637 75.905721 -1.03218654476214 profile2
638 75.917304 -1.05437346216136 profile2
639 76.287653 -1.09784919407043 profile2
640 76.288899 -1.15285596666914 profile2
641 76.290145 -1.20329393220864 profile2
642 76.397032 -1.23096703559388 profile2
643 76.403847 -1.23950811334666 profile2
644 76.410663 -1.23079794654131 profile2
645 76.607927 -1.5622534992756 profile2
646 76.623625 -1.6462804524929 profile2
647 76.633554 -1.60945329310597 profile2
648 76.643483 -1.57525067718155 profile2
649 76.653411 -1.54373901082599 profile2
650 76.66334 -1.51495756703429 profile2
651 76.700004 -1.44692393160473 profile2
