marker_position lod trace
1 67.606765 -7.93791285679035 pleio
2 67.613251 -7.93647214857513 pleio
3 67.619736 -7.93508934901127 pleio
4 67.626222 -7.93376527525034 pleio
5 67.641347 -7.93250056888056 pleio
6 67.654855 -7.93127691532409 pleio
7 67.658769 -7.92978850986754 pleio
8 67.662682 -7.92847124824919 pleio
9 67.666596 -7.9272640520538 pleio
10 67.679986 -7.92611651883025 pleio
11 67.708923 -7.91994981134389 pleio
12 67.715069 -7.91164444231358 pleio
13 67.721215 -7.90197320919599 pleio
14 67.746869 -7.87909408123729 pleio
15 67.778018 -7.8764637935975 pleio
16 67.809168 -7.87420173057453 pleio
17 67.895218 -7.75423898288542 pleio
18 67.900561 -7.56952602346442 pleio
19 67.905905 -7.38749069979862 pleio
20 67.911248 -7.21069175568339 pleio
21 67.920171 -7.05991139082365 pleio
22 67.929072 -6.95712533317319 pleio
23 67.937973 -6.868181109613 pleio
24 67.946874 -6.79368964693817 pleio
25 67.962131 -6.77987755283371 pleio
26 68.103338 -6.78144781464578 pleio
27 68.122257 -6.78522601963715 pleio
28 68.141177 -6.81858671568296 pleio
29 68.410128 -6.85080765515404 pleio
30 68.415239 -6.77057067713464 pleio
31 68.42035 -6.68358396760032 pleio
32 68.640199 -6.61037760985231 pleio
33 68.652056 -6.56837148168727 pleio
34 68.656091 -6.53612986205371 pleio
35 68.660126 -6.51211486104781 pleio
36 68.664161 -6.49453289685508 pleio
37 68.685197 -6.51164785611275 pleio
38 68.806919 -6.52085421801371 pleio
39 68.816104 -6.5201496900719 pleio
40 68.825289 -6.5194786690721 pleio
41 68.885575 -6.50997020191116 pleio
42 68.886394 -6.49253167467209 pleio
43 68.887213 -6.47499345700986 pleio
44 68.888033 -6.45741748570991 pleio
45 68.888852 -6.43986689561009 pleio
46 68.889671 -6.42240470701912 pleio
47 68.89049 -6.42902200848334 pleio
48 68.89131 -6.43092217116568 pleio
49 68.892129 -6.42575057127547 pleio
50 68.987403 -6.22522895524365 pleio
51 69.064645 -5.11040645386424 pleio
52 69.131341 -5.37349998711093 pleio
53 69.198036 -5.36935210213431 pleio
54 69.214855 -5.36471881207034 pleio
55 69.21825 -5.36104886882985 pleio
56 69.221446 -5.35844978586543 pleio
57 69.224642 -5.35691281198676 pleio
58 69.227838 -5.35642287297018 pleio
59 69.231034 -4.68974070268042 pleio
60 69.23423 -4.65632152060527 pleio
61 69.237426 -4.65369678416297 pleio
62 69.240621 -4.6509417712166 pleio
63 69.244859 -4.64811564414993 pleio
64 69.252696 -4.64555705342403 pleio
65 69.260534 -4.64213635746366 pleio
66 69.416362 -4.62619092206531 pleio
67 69.484146 -4.77849347327289 pleio
68 69.505599 -4.7832667034148 pleio
69 69.508945 -4.79962930845281 pleio
70 69.512291 -4.81811517459392 pleio
71 69.515636 -4.83842768456088 pleio
72 69.542556 -4.79752603793193 pleio
73 69.592546 -5.33140069687328 pleio
74 69.66328 -5.38581346743333 pleio
75 69.721392 -5.39634050043299 pleio
76 69.724456 -5.39654374928604 pleio
77 69.727519 -5.39655092292563 pleio
78 69.733033 -5.39634518285217 pleio
79 69.768364 -5.15562198104952 pleio
80 69.782339 -4.78650040939239 pleio
81 69.796313 -4.31452227072397 pleio
82 69.810287 -1.68974368833228 pleio
83 69.829176 -1.48390617862333 pleio
84 69.837051 -1.33428177821531 pleio
85 69.844926 -1.23262447076779 pleio
86 69.869428 -1.14938421013328 pleio
87 69.876397 -1.09827306360834 pleio
88 69.876657 -1.06195298358733 pleio
89 69.876917 -1.0422316174876 pleio
90 69.924127 -1.01074485655991 pleio
91 69.978753 -0.978908334523071 pleio
92 70.033378 -0.929512134035576 pleio
93 70.042973 -0.881949397328345 pleio
94 70.043703 -0.836191993850793 pleio
95 70.044434 -0.79219527931518 pleio
96 70.087246 -0.740059552906521 pleio
97 70.141872 -0.672359336051787 pleio
98 70.196497 -0.626953985945299 pleio
99 70.400832 -0.58037379816111 pleio
100 70.421006 -0.553305532461297 pleio
101 70.441181 -0.52801677700011 pleio
102 70.60917 -0.507296016245908 pleio
103 70.612702 -0.50278441168314 pleio
104 70.616235 -0.453786859268313 pleio
105 70.661194 -0.43466986216157 pleio
106 70.728481 -0.381736275819364 pleio
107 70.750402 -0.28858036323972 pleio
108 70.772323 -0.198841427440391 pleio
109 70.779053 -0.12114719661759 pleio
110 70.782062 -0.0626812904893031 pleio
111 70.785072 0 pleio
112 71.12066 -0.954748282552491 pleio
113 71.198629 -0.934310369526287 pleio
114 71.276599 -0.914022409640449 pleio
115 71.354568 -0.669975609925337 pleio
116 71.418821 -0.889972990037093 pleio
117 71.422464 -1.30407794082169 pleio
118 71.425934 -1.81875680722627 pleio
119 71.429405 -2.00227819241114 pleio
120 71.432875 -1.9750371026442 pleio
121 71.436346 -1.95009548258521 pleio
122 71.439817 -1.92745891833888 pleio
123 71.443287 -1.9071274538576 pleio
124 71.449172 -1.87499897821412 pleio
125 71.46043 -1.81289436112009 pleio
126 71.475844 -1.75080270322983 pleio
127 71.510771 -1.69011063916204 pleio
128 71.658293 -1.62899883754513 pleio
129 71.675712 -1.56700331493093 pleio
130 71.693132 -1.50949833440777 pleio
131 71.782692 -2.0480420647931 pleio
132 71.793079 -2.27336753016994 pleio
133 71.803404 -2.05318755757538 pleio
134 71.813729 -1.69905944423335 pleio
135 71.824055 -2.05476909516003 pleio
136 71.83438 -2.33287101551408 pleio
137 71.859513 -2.38399274754959 pleio
138 71.937774 -2.59464234206219 pleio
139 71.945079 -2.68702295224637 pleio
140 71.952385 -2.73845561874478 pleio
141 71.98473 -2.74911109759546 pleio
142 72.012709 -2.78116904488095 pleio
143 72.040688 -2.82599556786802 pleio
144 72.210521 -2.75726528906514 pleio
145 72.314268 -2.75784959211022 pleio
146 72.366456 -2.93223269423876 pleio
147 72.411367 -2.90362828668017 pleio
148 72.450663 -2.87109518407309 pleio
149 72.471305 -2.82900423159322 pleio
150 72.491946 -2.72288093836638 pleio
151 72.512588 -2.63356246493405 pleio
152 72.601385 -2.85710762908155 pleio
153 72.621813 -2.80389198339394 pleio
154 72.642242 -2.80447925354985 pleio
155 72.66267 -2.80531442817956 pleio
156 72.771429 -3.7981062156344 pleio
157 72.883243 -3.80056936333942 pleio
158 72.898448 -3.77931926318086 pleio
159 72.913654 -3.75779582274131 pleio
160 72.928859 -3.73597314548481 pleio
161 72.944065 -3.71183701232577 pleio
162 72.95927 -3.66830753029261 pleio
163 72.974476 -3.87398764375722 pleio
164 72.989681 -4.45224977352394 pleio
165 72.996574 -4.31612833426783 pleio
166 72.9996 -4.12605430694847 pleio
167 73.002626 -3.99302707868513 pleio
168 73.005652 -3.91882557914884 pleio
169 73.012925 -3.8494218366692 pleio
170 73.023956 -3.78474880864517 pleio
171 73.034987 -3.72460668644903 pleio
172 73.046018 -3.6847077034063 pleio
173 73.057049 -3.65924246249724 pleio
174 73.06808 -3.64611185998178 pleio
175 73.079353 -3.63556131317908 pleio
176 73.111862 -3.01326220180223 pleio
177 73.146945 -3.05114441322375 pleio
178 73.171837 -3.14189147596306 pleio
179 73.196729 -3.27685480132385 pleio
180 73.629401 -3.21103601451612 pleio
181 74.062073 -3.26718865681535 pleio
182 74.066223 -3.25361203291248 pleio
183 74.070373 -3.2416223168551 pleio
184 74.074523 -3.23125941507854 pleio
185 74.078673 -3.22255065954943 pleio
186 74.082823 -3.19541867923139 pleio
187 74.3761735 -3.19569277812321 pleio
188 74.669524 -3.16777008923529 pleio
189 74.672012 -3.02314517881069 pleio
190 74.674499 -2.89436991228715 pleio
191 74.716248 -2.7841260237982 pleio
192 74.724515 -2.69518289952343 pleio
193 74.732783 -2.52177917009528 pleio
194 75.0995546666667 -4.84971539267331 pleio
195 75.4663263333333 -4.86100183706625 pleio
196 75.833098 -4.81989912238126 pleio
197 75.863363 -4.81228158774585 pleio
198 75.875899 -4.81843634362922 pleio
199 75.888435 -4.92185804669543 pleio
200 75.900971 -5.22821880362302 pleio
201 75.903257 -5.56507181421831 pleio
202 75.904489 -5.73782524390543 pleio
203 75.905721 -5.85005032984449 pleio
204 75.917304 -5.96813549949138 pleio
205 76.287653 -6.06053426090209 pleio
206 76.288899 -6.15289060963057 pleio
207 76.290145 -6.24660650602423 pleio
208 76.397032 -6.29366082087068 pleio
209 76.403847 -6.2889083304056 pleio
210 76.410663 -6.26261158023439 pleio
211 76.607927 -6.09214266430421 pleio
212 76.623625 -6.08038950103723 pleio
213 76.633554 -6.07004317772 pleio
214 76.643483 -6.06550541700446 pleio
215 76.653411 -6.06599288187624 pleio
216 76.66334 -6.07068237432501 pleio
217 76.700004 -6.19993700583619 pleio
218 73.079353 -1.52230139470297 profile1
219 75.0995546666667 -2.3098576070235 profile1
220 75.4663263333333 -2.30979371147762 profile1
221 75.833098 -2.32492655643835 profile1
222 75.863363 -2.34316729935055 profile1
223 75.875899 -2.36847133379855 profile1
224 75.888435 -2.40951105483196 profile1
225 75.900971 -2.48989571412306 profile1
226 75.903257 -2.59153504130658 profile1
227 75.904489 -2.62489962170431 profile1
228 75.905721 -2.62870413360382 profile1
229 75.917304 -2.62939153844519 profile1
230 76.287653 -2.61452273857676 profile1
231 76.288899 -2.60176202596369 profile1
232 76.290145 -2.58890452811852 profile1
233 76.397032 -2.56879149173658 profile1
234 76.403847 -2.55955869694535 profile1
235 76.410663 -2.589247518632 profile1
236 76.607927 -2.69331536767113 profile1
237 76.623625 -2.75533071645471 profile1
238 76.633554 -2.79241589455556 profile1
239 76.643483 -2.8293933672688 profile1
240 76.653411 -2.86509899696058 profile1
241 76.66334 -2.8985311153794 profile1
242 76.700004 -3.0148885343465 profile1
243 67.606765 -4.54602784250026 profile1
244 67.613251 -4.54400167604412 profile1
245 67.619736 -4.54201712897959 profile1
246 67.626222 -4.54007453967908 profile1
247 67.641347 -4.53817528638031 profile1
248 67.654855 -4.53631075769967 profile1
249 67.658769 -4.5343467782089 profile1
250 67.662682 -4.53236967337231 profile1
251 67.666596 -4.53041092998785 profile1
252 67.679986 -4.52849397753269 profile1
253 67.708923 -4.5299345622547 profile1
254 67.715069 -4.5360097188935 profile1
255 67.721215 -4.5467941408391 profile1
256 67.746869 -4.54543427194037 profile1
257 67.778018 -4.54333446461582 profile1
258 67.809168 -4.54143627745691 profile1
259 67.895218 -4.51126565960467 profile1
260 67.900561 -4.46869473968763 profile1
261 67.905905 -4.43081330687511 profile1
262 67.911248 -4.39853544988041 profile1
263 67.920171 -4.36717838559772 profile1
264 67.929072 -4.33344185784481 profile1
265 67.937973 -4.3094839056538 profile1
266 67.946874 -4.29566505887716 profile1
267 67.962131 -4.26517519083789 profile1
268 68.103338 -4.25214127542224 profile1
269 68.122257 -4.2518193489007 profile1
270 68.141177 -4.26541507886236 profile1
271 68.410128 -4.2811140141189 profile1
272 68.415239 -4.26749926793051 profile1
273 68.42035 -4.24358785880228 profile1
274 68.640199 -4.20626890416632 profile1
275 68.652056 -4.18293287363578 profile1
276 68.656091 -4.16862414407704 profile1
277 68.660126 -4.16209465490578 profile1
278 68.664161 -4.16153163898853 profile1
279 68.685197 -4.19258462213463 profile1
280 68.806919 -4.20666757249746 profile1
281 68.816104 -4.20621977498536 profile1
282 68.825289 -4.20578657597572 profile1
283 68.885575 -4.1946946854556 profile1
284 69.592546 -3.50971500976119 profile1
285 69.66328 -3.5319022575382 profile1
286 69.721392 -3.53906984358681 profile1
287 69.724456 -3.54254443107404 profile1
288 69.727519 -3.54585197700664 profile1
289 69.733033 -3.54898303058257 profile1
290 69.768364 -3.47354980050473 profile1
291 71.859513 -1.41369291589322 profile1
292 71.937774 -1.89548336963143 profile1
293 71.945079 -2.05469571744133 profile1
294 71.952385 -2.09675591506889 profile1
295 71.98473 -2.08373785013682 profile1
296 72.012709 -2.06336061332484 profile1
297 72.040688 -2.05518005418085 profile1
298 72.210521 -1.9022749584014 profile1
299 72.314268 -1.66357680563614 profile1
300 72.366456 -1.85042093493027 profile1
301 72.411367 -1.84880399266528 profile1
302 72.450663 -1.85358513896883 profile1
303 72.471305 -1.90476636413042 profile1
304 72.491946 -1.92625494162528 profile1
305 72.512588 -1.97721982548541 profile1
306 72.601385 -1.91156613129427 profile1
307 72.621813 -1.8858177606666 profile1
308 72.642242 -1.87803503138872 profile1
309 72.66267 -1.8719814574133 profile1
310 72.771429 -2.30413355336393 profile1
311 72.883243 -2.29804687575038 profile1
312 72.898448 -2.26553412082053 profile1
313 72.913654 -2.23318937054876 profile1
314 72.928859 -2.20126559939859 profile1
315 72.944065 -2.16821852713375 profile1
316 72.95927 -2.12263829989986 profile1
317 72.974476 -2.29107053256102 profile1
318 72.989681 -2.10056324071536 profile1
319 72.996574 -1.87540061701991 profile1
320 72.9996 -1.75079795222914 profile1
321 73.002626 -1.65789283174091 profile1
322 73.005652 -1.60728124378386 profile1
323 73.012925 -1.56153457074168 profile1
324 73.023956 -1.52001585084967 profile1
325 73.034987 -1.4820382106044 profile1
326 73.046018 -1.47761704777571 profile1
327 73.057049 -1.48824112556904 profile1
328 73.06808 -1.50876041762011 profile1
329 73.111862 -1.36124275857988 profile1
330 73.146945 -1.38447133847006 profile1
331 73.171837 -1.50421006599422 profile1
332 73.196729 -1.43353075509941 profile1
333 73.629401 -1.43843591358875 profile1
334 74.062073 -1.42362610833833 profile1
335 74.066223 -1.41634439914703 profile1
336 74.070373 -1.40900949716654 profile1
337 74.074523 -1.40163624508063 profile1
338 74.078673 -1.39423134173146 profile1
339 74.082823 -1.3655004909998 profile1
340 74.3761735 -1.3710436203692 profile1
341 74.669524 -1.33097968639197 profile1
342 74.672012 -1.16059434033506 profile1
343 74.674499 -1.01631850145564 profile1
344 74.716248 -0.900066919974759 profile1
345 74.724515 -0.812897482235526 profile1
346 74.732783 -0.790702269896264 profile1
347 69.829176 -1.00187668667926 profile1
348 69.837051 -0.980963371213562 profile1
349 69.844926 -0.939014654371552 profile1
350 69.869428 -0.912703271205911 profile1
351 69.876397 -0.921839445546305 profile1
352 69.876657 -0.947113328160475 profile1
353 69.876917 -0.987911503765301 profile1
354 69.924127 -0.976570233341394 profile1
355 69.978753 -0.943522698123186 profile1
356 70.033378 -0.891399151495234 profile1
357 70.042973 -0.838790762568908 profile1
358 70.043703 -0.786362541817415 profile1
359 70.044434 -0.734385374258536 profile1
360 70.087246 -0.682015249794541 profile1
361 70.141872 -0.629596450448262 profile1
362 70.196497 -0.576361750219631 profile1
363 70.400832 -0.544289512591026 profile1
364 70.421006 -0.530496852384884 profile1
365 70.441181 -0.51573999986729 profile1
366 70.60917 -0.500319888262149 profile1
367 70.612702 -0.488248708490617 profile1
368 70.616235 -0.441072489099694 profile1
369 70.661194 -0.43466986216157 profile1
370 70.728481 -0.380114855186563 profile1
371 70.750402 -0.280202898273373 profile1
372 70.772323 -0.180233240370047 profile1
373 70.779053 -0.0815879633892926 profile1
374 70.782062 0.0149688881282319 profile1
375 70.785072 0.112525353894353 profile1
376 71.354568 0.273689276919564 profile1
377 71.418821 0.181782311648981 profile1
378 71.422464 -0.0558258900824976 profile1
379 71.425934 -0.347807403034224 profile1
380 71.429405 -0.464093770078185 profile1
381 71.432875 -0.475829471815456 profile1
382 71.436346 -0.49068157363245 profile1
383 71.439817 -0.508565924796618 profile1
384 71.443287 -0.529387067973138 profile1
385 71.449172 -0.539716554571678 profile1
386 71.46043 -0.522142594074591 profile1
387 71.475844 -0.505409779053603 profile1
388 71.510771 -0.489987267032658 profile1
389 71.658293 -0.475344577197049 profile1
390 71.675712 -0.46117092249162 profile1
391 71.693132 -0.449070113560159 profile1
392 71.782692 -1.17630362409712 profile1
393 71.793079 -1.07897260461656 profile1
394 71.803404 -0.575913590732394 profile1
395 71.813729 -0.491217531859852 profile1
396 71.824055 -1.15607575513462 profile1
397 71.83438 -1.39267665249387 profile1
398 69.064645 -3.80384122005641 profile1
399 69.131341 -3.98998924456985 profile1
400 69.198036 -3.99092857723661 profile1
401 69.214855 -3.99235812592823 profile1
402 69.21825 -3.9953127302516 profile1
403 69.221446 -3.9997378157739 profile1
404 69.224642 -4.00556971508991 profile1
405 69.227838 -4.01273248879644 profile1
406 69.231034 -3.80540190101972 profile1
407 69.23423 -3.79648899267278 profile1
408 69.237426 -3.79585333680189 profile1
409 69.240621 -3.79521083963476 profile1
410 69.244859 -3.79456101914841 profile1
411 69.252696 -3.7937789145574 profile1
412 69.260534 -3.79221781068984 profile1
413 69.416362 -3.60483165498105 profile1
414 69.796313 -3.18707519025385 profile1
415 69.810287 -0.952959631515219 profile1
416 71.12066 0.101311281230389 profile1
417 71.198629 0.113488006908593 profile1
418 71.276599 0.125519113075188 profile1
419 68.886394 -4.17396859385887 profile1
420 68.887213 -4.15322762840006 profile1
421 68.888033 -4.13256261188459 profile1
422 68.888852 -4.11204930477034 profile1
423 68.889671 -4.09176313982969 profile1
424 68.89049 -4.07967096903423 profile1
425 68.89131 -4.07295478117988 profile1
426 68.892129 -4.07160229088739 profile1
427 68.987403 -4.03524780300072 profile1
428 69.484146 -3.35295513413902 profile1
429 69.505599 -3.35386634193365 profile1
430 69.508945 -3.35897394082522 profile1
431 69.512291 -3.36747134957436 profile1
432 69.515636 -3.37921185884126 profile1
433 69.542556 -3.39406308138327 profile1
434 69.782339 -3.36319386485409 profile1
435 67.606765 -5.20231307871534 profile2
436 67.613251 -5.20240477429666 profile2
437 67.619736 -5.20252357226987 profile2
438 67.626222 -5.20267003037624 profile2
439 67.641347 -5.20284356336859 profile2
440 67.654855 -5.20302966064757 profile2
441 67.658769 -5.20297518382834 profile2
442 67.662682 -5.2031259259779 profile2
443 67.666596 -5.20338445171337 profile2
444 67.679986 -5.20367314078494 profile2
445 67.708923 -5.19672972036678 profile2
446 67.715069 -5.18368357010587 profile2
447 67.721215 -5.16525317322659 profile2
448 67.746869 -5.14390895557089 profile2
449 67.778018 -5.14330047606973 profile2
450 67.809168 -5.14313604783688 profile2
451 67.895218 -5.05347182991037 profile2
452 67.900561 -4.91280873066962 profile2
453 67.905905 -4.77272204682391 profile2
454 67.911248 -4.63519229760888 profile2
455 67.920171 -4.52542471063878 profile2
456 67.929072 -4.4683175023265 profile2
457 67.937973 -4.41860945373194 profile2
458 67.946874 -4.37647941004606 profile2
459 67.962131 -4.38981155557291 profile2
460 68.103338 -4.40057371110002 profile2
461 68.122257 -4.40239601722863 profile2
462 68.141177 -4.40283880042068 profile2
463 68.410128 -4.40142055379623 profile2
464 68.415239 -4.32441607019835 profile2
465 68.42035 -4.24856903666044 profile2
466 68.640199 -4.18342776381044 profile2
467 68.652056 -4.12780799242856 profile2
468 68.656091 -4.07605451676836 profile2
469 68.660126 -4.02856869104372 profile2
470 68.664161 -3.98572139775458 profile2
471 68.685197 -3.95830506592815 profile2
472 68.806919 -3.94893105423887 profile2
473 68.816104 -3.9490275956758 profile2
474 68.825289 -3.94913952135629 profile2
475 68.885575 -3.94987331122617 profile2
476 68.886394 -3.95113693378055 profile2
477 68.887213 -3.95234781710041 profile2
478 68.888033 -3.95350254149512 profile2
479 68.888852 -3.95459829260412 profile2
480 68.889671 -3.95563237014178 profile2
481 68.89049 -3.98147903689671 profile2
482 68.89131 -4.00240053195297 profile2
483 68.892129 -4.01519861374924 profile2
484 68.987403 -3.8756218402967 profile2
485 69.064645 -2.86982921431014 profile2
486 69.131341 -2.80808123546028 profile2
487 69.198036 -2.80406567246428 profile2
488 69.214855 -2.7993872947327 profile2
489 69.21825 -2.79447723834465 profile2
490 69.221446 -2.78946757821605 profile2
491 69.224642 -2.78439243020263 profile2
492 69.227838 -2.77928832839455 profile2
493 69.231034 -2.16911966275256 profile2
494 69.23423 -2.13836766754684 profile2
495 69.237426 -2.13581890067513 profile2
496 69.240621 -2.13317764357849 profile2
497 69.244859 -2.13049821981182 profile2
498 69.252696 -2.12822340764131 profile2
499 69.260534 -2.12588310482991 profile2
500 69.416362 -2.22064110665693 profile2
501 69.484146 -2.54968608689779 profile2
502 69.505599 -2.54932960996219 profile2
503 69.508945 -2.55183389631374 profile2
504 69.512291 -2.55413232647637 profile2
505 69.515636 -2.55615237234992 profile2
506 69.542556 -2.49354652242296 profile2
507 69.592546 -2.62065615333218 profile2
508 69.66328 -2.64856530965463 profile2
509 69.721392 -2.6522571539547 profile2
510 69.724456 -2.65008175756412 profile2
511 69.727519 -2.6478504045826 profile2
512 69.733033 -2.64555099823155 profile2
513 69.768364 -2.42754934632555 profile2
514 69.782339 -2.09384185136168 profile2
515 69.796313 -1.74540432131681 profile2
516 69.810287 -0.72930988912374 profile2
517 69.829176 -0.394748828683286 profile2
518 69.837051 -0.243014223244211 profile2
519 69.844926 -0.148694661666352 profile2
520 69.869428 -0.0607638854252809 profile2
521 69.876397 0.0206793465060527 profile2
522 69.876657 0.0971756354569501 profile2
523 69.876917 0.165731635093809 profile2
524 69.924127 0.191545914148806 profile2
525 69.978753 0.19542782576049 profile2
526 70.033378 0.198868127447734 profile2
527 70.042973 0.199996374322171 profile2
528 70.043703 0.199477547125727 profile2
529 70.044434 0.19756371495376 profile2
530 70.087246 0.202540108753149 profile2
531 70.141872 0.220868150698805 profile2
532 70.196497 0.217289446265031 profile2
533 70.400832 0.23307655862733 profile2
534 70.421006 0.247674594990432 profile2
535 70.441181 0.258951858987917 profile2
536 70.60917 0.264651492803219 profile2
537 70.612702 0.258122868834489 profile2
538 70.616235 0.26168238028184 profile2
539 70.661194 0.273689276919564 profile2
540 70.728481 0.273669151823605 profile2
541 70.750402 0.2693011539894 profile2
542 70.772323 0.260496844395094 profile2
543 70.779053 0.240497449657719 profile2
544 70.782062 0.203244772443176 profile2
545 70.785072 0.167660976239897 profile2
546 71.12066 -0.786087223508063 profile2
547 71.198629 -0.777485460406051 profile2
548 71.276599 -0.768875375225077 profile2
549 71.354568 -0.669975609925337 profile2
550 71.418821 -0.794395836971987 profile2
551 71.422464 -0.977815659823863 profile2
552 71.425934 -1.23115270098574 profile2
553 71.429405 -1.31555443554016 profile2
554 71.432875 -1.27884196759673 profile2
555 71.436346 -1.24246861713075 profile2
556 71.439817 -1.20651933647623 profile2
557 71.443287 -1.17107912723747 profile2
558 71.449172 -1.13414248885422 profile2
559 71.46043 -1.09294576979304 profile2
560 71.475844 -1.05136407254189 profile2
561 71.510771 -1.01045102659214 profile2
562 71.658293 -0.968859609048101 profile2
563 71.675712 -0.926308628912714 profile2
564 71.693132 -0.886618711516638 profile2
565 71.782692 -0.793248103581277 profile2
566 71.793079 -1.10548159395273 profile2
567 71.803404 -1.41286966346356 profile2
568 71.813729 -1.16784097941883 profile2
569 71.824055 -1.08493501047716 profile2
570 71.83438 -1.25118554171469 profile2
571 71.859513 -1.29923443180671 profile2
572 71.937774 -1.06218175926701 profile2
573 71.945079 -1.01716358912104 profile2
574 71.952385 -1.03117307484889 profile2
575 71.98473 -1.0565693262138 profile2
576 72.012709 -1.11734044182903 profile2
577 72.040688 -1.17800378437545 profile2
578 72.210521 -1.26993285424642 profile2
579 72.314268 -1.57921203362552 profile2
580 72.366456 -1.58894666654402 profile2
581 72.411367 -1.56149845329007 profile2
582 72.450663 -1.52347344727897 profile2
583 72.471305 -1.43064467096938 profile2
584 72.491946 -1.30981037064516 profile2
585 72.512588 -1.19503599373452 profile2
586 72.601385 -1.44209768549622 profile2
587 72.621813 -1.43306390007998 profile2
588 72.642242 -1.44099122945641 profile2
589 72.66267 -1.44757812843665 profile2
590 72.771429 -2.14711214334004 profile2
591 72.883243 -2.1559873065256 profile2
592 72.898448 -2.16685187172931 profile2
593 72.913654 -2.17707906864723 profile2
594 72.928859 -2.18649802207402 profile2
595 72.944065 -2.19437432786697 profile2
596 72.95927 -2.21371768631982 profile2
597 72.974476 -2.38322426494373 profile2
598 72.989681 -3.24647344348571 profile2
599 72.996574 -3.33682249317265 profile2
600 72.9996 -3.28525278201633 profile2
601 73.002626 -3.23727320301766 profile2
602 73.005652 -3.20337159000423 profile2
603 73.012925 -3.17137718794564 profile2
604 73.023956 -3.14158417631368 profile2
605 73.034987 -3.11420816734487 profile2
606 73.046018 -3.07246047570098 profile2
607 73.057049 -3.03214988145449 profile2
608 73.06808 -2.99694632602311 profile2
609 73.079353 -2.97495048614321 profile2
610 73.111862 -2.43866655529398 profile2
611 73.146945 -2.43100951652618 profile2
612 73.171837 -2.43084051888432 profile2
613 73.196729 -2.70294727864714 profile2
614 73.629401 -2.61978345796553 profile2
615 74.062073 -2.70436176978255 profile2
616 74.066223 -2.69470281365042 profile2
617 74.070373 -2.68675457721139 profile2
618 74.074523 -2.68056411639888 profile2
619 74.078673 -2.67617244889517 profile2
620 74.082823 -2.64873708807218 profile2
621 74.3761735 -2.6589196815061 profile2
622 74.669524 -2.65487111074547 profile2
623 74.672012 -2.67016967535627 profile2
624 74.674499 -2.6792651468666 profile2
625 74.716248 -2.68313732764321 profile2
626 74.724515 -2.68397683688312 profile2
627 74.732783 -2.52177917009528 profile2
628 75.0995546666667 -3.64073904046677 profile2
629 75.4663263333333 -3.65656146794418 profile2
630 75.833098 -3.59864696636774 profile2
631 75.863363 -3.57890650814463 profile2
632 75.875899 -3.56768139159859 profile2
633 75.888435 -3.63452264324906 profile2
634 75.900971 -3.86224567606509 profile2
635 75.903257 -4.11148781448735 profile2
636 75.904489 -4.25373272838871 profile2
637 75.905721 -4.35615217244523 profile2
638 75.917304 -4.46593063894104 profile2
639 76.287653 -4.57951401771699 profile2
640 76.288899 -4.6911019481641 profile2
641 76.290145 -4.80253918166681 profile2
642 76.397032 -4.87585978739804 profile2
643 76.403847 -4.88644601753368 profile2
644 76.410663 -4.83390647918373 profile2
645 76.607927 -4.5662993156431 profile2
646 76.623625 -4.50268948608161 profile2
647 76.633554 -4.46220304690741 profile2
648 76.643483 -4.42735719649566 profile2
649 76.653411 -4.39813042060752 profile2
650 76.66334 -4.3743259828809 profile2
651 76.700004 -4.40045769581133 profile2
