marker_position lod trace
1 67.606765 -5.04352294807658 pleio
2 67.613251 -5.03981643770263 pleio
3 67.619736 -5.03618973122282 pleio
4 67.626222 -5.03264324921037 pleio
5 67.641347 -5.02917859230234 pleio
6 67.654855 -5.02576830826496 pleio
7 67.658769 -5.02190234214206 pleio
8 67.662682 -5.01794311809694 pleio
9 67.666596 -5.01398682753487 pleio
10 67.679986 -5.0101091305816 pleio
11 67.708923 -4.99172132992526 pleio
12 67.715069 -4.97367898389124 pleio
13 67.721215 -4.95732041825577 pleio
14 67.746869 -4.94734702948703 pleio
15 67.778018 -4.94281402309923 pleio
16 67.809168 -4.93872179144826 pleio
17 67.895218 -4.95019817242554 pleio
18 67.900561 -4.97977086836604 pleio
19 67.905905 -5.0204178849243 pleio
20 67.911248 -5.07121425587782 pleio
21 67.920171 -5.12378527052742 pleio
22 67.929072 -5.17035130947116 pleio
23 67.937973 -5.22474559010438 pleio
24 67.946874 -5.28624535548812 pleio
25 67.962131 -5.30358034871869 pleio
26 68.103338 -5.30569312248888 pleio
27 68.122257 -5.30181290771247 pleio
28 68.141177 -5.34708736592474 pleio
29 68.410128 -5.43502540705209 pleio
30 68.415239 -5.40112919384125 pleio
31 68.42035 -5.37040213478372 pleio
32 68.640199 -5.28561079277281 pleio
33 68.652056 -5.18239701376472 pleio
34 68.656091 -5.09817296322979 pleio
35 68.660126 -5.03371810099301 pleio
36 68.664161 -4.98926204926445 pleio
37 68.685197 -4.9807635021077 pleio
38 68.806919 -4.9851907064055 pleio
39 68.816104 -4.98407288352401 pleio
40 68.825289 -4.98297370479564 pleio
41 68.885575 -4.98534236169457 pleio
42 68.886394 -4.99167425428754 pleio
43 68.887213 -4.99912269815745 pleio
44 68.888033 -5.00766676618068 pleio
45 68.888852 -5.0172788864635 pleio
46 68.889671 -5.02792534957083 pleio
47 68.89049 -5.07512118768202 pleio
48 68.89131 -5.12682561114013 pleio
49 68.892129 -5.17863067187911 pleio
50 68.987403 -5.47721924322112 pleio
51 69.064645 -4.99899130329861 pleio
52 69.131341 -4.84766352731734 pleio
53 69.198036 -4.82893128208676 pleio
54 69.214855 -4.81741013626537 pleio
55 69.21825 -4.80733472449049 pleio
56 69.221446 -4.79872576513619 pleio
57 69.224642 -4.79146711390515 pleio
58 69.227838 -4.78539422372993 pleio
59 69.231034 -4.49061098404756 pleio
60 69.23423 -4.4737067987411 pleio
61 69.237426 -4.4744429039779 pleio
62 69.240621 -4.47520829049387 pleio
63 69.244859 -4.47604337266614 pleio
64 69.252696 -4.47694454966948 pleio
65 69.260534 -4.4781404420165 pleio
66 69.416362 -4.39460553317708 pleio
67 69.484146 -4.5625212348378 pleio
68 69.505599 -4.55491733975308 pleio
69 69.508945 -4.53695856550314 pleio
70 69.512291 -4.51885362651168 pleio
71 69.515636 -4.50078419170715 pleio
72 69.542556 -4.44866084395701 pleio
73 69.592546 -4.7937050833223 pleio
74 69.66328 -4.82761139562255 pleio
75 69.721392 -4.82074526018641 pleio
76 69.724456 -4.80556006612745 pleio
77 69.727519 -4.78964202194085 pleio
78 69.733033 -4.77301171781105 pleio
79 69.768364 -4.67983620452553 pleio
80 69.782339 -4.54688044884471 pleio
81 69.796313 -4.45627428679637 pleio
82 69.810287 -2.30716122420437 pleio
83 69.829176 -2.22791927142636 pleio
84 69.837051 -2.20308449475375 pleio
85 69.844926 -2.14988044665991 pleio
86 69.869428 -2.09430609299213 pleio
87 69.876397 -2.04285614078007 pleio
88 69.876657 -2.00247569004678 pleio
89 69.876917 -1.96526634262323 pleio
90 69.924127 -1.96560584244527 pleio
91 69.978753 -1.96889442386002 pleio
92 70.033378 -1.90561918801485 pleio
93 70.042973 -1.84457691888908 pleio
94 70.043703 -1.7860858487683 pleio
95 70.044434 -1.73044319931027 pleio
96 70.087246 -1.67325201257119 pleio
97 70.141872 -1.61095722318994 pleio
98 70.196497 -1.5539310656044 pleio
99 70.400832 -1.51107204686457 pleio
100 70.421006 -1.48404112897256 pleio
101 70.441181 -1.45819247816368 pleio
102 70.60917 -1.43446922397543 pleio
103 70.612702 -1.41006634960462 pleio
104 70.616235 -1.37738766758072 pleio
105 70.661194 -1.32368060680483 pleio
106 70.728481 -1.27153407750544 pleio
107 70.750402 -1.19655858582746 pleio
108 70.772323 -1.1310984709293 pleio
109 70.779053 -1.07031070914022 pleio
110 70.782062 -1.00906613387252 pleio
111 70.785072 -0.959756656091614 pleio
112 71.12066 -0.619075176042574 pleio
113 71.198629 -0.610641986414313 pleio
114 71.276599 -0.60283485829924 pleio
115 71.354568 -0.634024047757324 pleio
116 71.418821 -0.746612596389604 pleio
117 71.422464 -0.809533488950048 pleio
118 71.425934 -0.878286471030216 pleio
119 71.429405 -0.937150856449313 pleio
120 71.432875 -0.981233120008076 pleio
121 71.436346 -1.02724926993738 pleio
122 71.439817 -1.0751051681645 pleio
123 71.443287 -1.12470628751867 pleio
124 71.449172 -1.16425533036179 pleio
125 71.46043 -1.17933705939335 pleio
126 71.475844 -1.19529238893889 pleio
127 71.510771 -1.21294931870154 pleio
128 71.658293 -1.23523228279081 pleio
129 71.675712 -1.26424789977868 pleio
130 71.693132 -1.29459026923413 pleio
131 71.782692 -1.08394898631271 pleio
132 71.793079 -1.11378663404736 pleio
133 71.803404 -1.1151369874834 pleio
134 71.813729 -0.809820601248786 pleio
135 71.824055 -0.38202002768455 pleio
136 71.83438 -0.299531540160269 pleio
137 71.859513 -0.271655105180862 pleio
138 71.937774 -0.404756474487758 pleio
139 71.945079 -0.564178510185092 pleio
140 71.952385 -0.597640653829058 pleio
141 71.98473 -0.584386500106379 pleio
142 72.012709 -0.606896667282608 pleio
143 72.040688 -0.625862724797223 pleio
144 72.210521 -0.0117289138845582 pleio
145 72.314268 0 pleio
146 72.366456 -0.276277326505696 pleio
147 72.411367 -0.290071912955465 pleio
148 72.450663 -0.300903628856593 pleio
149 72.471305 -0.30601632508823 pleio
150 72.491946 -0.2919833926266 pleio
151 72.512588 -0.306002615756803 pleio
152 72.601385 -0.35209355080681 pleio
153 72.621813 -0.210634483578595 pleio
154 72.642242 -0.169880839825654 pleio
155 72.66267 -0.133052438675266 pleio
156 72.771429 -0.588648261773336 pleio
157 72.883243 -0.588149517897234 pleio
158 72.898448 -0.583031222428317 pleio
159 72.913654 -0.584694412349693 pleio
160 72.928859 -0.596580808893492 pleio
161 72.944065 -0.613657861188024 pleio
162 72.95927 -0.465585512361701 pleio
163 72.974476 -0.161435711621864 pleio
164 72.989681 -1.56898754211997 pleio
165 72.996574 -1.47766520563993 pleio
166 72.9996 -1.58670538181691 pleio
167 73.002626 -1.59701685407174 pleio
168 73.005652 -1.55080119796617 pleio
169 73.012925 -1.50527418774542 pleio
170 73.023956 -1.46412310745756 pleio
171 73.034987 -1.43060424172393 pleio
172 73.046018 -1.4075553075225 pleio
173 73.057049 -1.39754128508412 pleio
174 73.06808 -1.40027033085978 pleio
175 73.079353 -1.41260779337377 pleio
176 73.111862 -0.652847366459721 pleio
177 73.146945 -1.04134646949752 pleio
178 73.171837 -1.41357397504032 pleio
179 73.196729 -1.83550937771028 pleio
180 73.629401 -1.9002783758391 pleio
181 74.062073 -1.8832052410888 pleio
182 74.066223 -1.88013224700097 pleio
183 74.070373 -1.87784699711907 pleio
184 74.074523 -1.87641477835757 pleio
185 74.078673 -1.87589284548491 pleio
186 74.082823 -1.85342459250008 pleio
187 74.3761735 -1.86207363884129 pleio
188 74.669524 -1.79739658400458 pleio
189 74.672012 -1.77710852365356 pleio
190 74.674499 -1.79169350662382 pleio
191 74.716248 -1.84488655254104 pleio
192 74.724515 -1.93653929246139 pleio
193 74.732783 -1.87490484018493 pleio
194 75.0995546666667 -2.83938908723405 pleio
195 75.4663263333333 -2.92538633586875 pleio
196 75.833098 -2.8624346538755 pleio
197 75.863363 -2.94470949059291 pleio
198 75.875899 -3.01549493670316 pleio
199 75.888435 -3.07138789857922 pleio
200 75.900971 -3.13076593718199 pleio
201 75.903257 -3.26134178388399 pleio
202 75.904489 -3.32413299162291 pleio
203 75.905721 -3.36804241179763 pleio
204 75.917304 -3.43067410528359 pleio
205 76.287653 -3.39263784648626 pleio
206 76.288899 -3.33848582177569 pleio
207 76.290145 -3.2923750872358 pleio
208 76.397032 -3.26766389483356 pleio
209 76.403847 -3.28110554845831 pleio
210 76.410663 -3.38546979852903 pleio
211 76.607927 -3.11831878147029 pleio
212 76.623625 -3.03876374698502 pleio
213 76.633554 -3.17821761068357 pleio
214 76.643483 -3.33983682834496 pleio
215 76.653411 -3.52357747601592 pleio
216 76.66334 -3.72838688081366 pleio
217 76.700004 -3.9437699212859 pleio
218 67.606765 -1.85645314082013 profile1
219 67.613251 -1.84890612561885 profile1
220 67.619736 -1.84142820137931 profile1
221 67.626222 -1.83402075832049 profile1
222 67.641347 -1.82668519964091 profile1
223 67.654855 -1.81941531354881 profile1
224 67.658769 -1.81209554133904 profile1
225 67.662682 -1.80484402971843 profile1
226 67.666596 -1.79766575624332 profile1
227 67.679986 -1.79056061639901 profile1
228 67.708923 -1.78091091382453 profile1
229 67.715069 -1.77187329829063 profile1
230 67.721215 -1.76389929316702 profile1
231 67.746869 -1.75170686753863 profile1
232 67.778018 -1.74428552733706 profile1
233 67.809168 -1.73759881635047 profile1
234 67.895218 -1.71743751937446 profile1
235 67.900561 -1.69055918226224 profile1
236 67.905905 -1.66566692008099 profile1
237 67.911248 -1.64281377767739 profile1
238 67.920171 -1.62554247828237 profile1
239 67.929072 -1.61661454492353 profile1
240 67.937973 -1.60888520355883 profile1
241 67.946874 -1.60249310124063 profile1
242 67.962131 -1.57221840285668 profile1
243 68.103338 -1.55569251458588 profile1
244 68.122257 -1.55150771132611 profile1
245 68.141177 -1.5362672905848 profile1
246 68.410128 -1.53281265210828 profile1
247 68.415239 -1.54866943112693 profile1
248 68.42035 -1.5686815805994 profile1
249 68.640199 -1.53401846637878 profile1
250 68.652056 -1.47624992627646 profile1
251 68.656091 -1.4337910827929 profile1
252 68.660126 -1.40659752054946 profile1
253 68.664161 -1.39409499392006 profile1
254 68.685197 -1.40843233849043 profile1
255 68.806919 -1.42155799375144 profile1
256 68.816104 -1.42090786569484 profile1
257 68.825289 -1.42027730217555 profile1
258 68.885575 -1.42036690007011 profile1
259 68.886394 -1.42164389185158 profile1
260 68.887213 -1.42367879464345 profile1
261 68.888033 -1.42646985126981 profile1
262 68.888852 -1.43001059161355 profile1
263 68.889671 -1.43428983206751 profile1
264 68.89049 -1.4196950848799 profile1
265 68.89131 -1.40203054584145 profile1
266 68.892129 -1.38334697942329 profile1
267 68.987403 -1.55111885641796 profile1
268 69.064645 -1.45357992161382 profile1
269 69.131341 -1.44277485416845 profile1
270 69.198036 -1.43303130867365 profile1
271 69.214855 -1.4244004177509 profile1
272 69.21825 -1.41698985719445 profile1
273 69.221446 -1.41085025801631 profile1
274 69.224642 -1.40594631627975 profile1
275 69.227838 -1.40222128351772 profile1
276 69.231034 -1.42930197198171 profile1
277 69.23423 -1.43137836461497 profile1
278 69.237426 -1.43178323346411 profile1
279 69.240621 -1.43220231386647 profile1
280 69.244859 -1.43266999162271 profile1
281 69.252696 -1.43313041165574 profile1
282 69.260534 -1.43322261642112 profile1
283 69.416362 -1.40847762114412 profile1
284 69.484146 -1.62938363780769 profile1
285 69.505599 -1.63338636365967 profile1
286 69.508945 -1.64307196599855 profile1
287 69.512291 -1.65471131901187 profile1
288 69.515636 -1.6681236561181 profile1
289 69.542556 -1.6918032686689 profile1
290 69.592546 -1.74067782048524 profile1
291 69.66328 -1.77893707818783 profile1
292 69.721392 -1.7690311766301 profile1
293 69.724456 -1.75439101707265 profile1
294 69.727519 -1.73945185842788 profile1
295 69.733033 -1.72424099532242 profile1
296 69.768364 -1.71670611824901 profile1
297 69.782339 -1.70792582266352 profile1
298 69.796313 -1.72076025699277 profile1
299 69.810287 -0.148052601587551 profile1
300 69.829176 -0.311706031815882 profile1
301 69.837051 -0.271339958793862 profile1
302 69.844926 -0.219100663152714 profile1
303 69.869428 -0.168302760093196 profile1
304 69.876397 -0.124394029376487 profile1
305 69.876657 -0.0918899708276451 profile1
306 69.876917 -0.0666575140802614 profile1
307 69.924127 0.0156834978302047 profile1
308 69.978753 0.118968095748179 profile1
309 70.033378 0.193775474935926 profile1
310 70.042973 0.266257942365722 profile1
311 70.043703 0.336031075833888 profile1
312 70.044434 0.402721682731364 profile1
313 70.087246 0.469114166019032 profile1
314 70.141872 0.537874598299192 profile1
315 70.196497 0.604078548460614 profile1
316 70.400832 0.647672392906909 profile1
317 70.421006 0.668410827720127 profile1
318 70.441181 0.688159524506468 profile1
319 70.60917 0.705402281209599 profile1
320 70.612702 0.713877046441736 profile1
321 70.616235 0.699731696170817 profile1
322 70.661194 0.709412865974181 profile1
323 70.728481 0.750218824698736 profile1
324 70.750402 0.809694925051217 profile1
325 70.772323 0.862680222118349 profile1
326 70.779053 0.907735826246667 profile1
327 70.782062 0.944212443868182 profile1
328 70.785072 0.969172404454975 profile1
329 71.12066 0.958416504320686 profile1
330 71.198629 0.959942504587615 profile1
331 71.276599 0.960966065641127 profile1
332 71.354568 0.956333583746887 profile1
333 71.418821 0.856331390331266 profile1
334 71.422464 0.71435490229309 profile1
335 71.425934 0.551996698098721 profile1
336 71.429405 0.459353862273966 profile1
337 71.432875 0.408925979822692 profile1
338 71.436346 0.355998937064341 profile1
339 71.439817 0.300691599276343 profile1
340 71.443287 0.243132757997457 profile1
341 71.449172 0.194006987967635 profile1
342 71.46043 0.16696709026112 profile1
343 71.475844 0.139172961644154 profile1
344 71.510771 0.1103599056452 profile1
345 71.658293 0.077019454987083 profile1
346 71.675712 0.0365967550991813 profile1
347 71.693132 -0.00496466431977802 profile1
348 71.782692 -0.222059552144983 profile1
349 71.793079 -0.179606395484255 profile1
350 71.803404 -0.120710836147449 profile1
351 71.813729 -0.0313570367649252 profile1
352 71.824055 0.267081125696537 profile1
353 71.83438 0.361897393921414 profile1
354 71.859513 0.377012950925111 profile1
355 71.937774 0.238731365915726 profile1
356 71.945079 0.134278521033197 profile1
357 71.952385 0.108744930965805 profile1
358 71.98473 0.117793028492381 profile1
359 72.012709 0.112291138891266 profile1
360 72.040688 0.116164976186765 profile1
361 72.210521 0.46233212483075 profile1
362 72.314268 0.353333348829366 profile1
363 72.366456 0.0832165594946273 profile1
364 72.411367 0.0803001864725613 profile1
365 72.450663 0.0835624854323693 profile1
366 72.471305 0.101674770814869 profile1
367 72.491946 0.110220196454603 profile1
368 72.512588 0.0794218860272929 profile1
369 72.601385 0.0233870081681563 profile1
370 72.621813 0.0139252336093928 profile1
371 72.642242 0.0250702310989515 profile1
372 72.66267 0.0337656723464885 profile1
373 72.771429 0.0477998100131683 profile1
374 72.883243 0.0523053250058692 profile1
375 72.898448 0.0643731095559276 profile1
376 72.913654 0.0720829259428906 profile1
377 72.928859 0.0719326707811112 profile1
378 72.944065 0.0698110980744071 profile1
379 72.95927 0.0957931720906856 profile1
380 72.974476 0.0515067394209698 profile1
381 72.989681 -0.401573344035296 profile1
382 72.996574 -0.355851107437415 profile1
383 72.9996 -0.409221826118623 profile1
384 73.002626 -0.448165719832346 profile1
385 73.005652 -0.436682440621528 profile1
386 73.012925 -0.422908018570311 profile1
387 73.023956 -0.410417261592141 profile1
388 73.034987 -0.402269542787996 profile1
389 73.046018 -0.42174644415011 profile1
390 73.057049 -0.45354776374572 profile1
391 73.06808 -0.493200584672797 profile1
392 73.079353 -0.533049961605123 profile1
393 73.111862 -0.652847366459721 profile1
394 73.146945 -0.823637706299845 profile1
395 73.171837 -0.979160140693128 profile1
396 73.196729 -1.13344534566365 profile1
397 73.629401 -1.18271097273954 profile1
398 74.062073 -1.16621095248483 profile1
399 74.066223 -1.17860042357976 profile1
400 74.070373 -1.1908648880367 profile1
401 74.074523 -1.2029926624905 profile1
402 74.078673 -1.21496860964872 profile1
403 74.082823 -1.17735729730984 profile1
404 74.3761735 -1.19759154252202 profile1
405 74.669524 -1.10678653739952 profile1
406 74.672012 -1.04439792218041 profile1
407 74.674499 -1.01282738761937 profile1
408 74.716248 -1.01619106620085 profile1
409 74.724515 -1.05484133794747 profile1
410 74.732783 -1.04379404082151 profile1
411 75.0995546666667 -0.830306952060471 profile1
412 75.4663263333333 -0.896748482494424 profile1
413 75.833098 -0.848465863642491 profile1
414 75.863363 -0.920243405136389 profile1
415 75.875899 -0.987948530677559 profile1
416 75.888435 -1.03139227524629 profile1
417 75.900971 -1.05174996620444 profile1
418 75.903257 -1.12649797882453 profile1
419 75.904489 -1.12020588118123 profile1
420 75.905721 -1.08664425141033 profile1
421 75.917304 -1.06481636203627 profile1
422 76.287653 -1.00613658928663 profile1
423 76.288899 -0.94681859193937 profile1
424 76.290145 -0.890901263218946 profile1
425 76.397032 -0.829375846333858 profile1
426 76.403847 -0.782652913237816 profile1
427 76.410663 -0.827014519101746 profile1
428 76.607927 -0.541474366932869 profile1
429 76.623625 -0.446790442590864 profile1
430 76.633554 -0.50452645877188 profile1
431 76.643483 -0.577796039370535 profile1
432 76.653411 -0.667028729880989 profile1
433 76.66334 -0.772043130547553 profile1
434 76.700004 -0.865120835969202 profile1
435 67.606765 -2.16741533410659 profile2
436 67.613251 -2.17140049693957 profile2
437 67.619736 -2.17539506988204 profile2
438 67.626222 -2.1793980501608 profile2
439 67.641347 -2.18340962017884 profile2
440 67.654855 -2.18740896858028 profile2
441 67.658769 -2.19100949159169 profile2
442 67.662682 -2.19444598042967 profile2
443 67.666596 -2.19781024272278 profile2
444 67.679986 -2.2011785774286 profile2
445 67.708923 -2.19251155657028 profile2
446 67.715069 -2.18355691343801 profile2
447 67.721215 -2.17520145830116 profile2
448 67.746869 -2.17745782049525 profile2
449 67.778018 -2.18048432363851 profile2
450 67.809168 -2.18321520355012 profile2
451 67.895218 -2.21608399962171 profile2
452 67.900561 -2.27433407113064 profile2
453 67.905905 -2.34158696401244 profile2
454 67.911248 -2.4168405298035 profile2
455 67.920171 -2.48811269888029 profile2
456 67.929072 -2.54483489873719 profile2
457 67.937973 -2.60807254389527 profile2
458 67.946874 -2.67695348316477 profile2
459 67.962131 -2.72529319958049 profile2
460 68.103338 -2.74424290749366 profile2
461 68.122257 -2.74459917623757 profile2
462 68.141177 -2.805052252385 profile2
463 68.410128 -2.89614274536707 profile2
464 68.415239 -2.84590012193111 profile2
465 68.42035 -2.79485733297726 profile2
466 68.640199 -2.74471293332217 profile2
467 68.652056 -2.69883543413625 profile2
468 68.656091 -2.65629763999589 profile2
469 68.660126 -2.61794373657039 profile2
470 68.664161 -2.58461945919958 profile2
471 68.685197 -2.55952569362103 profile2
472 68.806919 -2.54975999880682 profile2
473 68.816104 -2.54929578624398 profile2
474 68.825289 -2.54883025736793 profile2
475 68.885575 -2.55095452156015 profile2
476 68.886394 -2.55570113445469 profile2
477 68.887213 -2.56078923017806 profile2
478 68.888033 -2.56620108797293 profile2
479 68.888852 -2.57191717319526 profile2
480 68.889671 -2.57791663048615 profile2
481 68.89049 -2.63994798418123 profile2
482 68.89131 -2.70951385407427 profile2
483 68.892129 -2.78009183281699 profile2
484 68.987403 -2.9086289691273 profile2
485 69.064645 -2.52361072649059 profile2
486 69.131341 -2.38794178031241 profile2
487 69.198036 -2.37928809910662 profile2
488 69.214855 -2.37676598123111 profile2
489 69.21825 -2.37438042063 profile2
490 69.221446 -2.37209504100677 profile2
491 69.224642 -2.36982458667189 profile2
492 69.227838 -2.36745988420803 profile2
493 69.231034 -2.0390012332419 profile2
494 69.23423 -2.01827788207401 profile2
495 69.237426 -2.01855438252874 profile2
496 69.240621 -2.01884417531676 profile2
497 69.244859 -2.01915364490629 profile2
498 69.252696 -2.01954101310901 profile2
499 69.260534 -2.02058599789328 profile2
500 69.416362 -1.96659264807572 profile2
501 69.484146 -1.91880904659582 profile2
502 69.505599 -1.90718436138342 profile2
503 69.508945 -1.87943601524791 profile2
504 69.512291 -1.84949737872455 profile2
505 69.515636 -1.81773375741451 profile2
506 69.542556 -1.7405905612603 profile2
507 69.592546 -2.03296694030196 profile2
508 69.66328 -2.02691479991242 profile2
509 69.721392 -2.02984712290466 profile2
510 69.724456 -2.02932838825328 profile2
511 69.727519 -2.02838106484092 profile2
512 69.733033 -2.02699826161335 profile2
513 69.768364 -1.94192927589987 profile2
514 69.782339 -1.81872282056408 profile2
515 69.796313 -1.71594929381953 profile2
516 69.810287 -1.17177941598585 profile2
517 69.829176 -0.932062240840954 profile2
518 69.837051 -0.94619139425471 profile2
519 69.844926 -0.94515439101498 profile2
520 69.869428 -0.940226862733805 profile2
521 69.876397 -0.932222907796312 profile2
522 69.876657 -0.923743224840352 profile2
523 69.876917 -0.911086702841459 profile2
524 69.924127 -0.994310960786716 profile2
525 69.978753 -1.10223584719821 profile2
526 70.033378 -1.1152261990612 profile2
527 70.042973 -1.12804043319004 profile2
528 70.043703 -1.1406015935229 profile2
529 70.044434 -1.15282322257288 profile2
530 70.087246 -1.16309610492051 profile2
531 70.141872 -1.17058743473616 profile2
532 70.196497 -1.18148999158767 profile2
533 70.400832 -1.18270369837876 profile2
534 70.421006 -1.17633483657953 profile2
535 70.441181 -1.17014892445143 profile2
536 70.60917 -1.16371880526033 profile2
537 70.612702 -1.14852032329925 profile2
538 70.616235 -1.10215850927444 profile2
539 70.661194 -1.05869485104756 profile2
540 70.728481 -1.04821730404856 profile2
541 70.750402 -1.03395591297842 profile2
542 70.772323 -1.02254066726157 profile2
543 70.779053 -1.00768839510483 profile2
544 70.782062 -0.983628277234766 profile2
545 70.785072 -0.959756656091614 profile2
546 71.12066 -0.610076125704054 profile2
547 71.198629 -0.603228570514211 profile2
548 71.276599 -0.596511086730541 profile2
549 71.354568 -0.622620129802528 profile2
550 71.418821 -0.635152236947932 profile2
551 71.422464 -0.556418186822376 profile2
552 71.425934 -0.46453353702411 profile2
553 71.429405 -0.431774959919023 profile2
554 71.432875 -0.425402409909651 profile2
555 71.436346 -0.418420871300327 profile2
556 71.439817 -0.410855439849169 profile2
557 71.443287 -0.402740808432626 profile2
558 71.449172 -0.393014199495438 profile2
559 71.46043 -0.380980591493119 profile2
560 71.475844 -0.369033507031182 profile2
561 71.510771 -0.357737618151229 profile2
562 71.658293 -0.346430394382935 profile2
563 71.675712 -0.334568893526579 profile2
564 71.693132 -0.322805187772558 profile2
565 71.782692 0.10548928264088 profile2
566 71.793079 0.0328596598056317 profile2
567 71.803404 -0.0276191058746209 profile2
568 71.813729 0.184903662337594 profile2
569 71.824055 0.304562016935731 profile2
570 71.83438 0.290147557332831 profile2
571 71.859513 0.303165847041371 profile2
572 71.937774 0.307385420620424 profile2
573 71.945079 0.25222279545822 profile2
574 71.952385 0.244558364384882 profile2
575 71.98473 0.248946431150935 profile2
576 72.012709 0.232112673089645 profile2
577 72.040688 0.20945770414977 profile2
578 72.210521 0.472550567221201 profile2
579 72.314268 0.597477908768388 profile2
580 72.366456 0.592971152471697 profile2
581 72.411367 0.582272735509687 profile2
582 72.450663 0.568209752838058 profile2
583 72.471305 0.544788985251923 profile2
584 72.491946 0.549860930117852 profile2
585 72.512588 0.566817533294544 profile2
586 72.601385 0.575673568363289 profile2
587 72.621813 0.727210607574254 profile2
588 72.642242 0.75686103826237 profile2
589 72.66267 0.785116656850726 profile2
590 72.771429 0.318983637536613 profile2
591 72.883243 0.315107487268119 profile2
592 72.898448 0.308290520961537 profile2
593 72.913654 0.299093393460405 profile2
594 72.928859 0.287570423652782 profile2
595 72.944065 0.272882590996782 profile2
596 72.95927 0.39354860498417 profile2
597 72.974476 0.739928507475568 profile2
598 72.989681 -0.206746137649769 profile2
599 72.996574 -0.162365765392311 profile2
600 72.9996 -0.220467153973728 profile2
601 73.002626 -0.193181318320391 profile2
602 73.005652 -0.15870971561234 profile2
603 73.012925 -0.127126326044465 profile2
604 73.023956 -0.0985283450477127 profile2
605 73.034987 -0.0730943483449141 profile2
606 73.046018 -0.03043104485266 profile2
607 73.057049 0.0117019412010306 profile2
608 73.06808 0.0491357959211386 profile2
609 73.079353 0.0772671434618983 profile2
610 73.111862 0.969172404454975 profile2
611 73.146945 0.751714446775902 profile2
612 73.171837 0.534989346615245 profile2
613 73.196729 0.267887922043694 profile2
614 73.629401 0.252727720341518 profile2
615 74.062073 0.253339001668589 profile2
616 74.066223 0.269138793513213 profile2
617 74.070373 0.284028179600699 profile2
618 74.074523 0.297929262335437 profile2
619 74.078673 0.310768764421057 profile2
620 74.082823 0.296053159936045 profile2
621 74.3761735 0.307582898330617 profile2
622 74.669524 0.281397898878146 profile2
623 74.672012 0.238940062329767 profile2
624 74.674499 0.19291781816607 profile2
625 74.716248 0.143732214043584 profile2
626 74.724515 0.0918801350072789 profile2
627 74.732783 0.143804035893675 profile2
628 75.0995546666667 -1.02273884953033 profile2
629 75.4663263333333 -1.04160289051998 profile2
630 75.833098 -1.02755675022129 profile2
631 75.863363 -1.03759935214341 profile2
632 75.875899 -1.04022583534728 profile2
633 75.888435 -1.05209688806325 profile2
634 75.900971 -1.09031556325704 profile2
635 75.903257 -1.14490843834698 profile2
636 75.904489 -1.21473132664816 profile2
637 75.905721 -1.29413772552416 profile2
638 75.917304 -1.38097742139446 profile2
639 76.287653 -1.4023849513938 profile2
640 76.288899 -1.40754882881289 profile2
641 76.290145 -1.4172075165594 profile2
642 76.397032 -1.4543067083417 profile2
643 76.403847 -1.51527389366583 profile2
644 76.410663 -1.5758832764222 profile2
645 76.607927 -1.59368255943721 profile2
646 76.623625 -1.61087389310966 profile2
647 76.633554 -1.69201658602547 profile2
648 76.643483 -1.77992992990396 profile2
649 76.653411 -1.87418254270477 profile2
650 76.66334 -1.97394465632825 profile2
651 76.700004 -2.09681671963519 profile2
