marker_position lod trace
1 67.606765 -6.37622550500969 pleio
2 67.613251 -6.37910965371681 pleio
3 67.619736 -6.38204421701506 pleio
4 67.626222 -6.38502817516051 pleio
5 67.641347 -6.3880602767005 pleio
6 67.654855 -6.3912028615314 pleio
7 67.658769 -6.39556089196962 pleio
8 67.662682 -6.39999836226061 pleio
9 67.666596 -6.40449624580044 pleio
10 67.679986 -6.40903976097614 pleio
11 67.708923 -6.37766172189402 pleio
12 67.715069 -6.34532765051532 pleio
13 67.721215 -6.31596352921409 pleio
14 67.746869 -6.2864258570818 pleio
15 67.778018 -6.28963097750221 pleio
16 67.809168 -6.29480283739465 pleio
17 67.895218 -6.2149643538629 pleio
18 67.900561 -6.09542682591091 pleio
19 67.905905 -5.98973651324323 pleio
20 67.911248 -5.90036897018532 pleio
21 67.920171 -5.81454435267365 pleio
22 67.929072 -5.71631730965918 pleio
23 67.937973 -5.6345619140792 pleio
24 67.946874 -5.57004287634847 pleio
25 67.962131 -5.52387469792201 pleio
26 68.103338 -5.5085286789379 pleio
27 68.122257 -5.50749139577765 pleio
28 68.141177 -5.60703207048577 pleio
29 68.410128 -5.69978533373751 pleio
30 68.415239 -5.58283198742899 pleio
31 68.42035 -5.46502777746705 pleio
32 68.640199 -5.28669172166131 pleio
33 68.652056 -5.06018836669156 pleio
34 68.656091 -4.83419797462659 pleio
35 68.660126 -4.61173093731939 pleio
36 68.664161 -4.39622670832866 pleio
37 68.685197 -4.19680047796294 pleio
38 68.806919 -4.11433857019465 pleio
39 68.816104 -4.11393772878188 pleio
40 68.825289 -4.11353468381317 pleio
41 68.885575 -4.10823237079596 pleio
42 68.886394 -4.09839498397264 pleio
43 68.887213 -4.08837372773431 pleio
44 68.888033 -4.07818749340207 pleio
45 68.888852 -4.06785577193868 pleio
46 68.889671 -4.05739921310064 pleio
47 68.89049 -4.06659561394157 pleio
48 68.89131 -4.08103540760766 pleio
49 68.892129 -4.09852513008595 pleio
50 68.987403 -3.85850724408276 pleio
51 69.064645 -2.88375763902594 pleio
52 69.131341 -2.97176024913102 pleio
53 69.198036 -2.9768057563367 pleio
54 69.214855 -2.98208864472049 pleio
55 69.21825 -2.9868071957802 pleio
56 69.221446 -2.99086913154961 pleio
57 69.224642 -2.99428215743675 pleio
58 69.227838 -2.99709334531887 pleio
59 69.231034 -1.66100567337706 pleio
60 69.23423 -1.44958729555886 pleio
61 69.237426 -1.44474175644844 pleio
62 69.240621 -1.43981235367479 pleio
63 69.244859 -1.43476791430846 pleio
64 69.252696 -1.43037760390427 pleio
65 69.260534 -1.4258443139813 pleio
66 69.416362 -1.19245908595349 pleio
67 69.484146 -1.03525717435472 pleio
68 69.505599 -1.03575262527307 pleio
69 69.508945 -1.03899469170966 pleio
70 69.512291 -1.03967165329168 pleio
71 69.515636 -1.03776917839951 pleio
72 69.542556 -0.918402949835427 pleio
73 69.592546 -1.76094504528233 pleio
74 69.66328 -1.83635240263256 pleio
75 69.721392 -1.84377222327874 pleio
76 69.724456 -1.84881189073965 pleio
77 69.727519 -1.85413644316412 pleio
78 69.733033 -1.85974483183383 pleio
79 69.768364 -1.75649145450052 pleio
80 69.782339 -1.62005044062787 pleio
81 69.796313 -1.49937216208492 pleio
82 69.810287 -0.34184433449529 pleio
83 69.829176 -0.140172987306928 pleio
84 69.837051 -0.148689097594703 pleio
85 69.844926 -0.140313088037262 pleio
86 69.869428 -0.125913017021344 pleio
87 69.876397 -0.0844794425122266 pleio
88 69.876657 -0.0420109009448051 pleio
89 69.876917 0 pleio
90 69.924127 -0.00835085456136193 pleio
91 69.978753 -0.0551285033981893 pleio
92 70.033378 -0.0860746303019251 pleio
93 70.042973 -0.115529579922478 pleio
94 70.043703 -0.142370033583194 pleio
95 70.044434 -0.166290645045236 pleio
96 70.087246 -0.181271783788357 pleio
97 70.141872 -0.184755856191056 pleio
98 70.196497 -0.136687880421121 pleio
99 70.400832 -0.150106632038441 pleio
100 70.421006 -0.176426657731611 pleio
101 70.441181 -0.211121935133133 pleio
102 70.60917 -0.261449645712553 pleio
103 70.612702 -0.345079217515639 pleio
104 70.616235 -0.561601362707354 pleio
105 70.661194 -0.597614785432739 pleio
106 70.728481 -0.626249457333944 pleio
107 70.750402 -0.662449121594048 pleio
108 70.772323 -0.755172429330482 pleio
109 70.779053 -0.878577714242634 pleio
110 70.782062 -0.993368968747349 pleio
111 70.785072 -1.1140236243385 pleio
112 71.12066 -1.16381410656728 pleio
113 71.198629 -1.16819895239319 pleio
114 71.276599 -1.17290880804866 pleio
115 71.354568 -1.07710128581359 pleio
116 71.418821 -1.26250040062406 pleio
117 71.422464 -1.66632319852987 pleio
118 71.425934 -2.11325116788881 pleio
119 71.429405 -2.26331285738955 pleio
120 71.432875 -2.25360674414616 pleio
121 71.436346 -2.24482633455631 pleio
122 71.439817 -2.23700239971363 pleio
123 71.443287 -2.23016087219027 pleio
124 71.449172 -2.2267505945282 pleio
125 71.46043 -2.22889385607416 pleio
126 71.475844 -2.22967305646786 pleio
127 71.510771 -2.23037874909111 pleio
128 71.658293 -2.23122293521197 pleio
129 71.675712 -2.23465611733192 pleio
130 71.693132 -2.24240075377285 pleio
131 71.782692 -2.88115305907892 pleio
132 71.793079 -3.05950069308005 pleio
133 71.803404 -3.2077705177231 pleio
134 71.813729 -2.99410867536904 pleio
135 71.824055 -3.12218271130748 pleio
136 71.83438 -3.42650064454101 pleio
137 71.859513 -3.50404291499399 pleio
138 71.937774 -3.42768967181132 pleio
139 71.945079 -3.45971834796979 pleio
140 71.952385 -3.46273570793859 pleio
141 71.98473 -3.44951112276608 pleio
142 72.012709 -3.42573413936761 pleio
143 72.040688 -3.40432312102796 pleio
144 72.210521 -3.4722953618305 pleio
145 72.314268 -3.87780455423146 pleio
146 72.366456 -3.95541281741185 pleio
147 72.411367 -3.96796502384525 pleio
148 72.450663 -3.97500472202368 pleio
149 72.471305 -3.97122326559792 pleio
150 72.491946 -3.97013022629882 pleio
151 72.512588 -3.99182577677748 pleio
152 72.601385 -4.2736234534498 pleio
153 72.621813 -4.26480817218123 pleio
154 72.642242 -4.26617739426044 pleio
155 72.66267 -4.27002798302414 pleio
156 72.771429 -4.78431561350878 pleio
157 72.883243 -4.78254945809513 pleio
158 72.898448 -4.80218512396234 pleio
159 72.913654 -4.82413480342471 pleio
160 72.928859 -4.84822199004401 pleio
161 72.944065 -4.8745927096451 pleio
162 72.95927 -4.9231302481511 pleio
163 72.974476 -5.19415816897337 pleio
164 72.989681 -4.84488503975154 pleio
165 72.996574 -4.64226496087649 pleio
166 72.9996 -4.43941484480596 pleio
167 73.002626 -4.33826587953798 pleio
168 73.005652 -4.27490995346337 pleio
169 73.012925 -4.25129656466764 pleio
170 73.023956 -4.24717922479538 pleio
171 73.034987 -4.24292648621353 pleio
172 73.046018 -4.2239642177596 pleio
173 73.057049 -4.20088461039729 pleio
174 73.06808 -4.17647593757772 pleio
175 73.079353 -4.15391216915402 pleio
176 73.111862 -5.17630244823989 pleio
177 73.146945 -5.32211960343147 pleio
178 73.171837 -5.31953688789443 pleio
179 73.196729 -5.3637377178665 pleio
180 73.629401 -5.36473834079306 pleio
181 74.062073 -5.36743901329131 pleio
182 74.066223 -5.36506245384105 pleio
183 74.070373 -5.36254739330609 pleio
184 74.074523 -5.35989720030577 pleio
185 74.078673 -5.35711823937012 pleio
186 74.082823 -5.38624755867002 pleio
187 74.3761735 -5.33392724377275 pleio
188 74.669524 -5.39169905656237 pleio
189 74.672012 -5.41226566391765 pleio
190 74.674499 -5.47495542937817 pleio
191 74.716248 -5.57440271269252 pleio
192 74.724515 -5.70096945947427 pleio
193 74.732783 -5.7530858249975 pleio
194 75.0995546666667 -6.25514906709042 pleio
195 75.4663263333333 -6.27992156797165 pleio
196 75.833098 -6.19277846573946 pleio
197 75.863363 -6.16095954479279 pleio
198 75.875899 -6.13382038070987 pleio
199 75.888435 -6.15450990049168 pleio
200 75.900971 -6.27998937884425 pleio
201 75.903257 -6.43599779510118 pleio
202 75.904489 -6.51517861224298 pleio
203 75.905721 -6.56280563749107 pleio
204 75.917304 -6.61533707236525 pleio
205 76.287653 -6.65341324297014 pleio
206 76.288899 -6.68096856051827 pleio
207 76.290145 -6.71437097429317 pleio
208 76.397032 -6.74343230704641 pleio
209 76.403847 -6.72387993413268 pleio
210 76.410663 -6.58950868333229 pleio
211 76.607927 -6.24703469903648 pleio
212 76.623625 -6.22311148139489 pleio
213 76.633554 -6.22734218140511 pleio
214 76.643483 -6.23657191740605 pleio
215 76.653411 -6.24984612534247 pleio
216 76.66334 -6.26594695525053 pleio
217 76.700004 -6.20082548007874 pleio
218 67.606765 -2.79626971214278 profile1
219 67.613251 -2.80166529087306 profile1
220 67.619736 -2.80710316181506 profile1
221 67.626222 -2.81258142140726 profile1
222 67.641347 -2.81809890869179 profile1
223 67.654855 -2.82370851244235 profile1
224 67.658769 -2.83033773103087 profile1
225 67.662682 -2.83699716413005 profile1
226 67.666596 -2.84369005808451 profile1
227 67.679986 -2.8504191839702 profile1
228 67.708923 -2.83528582284048 profile1
229 67.715069 -2.82251787826233 profile1
230 67.721215 -2.8146349026658 profile1
231 67.746869 -2.81190240283123 profile1
232 67.778018 -2.81844986108609 profile1
233 67.809168 -2.82402971821326 profile1
234 67.895218 -2.77275585729313 profile1
235 67.900561 -2.6987782623594 profile1
236 67.905905 -2.63454936106654 profile1
237 67.911248 -2.58130320001048 profile1
238 67.920171 -2.5199184497637 profile1
239 67.929072 -2.42808557832335 profile1
240 67.937973 -2.34456897270512 profile1
241 67.946874 -2.27011025788897 profile1
242 67.962131 -2.23322817458917 profile1
243 68.103338 -2.22187068804604 profile1
244 68.122257 -2.22103741978053 profile1
245 68.141177 -2.30519516508428 profile1
246 68.410128 -2.40160184935153 profile1
247 68.415239 -2.35801309121713 profile1
248 68.42035 -2.3111390334514 profile1
249 68.640199 -2.20371296417646 profile1
250 68.652056 -2.04507245809313 profile1
251 68.656091 -1.87936337069492 profile1
252 68.660126 -1.70841022799452 profile1
253 68.664161 -1.53468024874982 profile1
254 68.685197 -1.36719843120467 profile1
255 68.806919 -1.2966926797377 profile1
256 68.816104 -1.29542727627059 profile1
257 68.825289 -1.29416184603501 profile1
258 68.885575 -1.29159831443786 profile1
259 68.886394 -1.28774522441606 profile1
260 68.887213 -1.28375966616826 profile1
261 68.888033 -1.27965241763001 profile1
262 68.888852 -1.27543477116193 profile1
263 68.889671 -1.27111877989091 profile1
264 68.89049 -1.29820795404991 profile1
265 68.89131 -1.33251575395261 profile1
266 68.892129 -1.37062233576534 profile1
267 68.987403 -1.24571389821872 profile1
268 69.064645 -0.834364541205107 profile1
269 69.131341 -0.97332734738773 profile1
270 69.198036 -0.971096955349618 profile1
271 69.214855 -0.967481735990482 profile1
272 69.21825 -0.964275374145267 profile1
273 69.221446 -0.961446832597843 profile1
274 69.224642 -0.959030630106063 profile1
275 69.227838 -0.957056038730699 profile1
276 69.231034 -0.771307411423441 profile1
277 69.23423 -0.831940441156236 profile1
278 69.237426 -0.833043257426903 profile1
279 69.240621 -0.834140576473335 profile1
280 69.244859 -0.835194205932043 profile1
281 69.252696 -0.836303449605775 profile1
282 69.260534 -0.838003531432182 profile1
283 69.416362 -0.762489805601152 profile1
284 69.484146 -0.91316795547517 profile1
285 69.505599 -0.911082857103966 profile1
286 69.508945 -0.906678438894139 profile1
287 69.512291 -0.901722134460144 profile1
288 69.515636 -0.896272621833179 profile1
289 69.542556 -0.918402949835427 profile1
290 69.592546 -0.793016918359684 profile1
291 69.66328 -0.889872318304488 profile1
292 69.721392 -0.895608897329412 profile1
293 69.724456 -0.897296042004454 profile1
294 69.727519 -0.89918896133795 profile1
295 69.733033 -0.901290681198095 profile1
296 69.768364 -0.857884996370869 profile1
297 69.782339 -0.80102254932811 profile1
298 69.796313 -0.749705078575448 profile1
299 69.810287 -0.0266376417495104 profile1
300 69.829176 0.0504729133520603 profile1
301 69.837051 0.0488779737862382 profile1
302 69.844926 0.070051538420572 profile1
303 69.869428 0.0960638693940179 profile1
304 69.876397 0.14250301274256 profile1
305 69.876657 0.187565991173184 profile1
306 69.876917 0.230193434486693 profile1
307 69.924127 0.153752578511517 profile1
308 69.978753 0.0333303069699147 profile1
309 70.033378 0.0118170220694026 profile1
310 70.042973 -0.00795036137437812 profile1
311 70.043703 -0.0248561069579707 profile1
312 70.044434 -0.0385589382504448 profile1
313 70.087246 -0.0412179920413522 profile1
314 70.141872 -0.0294685254773083 profile1
315 70.196497 0.023747440237764 profile1
316 70.400832 0.0244518749257351 profile1
317 70.421006 0.0122225199754947 profile1
318 70.441181 -0.00766871352229473 profile1
319 70.60917 -0.0424239846835825 profile1
320 70.612702 -0.110287941473336 profile1
321 70.616235 -0.297433680944878 profile1
322 70.661194 -0.325145055672906 profile1
323 70.728481 -0.351796775084203 profile1
324 70.750402 -0.38822996190258 profile1
325 70.772323 -0.46185104913436 profile1
326 70.779053 -0.557122982024426 profile1
327 70.782062 -0.648344080060296 profile1
328 70.785072 -0.746433468820398 profile1
329 71.12066 -0.732028068873355 profile1
330 71.198629 -0.736680235626569 profile1
331 71.276599 -0.742158724789467 profile1
332 71.354568 -0.893478827900851 profile1
333 71.418821 -1.23711558426735 profile1
334 71.422464 -1.52231412480767 profile1
335 71.449172 -1.89669903318671 profile1
336 71.46043 -1.89833240834744 profile1
337 71.475844 -1.89935146827035 profile1
338 71.510771 -1.90047762605741 profile1
339 71.658293 -1.89837523577321 profile1
340 71.675712 -1.8918456149978 profile1
341 71.693132 -1.88697423884322 profile1
342 71.782692 -2.04325970493148 profile1
343 71.793079 -2.29164187954786 profile1
344 71.803404 -2.55648738388589 profile1
345 71.813729 -2.28117894415896 profile1
346 71.824055 -1.81267251338825 profile1
347 71.83438 -1.73412486440072 profile1
348 71.859513 -1.74745719509618 profile1
349 71.937774 -1.66126431380388 profile1
350 71.945079 -1.71959929110582 profile1
351 71.952385 -1.72756107318913 profile1
352 71.98473 -1.71267950475977 profile1
353 72.012709 -1.69270608473851 profile1
354 72.040688 -1.67606855921224 profile1
355 72.210521 -1.8666371849272 profile1
356 72.314268 -2.35786223325812 profile1
357 72.366456 -2.41436215752844 profile1
358 72.411367 -2.41276959829558 profile1
359 72.450663 -2.40605769762329 profile1
360 72.471305 -2.37825779159722 profile1
361 72.491946 -2.34854250294444 profile1
362 72.512588 -2.32986135855818 profile1
363 72.601385 -2.58196835263231 profile1
364 72.621813 -2.58396322418581 profile1
365 72.642242 -2.58506564256592 profile1
366 72.66267 -2.5865872376101 profile1
367 72.771429 -2.90133704634085 profile1
368 72.883243 -2.88600923702954 profile1
369 72.898448 -2.87916959465623 profile1
370 72.913654 -2.87331776122763 profile1
371 72.928859 -2.86851393424774 profile1
372 72.944065 -2.86671298744281 profile1
373 72.95927 -2.88589699775901 profile1
374 72.974476 -3.05170422115865 profile1
375 72.989681 -2.69561723388144 profile1
376 72.996574 -2.59230007760133 profile1
377 72.9996 -2.40836474019171 profile1
378 73.002626 -2.30585012497583 profile1
379 73.005652 -2.25625751653585 profile1
380 73.012925 -2.24019763545191 profile1
381 73.023956 -2.24093581090028 profile1
382 73.034987 -2.24207087981725 profile1
383 73.046018 -2.20408911122191 profile1
384 73.057049 -2.15909499245906 profile1
385 73.06808 -2.11487692422653 profile1
386 73.079353 -2.08394154615564 profile1
387 73.111862 -2.49750156065296 profile1
388 73.146945 -2.58828620574161 profile1
389 73.171837 -2.76323183771708 profile1
390 73.196729 -2.88292280358439 profile1
391 73.629401 -2.88851565514984 profile1
392 74.062073 -2.89508440916964 profile1
393 74.066223 -2.8947740870344 profile1
394 74.070373 -2.89450552515242 profile1
395 74.074523 -2.89427806257192 profile1
396 74.078673 -2.89409299225724 profile1
397 74.082823 -2.95540220190393 profile1
398 74.3761735 -2.89103040163752 profile1
399 74.669524 -2.95226529972838 profile1
400 74.672012 -2.9669069507923 profile1
401 74.674499 -3.01115277930729 profile1
402 74.716248 -3.08223948235543 profile1
403 74.724515 -3.17421523875548 profile1
404 74.732783 -3.28955199785128 profile1
405 75.0995546666667 -3.99006798887082 profile1
406 75.4663263333333 -3.99191722551221 profile1
407 75.833098 -3.97816675336108 profile1
408 75.863363 -3.9551826916674 profile1
409 75.875899 -3.92375156812169 profile1
410 75.888435 -3.91201251810388 profile1
411 75.900971 -3.94406877331168 profile1
412 75.903257 -3.99461773599204 profile1
413 75.904489 -4.05178306856979 profile1
414 75.905721 -4.1038415719684 profile1
415 75.917304 -4.15417605871825 profile1
416 76.287653 -4.18721068158213 profile1
417 76.288899 -4.20977148804194 profile1
418 76.290145 -4.23880209990774 profile1
419 76.397032 -4.26079282678263 profile1
420 76.403847 -4.23035234062874 profile1
421 76.410663 -4.09642272438031 profile1
422 76.607927 -3.85404757713753 profile1
423 76.623625 -3.80335131092969 profile1
424 76.633554 -3.75819061801799 profile1
425 76.643483 -3.71491853507848 profile1
426 76.653411 -3.67347716936442 profile1
427 76.66334 -3.63368126781553 profile1
428 76.700004 -3.47325395193194 profile1
429 71.425934 -1.75319617597555 profile1
430 71.429405 -1.82967194326181 profile1
431 71.432875 -1.8422618470616 profile1
432 71.436346 -1.8557762472622 profile1
433 71.439817 -1.87015355751385 profile1
434 71.443287 -1.88532674491464 profile1
435 67.606765 -3.86163367723913 profile2
436 67.613251 -3.858832558596 profile2
437 67.619736 -3.85604991331472 profile2
438 67.626222 -3.85328658977862 profile2
439 67.641347 -3.85054258442822 profile2
440 67.654855 -3.84782884410089 profile2
441 67.658769 -3.84535017599991 profile2
442 67.662682 -3.84293212234565 profile2
443 67.666596 -3.8405518167586 profile2
444 67.679986 -3.83819122043564 profile2
445 67.708923 -3.82111083836172 profile2
446 67.715069 -3.80119576166007 profile2
447 67.721215 -3.77995462314926 profile2
448 67.746869 -3.75421444592282 profile2
449 67.778018 -3.75087147553172 profile2
450 67.809168 -3.75030892993392 profile2
451 67.895218 -3.70911146832295 profile2
452 67.900561 -3.64644506272001 profile2
453 67.905905 -3.59099235276202 profile2
454 67.911248 -3.54424870832424 profile2
455 67.920171 -3.51304710606459 profile2
456 67.929072 -3.50345964642689 profile2
457 67.937973 -3.50464469129915 profile2
458 67.946874 -3.51661969094022 profile2
459 67.962131 -3.50510981672591 profile2
460 68.103338 -3.50031541524084 profile2
461 68.122257 -3.50016298132727 profile2
462 68.141177 -3.51896206584245 profile2
463 68.410128 -3.51711819105473 profile2
464 68.415239 -3.42951828696596 profile2
465 68.42035 -3.3437186684027 profile2
466 68.640199 -3.25398419301569 profile2
467 68.652056 -3.16505512949582 profile2
468 68.656091 -3.08419455000063 profile2
469 68.660126 -3.01285368203851 profile2
470 68.664161 -2.95228337190049 profile2
471 68.685197 -2.90337188845798 profile2
472 68.806919 -2.88420622232037 profile2
473 68.816104 -2.88498018512202 profile2
474 68.825289 -2.88575337823865 profile2
475 68.885575 -2.88359494173252 profile2
476 68.886394 -2.87874278706995 profile2
477 68.887213 -2.87378798881239 profile2
478 68.888033 -2.8687366536969 profile2
479 68.888852 -2.86359507811517 profile2
480 68.889671 -2.85837023310918 profile2
481 68.89049 -2.8417148398694 profile2
482 68.89131 -2.82319774965919 profile2
483 68.892129 -2.80398328158816 profile2
484 68.987403 -2.70192021860289 profile2
485 69.064645 -2.08247655307119 profile2
486 69.131341 -1.97367648497429 profile2
487 69.198036 -1.98088209862794 profile2
488 69.214855 -1.98938522407654 profile2
489 69.21825 -1.99712377606774 profile2
490 69.221446 -2.00404164130033 profile2
491 69.224642 -2.01011388250544 profile2
492 69.227838 -2.01535630468411 profile2
493 69.231034 -0.751964780208018 profile2
494 69.23423 -0.477307737122707 profile2
495 69.237426 -0.471594255647537 profile2
496 69.240621 -0.465763234892865 profile2
497 69.244859 -0.459821324948192 profile2
498 69.252696 -0.454425686010207 profile2
499 69.260534 -0.448207584040813 profile2
500 69.416362 -0.244689439468711 profile2
501 69.484146 0.105566338574635 profile2
502 69.505599 0.103422113378218 profile2
503 69.508945 0.0966125996268465 profile2
504 69.512291 0.0915319162825775 profile2
505 69.515636 0.0882505951018366 profile2
506 69.542556 0.230193434486693 profile2
507 69.592546 -0.72527842390639 profile2
508 69.66328 -0.708145087596861 profile2
509 69.721392 -0.710392640573771 profile2
510 69.724456 -0.713837177944121 profile2
511 69.727519 -0.717379781336675 profile2
512 69.733033 -0.721016354128779 profile2
513 69.768364 -0.65378637888736 profile2
514 69.782339 -0.567455835537736 profile2
515 69.796313 -0.496702115332975 profile2
516 69.810287 -0.0618385243980254 profile2
517 69.829176 0.0449752903972022 profile2
518 69.837051 0.0384630999482955 profile2
519 69.844926 0.0252368634170739 profile2
520 69.869428 0.0124661284640799 profile2
521 69.876397 0.00591956158575977 profile2
522 69.876657 0.00194325615895471 profile2
523 69.876917 0 profile2
524 69.924127 0.0737209149375384 profile2
525 69.978753 0.155161932271768 profile2
526 70.033378 0.145423268766571 profile2
527 70.042973 0.13544219967708 profile2
528 70.043703 0.125249673200314 profile2
529 70.044434 0.114826575213557 profile2
530 70.087246 0.102315927725239 profile2
531 70.141872 0.0867395113003122 profile2
532 70.196497 0.0790040590800065 profile2
533 70.400832 0.0643930824929236 profile2
534 70.421006 0.0501814675915973 profile2
535 70.441181 0.0355761307460903 profile2
536 70.60917 0.0204571734007807 profile2
537 70.612702 0.00585243205494221 profile2
538 70.616235 -0.0150683668337773 profile2
539 70.661194 -0.0216240008637012 profile2
540 70.728481 -0.0250498574921077 profile2
541 70.750402 -0.0268199950061273 profile2
542 70.772323 -0.0473082647271444 profile2
543 70.779053 -0.0771431238884896 profile2
544 70.782062 -0.103178838011603 profile2
545 70.785072 -0.12898996774953 profile2
546 71.12066 -0.242764766575097 profile2
547 71.198629 -0.241668756257196 profile2
548 71.276599 -0.240029262504073 profile2
549 71.354568 0.0125579768711555 profile2
550 71.418821 0.153748077498125 profile2
551 71.422464 0.012742528883466 profile2
552 71.425934 -0.22566374750883 profile2
553 71.429405 -0.305956138698632 profile2
554 71.432875 -0.283867327692306 profile2
555 71.436346 -0.261984339957007 profile2
556 71.439817 -0.24039864997824 profile2
557 71.443287 -0.219201333582302 profile2
558 71.449172 -0.204718359267849 profile2
559 71.46043 -0.2041072486171 profile2
560 71.475844 -0.202630679537928 profile2
561 71.510771 -0.200965109227901 profile2
562 71.658293 -0.202754097236159 profile2
563 71.675712 -0.211925373669908 profile2
564 71.693132 -0.223742801538874 profile2
565 71.782692 -0.705023564426188 profile2
566 71.793079 -0.638568284698337 profile2
567 71.803404 -0.534279860426267 profile2
568 71.813729 -0.575022912119035 profile2
569 71.824055 -1.21800678184684 profile2
570 71.83438 -1.63229256812916 profile2
571 71.859513 -1.69728682479068 profile2
572 71.937774 -1.70385314928955 profile2
573 71.945079 -1.66280179167082 profile2
574 71.952385 -1.65502608657322 profile2
575 71.98473 -1.65521556409438 profile2
576 72.012709 -1.6459202623981 profile2
577 72.040688 -1.63424195036426 profile2
578 72.210521 -1.54058510745341 profile2
579 72.314268 -1.50319817585063 profile2
580 72.366456 -1.52112820298405 profile2
581 72.411367 -1.53856079887593 profile2
582 72.450663 -1.55524133652624 profile2
583 72.471305 -1.58253719733814 profile2
584 72.491946 -1.6164735834453 profile2
585 72.512588 -1.66380891143913 profile2
586 72.601385 -1.69031275597851 profile2
587 72.621813 -1.68503345807877 profile2
588 72.642242 -1.68484501925589 profile2
589 72.66267 -1.68695883569092 profile2
590 72.771429 -1.92377104703677 profile2
591 72.883243 -1.93787733302825 profile2
592 72.898448 -1.96420455220246 profile2
593 72.913654 -1.99215864581994 profile2
594 72.928859 -2.02164498070293 profile2
595 72.944065 -2.0504019719115 profile2
596 72.95927 -2.08245085250318 profile2
597 72.974476 -2.20583658493325 profile2
598 72.989681 -2.41282977691486 profile2
599 72.996574 -2.34463745308693 profile2
600 72.9996 -2.33652719983164 profile2
601 73.002626 -2.35328843410704 profile2
602 73.005652 -2.34274354653392 profile2
603 73.012925 -2.33608069271518 profile2
604 73.023956 -2.33094472699068 profile2
605 73.034987 -2.32539791577816 profile2
606 73.046018 -2.35150491409949 profile2
607 73.057049 -2.381666524845 profile2
608 73.06808 -2.40945357273084 profile2
609 73.079353 -2.42361857425037 profile2
610 73.111862 -3.03272185704454 profile2
611 73.146945 -3.10159374949729 profile2
612 73.171837 -2.96052856709936 profile2
613 73.196729 -2.90082214429138 profile2
614 73.629401 -2.89363847421191 profile2
615 74.062073 -2.89219990670201 profile2
616 74.066223 -2.88878115258539 profile2
617 74.070373 -2.88517711514427 profile2
618 74.074523 -2.8813950693977 profile2
619 74.078673 -2.87744306832984 profile2
620 74.082823 -2.81245815057046 profile2
621 74.3761735 -2.84186182345228 profile2
622 74.669524 -2.81674471366628 profile2
623 74.672012 -2.82013785561692 profile2
624 74.674499 -2.83708796368448 profile2
625 74.716248 -2.86513251591142 profile2
626 74.724515 -2.90059570810675 profile2
627 74.732783 -2.84206764924071 profile2
628 75.0995546666667 -2.6127607968726 profile2
629 75.4663263333333 -2.64280787534151 profile2
630 75.833098 -2.55920494401453 profile2
631 75.863363 -2.55384393353485 profile2
632 75.875899 -2.56126509086755 profile2
633 75.888435 -2.59696380792011 profile2
634 75.900971 -2.69496155883629 profile2
635 75.903257 -2.80786154406963 profile2
636 75.904489 -2.83827581195352 profile2
637 75.905721 -2.84142318455671 profile2
638 75.917304 -2.85034164782025 profile2
639 76.287653 -2.85664487197713 profile2
640 76.288899 -2.8621855338398 profile2
641 76.290145 -2.86792045027594 profile2
642 76.397032 -2.87129809340476 profile2
643 76.403847 -2.87320840007476 profile2
644 76.410663 -2.86711880183711 profile2
645 76.607927 -2.78027406310696 profile2
646 76.623625 -2.80916538826146 profile2
647 76.633554 -2.86398538048881 profile2
648 76.643483 -2.92265315988141 profile2
649 76.653411 -2.98419675232527 profile2
650 76.66334 -3.04747537209238 profile2
651 76.700004 -3.15102173534661 profile2
