marker_position lod trace
1 67.606765 -8.62506732187034 pleio
2 67.613251 -8.6347800061605 pleio
3 67.619736 -8.6445995907249 pleio
4 67.626222 -8.6545241424659 pleio
5 67.641347 -8.66455399729985 pleio
6 67.654855 -8.67467126993606 pleio
7 67.658769 -8.68455573184031 pleio
8 67.662682 -8.69447483837893 pleio
9 67.666596 -8.70446377994246 pleio
10 67.679986 -8.71455090629655 pleio
11 67.708923 -8.69898730314323 pleio
12 67.715069 -8.68069029892536 pleio
13 67.721215 -8.66273597132013 pleio
14 67.746869 -8.64360621165139 pleio
15 67.778018 -8.65266630860859 pleio
16 67.809168 -8.66088951649745 pleio
17 67.895218 -8.71959179309229 pleio
18 67.900561 -8.81506020915286 pleio
19 67.905905 -8.91623141262999 pleio
20 67.911248 -9.02248938603569 pleio
21 67.920171 -9.10753326120849 pleio
22 67.929072 -9.14601367735452 pleio
23 67.937973 -9.18828571003621 pleio
24 67.946874 -9.23396390110551 pleio
25 67.962131 -9.24717422079044 pleio
26 68.103338 -9.24940656189985 pleio
27 68.122257 -9.24654216084329 pleio
28 68.141177 -9.20599685923577 pleio
29 68.410128 -9.10482928712509 pleio
30 68.415239 -9.05918958610115 pleio
31 68.42035 -9.00120533431106 pleio
32 68.640199 -8.87557608700685 pleio
33 68.652056 -8.69209953198861 pleio
34 68.656091 -8.49468201983984 pleio
35 68.660126 -8.2864518581194 pleio
36 68.664161 -8.07121079307557 pleio
37 68.685197 -7.85309959723022 pleio
38 68.806919 -7.75686671760576 pleio
39 68.816104 -7.75594972736617 pleio
40 68.825289 -7.75506664666094 pleio
41 68.885575 -7.74220607248518 pleio
42 68.886394 -7.71915528618726 pleio
43 68.887213 -7.69676307660724 pleio
44 68.888033 -7.67508459816375 pleio
45 68.888852 -7.65417162196249 pleio
46 68.889671 -7.63406962414534 pleio
47 68.89049 -7.60020846257853 pleio
48 68.89131 -7.5701399519511 pleio
49 68.892129 -7.54659317658647 pleio
50 68.987403 -7.67618004181491 pleio
51 69.064645 -6.90573457487395 pleio
52 69.131341 -6.15268673596734 pleio
53 69.198036 -6.10256156451471 pleio
54 69.214855 -6.07369365882873 pleio
55 69.21825 -6.05395996349822 pleio
56 69.221446 -6.04385210113052 pleio
57 69.224642 -6.04351624814702 pleio
58 69.227838 -6.05276107400627 pleio
59 69.231034 -5.54725213915158 pleio
60 69.23423 -5.51511318122071 pleio
61 69.237426 -5.50471709602388 pleio
62 69.240621 -5.49462171030054 pleio
63 69.244859 -5.4848484069972 pleio
64 69.252696 -5.47514496052051 pleio
65 69.260534 -5.4595238186882 pleio
66 69.416362 -5.40970664938529 pleio
67 69.484146 -5.6371410493104 pleio
68 69.505599 -5.65854599498846 pleio
69 69.508945 -5.70379426002425 pleio
70 69.512291 -5.74362583374273 pleio
71 69.515636 -5.77761868440629 pleio
72 69.542556 -5.78299568238035 pleio
73 69.592546 -5.99991709414972 pleio
74 69.66328 -5.79950738820315 pleio
75 69.721392 -5.79790323820823 pleio
76 69.724456 -5.79031195309525 pleio
77 69.727519 -5.78294222692996 pleio
78 69.733033 -5.77581122205049 pleio
79 69.768364 -5.65386669558936 pleio
80 69.782339 -5.47722840028377 pleio
81 69.796313 -5.26597282654962 pleio
82 69.810287 -2.36928199661901 pleio
83 69.829176 -2.03628980466824 pleio
84 69.837051 -2.03948221216965 pleio
85 69.844926 -2.07556987749282 pleio
86 69.869428 -2.10924354000062 pleio
87 69.876397 -2.1118546242055 pleio
88 69.876657 -2.1158975272452 pleio
89 69.876917 -2.12338512892976 pleio
90 69.924127 -2.17207301029714 pleio
91 69.978753 -2.20917525186739 pleio
92 70.033378 -2.11870152618943 pleio
93 70.042973 -2.03247593194468 pleio
94 70.043703 -1.95141990878941 pleio
95 70.044434 -1.87621612041138 pleio
96 70.087246 -1.81448504966338 pleio
97 70.141872 -1.76842006935502 pleio
98 70.196497 -1.75742546569666 pleio
99 70.400832 -1.73984720096941 pleio
100 70.421006 -1.75216315129645 pleio
101 70.441181 -1.76480119460164 pleio
102 70.60917 -1.75825045375628 pleio
103 70.612702 -1.67264988857689 pleio
104 70.616235 -1.57372303709712 pleio
105 70.661194 -1.49770521412575 pleio
106 70.728481 -1.40921024744963 pleio
107 70.750402 -1.27621972723103 pleio
108 70.772323 -1.18804429249714 pleio
109 70.779053 -1.12510338552827 pleio
110 70.782062 -1.05793184961621 pleio
111 70.785072 -0.997503379124148 pleio
112 71.12066 -0.542261758053429 pleio
113 71.198629 -0.503785161936129 pleio
114 71.276599 -0.465172269338219 pleio
115 71.354568 -0.521419130589079 pleio
116 71.418821 -0.328733877575988 pleio
117 71.422464 -0.148372797471979 pleio
118 71.425934 -0.0121600654843868 pleio
119 71.429405 0 pleio
120 71.432875 -0.0388782307282152 pleio
121 71.436346 -0.0816315611445041 pleio
122 71.439817 -0.12797446167317 pleio
123 71.443287 -0.177595340250116 pleio
124 71.449172 -0.212471853523079 pleio
125 71.46043 -0.208906985704453 pleio
126 71.475844 -0.205117392468011 pleio
127 71.510771 -0.201329050252178 pleio
128 71.658293 -0.205315976601955 pleio
129 71.675712 -0.228964517899425 pleio
130 71.693132 -0.263180854534795 pleio
131 71.782692 -0.287257688808215 pleio
132 71.793079 -0.334815529280629 pleio
133 71.803404 -0.408595552284388 pleio
134 71.813729 -0.740813307449845 pleio
135 71.824055 -1.77883225766669 pleio
136 71.83438 -2.16222779515649 pleio
137 71.859513 -2.16397215636946 pleio
138 71.937774 -2.45998636312025 pleio
139 71.945079 -2.42761778043979 pleio
140 71.952385 -2.38050759432655 pleio
141 71.98473 -2.32071077544679 pleio
142 72.012709 -2.29157823273569 pleio
143 72.040688 -2.27790420993932 pleio
144 72.210521 -1.94863131585612 pleio
145 72.314268 -2.19793432481586 pleio
146 72.366456 -2.34171878549918 pleio
147 72.411367 -2.38173315426618 pleio
148 72.450663 -2.42639458174426 pleio
149 72.471305 -2.4803614345572 pleio
150 72.491946 -2.67597636647603 pleio
151 72.512588 -2.98973652820408 pleio
152 72.601385 -2.98999985083441 pleio
153 72.621813 -2.90918903710359 pleio
154 72.642242 -2.95600446222956 pleio
155 72.66267 -3.00888808644808 pleio
156 72.771429 -2.82634227262509 pleio
157 72.883243 -2.78512920482067 pleio
158 72.898448 -2.72299634321111 pleio
159 72.913654 -2.6662400321237 pleio
160 72.928859 -2.61507409681339 pleio
161 72.944065 -2.56946581214879 pleio
162 72.95927 -2.4925099571512 pleio
163 72.974476 -2.59108874793377 pleio
164 72.989681 -3.20511840312451 pleio
165 72.996574 -3.06974468328204 pleio
166 72.9996 -2.93010569533797 pleio
167 73.002626 -2.76776928580191 pleio
168 73.005652 -2.704764126697 pleio
169 73.012925 -2.66349818722087 pleio
170 73.023956 -2.63843498671168 pleio
171 73.034987 -2.62407870052554 pleio
172 73.046018 -2.65678143469961 pleio
173 73.057049 -2.71405747293876 pleio
174 73.06808 -2.78899948676403 pleio
175 73.079353 -2.85949715715799 pleio
176 73.111862 -3.0635767254822 pleio
177 73.146945 -3.42587025194467 pleio
178 73.171837 -3.64659801041961 pleio
179 73.196729 -3.86885580979519 pleio
180 73.629401 -3.88975506623224 pleio
181 74.062073 -3.89413198132859 pleio
182 74.066223 -3.89225575185838 pleio
183 74.070373 -3.89138728479457 pleio
184 74.074523 -3.8915225871517 pleio
185 74.078673 -3.89264746432966 pleio
186 74.082823 -3.75007526607443 pleio
187 74.3761735 -3.81696805219893 pleio
188 74.669524 -3.75088957560951 pleio
189 74.672012 -3.60403269567089 pleio
190 74.674499 -3.47480308975553 pleio
191 74.716248 -3.36327830739829 pleio
192 74.724515 -3.26979625616495 pleio
193 74.732783 -3.34322951718763 pleio
194 75.0995546666667 -4.17666577778811 pleio
195 75.4663263333333 -4.12995200159632 pleio
196 75.833098 -4.15707192955607 pleio
197 75.863363 -4.06786788693253 pleio
198 75.875899 -3.96540115743386 pleio
199 75.888435 -3.91044141095385 pleio
200 75.900971 -3.97062558958052 pleio
201 75.903257 -4.06793212455581 pleio
202 75.904489 -4.10345144579164 pleio
203 75.905721 -4.10947139495397 pleio
204 75.917304 -4.11554599442823 pleio
205 76.287653 -4.08961601310569 pleio
206 76.288899 -4.04872380006242 pleio
207 76.290145 -4.00920647100713 pleio
208 76.397032 -4.02555026718453 pleio
209 76.403847 -4.09779853190101 pleio
210 76.410663 -4.15577357791452 pleio
211 76.607927 -4.27511246968468 pleio
212 76.623625 -4.12381997182285 pleio
213 76.633554 -4.06306854079134 pleio
214 76.643483 -4.00665585899785 pleio
215 76.653411 -3.95492479721109 pleio
216 76.66334 -3.90800693542526 pleio
217 76.700004 -3.92859353248993 pleio
218 67.606765 -4.01085988570635 profile1
219 67.613251 -4.01694819948464 profile1
220 67.619736 -4.02308789117482 profile1
221 67.626222 -4.02927774026676 profile1
222 67.641347 -4.03551761948254 profile1
223 67.654855 -4.04177378446873 profile1
224 67.658769 -4.04741927092675 profile1
225 67.662682 -4.05302071648201 profile1
226 67.666596 -4.05862785229412 profile1
227 67.679986 -4.06428089151324 profile1
228 67.708923 -4.06208779081023 profile1
229 67.715069 -4.06197819277286 profile1
230 67.721215 -4.06525654902024 profile1
231 67.746869 -4.06994584242683 profile1
232 67.778018 -4.07547166484104 profile1
233 67.809168 -4.07949499013762 profile1
234 67.895218 -4.08688153994239 profile1
235 67.900561 -4.10211784426072 profile1
236 67.905905 -4.12083977050861 profile1
237 67.911248 -4.14277653888683 profile1
238 67.920171 -4.14893751133668 profile1
239 67.929072 -4.12203146598598 profile1
240 67.937973 -4.09976053678234 profile1
241 67.946874 -4.08236444143019 profile1
242 67.962131 -4.08047859292921 profile1
243 68.103338 -4.08074874668952 profile1
244 68.122257 -4.08053258029086 profile1
245 68.141177 -3.97628396192504 profile1
246 68.410128 -3.82630341700964 profile1
247 68.415239 -3.77492220481711 profile1
248 68.42035 -3.71450041260389 profile1
249 68.640199 -3.61776009407348 profile1
250 68.652056 -3.48574058515574 profile1
251 68.656091 -3.33885168795999 profile1
252 68.660126 -3.17948081415719 profile1
253 68.664161 -3.01075534596216 profile1
254 68.685197 -2.83638519487288 profile1
255 68.806919 -2.75663018532378 profile1
256 68.816104 -2.75608838430068 profile1
257 68.825289 -2.75556208417818 profile1
258 68.885575 -2.74725930411136 profile1
259 68.886394 -2.7323651711786 profile1
260 68.887213 -2.71791230562133 profile1
261 68.888033 -2.70392976309472 profile1
262 68.888852 -2.69044460992407 profile1
263 68.889671 -2.6774806606827 profile1
264 68.89049 -2.61804532440276 profile1
265 68.89131 -2.55793991168753 profile1
266 68.892129 -2.50264870187212 profile1
267 68.987403 -2.46304644736771 profile1
268 69.064645 -1.98204766277692 profile1
269 69.131341 -1.3703372256682 profile1
270 69.198036 -1.33319792179457 profile1
271 69.214855 -1.30774280452429 profile1
272 69.21825 -1.28784502872532 profile1
273 69.221446 -1.27390421744204 profile1
274 69.224642 -1.26610380759277 profile1
275 69.227838 -1.26441828471857 profile1
276 69.231034 -0.960585292161672 profile1
277 69.23423 -0.974773003230217 profile1
278 69.237426 -0.971377445262213 profile1
279 69.240621 -0.968190780802292 profile1
280 69.244859 -0.965228651474611 profile1
281 69.252696 -0.962237679326859 profile1
282 69.260534 -0.956675571771872 profile1
283 69.416362 -0.955851783645087 profile1
284 69.484146 -1.15220724388643 profile1
285 69.505599 -1.15160568506078 profile1
286 69.508945 -1.1481212045703 profile1
287 69.512291 -1.14451799427313 profile1
288 69.515636 -1.14085677694581 profile1
289 69.542556 -1.11798866293833 profile1
290 69.592546 -1.11507473372408 profile1
291 69.66328 -0.992572441199875 profile1
292 69.721392 -0.995823116240361 profile1
293 69.724456 -0.992729293787336 profile1
294 69.727519 -0.989913872088185 profile1
295 69.733033 -0.98738604206817 profile1
296 69.768364 -0.897590908634823 profile1
297 72.210521 -1.94760264483544 profile1
298 72.314268 -1.71478103087809 profile1
299 72.366456 -1.67319321369671 profile1
300 72.411367 -1.66051862564887 profile1
301 72.450663 -1.65528107144488 profile1
302 72.471305 -1.67791077501949 profile1
303 72.491946 -1.80875931609621 profile1
304 72.512588 -2.02179097306609 profile1
305 72.601385 -1.99538699369353 profile1
306 72.621813 -1.93559925679419 profile1
307 72.642242 -1.95647198200911 profile1
308 72.66267 -1.97830874565496 profile1
309 72.771429 -1.88987248522432 profile1
310 72.883243 -1.87511988800565 profile1
311 72.898448 -1.85755699350022 profile1
312 72.913654 -1.84131373079157 profile1
313 72.928859 -1.82647294540066 profile1
314 72.944065 -1.81381860257107 profile1
315 72.95927 -1.88689148151621 profile1
316 72.974476 -2.2147734306355 profile1
317 72.989681 -2.55150788677937 profile1
318 72.996574 -2.5409650946247 profile1
319 72.9996 -2.62259395061417 profile1
320 73.002626 -2.62234875700802 profile1
321 73.005652 -2.5889301544355 profile1
322 73.012925 -2.55581236652406 profile1
323 73.023956 -2.52343593919647 profile1
324 73.034987 -2.49231308551393 profile1
325 73.046018 -2.46071327520421 profile1
326 73.057049 -2.42917421912295 profile1
327 73.06808 -2.39796903498851 profile1
328 73.079353 -2.36758430057191 profile1
329 73.111862 -2.492859741913 profile1
330 73.146945 -2.52224680825767 profile1
331 73.171837 -2.58456563004748 profile1
332 73.196729 -2.50573943286002 profile1
333 73.629401 -2.48556193166357 profile1
334 74.062073 -2.49565441906135 profile1
335 74.066223 -2.49562540488736 profile1
336 74.070373 -2.49662622335363 profile1
337 74.074523 -2.49865050197449 profile1
338 74.078673 -2.50168282485144 profile1
339 74.082823 -2.44021485668482 profile1
340 74.3761735 -2.46836586428486 profile1
341 74.669524 -2.41529137380392 profile1
342 74.672012 -2.31652192215593 profile1
343 74.674499 -2.21481247850894 profile1
344 74.716248 -2.11323931328019 profile1
345 74.724515 -2.01483955294858 profile1
346 74.732783 -2.11414894794447 profile1
347 75.0995546666667 -2.67670254328731 profile1
348 75.4663263333333 -2.63759419981086 profile1
349 75.833098 -2.72878308750178 profile1
350 75.863363 -2.74114943711652 profile1
351 75.875899 -2.75185589783441 profile1
352 75.888435 -2.76008908688554 profile1
353 75.900971 -2.76842746462376 profile1
354 75.903257 -2.78874915898484 profile1
355 75.904489 -2.80406022572071 profile1
356 75.905721 -2.81406510145477 profile1
357 75.917304 -2.82315555590917 profile1
358 76.287653 -2.82534782194611 profile1
359 76.288899 -2.82566463004488 profile1
360 76.290145 -2.82576400758872 profile1
361 76.397032 -2.85751899233201 profile1
362 76.403847 -2.92603099807729 profile1
363 76.410663 -3.0051878768734 profile1
364 76.607927 -3.12855016037084 profile1
365 76.623625 -3.1617653510703 profile1
366 76.633554 -3.16821445690423 profile1
367 76.643483 -3.17842381045603 profile1
368 76.653411 -3.19218624919774 profile1
369 76.66334 -3.20898599111845 profile1
370 76.700004 -3.27793658486049 profile1
371 69.782339 -0.76200074637511 profile1
372 69.796313 -0.594366661956491 profile1
373 70.421006 1.20739175887682 profile1
374 70.441181 1.15852761106509 profile1
375 70.60917 1.1200252452356 profile1
376 70.612702 1.14047437516258 profile1
377 70.616235 1.148895824232 profile1
378 70.661194 1.18579316904116 profile1
379 70.728481 1.18923900795007 profile1
380 70.750402 1.204096871784 profile1
381 70.772323 1.1843386326636 profile1
382 70.779053 1.14668411140465 profile1
383 70.782062 1.11514567788985 profile1
384 70.785072 1.08352318813621 profile1
385 71.276599 1.26989099280963 profile1
386 71.354568 1.17396954459613 profile1
387 71.418821 1.29578257968474 profile1
388 71.422464 1.42368679129324 profile1
389 71.425934 1.51313986253406 profile1
390 71.429405 1.48646981185122 profile1
391 71.432875 1.41394387464353 profile1
392 71.436346 1.33919337351684 profile1
393 71.439817 1.2625330974826 profile1
394 71.443287 1.18429983411827 profile1
395 71.449172 1.12103009721617 profile1
396 71.46043 1.09424910723232 profile1
397 71.475844 1.06892328061927 profile1
398 71.510771 1.04484654675257 profile1
399 71.658293 1.01337490671526 profile1
400 71.675712 0.962594013217361 profile1
401 71.693132 0.903254713447973 profile1
402 71.782692 0.885538947858918 profile1
403 71.793079 0.684923048681787 profile1
404 71.803404 0.43314775000596 profile1
405 71.813729 -0.0388975540685554 profile1
406 71.824055 -1.14998850742953 profile1
407 71.83438 -1.54527013663932 profile1
408 71.859513 -1.62723873605596 profile1
409 71.937774 -2.01760779970807 profile1
410 71.945079 -2.11747489668479 profile1
411 71.952385 -2.16693183969947 profile1
412 71.98473 -2.20138597249778 profile1
413 72.012709 -2.23928904094608 profile1
414 72.040688 -2.27743258610724 profile1
415 69.810287 0.866832926733161 profile1
416 69.829176 1.06938996873619 profile1
417 69.837051 1.06237799956637 profile1
418 69.844926 1.0294904286793 profile1
419 69.869428 1.00767142974031 profile1
420 69.876397 1.03594730973591 profile1
421 69.876657 1.06389692529406 profile1
422 69.876917 1.09098492044562 profile1
423 69.924127 1.09586612019295 profile1
424 69.978753 1.11198660168472 profile1
425 70.033378 1.16562551271599 profile1
426 70.042973 1.21238188193422 profile1
427 70.043703 1.25126598093894 profile1
428 70.044434 1.28171139327064 profile1
429 70.087246 1.29820198895085 profile1
430 70.141872 1.30144444098725 profile1
431 70.196497 1.2722840631323 profile1
432 70.400832 1.2523025124179 profile1
433 71.12066 1.26475081974785 profile1
434 71.198629 1.26723762615705 profile1
435 67.606765 -2.92600795197642 profile2
436 67.613251 -2.92967282177784 profile2
437 67.619736 -2.93339121106168 profile2
438 67.626222 -2.93716238994904 profile2
439 67.641347 -2.9409868016116 profile2
440 67.654855 -2.94488047054974 profile2
441 67.658769 -2.94915249648971 profile2
442 67.662682 -2.95350092463752 profile2
443 67.666596 -2.95791136734054 profile2
444 67.679986 -2.96237207276813 profile2
445 67.708923 -2.94843344920965 profile2
446 67.715069 -2.92984564723597 profile2
447 67.721215 -2.90844317392972 profile2
448 67.746869 -2.88453803179606 profile2
449 67.778018 -2.88810857019751 profile2
450 67.809168 -2.89236827699465 profile2
451 67.895218 -2.94268331523985 profile2
452 67.900561 -3.02106830715519 profile2
453 67.905905 -3.10141744893249 profile2
454 67.911248 -3.18339671064818 profile2
455 67.920171 -3.2601299879302 profile2
456 67.929072 -3.32397561525607 profile2
457 67.937973 -3.38676078148655 profile2
458 67.946874 -3.44787048761179 profile2
459 67.962131 -3.4625942811454 profile2
460 68.103338 -3.46444737263484 profile2
461 68.122257 -3.461710935534 profile2
462 68.141177 -3.5296124984072 profile2
463 68.410128 -3.58330427216236 profile2
464 68.415239 -3.58940566431261 profile2
465 68.42035 -3.59222415461139 profile2
466 68.640199 -3.56511313382949 profile2
467 68.652056 -3.51668646499198 profile2
468 68.656091 -3.46939775221752 profile2
469 68.660126 -3.42391770318947 profile2
470 68.664161 -3.38084202857754 profile2
471 68.685197 -3.34050007093675 profile2
472 68.806919 -3.3255404922726 profile2
473 68.816104 -3.32520644356003 profile2
474 68.825289 -3.32489178648018 profile2
475 68.885575 -3.32054044973745 profile2
476 68.886394 -3.31272969008796 profile2
477 68.887213 -3.30512688058236 profile2
478 68.888033 -3.29775728141209 profile2
479 68.888852 -3.29064483266571 profile2
480 68.889671 -3.28381049422198 profile2
481 68.89049 -3.30731698961512 profile2
482 68.89131 -3.33532826576385 profile2
483 68.892129 -3.36535484482858 profile2
484 68.987403 -3.53275011804278 profile2
485 69.064645 -3.25217551595057 profile2
486 69.131341 -3.12721729465195 profile2
487 69.198036 -3.11234808005711 profile2
488 69.214855 -3.10566041453675 profile2
489 69.21825 -3.10277763387794 profile2
490 69.221446 -3.10385186613252 profile2
491 69.224642 -3.10889869945106 profile2
492 69.227838 -3.11779292984359 profile2
493 69.231034 -2.92807366119548 profile2
494 69.23423 -2.88310918303458 profile2
495 69.237426 -2.87599123379924 profile2
496 69.240621 -2.86897250371718 profile2
497 69.244859 -2.86205799116857 profile2
498 69.252696 -2.85524969059953 profile2
499 69.260534 -2.84504893907086 profile2
500 69.416362 -2.80722484898258 profile2
501 69.484146 -2.84566199790073 profile2
502 69.505599 -2.86793149295103 profile2
503 69.508945 -2.9172662969789 profile2
504 69.512291 -2.96122488247519 profile2
505 69.515636 -2.99931828358623 profile2
506 69.542556 -3.02756056961724 profile2
507 69.592546 -3.26106165832955 profile2
508 69.66328 -3.18194949078526 profile2
509 69.721392 -3.17683537291891 profile2
510 69.724456 -3.17185982801736 profile2
511 69.727519 -3.16685457011656 profile2
512 69.733033 -3.161828687937 profile2
513 69.768364 -3.1330437269009 profile2
514 69.782339 -3.09655891661467 profile2
515 69.796313 -3.05780933582182 profile2
516 69.810287 -1.70993665397569 profile2
517 69.829176 -1.58489811437214 profile2
518 69.837051 -1.57986125985591 profile2
519 69.844926 -1.58156396770965 profile2
520 69.869428 -1.59225417092734 profile2
521 69.876397 -1.6232565648032 profile2
522 69.876657 -1.65523769773081 profile2
523 69.876917 -1.689539122053 profile2
524 69.924127 -1.74491063870213 profile2
525 69.978753 -1.79999166873557 profile2
526 70.033378 -1.76403949373021 profile2
527 70.042973 -1.72541574872788 profile2
528 70.043703 -1.68404677976552 profile2
529 70.044434 -1.64003802515126 profile2
530 70.087246 -1.59550704655286 profile2
531 70.141872 -1.5533968264521 profile2
532 70.196497 -1.51432571614696 profile2
533 70.400832 -1.47714024661083 profile2
534 70.421006 -1.44453422479534 profile2
535 70.441181 -1.40757307192319 profile2
536 70.60917 -1.36204805099868 profile2
537 70.612702 -1.29790281311885 profile2
538 70.616235 -1.20725351837608 profile2
539 70.661194 -1.1691165455766 profile2
540 70.728481 -1.08354004466105 profile2
541 70.750402 -0.964515685810143 profile2
542 70.772323 -0.856297891143482 profile2
543 70.779053 -0.7557957976873 profile2
544 70.782062 -0.657408903277588 profile2
545 70.785072 -0.565555782903248 profile2
546 71.12066 -0.296265307552149 profile2
547 71.198629 -0.260186570986283 profile2
548 71.276599 -0.223909618595897 profile2
549 71.354568 -0.184167723276018 profile2
550 71.418821 -0.111610658943433 profile2
551 71.422464 -0.0585531729185379 profile2
552 71.425934 -0.0121600654843868 profile2
553 71.429405 0.0264381503223203 profile2
554 71.432875 0.060346273707541 profile2
555 71.436346 0.092660584073875 profile2
556 71.439817 0.1233516043933 profile2
557 71.443287 0.152393728169604 profile2
558 71.449172 0.181182434199393 profile2
559 71.46043 0.211719142410094 profile2
560 71.475844 0.240987950737351 profile2
561 71.510771 0.268971298914047 profile2
562 71.658293 0.296163020084744 profile2
563 71.675712 0.322455184695713 profile2
564 71.693132 0.34684175469724 profile2
565 71.782692 0.343058101807309 profile2
566 71.793079 0.499431814396013 profile2
567 71.803404 0.680813680161096 profile2
568 71.813729 0.814477950111396 profile2
569 71.824055 0.88524118920054 profile2
570 71.83438 0.900212972499458 profile2
571 71.859513 0.98036081096282 profile2
572 71.937774 1.07308730254607 profile2
573 71.945079 1.20367270171359 profile2
574 71.952385 1.29984277265988 profile2
575 71.98473 1.39369399452215 profile2
576 72.012709 1.46015409653847 profile2
577 72.040688 1.51132691453923 profile2
578 72.210521 1.51313986253406 profile2
579 72.314268 1.03841256688453 profile2
580 72.366456 0.855031501555216 profile2
581 72.411367 0.802394628349733 profile2
582 72.450663 0.752417486131933 profile2
583 72.471305 0.720717757619397 profile2
584 72.491946 0.655298767987385 profile2
585 72.512588 0.555243259488154 profile2
586 72.601385 0.530948476775793 profile2
587 72.621813 0.553856950488229 profile2
588 72.642242 0.528535746347741 profile2
589 72.66267 0.498381467034953 profile2
590 72.771429 0.601403849950125 profile2
591 72.883243 0.627827397252411 profile2
592 72.898448 0.672278624744027 profile2
593 72.913654 0.712872178003967 profile2
594 72.928859 0.749490501667311 profile2
595 72.944065 0.782904746367766 profile2
596 72.95927 0.934435814466662 profile2
597 72.974476 1.17440293467224 profile2
598 72.989681 0.938266639964928 profile2
599 72.996574 1.06825241104671 profile2
600 72.9996 1.29649351340271 profile2
601 73.002626 1.46432400006366 profile2
602 73.005652 1.49439453215964 profile2
603 73.012925 1.50302149018411 profile2
604 73.023956 1.49610275865719 profile2
605 73.034987 1.4796009051678 profile2
606 73.046018 1.41573656440026 profile2
607 73.057049 1.32738674815389 profile2
608 73.06808 1.22168615439927 profile2
609 73.079353 1.12098595306794 profile2
610 73.111862 1.05443562332411 profile2
611 73.146945 0.723668924469772 profile2
612 73.171837 0.571354809610369 profile2
613 73.196729 0.27715147557589 profile2
614 73.629401 0.236499106338416 profile2
615 74.062073 0.242827761163942 profile2
616 74.066223 0.245074007509068 profile2
617 74.070373 0.247353971643738 profile2
618 74.074523 0.249665052257428 profile2
619 74.078673 0.252005741462314 profile2
620 74.082823 0.334389091795936 profile2
621 74.3761735 0.295333799786559 profile2
622 74.669524 0.308380179799414 profile2
623 74.672012 0.355608456567614 profile2
624 74.674499 0.383374254176082 profile2
625 74.716248 0.39469310966161 profile2
626 74.724515 0.392220754595315 profile2
627 74.732783 0.417620597287976 profile2
628 75.0995546666667 0.158504984631141 profile2
629 75.4663263333333 0.167446004915371 profile2
630 75.833098 0.227784995022958 profile2
631 75.863363 0.328293602021551 profile2
632 75.875899 0.440559436230996 profile2
633 75.888435 0.502652117595683 profile2
634 75.900971 0.449954159063684 profile2
635 75.903257 0.373676429180887 profile2
636 75.904489 0.353649151644546 profile2
637 75.905721 0.357220773262442 profile2
638 75.917304 0.359792855234756 profile2
639 76.287653 0.387966541663622 profile2
640 76.288899 0.429314975922824 profile2
641 76.290145 0.469046937493918 profile2
642 76.397032 0.484751768498031 profile2
643 76.403847 0.481361363343764 profile2
644 76.410663 0.502631714898428 profile2
645 76.607927 0.50004630993509 profile2
646 76.623625 0.679492685585298 profile2
647 76.633554 0.748135418890217 profile2
648 76.643483 0.816284781290146 profile2
649 76.653411 0.883380242646635 profile2
650 76.66334 0.948764931012292 profile2
651 76.700004 0.994898550306751 profile2
