marker_position lod trace
1 67.606765 -6.85247797265811 pleio
2 67.613251 -6.85621948492393 pleio
3 67.619736 -6.86006831700636 pleio
4 67.626222 -6.8640239868205 pleio
5 67.641347 -6.86808816046304 pleio
6 67.654855 -6.87221705496307 pleio
7 67.658769 -6.87563456833638 pleio
8 67.662682 -6.87902847636107 pleio
9 67.666596 -6.88246954662771 pleio
10 67.679986 -6.88601476139771 pleio
11 67.708923 -6.7661826177012 pleio
12 67.715069 -6.65674287936742 pleio
13 67.721215 -6.57266586385393 pleio
14 67.746869 -6.53603128931405 pleio
15 67.778018 -6.54051621218994 pleio
16 67.809168 -6.54719320446374 pleio
17 67.895218 -6.50308091083268 pleio
18 67.900561 -6.43436692733746 pleio
19 67.905905 -6.37577704276577 pleio
20 67.911248 -6.32865799644193 pleio
21 67.920171 -6.28511320790306 pleio
22 67.929072 -6.23822739284797 pleio
23 67.937973 -6.206729340068 pleio
24 67.946874 -6.19080003228405 pleio
25 67.962131 -6.17940021649142 pleio
26 68.103338 -6.18652741256043 pleio
27 68.122257 -6.20277897269947 pleio
28 68.141177 -6.4405892983695 pleio
29 68.410128 -6.64327601254948 pleio
30 68.415239 -6.61605777674405 pleio
31 68.42035 -6.58111867093603 pleio
32 68.640199 -6.50282386511093 pleio
33 68.652056 -6.40828809561223 pleio
34 68.656091 -6.32968738519631 pleio
35 68.660126 -6.26687698064461 pleio
36 68.664161 -6.21917385243712 pleio
37 68.685197 -6.18751929163503 pleio
38 68.806919 -6.17883020604336 pleio
39 68.816104 -6.17943826087517 pleio
40 68.825289 -6.18009668059973 pleio
41 68.885575 -6.18666225113986 pleio
42 68.886394 -6.19977699904792 pleio
43 68.887213 -6.21458133505401 pleio
44 68.888033 -6.23104090933926 pleio
45 68.888852 -6.24910873176096 pleio
46 68.889671 -6.26872529585991 pleio
47 68.89049 -6.26003943065668 pleio
48 68.89131 -6.2505252842834 pleio
49 68.892129 -6.24192192801234 pleio
50 68.987403 -6.55471234811346 pleio
51 69.064645 -6.45688768969225 pleio
52 69.131341 -6.18438784526794 pleio
53 69.198036 -6.22603681379678 pleio
54 69.214855 -6.30784187633085 pleio
55 69.21825 -6.39394632532563 pleio
56 69.221446 -6.4833803964033 pleio
57 69.224642 -6.57505941184013 pleio
58 69.227838 -6.66782521021319 pleio
59 69.231034 -6.2212788871249 pleio
60 69.23423 -6.16829895752299 pleio
61 69.237426 -6.16863577585741 pleio
62 69.240621 -6.16907076480434 pleio
63 69.244859 -6.16960233962964 pleio
64 69.252696 -6.16984935608963 pleio
65 69.260534 -6.16993207809347 pleio
66 69.416362 -5.70492223977293 pleio
67 69.484146 -5.15259662252413 pleio
68 69.505599 -5.15173563505941 pleio
69 69.508945 -5.15651601189543 pleio
70 69.512291 -5.16580710835793 pleio
71 69.515636 -5.17942595424356 pleio
72 69.542556 -5.13134188408991 pleio
73 69.592546 -5.47394106667975 pleio
74 69.66328 -5.20465336618173 pleio
75 69.721392 -5.22075797125034 pleio
76 69.724456 -5.23077728852987 pleio
77 69.727519 -5.24128362331908 pleio
78 69.733033 -5.25227084963892 pleio
79 69.768364 -5.13129225483304 pleio
80 69.782339 -4.94685339683183 pleio
81 69.796313 -4.71785105485701 pleio
82 69.810287 -2.20191022235988 pleio
83 69.829176 -2.01517769464853 pleio
84 69.837051 -1.93963914312449 pleio
85 69.844926 -1.87939541345463 pleio
86 69.869428 -1.84034824917066 pleio
87 69.876397 -1.83812333656161 pleio
88 69.876657 -1.85228601942179 pleio
89 69.876917 -1.88474242913183 pleio
90 69.924127 -1.9956385231363 pleio
91 69.978753 -2.0399187307576 pleio
92 70.033378 -1.96341786553565 pleio
93 70.042973 -1.88631672138588 pleio
94 70.043703 -1.80991187518429 pleio
95 70.044434 -1.73488934505913 pleio
96 70.087246 -1.6710214280366 pleio
97 70.141872 -1.62504014449322 pleio
98 70.196497 -1.56629677560963 pleio
99 70.400832 -1.5323847987006 pleio
100 70.421006 -1.50993055740031 pleio
101 70.441181 -1.48906660130225 pleio
102 70.60917 -1.47190847235432 pleio
103 70.612702 -1.46625563607854 pleio
104 70.616235 -1.48316587770914 pleio
105 70.661194 -1.47880262750381 pleio
106 70.728481 -1.40379949360212 pleio
107 70.750402 -1.27220261946618 pleio
108 70.772323 -1.14899090520689 pleio
109 70.779053 -1.02630982745186 pleio
110 70.782062 -0.894047430555969 pleio
111 70.785072 -0.765344095040214 pleio
112 71.12066 -0.474576523772934 pleio
113 71.198629 -0.482393933316413 pleio
114 71.276599 -0.490452491272074 pleio
115 71.354568 -0.332513692714947 pleio
116 71.418821 -0.112605637252184 pleio
117 71.422464 -0.106391527607636 pleio
118 71.425934 -0.263769565290948 pleio
119 71.429405 -0.34519749328804 pleio
120 71.432875 -0.336674862690663 pleio
121 71.436346 -0.330362943139904 pleio
122 71.439817 -0.32617965984162 pleio
123 71.443287 -0.324039753553626 pleio
124 71.449172 -0.311939204509608 pleio
125 71.46043 -0.275049238998119 pleio
126 71.475844 -0.239503408091324 pleio
127 71.510771 -0.205845057503102 pleio
128 71.658293 -0.180269504700613 pleio
129 71.675712 -0.169100794212686 pleio
130 71.693132 -0.16519446868971 pleio
131 71.782692 -0.718475471114471 pleio
132 71.793079 -0.866792269488973 pleio
133 71.803404 -0.881711763012298 pleio
134 71.813729 -0.514001492320687 pleio
135 71.824055 -0.309261011925593 pleio
136 71.83438 -0.430840372765084 pleio
137 71.859513 -0.498628304304005 pleio
138 71.937774 -0.605233554960629 pleio
139 71.945079 -0.661905358370822 pleio
140 71.952385 -0.697512098861591 pleio
141 71.98473 -0.717385900947446 pleio
142 72.012709 -0.862045595706605 pleio
143 72.040688 -0.984118680847867 pleio
144 72.210521 -0.669439933396942 pleio
145 72.314268 0 pleio
146 72.366456 -0.19300697710044 pleio
147 72.411367 -0.219944265353985 pleio
148 72.450663 -0.258985663052683 pleio
149 72.471305 -0.390071682477559 pleio
150 72.491946 -0.506589835313348 pleio
151 72.512588 -0.637389619749055 pleio
152 72.601385 -0.51954683210046 pleio
153 72.621813 -0.416560763997906 pleio
154 72.642242 -0.421995810882311 pleio
155 72.66267 -0.429479416213932 pleio
156 72.771429 -1.30617882784654 pleio
157 72.883243 -1.28014923409055 pleio
158 72.898448 -1.25426119265461 pleio
159 72.913654 -1.23117848674918 pleio
160 72.928859 -1.21212999489816 pleio
161 72.944065 -1.19621473064054 pleio
162 72.95927 -1.01193375589254 pleio
163 72.974476 -0.707918311614408 pleio
164 72.989681 -0.739142111417224 pleio
165 72.996574 -0.859980492924841 pleio
166 72.9996 -0.892917098328922 pleio
167 73.002626 -0.906589469796046 pleio
168 73.005652 -0.901003909867282 pleio
169 73.012925 -0.943055728940965 pleio
170 73.023956 -1.0123346824715 pleio
171 73.034987 -1.08881249962361 pleio
172 73.046018 -1.14831946948271 pleio
173 73.057049 -1.2185251395055 pleio
174 73.06808 -1.30433250007143 pleio
175 73.079353 -1.41060059220097 pleio
176 73.111862 -1.83269011163872 pleio
177 73.146945 -1.93713201606544 pleio
178 73.171837 -1.98546994254704 pleio
179 73.196729 -1.8557947111625 pleio
180 73.629401 -1.9096512679052 pleio
181 74.062073 -1.91888088382909 pleio
182 74.066223 -1.99401599658089 pleio
183 74.070373 -2.06986562659028 pleio
184 74.074523 -2.14629376667743 pleio
185 74.078673 -2.22316336107099 pleio
186 74.082823 -2.3925662009087 pleio
187 74.3761735 -2.35576406487528 pleio
188 74.669524 -2.47986006980284 pleio
189 74.672012 -2.5314042328545 pleio
190 74.674499 -2.62340277849507 pleio
191 74.716248 -2.75086933059242 pleio
192 74.724515 -2.90731134138342 pleio
193 74.732783 -2.86260137586678 pleio
194 75.0995546666667 -3.38693483926727 pleio
195 75.4663263333333 -3.41275634637434 pleio
196 75.833098 -3.34328634038246 pleio
197 75.863363 -3.2683075561458 pleio
198 75.875899 -3.16487893326896 pleio
199 75.888435 -3.12735787287291 pleio
200 75.900971 -3.24625794528465 pleio
201 75.903257 -3.43211728286736 pleio
202 75.904489 -3.44833570936559 pleio
203 75.905721 -3.39224996893936 pleio
204 75.917304 -3.33745233164344 pleio
205 76.287653 -3.29096741592623 pleio
206 76.288899 -3.25806730219799 pleio
207 76.290145 -3.2366524959246 pleio
208 76.397032 -3.251598856151 pleio
209 76.403847 -3.32016141617601 pleio
210 76.410663 -3.37514226006014 pleio
211 76.607927 -3.51996584544985 pleio
212 76.623625 -3.41198798706178 pleio
213 76.633554 -3.24856489659863 pleio
214 76.643483 -3.08746327465009 pleio
215 76.653411 -2.93044188711734 pleio
216 76.66334 -2.77886506566522 pleio
217 76.700004 -2.52067305465635 pleio
218 67.606765 -4.11432548113105 profile1
219 67.613251 -4.11415619710275 profile1
220 67.619736 -4.11405054666345 profile1
221 67.626222 -4.1140088815567 profile1
222 67.641347 -4.11403152839003 profile1
223 67.654855 -4.11411545567125 profile1
224 67.658769 -4.11420420934013 profile1
225 67.662682 -4.11424777330708 profile1
226 67.666596 -4.1143064792656 profile1
227 67.679986 -4.11443041105271 profile1
228 67.708923 -4.12662683147087 profile1
229 67.715069 -4.13766275294039 profile1
230 67.721215 -4.14583973043273 profile1
231 67.746869 -4.15629802754068 profile1
232 67.778018 -4.15653304634099 profile1
233 67.809168 -4.1583984406422 profile1
234 67.895218 -4.16209675544214 profile1
235 67.900561 -4.16620336547353 profile1
236 67.905905 -4.17380404264748 profile1
237 67.911248 -4.1850714841724 profile1
238 67.920171 -4.19219823655336 profile1
239 67.929072 -4.18822765375514 profile1
240 67.937973 -4.18921239473798 profile1
241 67.946874 -4.19511056196779 profile1
242 67.962131 -4.19613899345532 profile1
243 68.103338 -4.1962319593831 profile1
244 68.122257 -4.19580327889077 profile1
245 68.141177 -4.20054106022293 profile1
246 68.410128 -4.21401378360652 profile1
247 68.415239 -4.22160473184937 profile1
248 68.42035 -4.22803286844817 profile1
249 68.640199 -4.22674928881026 profile1
250 68.652056 -4.22280001399847 profile1
251 68.656091 -4.22213130221705 profile1
252 68.660126 -4.2242499899336 profile1
253 68.664161 -4.22864545306706 profile1
254 68.685197 -4.23285295071618 profile1
255 68.806919 -4.23397090363525 profile1
256 68.816104 -4.23366158526694 profile1
257 68.825289 -4.23337587431596 profile1
258 68.885575 -4.23363613876019 profile1
259 68.886394 -4.23437318201284 profile1
260 68.887213 -4.23509153989231 profile1
261 68.888033 -4.23578991755584 profile1
262 68.888852 -4.23646710788658 profile1
263 68.889671 -4.23712192800685 profile1
264 68.89049 -4.28592810889487 profile1
265 68.89131 -4.32978776553719 profile1
266 68.892129 -4.36316336732422 profile1
267 68.987403 -4.47339599803252 profile1
268 69.064645 -4.36333556101898 profile1
269 69.131341 -3.96538322406626 profile1
270 69.198036 -3.96921507719236 profile1
271 69.214855 -3.96598387899053 profile1
272 69.21825 -3.96228276036318 profile1
273 69.221446 -3.95814313499582 profile1
274 69.224642 -3.95358540654835 profile1
275 69.227838 -3.94861597297679 profile1
276 69.231034 -3.60505501155703 profile1
277 69.23423 -3.53399656790271 profile1
278 69.237426 -3.53256540417108 profile1
279 69.240621 -3.531148612596 profile1
280 69.244859 -3.52974641389754 profile1
281 69.252696 -3.52856329796654 profile1
282 69.260534 -3.52772051409401 profile1
283 69.416362 -3.26899633001673 profile1
284 69.484146 -3.08276102665778 profile1
285 69.505599 -3.08058416656981 profile1
286 69.508945 -3.07659917989515 profile1
287 69.512291 -3.07284202571302 profile1
288 69.515636 -3.0693394752915 profile1
289 69.542556 -3.06733459811242 profile1
290 69.592546 -3.25765775201352 profile1
291 69.66328 -3.27178947180941 profile1
292 69.721392 -3.27469715919895 profile1
293 69.724456 -3.27491893361702 profile1
294 69.727519 -3.27522227024062 profile1
295 69.733033 -3.27560701822896 profile1
296 69.768364 -3.20111470337325 profile1
297 69.782339 -3.08260387831792 profile1
298 69.796313 -2.90883849414334 profile1
299 69.810287 -0.462260510501412 profile1
300 69.829176 -0.307161785836791 profile1
301 69.837051 -0.300262504217131 profile1
302 69.844926 -0.307196095857128 profile1
303 69.869428 -0.325798822303271 profile1
304 69.876397 -0.371681897170887 profile1
305 69.876657 -0.418680525432764 profile1
306 69.876917 -0.466507903975977 profile1
307 69.924127 -0.509126525921963 profile1
308 69.978753 -0.518574782756803 profile1
309 70.033378 -0.426848578641832 profile1
310 70.042973 -0.332580618136182 profile1
311 70.043703 -0.236739798833854 profile1
312 70.044434 -0.140135482495084 profile1
313 70.087246 -0.0518888289851247 profile1
314 70.141872 0.0219744840114331 profile1
315 70.196497 0.0907130196133219 profile1
316 70.400832 0.144550335654002 profile1
317 70.421006 0.174321234674324 profile1
318 70.441181 0.202998338212175 profile1
319 70.60917 0.225649596726124 profile1
320 70.612702 0.222742811850175 profile1
321 70.616235 0.22828393084186 profile1
322 70.661194 0.253039625917392 profile1
323 70.728481 0.306688559811649 profile1
324 70.750402 0.387891603165717 profile1
325 70.772323 0.435818691720944 profile1
326 70.779053 0.466986728815415 profile1
327 70.782062 0.502652790088935 profile1
328 70.785072 0.538849475696886 profile1
329 71.12066 0.722354229728236 profile1
330 71.198629 0.728482067615372 profile1
331 71.276599 0.734664709209906 profile1
332 71.354568 0.859311771012809 profile1
333 71.418821 0.945791672121232 profile1
334 71.422464 0.976232507464091 profile1
335 71.425934 0.986679104033543 profile1
336 71.429405 0.975504129088404 profile1
337 71.432875 0.956058898219677 profile1
338 71.436346 0.934754349607249 profile1
339 71.439817 0.911721086007514 profile1
340 71.443287 0.887090259789436 profile1
341 71.449172 0.87600932342125 profile1
342 71.46043 0.897159778688957 profile1
343 71.475844 0.91726590705596 profile1
344 71.510771 0.936122173718811 profile1
345 71.658293 0.949998103243658 profile1
346 71.675712 0.953680894182111 profile1
347 71.693132 0.950611602439029 profile1
348 71.782692 0.5939927524983 profile1
349 71.793079 0.640173533376224 profile1
350 71.803404 0.636866112804391 profile1
351 71.813729 0.648326807209002 profile1
352 71.824055 0.468426240433569 profile1
353 71.83438 0.436200614120917 profile1
354 71.859513 0.454157307619906 profile1
355 71.937774 0.0204029668568916 profile1
356 71.945079 -0.0964961213832097 profile1
357 71.952385 -0.168529064617833 profile1
358 71.98473 -0.199433878822305 profile1
359 72.012709 -0.218731168155609 profile1
360 72.040688 -0.247550566524301 profile1
361 72.210521 0.142821232561927 profile1
362 72.314268 0.0932821347027094 profile1
363 72.366456 -0.0846913482312817 profile1
364 72.411367 -0.0833511380841595 profile1
365 72.450663 -0.0855551028174292 profile1
366 72.471305 -0.12819238438231 profile1
367 72.491946 -0.209795845440016 profile1
368 72.512588 -0.349573660740472 profile1
369 72.601385 -0.293320145096366 profile1
370 72.621813 -0.209189826983226 profile1
371 72.642242 -0.205926592347679 profile1
372 72.66267 -0.204839849218287 profile1
373 72.771429 -0.707343846752619 profile1
374 72.883243 -0.69690778713607 profile1
375 72.898448 -0.68497428778152 profile1
376 72.913654 -0.675293367125911 profile1
377 72.928859 -0.669271700922763 profile1
378 72.944065 -0.665483736396691 profile1
379 72.95927 -0.62698096189242 profile1
380 72.974476 -0.707918311614408 profile1
381 72.989681 -0.739142111417224 profile1
382 72.996574 -0.704886666319144 profile1
383 72.9996 -0.677568402253319 profile1
384 73.002626 -0.630012018064808 profile1
385 73.005652 -0.578864096926632 profile1
386 73.012925 -0.529771410221017 profile1
387 73.023956 -0.484284025217782 profile1
388 73.034987 -0.443896872775222 profile1
389 73.046018 -0.393398717063223 profile1
390 73.057049 -0.350052077937478 profile1
391 73.06808 -0.317462588086041 profile1
392 73.079353 -0.300129372620631 profile1
393 73.111862 -0.576118517585887 profile1
394 73.146945 -0.652559695321485 profile1
395 73.171837 -0.655587943072989 profile1
396 73.196729 -0.457704225635652 profile1
397 73.629401 -0.493515803727269 profile1
398 74.062073 -0.500559232058783 profile1
399 74.066223 -0.563140345882749 profile1
400 74.070373 -0.626739665514423 profile1
401 74.074523 -0.691232933442466 profile1
402 74.078673 -0.756492660037172 profile1
403 74.082823 -0.88686573530194 profile1
404 74.3761735 -0.866337839506531 profile1
405 74.669524 -0.878717496694814 profile1
406 74.672012 -0.802398114319872 profile1
407 74.674499 -0.741542797657713 profile1
408 74.716248 -0.700445574178459 profile1
409 74.724515 -0.682003725353426 profile1
410 74.732783 -0.527718849226701 profile1
411 75.0995546666667 -1.6489143843533 profile1
412 75.4663263333333 -1.6991263387534 profile1
413 75.833098 -1.64497072592776 profile1
414 75.863363 -1.64661661308561 profile1
415 75.875899 -1.62619708886942 profile1
416 75.888435 -1.6271355958809 profile1
417 75.900971 -1.68570931552832 profile1
418 75.903257 -1.79090693995201 profile1
419 75.904489 -1.78653161418794 profile1
420 75.905721 -1.7350089885164 profile1
421 75.917304 -1.68454971839389 profile1
422 76.287653 -1.67586397153096 profile1
423 76.288899 -1.70426090259521 profile1
424 76.290145 -1.74429723476797 profile1
425 76.397032 -1.77228207704857 profile1
426 76.403847 -1.79392887382993 profile1
427 76.410663 -1.83255904505455 profile1
428 76.607927 -1.89632039814558 profile1
429 76.623625 -1.84463335753947 profile1
430 76.633554 -1.737455357633 profile1
431 76.643483 -1.61987901262543 profile1
432 76.653411 -1.49338378652766 profile1
433 76.66334 -1.35996096106055 profile1
434 76.700004 -1.19037456683257 profile1
435 67.606765 -3.89120001675601 profile2
436 67.613251 -3.89370315971579 profile2
437 67.619736 -3.89625842735426 profile2
438 67.626222 -3.89886551729061 profile2
439 67.641347 -3.90152576895923 profile2
440 67.654855 -3.90420397939984 profile2
441 67.658769 -3.90628576307411 profile2
442 67.662682 -3.90838446985579 profile2
443 67.666596 -3.91051838082207 profile2
444 67.679986 -3.91270145137376 profile2
445 67.708923 -3.7764729121999 profile2
446 67.715069 -3.6438016890013 profile2
447 67.721215 -3.53273080697177 profile2
448 67.746869 -3.46668396731851 profile2
449 67.778018 -3.46919027868269 profile2
450 67.809168 -3.47275083465672 profile2
451 67.895218 -3.43660322536703 profile2
452 67.900561 -3.38330765133718 profile2
453 67.905905 -3.33716310755082 profile2
454 67.911248 -3.29917823069135 profile2
455 67.920171 -3.26605663389638 profile2
456 67.929072 -3.2346446569614 profile2
457 67.937973 -3.21350135756102 profile2
458 67.946874 -3.20275343167114 profile2
459 67.962131 -3.19092167594507 profile2
460 68.103338 -3.19516648222828 profile2
461 68.122257 -3.20825959359321 profile2
462 68.141177 -3.40800515247348 profile2
463 68.410128 -3.56584658845217 profile2
464 68.415239 -3.53098437109284 profile2
465 68.42035 -3.4899999973341 profile2
466 68.640199 -3.40410646822018 profile2
467 68.652056 -3.29698272560977 profile2
468 68.656091 -3.20291416279653 profile2
469 68.660126 -3.12286219568608 profile2
470 68.664161 -3.05714365333256 profile2
471 68.685197 -3.00791026789518 profile2
472 68.806919 -2.99243317837263 profile2
473 68.816104 -2.99336531875036 profile2
474 68.825289 -2.99431778002817 profile2
475 68.885575 -3.00039341900539 profile2
476 68.886394 -3.0126006895836 profile2
477 68.887213 -3.02684995914169 profile2
478 68.888033 -3.0431078657664 profile2
479 68.888852 -3.06132610794066 profile2
480 68.889671 -3.0814413029645 profile2
481 68.89049 -3.03353193690686 profile2
482 68.89131 -2.99094496980536 profile2
483 68.892129 -2.95998159595472 profile2
484 68.987403 -3.09980990607491 profile2
485 69.064645 -2.97949985256846 profile2
486 69.131341 -3.05516565650394 profile2
487 69.198036 -3.07872816221598 profile2
488 69.214855 -3.14424038650104 profile2
489 69.21825 -3.21581784068435 profile2
490 69.221446 -3.29269424460928 profile2
491 69.224642 -3.37395054019835 profile2
492 69.227838 -3.45855224429027 profile2
493 69.231034 -3.25889747316134 profile2
494 69.23423 -3.26736754837378 profile2
495 69.237426 -3.26795840711103 profile2
496 69.240621 -3.26865507501313 profile2
497 69.244859 -3.26945599870168 profile2
498 69.252696 -3.26991470016376 profile2
499 69.260534 -3.26949272425033 profile2
500 69.416362 -2.97595239827195 profile2
501 69.484146 -2.54432852057141 profile2
502 69.505599 -2.54484620328508 profile2
503 69.508945 -2.55156835480878 profile2
504 69.512291 -2.56296250803438 profile2
505 69.515636 -2.57884339332074 profile2
506 69.542556 -2.530888706353 profile2
507 69.592546 -2.48149291886936 profile2
508 69.66328 -2.23424582376447 profile2
509 69.721392 -2.24612494089312 profile2
510 69.724456 -2.25502258046844 profile2
511 69.727519 -2.26430069663156 profile2
512 69.733033 -2.2739527895957 profile2
513 69.768364 -2.20383134987343 profile2
514 69.782339 -2.10548040735811 profile2
515 69.796313 -2.01307454291373 profile2
516 69.810287 -1.10755893434819 profile2
517 69.829176 -0.971827750551648 profile2
518 69.837051 -0.879744600644114 profile2
519 69.844926 -0.789820197444778 profile2
520 69.869428 -0.710222318533887 profile2
521 69.876397 -0.637834612867667 profile2
522 69.876657 -0.587378572704618 profile2
523 69.876917 -0.561201867896342 profile2
524 69.924127 -0.635736718467142 profile2
525 69.978753 -0.681037210636059 profile2
526 70.033378 -0.697384719431809 profile2
527 70.042973 -0.716855376008324 profile2
528 70.043703 -0.739737175248487 profile2
529 70.044434 -0.765874848900617 profile2
530 70.087246 -0.79500305450405 profile2
531 70.141872 -0.826735871685384 profile2
532 70.196497 -0.849834130194185 profile2
533 70.400832 -0.873293169442102 profile2
534 70.421006 -0.882699569635023 profile2
535 70.441181 -0.892350785059961 profile2
536 70.60917 -0.899051655042007 profile2
537 70.612702 -0.891323024503009 profile2
538 70.616235 -0.917824857202716 profile2
539 70.661194 -0.941562337842312 profile2
540 70.728481 -0.909657886505484 profile2
541 70.750402 -0.841471353601339 profile2
542 70.772323 -0.749694798340008 profile2
543 70.779053 -0.643700690969764 profile2
544 70.782062 -0.535132177605393 profile2
545 70.785072 -0.434783464276375 profile2
546 71.12066 -0.264301276715626 profile2
547 71.198629 -0.278331733881106 profile2
548 71.276599 -0.292723295546544 profile2
549 71.354568 -0.247213999924855 profile2
550 71.418821 -0.110528948998097 profile2
551 71.422464 -0.106391527607636 profile2
552 71.425934 -0.243791447572554 profile2
553 71.429405 -0.303586390333865 profile2
554 71.432875 -0.275875651535791 profile2
555 71.436346 -0.249188036056646 profile2
556 71.439817 -0.223544664381555 profile2
557 71.443287 -0.198963711849429 profile2
558 71.449172 -0.178799114811987 profile2
559 71.46043 -0.167126026677079 profile2
560 71.475844 -0.156253747790641 profile2
561 71.510771 -0.146501760032482 profile2
562 71.658293 -0.137949658491091 profile2
563 71.675712 -0.1306028398008 profile2
564 71.693132 -0.124614107647054 profile2
565 71.782692 -0.335409100624773 profile2
566 71.793079 -0.549085002245995 profile2
567 71.803404 -0.578840845206781 profile2
568 71.813729 -0.16491974946677 profile2
569 71.824055 0.240241580656277 profile2
570 71.83438 0.107784353684032 profile2
571 71.859513 0.00988827256211854 profile2
572 71.937774 0.320904768335724 profile2
573 71.945079 0.362562792941926 profile2
574 71.952385 0.390869321612271 profile2
575 71.98473 0.401571295327846 profile2
576 72.012709 0.288904908722735 profile2
577 72.040688 0.203974502115359 profile2
578 72.210521 0.0960310313952109 profile2
579 72.314268 0.837405019978636 profile2
580 72.366456 0.820571615628932 profile2
581 72.411367 0.789129324736282 profile2
582 72.450663 0.751731718780735 profile2
583 72.471305 0.671545863031116 profile2
584 72.491946 0.654156138040105 profile2
585 72.512588 0.669207840933895 profile2
586 72.601385 0.752352228391031 profile2
587 72.621813 0.785594091343226 profile2
588 72.642242 0.776484067860238 profile2
589 72.66267 0.766401575108993 profile2
590 72.771429 0.3946056680838 profile2
591 72.883243 0.411230420688617 profile2
592 72.898448 0.426658248091001 profile2
593 72.913654 0.440423049764642 profile2
594 72.928859 0.452584857702962 profile2
595 72.944065 0.462917455463321 profile2
596 72.95927 0.627920169374331 profile2
597 72.974476 0.986679104033543 profile2
598 72.989681 0.843924317747225 profile2
599 72.996574 0.67354622608729 profile2
600 72.9996 0.613995825321668 profile2
601 73.002626 0.551785769478247 profile2
602 73.005652 0.503715737074033 profile2
603 73.012925 0.408784743542943 profile2
604 73.023956 0.28883742831225 profile2
605 73.034987 0.165095477334493 profile2
606 73.046018 0.0407462300493448 profile2
607 73.057049 -0.0919945771884302 profile2
608 73.06808 -0.233216752796002 profile2
609 73.079353 -0.378204260664136 profile2
610 73.111862 -0.706546621727239 profile2
611 73.146945 -0.726747192827903 profile2
612 73.171837 -0.798881961016284 profile2
613 73.196729 -0.911794179912883 profile2
614 73.629401 -0.933672542239424 profile2
615 74.062073 -0.933475942422739 profile2
616 74.066223 -0.940795676154211 profile2
617 74.070373 -0.947907236957939 profile2
618 74.074523 -0.954801745590757 profile2
619 74.078673 -0.961470682568507 profile2
620 74.082823 -0.980786944931267 profile2
621 74.3761735 -0.971772135398625 profile2
622 74.669524 -1.06399884274371 profile2
623 74.672012 -1.17726236181559 profile2
624 74.674499 -1.32484276064857 profile2
625 74.716248 -1.49813229923655 profile2
626 74.724515 -1.68821283082681 profile2
627 74.732783 -1.84149475138538 profile2
628 75.0995546666667 -1.25235302512958 profile2
629 75.4663263333333 -1.22325041779642 profile2
630 75.833098 -1.2250695809577 profile2
631 75.863363 -1.15973336574554 profile2
632 75.875899 -1.09400634289515 profile2
633 75.888435 -1.06109912071939 profile2
634 75.900971 -1.10738710856658 profile2
635 75.903257 -1.19118965285783 profile2
636 75.904489 -1.21543775609082 profile2
637 75.905721 -1.21153052608198 profile2
638 75.917304 -1.20874115902987 profile2
639 76.287653 -1.18388752147245 profile2
640 76.288899 -1.14523177096227 profile2
641 76.290145 -1.10849608253523 profile2
642 76.397032 -1.10416490177568 profile2
643 76.403847 -1.14184333025314 profile2
644 76.410663 -1.14432983553627 profile2
645 76.607927 -1.21938554386816 profile2
646 76.623625 -1.14617299554608 profile2
647 76.633554 -1.08674314890556 profile2
648 76.643483 -1.03958448186993 profile2
649 76.653411 -1.00504930233575 profile2
650 76.66334 -0.982706573181073 profile2
651 76.700004 -0.879913298464747 profile2
