marker_position lod trace
1 67.606765 -3.73061231783002 pleio
2 67.613251 -3.73640057117788 pleio
3 67.619736 -3.74226647917051 pleio
4 67.626222 -3.74820779198683 pleio
5 67.641347 -3.75422610634748 pleio
6 67.654855 -3.76035964306904 pleio
7 67.658769 -3.76730001463369 pleio
8 67.662682 -3.77423105832705 pleio
9 67.666596 -3.7811988810784 pleio
10 67.679986 -3.78823842119131 pleio
11 67.708923 -3.81067374916669 pleio
12 67.715069 -3.85136855293183 pleio
13 67.721215 -3.90950218714869 pleio
14 67.746869 -3.96937606023443 pleio
15 67.778018 -3.97810074081088 pleio
16 67.809168 -3.9880117274429 pleio
17 67.895218 -3.98254985055613 pleio
18 67.900561 -3.97138085581718 pleio
19 67.905905 -3.97057337344288 pleio
20 67.911248 -3.98103403652439 pleio
21 67.920171 -3.99907177407367 pleio
22 67.929072 -4.02204234319645 pleio
23 67.937973 -4.05898330972912 pleio
24 67.946874 -4.1094938866324 pleio
25 67.962131 -4.14622547931583 pleio
26 68.103338 -4.1696363075599 pleio
27 68.122257 -4.18209489845188 pleio
28 68.141177 -4.4693110539191 pleio
29 68.410128 -4.6548205197551 pleio
30 68.415239 -4.5825422391665 pleio
31 68.42035 -4.50835128888735 pleio
32 68.640199 -4.41929028010071 pleio
33 68.652056 -4.33063536367854 pleio
34 68.656091 -4.2569404763062 pleio
35 68.660126 -4.19816939604895 pleio
36 68.664161 -4.15380479136604 pleio
37 68.685197 -4.12867823446156 pleio
38 68.806919 -4.11979438076784 pleio
39 68.816104 -4.11755702025799 pleio
40 68.825289 -4.11531838567882 pleio
41 68.885575 -4.10816831009905 pleio
42 68.886394 -4.09668610338341 pleio
43 68.887213 -4.08527727265064 pleio
44 68.888033 -4.07397720854462 pleio
45 68.888852 -4.06282081744575 pleio
46 68.889671 -4.05184136819837 pleio
47 68.89049 -4.01547573565102 pleio
48 68.89131 -3.98533313614759 pleio
49 68.892129 -3.96461256520271 pleio
50 68.987403 -3.82902593892085 pleio
51 69.064645 -2.83683601659278 pleio
52 69.131341 -2.6147979565216 pleio
53 69.198036 -2.6444369750154 pleio
54 69.214855 -2.69129707087872 pleio
55 69.21825 -2.7420940180149 pleio
56 69.221446 -2.79647769077611 pleio
57 69.224642 -2.8540328851293 pleio
58 69.227838 -2.91424659607379 pleio
59 69.231034 -1.76496107822246 pleio
60 69.23423 -1.55632121115179 pleio
61 69.237426 -1.55226574482822 pleio
62 69.240621 -1.54833076204437 pleio
63 69.244859 -1.54449095819074 pleio
64 69.252696 -1.54110481514668 pleio
65 69.260534 -1.53660880440611 pleio
66 69.416362 -1.49391059382515 pleio
67 69.484146 -1.61764515905241 pleio
68 69.505599 -1.63949812875288 pleio
69 69.508945 -1.69116738916152 pleio
70 69.512291 -1.74170534859998 pleio
71 69.515636 -1.79050768722043 pleio
72 69.542556 -1.80672783725516 pleio
73 69.592546 -3.33208823468636 pleio
74 69.66328 -3.25911024820823 pleio
75 69.721392 -3.27136424368717 pleio
76 69.724456 -3.27607389413662 pleio
77 69.727519 -3.28091790166203 pleio
78 69.733033 -3.28589367872149 pleio
79 69.768364 -3.04497864723783 pleio
80 69.782339 -2.68055354818871 pleio
81 69.796313 -2.37245642916537 pleio
82 69.810287 -0.675913260915218 pleio
83 69.829176 -0.370529731917081 pleio
84 69.837051 -0.45470718348285 pleio
85 69.844926 -0.515438787793926 pleio
86 69.869428 -0.577558786635578 pleio
87 69.876397 -0.629651104284618 pleio
88 69.876657 -0.686424401283162 pleio
89 69.876917 -0.751935925917234 pleio
90 69.924127 -0.797340790675147 pleio
91 69.978753 -0.825529439912236 pleio
92 70.033378 -0.81984006613745 pleio
93 70.042973 -0.815169286436494 pleio
94 70.043703 -0.811473118492632 pleio
95 70.044434 -0.80883644611866 pleio
96 70.087246 -0.807890957611248 pleio
97 70.141872 -0.808975407457674 pleio
98 70.196497 -0.8782066572583 pleio
99 70.400832 -0.877757682170504 pleio
100 70.421006 -0.873301043714372 pleio
101 70.441181 -0.870383614970616 pleio
102 70.60917 -0.873402662975236 pleio
103 70.612702 -0.912564922116993 pleio
104 70.616235 -0.944753739044631 pleio
105 70.661194 -0.972212471372581 pleio
106 70.728481 -0.968072037343722 pleio
107 70.750402 -0.95686641151101 pleio
108 70.772323 -0.952648426993625 pleio
109 70.779053 -0.949155351445287 pleio
110 70.782062 -0.936218367595709 pleio
111 70.785072 -0.929141083320993 pleio
112 71.12066 -0.583939128455612 pleio
113 71.198629 -0.574785426264365 pleio
114 71.276599 -0.566171553520649 pleio
115 71.354568 -0.267961380530439 pleio
116 71.418821 -0.273980686482043 pleio
117 71.422464 -0.331778719071055 pleio
118 71.425934 -0.452430421043789 pleio
119 71.429405 -0.4686507991446 pleio
120 71.432875 -0.407420219984867 pleio
121 71.436346 -0.349074235269102 pleio
122 71.439817 -0.293755044431848 pleio
123 71.443287 -0.241594736171513 pleio
124 71.449172 -0.197801723158099 pleio
125 71.46043 -0.167405913913607 pleio
126 71.475844 -0.137577959960609 pleio
127 71.510771 -0.109359707759576 pleio
128 71.658293 -0.076844120400602 pleio
129 71.675712 -0.0368715978772496 pleio
130 71.693132 0 pleio
131 71.782692 -0.755715980396876 pleio
132 71.793079 -1.04907511253737 pleio
133 71.803404 -1.16226262428107 pleio
134 71.813729 -0.966994504813968 pleio
135 71.824055 -1.36937782978577 pleio
136 71.83438 -1.68713623726078 pleio
137 71.859513 -1.69494701017187 pleio
138 71.937774 -1.66840964930369 pleio
139 71.945079 -1.7886563702383 pleio
140 71.952385 -1.78489869463745 pleio
141 71.98473 -1.74564956889686 pleio
142 72.012709 -1.69497115676168 pleio
143 72.040688 -1.67431583622479 pleio
144 72.210521 -1.9736202419356 pleio
145 72.314268 -2.74505213979734 pleio
146 72.366456 -2.61758131379991 pleio
147 72.411367 -2.67619486019768 pleio
148 72.450663 -2.73420479386433 pleio
149 72.471305 -2.8047602686861 pleio
150 72.491946 -2.82826606872726 pleio
151 72.512588 -2.82294708156188 pleio
152 72.601385 -2.29053648290595 pleio
153 72.621813 -2.2589396862217 pleio
154 72.642242 -2.2633953601388 pleio
155 72.66267 -2.27067607877846 pleio
156 72.771429 -2.90312846842731 pleio
157 72.883243 -2.89574938207208 pleio
158 72.898448 -2.90880174126311 pleio
159 72.913654 -2.92442478653764 pleio
160 72.928859 -2.94259719119931 pleio
161 72.944065 -2.96392628069639 pleio
162 72.95927 -2.92200958033145 pleio
163 72.974476 -2.83225955468474 pleio
164 72.989681 -3.72431886158886 pleio
165 72.996574 -3.76264381788592 pleio
166 72.9996 -3.70818764653163 pleio
167 73.002626 -3.65398305320045 pleio
168 73.005652 -3.60141058031368 pleio
169 73.012925 -3.57446663042319 pleio
170 73.023956 -3.56196699011807 pleio
171 73.034987 -3.55398587981483 pleio
172 73.046018 -3.50818361845692 pleio
173 73.057049 -3.46658254605843 pleio
174 73.06808 -3.43825569407079 pleio
175 73.079353 -3.41766042880493 pleio
176 73.111862 -2.44430614724974 pleio
177 73.146945 -2.33798485770422 pleio
178 73.171837 -2.54715264149435 pleio
179 73.196729 -2.6287215193734 pleio
180 73.629401 -2.65291387947856 pleio
181 74.062073 -2.64628625567248 pleio
182 74.066223 -2.64977792385387 pleio
183 74.070373 -2.65402949103211 pleio
184 74.074523 -2.65904324788587 pleio
185 74.078673 -2.66481230603941 pleio
186 74.082823 -2.72323513198176 pleio
187 74.3761735 -2.62131073569187 pleio
188 74.669524 -2.62295840518589 pleio
189 74.672012 -2.50905808752535 pleio
190 74.674499 -2.44053794177408 pleio
191 74.716248 -2.42258447688374 pleio
192 74.724515 -2.45467986916934 pleio
193 74.732783 -2.43056400275635 pleio
194 75.0995546666667 -2.89689053217651 pleio
195 75.4663263333333 -2.8989971735184 pleio
196 75.833098 -2.86015198845402 pleio
197 75.863363 -2.80721803355754 pleio
198 75.875899 -2.74604920970066 pleio
199 75.888435 -2.76725838407827 pleio
200 75.900971 -2.97160358328886 pleio
201 75.903257 -3.21142340940575 pleio
202 75.904489 -3.27988042008739 pleio
203 75.905721 -3.28029322764638 pleio
204 75.917304 -3.28109059222709 pleio
205 76.287653 -3.27012976217395 pleio
206 76.288899 -3.25407884465716 pleio
207 76.290145 -3.24221587923083 pleio
208 76.397032 -3.24269232499915 pleio
209 76.403847 -3.24059417653252 pleio
210 76.410663 -3.19321982391111 pleio
211 76.607927 -3.03926647740541 pleio
212 76.623625 -3.23957612427483 pleio
213 76.633554 -3.38543242793518 pleio
214 76.643483 -3.52345169089385 pleio
215 76.653411 -3.65014265438063 pleio
216 76.66334 -3.76231427975553 pleio
217 76.700004 -3.89409787404831 pleio
218 68.892129 -3.214639641296 profile1
219 69.064645 -2.43132928362735 profile1
220 69.131341 -2.29677813080838 profile1
221 69.198036 -2.27551103268882 profile1
222 69.214855 -2.25561095763175 profile1
223 69.21825 -2.23631980805086 profile1
224 69.221446 -2.21777116256077 profile1
225 69.224642 -2.20006790429158 profile1
226 69.227838 -2.18327500858461 profile1
227 69.231034 -1.55361153819006 profile1
228 69.23423 -1.54004805312464 profile1
229 69.237426 -1.53936798412287 profile1
230 69.240621 -1.53869027806291 profile1
231 69.244859 -1.53801516081308 profile1
232 69.252696 -1.53747955395681 profile1
233 69.260534 -1.53660880440611 profile1
234 69.416362 -1.44137593408652 profile1
235 69.484146 -1.18683854409345 profile1
236 69.505599 -1.18952562015748 profile1
237 69.508945 -1.19883842388223 profile1
238 69.512291 -1.21080430325424 profile1
239 69.515636 -1.22517258414827 profile1
240 69.542556 -1.24851309746353 profile1
241 69.592546 -2.81771151976214 profile1
242 69.66328 -2.75386185523484 profile1
243 69.721392 -2.75143596310899 profile1
244 69.724456 -2.74904055067685 profile1
245 69.727519 -2.74656704498468 profile1
246 69.733033 -2.74401290110077 profile1
247 69.768364 -2.5548260017691 profile1
248 69.782339 -2.28056003899282 profile1
249 69.796313 -2.03407511332906 profile1
250 69.810287 -0.675913260915218 profile1
251 67.606765 -3.69073783986382 profile1
252 67.613251 -3.69300485575219 profile1
253 67.619736 -3.69528518383369 profile1
254 67.626222 -3.69757761318194 profile1
255 67.641347 -3.69988299899858 profile1
256 67.654855 -3.70222495368367 profile1
257 67.658769 -3.70500973413593 profile1
258 67.662682 -3.7076946391258 profile1
259 67.666596 -3.7103420200311 profile1
260 67.679986 -3.71299830445675 profile1
261 67.708923 -3.73715057972207 profile1
262 67.715069 -3.76280261966668 profile1
263 67.721215 -3.78819949486058 profile1
264 67.746869 -3.80307593395595 profile1
265 67.778018 -3.80572645252656 profile1
266 67.809168 -3.8115557007306 profile1
267 67.895218 -3.78929418567441 profile1
268 67.900561 -3.74966674625201 profile1
269 67.905905 -3.71642824490929 profile1
270 67.911248 -3.69046229735655 profile1
271 67.920171 -3.67123831043966 profile1
272 67.929072 -3.65855989479245 profile1
273 67.937973 -3.65547355330739 profile1
274 67.946874 -3.66208902230473 profile1
275 67.962131 -3.66901957774793 profile1
276 68.103338 -3.67462942256434 profile1
277 68.122257 -3.67693979450902 profile1
278 68.141177 -3.7183516204532 profile1
279 68.410128 -3.70302104768887 profile1
280 68.415239 -3.61273265403975 profile1
281 68.42035 -3.5289714488679 profile1
282 68.640199 -3.45070021481529 profile1
283 68.652056 -3.38496891465208 profile1
284 68.656091 -3.33221611215402 profile1
285 68.660126 -3.29229185503624 profile1
286 68.664161 -3.26443141948323 profile1
287 68.685197 -3.25489016703993 profile1
288 68.806919 -3.25506254014584 profile1
289 68.816104 -3.25734145307453 profile1
290 68.825289 -3.25962187005827 profile1
291 68.885575 -3.26026637499807 profile1
292 68.886394 -3.25921908349668 profile1
293 68.887213 -3.25787378240179 profile1
294 68.888033 -3.2562321213029 profile1
295 68.888852 -3.25429774682647 profile1
296 68.889671 -3.25207588182524 profile1
297 68.89049 -3.24542108261013 profile1
298 68.89131 -3.23965585009242 profile1
299 68.987403 -3.0698231205051 profile1
300 69.829176 -0.312012802064013 profile1
301 69.837051 -0.33450145331773 profile1
302 69.844926 -0.348071002517841 profile1
303 69.869428 -0.364208899612131 profile1
304 69.876397 -0.383336614994917 profile1
305 69.876657 -0.405467255865851 profile1
306 69.876917 -0.429339845640857 profile1
307 69.924127 -0.427849579150864 profile1
308 69.978753 -0.408454617864897 profile1
309 70.033378 -0.3982831259082 profile1
310 70.042973 -0.388944740657076 profile1
311 70.043703 -0.380276860558631 profile1
312 70.044434 -0.372359960627427 profile1
313 70.087246 -0.365913518200663 profile1
314 70.141872 -0.361113649582031 profile1
315 70.196497 -0.357828026319823 profile1
316 70.400832 -0.354168221770588 profile1
317 70.421006 -0.352366785724521 profile1
318 70.441181 -0.351500403014101 profile1
319 70.60917 -0.3595809498626 profile1
320 70.612702 -0.408396366235322 profile1
321 70.616235 -0.408089864970678 profile1
322 70.661194 -0.385520169537801 profile1
323 70.728481 -0.386456712238579 profile1
324 70.750402 -0.386519659585463 profile1
325 70.772323 -0.390349110773376 profile1
326 70.779053 -0.393846819809963 profile1
327 70.782062 -0.392001212300682 profile1
328 70.785072 -0.388879610018842 profile1
329 71.12066 -0.312429394807277 profile1
330 71.198629 -0.305062242727578 profile1
331 71.276599 -0.297544830006276 profile1
332 71.354568 0.0066936529083812 profile1
333 71.418821 0.0435800947434349 profile1
334 71.422464 0.0428352937864893 profile1
335 71.425934 -0.020775731181419 profile1
336 71.429405 -0.052392630256153 profile1
337 71.432875 -0.0426721845899911 profile1
338 71.436346 -0.0359177143295815 profile1
339 71.439817 -0.0321995855502511 profile1
340 71.443287 -0.0315661227062862 profile1
341 71.449172 -0.0331393437531662 profile1
342 71.46043 -0.0339868190811743 profile1
343 71.475844 -0.0345800158221455 profile1
344 71.510771 -0.0355760276996557 profile1
345 71.658293 -0.0300941209077326 profile1
346 71.675712 -0.014606842166891 profile1
347 71.693132 0 profile1
348 71.782692 -0.401722718761174 profile1
349 71.793079 -0.22076935068877 profile1
350 71.803404 0.0102865629642788 profile1
351 71.813729 -0.0203457354087292 profile1
352 71.824055 -0.984856867167507 profile1
353 71.83438 -1.33850510800227 profile1
354 71.859513 -1.28828822640169 profile1
355 71.937774 -1.66840964930369 profile1
356 71.945079 -1.70877451125982 profile1
357 71.952385 -1.71374866218981 profile1
358 71.98473 -1.69039019202834 profile1
359 72.012709 -1.60110777877937 profile1
360 72.040688 -1.54954238368735 profile1
361 72.210521 -1.81495200127271 profile1
362 72.314268 -2.09747676484716 profile1
363 72.366456 -2.15916229834574 profile1
364 72.411367 -2.1596003428602 profile1
365 72.450663 -2.15788612814481 profile1
366 72.471305 -2.15520906866216 profile1
367 72.491946 -2.21027624704897 profile1
368 72.512588 -2.32931845023504 profile1
369 72.601385 -2.24692416364592 profile1
370 72.621813 -2.25601073257243 profile1
371 72.642242 -2.26334264352532 profile1
372 72.66267 -2.27067607877846 profile1
373 72.771429 -2.60803092099932 profile1
374 72.883243 -2.59761929383448 profile1
375 72.898448 -2.57662818572128 profile1
376 72.913654 -2.55504896527007 profile1
377 72.928859 -2.53307367321628 profile1
378 72.944065 -2.51155088788431 profile1
379 72.95927 -2.55262752926854 profile1
380 72.974476 -2.83225955468474 profile1
381 72.989681 -3.72167030141968 profile1
382 72.996574 -3.6757767058592 profile1
383 72.9996 -3.6554242284821 profile1
384 73.002626 -3.63171299777824 profile1
385 73.005652 -3.60141058031368 profile1
386 73.012925 -3.57018498372354 profile1
387 73.023956 -3.53792856950653 profile1
388 73.034987 -3.504995329226 profile1
389 73.046018 -3.44814524580346 profile1
390 73.057049 -3.38792116858061 profile1
391 73.06808 -3.32930172316058 profile1
392 73.079353 -3.27199938476473 profile1
393 73.111862 -2.44430614724974 profile1
394 73.146945 -2.14461286312402 profile1
395 73.171837 -2.16215196461258 profile1
396 73.196729 -2.11441872773635 profile1
397 73.629401 -2.10720009975523 profile1
398 74.062073 -2.11043220849005 profile1
399 74.066223 -2.11081363740226 profile1
400 74.070373 -2.11101263629495 profile1
401 74.074523 -2.11103310926511 profile1
402 74.078673 -2.11086975280085 profile1
403 74.082823 -2.06270403802367 profile1
404 74.3761735 -2.05622132882096 profile1
405 74.669524 -1.97579396388088 profile1
406 74.672012 -1.82112514145325 profile1
407 74.674499 -1.68070152075991 profile1
408 74.716248 -1.49577444173462 profile1
409 74.724515 -1.25684123362171 profile1
410 74.732783 -1.04620647629528 profile1
411 75.0995546666667 -2.48462443716165 profile1
412 75.4663263333333 -2.51089430982473 profile1
413 75.833098 -2.53262450739173 profile1
414 75.863363 -2.60743983134145 profile1
415 75.875899 -2.68601507505925 profile1
416 75.888435 -2.76725838407827 profile1
417 75.900971 -2.87171651280502 profile1
418 75.903257 -3.00064035439774 profile1
419 75.904489 -3.02128767140232 profile1
420 75.905721 -2.99889081853868 profile1
421 75.917304 -2.97891998008499 profile1
422 76.287653 -2.96012427173407 profile1
423 76.288899 -2.95473168776886 profile1
424 76.290145 -2.95454843552275 profile1
425 76.397032 -2.92677611508016 profile1
426 76.403847 -2.88753520778722 profile1
427 76.410663 -2.87522935952893 profile1
428 76.607927 -2.66525867921299 profile1
429 76.623625 -2.8350781110769 profile1
430 76.633554 -2.99985762080676 profile1
431 76.643483 -3.16807299136553 profile1
432 76.653411 -3.33567389992174 profile1
433 76.66334 -3.49840629125661 profile1
434 76.700004 -3.89409787404831 profile1
435 67.606765 -2.8059703314006 profile2
436 67.613251 -2.81066796203801 profile2
437 67.619736 -2.81546359700477 profile2
438 67.626222 -2.82035651503685 profile2
439 67.641347 -2.82534802730514 profile2
440 67.654855 -2.83046003100295 profile2
441 67.658769 -2.83614130548702 profile2
442 67.662682 -2.8419294650914 profile2
443 67.666596 -2.84781739699616 profile2
444 67.679986 -2.85380135693724 profile2
445 67.708923 -2.82589747994415 profile2
446 67.715069 -2.81813362158764 profile2
447 67.721215 -2.83565838026671 profile2
448 67.746869 -2.88133370255797 profile2
449 67.778018 -2.8900745837221 profile2
450 67.809168 -2.89696185456232 profile2
451 67.895218 -2.89618837482207 profile2
452 67.900561 -2.89956162556235 profile2
453 67.905905 -2.9133289399384 profile2
454 67.911248 -2.93822087637873 profile2
455 67.920171 -2.97168071190519 profile2
456 67.929072 -3.01144440164748 profile2
457 67.937973 -3.06335381416672 profile2
458 67.946874 -3.12675693369603 profile2
459 67.962131 -3.15079571853601 profile2
460 68.103338 -3.16802776756914 profile2
461 68.122257 -3.18190081074576 profile2
462 68.141177 -3.45853120589749 profile2
463 68.410128 -3.64973536662692 profile2
464 68.415239 -3.62482939763313 profile2
465 68.42035 -3.59406797295994 profile2
466 68.640199 -3.55136788398219 profile2
467 68.652056 -3.50055952057409 profile2
468 68.656091 -3.45492824697759 profile2
469 68.660126 -3.41485046244123 profile2
470 68.664161 -3.38059565473757 profile2
471 68.685197 -3.34400823908551 profile2
472 68.806919 -3.32501932715351 profile2
473 68.816104 -3.32274972134233 profile2
474 68.825289 -3.32048703555868 profile2
475 68.885575 -3.31618386777352 profile2
476 68.886394 -3.3108159351562 profile2
477 68.887213 -3.3064346577956 profile2
478 68.888033 -3.3030647239482 profile2
479 68.888852 -3.30072296564879 profile2
480 68.889671 -3.29941727461891 profile2
481 68.89049 -3.29486218383997 profile2
482 68.89131 -3.30041066748523 profile2
483 68.892129 -3.31676542429103 profile2
484 68.987403 -3.35377952970879 profile2
485 69.064645 -2.76050432184521 profile2
486 69.131341 -2.18629427260204 profile2
487 69.198036 -2.23975748262101 profile2
488 69.214855 -2.30932507058845 profile2
489 69.21825 -2.38214809529998 profile2
490 69.221446 -2.45766643372994 profile2
491 69.224642 -2.53523390614536 profile2
492 69.227838 -2.61411069363693 profile2
493 69.231034 -1.4489042988833 profile2
494 69.23423 -1.20581234875851 profile2
495 69.237426 -1.20242865956312 profile2
496 69.240621 -1.19915659445502 profile2
497 69.244859 -1.1959713729199 profile2
498 69.252696 -1.19307986233776 profile2
499 69.260534 -1.18933822567504 profile2
500 69.416362 -1.18683854409345 profile2
501 69.484146 -1.61764515905241 profile2
502 69.505599 -1.63754219613909 profile2
503 69.508945 -1.68352119568781 profile2
504 69.512291 -1.72856627150256 profile2
505 69.515636 -1.77194970999088 profile2
506 69.542556 -1.78580242958048 profile2
507 69.592546 -1.90610889477003 profile2
508 69.66328 -1.86849695820426 profile2
509 69.721392 -1.88096560101873 profile2
510 69.724456 -1.8869686844052 profile2
511 69.727519 -1.89320718133629 profile2
512 69.733033 -1.89967960617642 profile2
513 69.768364 -1.74132943669066 profile2
514 69.782339 -1.50812838177382 profile2
515 69.796313 -1.34604072265573 profile2
516 69.810287 -0.361368459872805 profile2
517 69.829176 -0.370529731917081 profile2
518 69.837051 -0.427625978526136 profile2
519 69.844926 -0.479355406309188 profile2
520 69.869428 -0.533511391114335 profile2
521 69.876397 -0.563314123272225 profile2
522 69.876657 -0.590195072649729 profile2
523 69.876917 -0.630217311997387 profile2
524 69.924127 -0.671026365434613 profile2
525 69.978753 -0.712921534021802 profile2
526 70.033378 -0.712454785732177 profile2
527 70.042973 -0.712962591635054 profile2
528 70.043703 -0.714640675278938 profile2
529 70.044434 -0.717598299922846 profile2
530 70.087246 -0.722240159756676 profile2
531 70.141872 -0.728871660244588 profile2
532 70.196497 -0.821320617773203 profile2
533 70.400832 -0.827467648733857 profile2
534 70.421006 -0.829084605770134 profile2
535 70.441181 -0.831686550908542 profile2
536 70.60917 -0.830642299998891 profile2
537 70.612702 -0.821460713168772 profile2
538 70.616235 -0.857690973739156 profile2
539 70.661194 -0.910820308243774 profile2
540 70.728481 -0.910499687403382 profile2
541 70.750402 -0.902866866958427 profile2
542 70.772323 -0.891426957238011 profile2
543 70.779053 -0.874085619191829 profile2
544 70.782062 -0.846291378751586 profile2
545 70.785072 -0.827366426605422 profile2
546 71.12066 -0.302793944526617 profile2
547 71.198629 -0.300097194878677 profile2
548 71.276599 -0.298209965074765 profile2
549 71.354568 -0.252411713807695 profile2
550 71.418821 -0.273980686482043 profile2
551 71.422464 -0.30479240402696 profile2
552 71.425934 -0.373013523930385 profile2
553 71.429405 -0.368318133809319 profile2
554 71.432875 -0.314166715388018 profile2
555 71.436346 -0.262020837597917 profile2
556 71.439817 -0.212019167976474 profile2
557 71.443287 -0.163939152496072 profile2
558 71.449172 -0.122089336499979 profile2
559 71.46043 -0.0906093217291683 profile2
560 71.475844 -0.0599807846841099 profile2
561 71.510771 -0.0305494193488889 profile2
562 71.658293 -0.00322391473587255 profile2
563 71.675712 0.0216249777376328 profile2
564 71.693132 0.0435800947434349 profile2
565 71.782692 -0.334495538339605 profile2
566 71.793079 -0.773609297960455 profile2
567 71.803404 -1.16226262428107 profile2
568 71.813729 -0.948416036362827 profile2
569 71.824055 -0.855370578550184 profile2
570 71.83438 -1.03613140698761 profile2
571 71.859513 -1.0943218570538 profile2
572 71.937774 -0.697785903442574 profile2
573 71.945079 -0.80161516285637 profile2
574 71.952385 -0.80308033264906 profile2
575 71.98473 -0.788014413999173 profile2
576 72.012709 -0.822762812518078 profile2
577 72.040688 -0.852068463178713 profile2
578 72.210521 -0.963860527439173 profile2
579 72.314268 -1.67228192329689 profile2
580 72.366456 -1.50596435168916 profile2
581 72.411367 -1.56419064387197 profile2
582 72.450663 -1.62196567598049 profile2
583 72.471305 -1.68844707038411 profile2
584 72.491946 -1.63739488230364 profile2
585 72.512588 -1.51325520090814 profile2
586 72.601385 -1.06766723457609 profile2
587 72.621813 -1.026263695063 profile2
588 72.642242 -1.02460582117376 profile2
589 72.66267 -1.02724082924914 profile2
590 72.771429 -1.41436015279877 profile2
591 72.883243 -1.41894846969887 profile2
592 72.898448 -1.45743180403482 profile2
593 72.913654 -1.49932495344825 profile2
594 72.928859 -1.54432292749413 profile2
595 72.944065 -1.59189905142532 profile2
596 72.95927 -1.49871872904083 profile2
597 72.974476 -1.19006077253382 profile2
598 72.989681 -1.81531640705659 profile2
599 72.996574 -1.94274482893518 profile2
600 72.9996 -1.90891733871768 profile2
601 73.002626 -1.87919764355839 profile2
602 73.005652 -1.85505108099086 profile2
603 73.012925 -1.85398308700826 profile2
604 73.023956 -1.86628631080999 profile2
605 73.034987 -1.88342531532634 profile2
606 73.046018 -1.89090470941186 profile2
607 73.057049 -1.90794499218179 profile2
608 73.06808 -1.93786343922162 profile2
609 73.079353 -1.97095063652676 profile2
610 73.111862 -1.42183742199244 profile2
611 73.146945 -1.51260200067074 profile2
612 73.171837 -1.73435603030027 profile2
613 73.196729 -1.89509963369465 profile2
614 73.629401 -1.93605381892142 profile2
615 74.062073 -1.92311064969267 profile2
616 74.066223 -1.92702073479784 profile2
617 74.070373 -1.93203351554819 profile2
618 74.074523 -1.93814155871132 profile2
619 74.078673 -1.94533376036491 profile2
620 74.082823 -2.01796626153194 profile2
621 74.3761735 -1.91130254489 profile2
622 74.669524 -1.93194553660774 profile2
623 74.672012 -1.88868093748461 profile2
624 74.674499 -1.92885187549612 profile2
625 74.716248 -2.05674848791806 profile2
626 74.724515 -2.26356932288514 profile2
627 74.732783 -2.43056400275635 profile2
628 75.0995546666667 -1.47270698692399 profile2
629 75.4663263333333 -1.43976480209688 profile2
630 75.833098 -1.3816125161722 profile2
631 75.863363 -1.24394102164144 profile2
632 75.875899 -1.10127784718105 profile2
633 75.888435 -1.04620647629528 profile2
634 75.900971 -1.18765410070084 profile2
635 75.903257 -1.37738377853432 profile2
636 75.904489 -1.45895155527763 profile2
637 75.905721 -1.4859157091376 profile2
638 75.917304 -1.50815822547942 profile2
639 76.287653 -1.51551175909061 profile2
640 76.288899 -1.50902889209818 profile2
641 76.290145 -1.508064981252 profile2
642 76.397032 -1.54008382066766 profile2
643 76.403847 -1.57325955192679 profile2
644 76.410663 -1.52143699896946 profile2
645 76.607927 -1.60003636789705 profile2
646 76.623625 -1.59620631232602 profile2
647 76.633554 -1.54483421273613 profile2
648 76.643483 -1.49215375222209 profile2
649 76.653411 -1.43848479498842 profile2
650 76.66334 -1.38433564294584 profile2
651 76.700004 -1.10097820199593 profile2
