marker_position lod trace
1 67.606765 -5.21254284540226 pleio
2 67.613251 -5.20204003412112 pleio
3 67.619736 -5.19164381967826 pleio
4 67.626222 -5.18135496033105 pleio
5 67.641347 -5.17117366245738 pleio
6 67.654855 -5.1611278105134 pleio
7 67.658769 -5.15170653924726 pleio
8 67.662682 -5.14243128435236 pleio
9 67.666596 -5.13328214274485 pleio
10 67.679986 -5.12424333899509 pleio
11 67.708923 -4.94392585848655 pleio
12 67.715069 -4.74239042281473 pleio
13 67.721215 -4.53833212240946 pleio
14 67.746869 -4.33924516725511 pleio
15 67.778018 -4.32704213019098 pleio
16 67.809168 -4.32032521430972 pleio
17 67.895218 -4.32620086838903 pleio
18 67.900561 -4.354919041767 pleio
19 67.905905 -4.40299453825053 pleio
20 67.911248 -4.4706557682139 pleio
21 67.920171 -4.55754185596009 pleio
22 67.929072 -4.66105077968697 pleio
23 67.937973 -4.77954685252523 pleio
24 67.946874 -4.91168464521191 pleio
25 67.962131 -4.96816512536585 pleio
26 68.103338 -4.98133712154616 pleio
27 68.122257 -4.97189276609909 pleio
28 68.141177 -5.02386320560213 pleio
29 68.410128 -5.12120146345591 pleio
30 68.415239 -5.07714381372705 pleio
31 68.42035 -5.03187193310719 pleio
32 68.640199 -4.86935675277704 pleio
33 68.652056 -4.62219635998118 pleio
34 68.656091 -4.380199343984 pleio
35 68.660126 -4.14395329153904 pleio
36 68.664161 -3.91391499972275 pleio
37 68.685197 -3.69493291441199 pleio
38 68.806919 -3.60030452627013 pleio
39 68.816104 -3.59572597555155 pleio
40 68.825289 -3.59123627182017 pleio
41 68.885575 -3.59548801367582 pleio
42 68.886394 -3.60826765368912 pleio
43 68.887213 -3.62213308268853 pleio
44 68.888033 -3.63708841800798 pleio
45 68.888852 -3.65313154757532 pleio
46 68.889671 -3.67025461906873 pleio
47 68.89049 -3.62702285036063 pleio
48 68.89131 -3.59372224963507 pleio
49 68.892129 -3.57514292645768 pleio
50 68.987403 -3.52769616943443 pleio
51 69.064645 -2.91274286763339 pleio
52 69.131341 -2.98648064410734 pleio
53 69.198036 -3.01070066293348 pleio
54 69.214855 -3.03017256576902 pleio
55 69.21825 -3.0595111926626 pleio
56 69.221446 -3.09872504776912 pleio
57 69.224642 -3.14745781555339 pleio
58 69.227838 -3.205090928242 pleio
59 69.231034 -3.13522635101947 pleio
60 69.23423 -3.20681298288427 pleio
61 69.237426 -3.21462894795055 pleio
62 69.240621 -3.22270007861385 pleio
63 69.244859 -3.23106552702613 pleio
64 69.252696 -3.23946447040406 pleio
65 69.260534 -3.25199789580957 pleio
66 69.416362 -2.79808365157576 pleio
67 69.484146 -2.37180667553616 pleio
68 69.505599 -2.40032114464149 pleio
69 69.508945 -2.46923273491098 pleio
70 69.512291 -2.54004959443075 pleio
71 69.515636 -2.61190293184129 pleio
72 69.542556 -2.61837344076324 pleio
73 69.592546 -2.09455138301591 pleio
74 69.66328 -2.13514509409184 pleio
75 69.721392 -2.15431839177259 pleio
76 69.724456 -2.16765801231459 pleio
77 69.727519 -2.18164563112082 pleio
78 69.733033 -2.1962803686991 pleio
79 69.768364 -2.19723914720987 pleio
80 69.782339 -2.22603622759886 pleio
81 69.796313 -2.16327948799867 pleio
82 69.810287 0 pleio
83 69.829176 -0.284950293864595 pleio
84 69.837051 -0.323404332315597 pleio
85 69.844926 -0.382321566684638 pleio
86 69.869428 -0.457407702475772 pleio
87 69.876397 -0.571921658038279 pleio
88 69.876657 -0.691790782048171 pleio
89 69.876917 -0.813543848418208 pleio
90 69.924127 -0.855641158329221 pleio
91 69.978753 -0.865119886286873 pleio
92 70.033378 -0.848494951303213 pleio
93 70.042973 -0.834453773725987 pleio
94 70.043703 -0.82341717234681 pleio
95 70.044434 -0.8158113610132 pleio
96 70.087246 -0.814514784433912 pleio
97 70.141872 -0.821273951273052 pleio
98 70.196497 -0.810495426873351 pleio
99 70.400832 -0.845706088541844 pleio
100 70.421006 -0.90808494356988 pleio
101 70.441181 -0.974017373249654 pleio
102 70.60917 -1.03358278076084 pleio
103 70.612702 -1.05370757593123 pleio
104 70.616235 -1.09534825518851 pleio
105 70.661194 -1.12080695989936 pleio
106 70.728481 -1.14142329125055 pleio
107 70.750402 -1.14871561827952 pleio
108 70.772323 -1.16824516657983 pleio
109 70.779053 -1.19495421024189 pleio
110 70.782062 -1.22343434307229 pleio
111 70.785072 -1.25697494793882 pleio
112 71.12066 -1.19546404104305 pleio
113 71.198629 -1.20308477277289 pleio
114 71.276599 -1.21029508772281 pleio
115 71.354568 -1.12323783907288 pleio
116 71.418821 -1.10202692047366 pleio
117 71.422464 -1.34109112697108 pleio
118 71.425934 -1.67911611067009 pleio
119 71.429405 -1.81200181943589 pleio
120 71.432875 -1.81472481116873 pleio
121 71.436346 -1.82070112568609 pleio
122 71.439817 -1.82989737123526 pleio
123 71.443287 -1.84226810613388 pleio
124 71.449172 -1.8467465351637 pleio
125 71.46043 -1.82873277713085 pleio
126 71.475844 -1.81128962659423 pleio
127 71.510771 -1.7955219361462 pleio
128 71.658293 -1.78042920446453 pleio
129 71.675712 -1.76702673185597 pleio
130 71.693132 -1.75790837000859 pleio
131 71.782692 -2.47592789767753 pleio
132 71.793079 -2.73690966240193 pleio
133 71.803404 -2.90964186021098 pleio
134 71.813729 -2.58991087129139 pleio
135 71.824055 -2.3224048945534 pleio
136 71.83438 -2.37868674324187 pleio
137 71.859513 -2.40457750934923 pleio
138 71.937774 -2.34126582496664 pleio
139 71.945079 -2.43783920265867 pleio
140 71.952385 -2.5151473390233 pleio
141 71.98473 -2.53099863559784 pleio
142 72.012709 -2.51924203793713 pleio
143 72.040688 -2.50818767083992 pleio
144 72.210521 -2.75121602048439 pleio
145 72.314268 -3.3571682394058 pleio
146 72.366456 -3.3607712675976 pleio
147 72.411367 -3.36869430623021 pleio
148 72.450663 -3.39009861596202 pleio
149 72.471305 -3.48661183031474 pleio
150 72.491946 -3.61278204566985 pleio
151 72.512588 -3.80843942970005 pleio
152 72.601385 -3.7385668358229 pleio
153 72.621813 -3.51302067000853 pleio
154 72.642242 -3.56213812426089 pleio
155 72.66267 -3.61483242037816 pleio
156 72.771429 -3.4780999247014 pleio
157 72.883243 -3.46473691289277 pleio
158 72.898448 -3.45134874811222 pleio
159 72.913654 -3.4373277371643 pleio
160 72.928859 -3.4228755613626 pleio
161 72.944065 -3.40848651792383 pleio
162 72.95927 -3.23399138765161 pleio
163 72.974476 -3.05662016706466 pleio
164 72.989681 -2.85045157175313 pleio
165 72.996574 -2.71945609216939 pleio
166 72.9996 -2.63268194043649 pleio
167 73.002626 -2.61769617640977 pleio
168 73.005652 -2.59622882120146 pleio
169 73.012925 -2.57674306699578 pleio
170 73.023956 -2.56049497461766 pleio
171 73.034987 -2.54887159596358 pleio
172 73.046018 -2.53749926288377 pleio
173 73.057049 -2.53559281061628 pleio
174 73.06808 -2.54438986421889 pleio
175 73.079353 -2.55621932981055 pleio
176 73.111862 -2.70577263954414 pleio
177 73.146945 -2.71393567051616 pleio
178 73.171837 -2.89190813589758 pleio
179 73.196729 -3.21839014815853 pleio
180 73.629401 -3.2207835554859 pleio
181 74.062073 -3.2607528596467 pleio
182 74.066223 -3.27433873230067 pleio
183 74.070373 -3.28945164894295 pleio
184 74.074523 -3.3060532319135 pleio
185 74.078673 -3.32410035500229 pleio
186 74.082823 -3.22410284450171 pleio
187 74.3761735 -3.28727045113024 pleio
188 74.669524 -3.22737322130263 pleio
189 74.672012 -3.23780857865732 pleio
190 74.674499 -3.27566969455146 pleio
191 74.716248 -3.34044902233377 pleio
192 74.724515 -3.4300374080948 pleio
193 74.732783 -3.42482505218661 pleio
194 75.0995546666667 -4.63722712976243 pleio
195 75.4663263333333 -4.64544849180071 pleio
196 75.833098 -4.61766377707569 pleio
197 75.863363 -4.59744368641554 pleio
198 75.875899 -4.57880613749741 pleio
199 75.888435 -4.57983179961677 pleio
200 75.900971 -4.63623121067449 pleio
201 75.903257 -4.73899870086068 pleio
202 75.904489 -4.71454512198558 pleio
203 75.905721 -4.64666265215456 pleio
204 75.917304 -4.59637792938818 pleio
205 76.287653 -4.66549993165853 pleio
206 76.288899 -4.77595627684502 pleio
207 76.290145 -4.89153938286974 pleio
208 76.397032 -4.96219153411458 pleio
209 76.403847 -4.97623481195701 pleio
210 76.410663 -4.95268657047924 pleio
211 76.607927 -4.97445370156831 pleio
212 76.623625 -4.88420083912951 pleio
213 76.633554 -4.86118446839652 pleio
214 76.643483 -4.85052211893252 pleio
215 76.653411 -4.85305508305305 pleio
216 76.66334 -4.86929106593897 pleio
217 76.700004 -4.78404204929565 pleio
218 67.606765 -2.22832713766709 profile1
219 67.613251 -2.21761012822925 profile1
220 67.619736 -2.20693696892755 profile1
221 67.626222 -2.19630874216186 profile1
222 67.641347 -2.18572557155953 profile1
223 67.654855 -2.17521896950033 profile1
224 67.658769 -2.16533965784645 profile1
225 67.662682 -2.15557401104236 profile1
226 67.666596 -2.14588532419149 profile1
227 67.679986 -2.13624322533166 profile1
228 67.708923 -1.9562152702436 profile1
229 67.715069 -1.75461535426725 profile1
230 67.721215 -1.55007911032283 profile1
231 67.746869 -1.34998260758993 profile1
232 67.778018 -1.33670805841937 profile1
233 67.809168 -1.32910479145953 profile1
234 67.895218 -1.29296568795807 profile1
235 67.900561 -1.24996513276133 profile1
236 67.905905 -1.21908899659773 profile1
237 67.911248 -1.20111121201424 profile1
238 67.920171 -1.20390903895094 profile1
239 67.929072 -1.23258334539766 profile1
240 67.937973 -1.27085068557029 profile1
241 67.946874 -1.31804991262589 profile1
242 67.962131 -1.35800248843588 profile1
243 68.103338 -1.37003311866342 profile1
244 68.122257 -1.36250132828323 profile1
245 68.141177 -1.42426937458965 profile1
246 68.410128 -1.51409135125782 profile1
247 68.415239 -1.46413809866601 profile1
248 68.42035 -1.41280455940262 profile1
249 68.640199 -1.25673863583315 profile1
250 68.652056 -1.02678952300935 profile1
251 68.656091 -0.80543719783009 profile1
252 68.660126 -0.59547713551312 profile1
253 68.664161 -0.399116929456142 profile1
254 68.685197 -0.218191303327969 profile1
255 68.806919 -0.138687894187012 profile1
256 68.816104 -0.135710418303308 profile1
257 68.825289 -0.132787610470957 profile1
258 68.885575 -0.136544038961884 profile1
259 68.886394 -0.147238949278624 profile1
260 68.887213 -0.159288368458271 profile1
261 68.888033 -0.17268016079911 profile1
262 68.888852 -0.187393901425725 profile1
263 68.889671 -0.203401685358716 profile1
264 68.89049 -0.17082219515062 profile1
265 68.89131 -0.149861554582673 profile1
266 68.892129 -0.144250334271338 profile1
267 68.987403 -0.211762887696731 profile1
268 69.064645 -0.0151334618207909 profile1
269 69.131341 -0.190525052865597 profile1
270 69.198036 -0.221237465033736 profile1
271 69.214855 -0.258327872150405 profile1
272 69.21825 -0.303044596891185 profile1
273 69.221446 -0.354909404890227 profile1
274 69.224642 -0.413173197060781 profile1
275 69.227838 -0.476919153810695 profile1
276 69.231034 0.0263232358744164 profile1
277 69.23423 0.112562082292054 profile1
278 69.237426 0.107338471459866 profile1
279 69.240621 0.101987521560637 profile1
280 69.244859 0.0964830092248194 profile1
281 69.252696 0.0903984842867113 profile1
282 69.260534 0.080401009608862 profile1
283 69.416362 0.119183000582904 profile1
284 69.484146 -0.0630024066529159 profile1
285 69.505599 -0.0887509650446496 profile1
286 69.508945 -0.149734009502601 profile1
287 69.512291 -0.213118429907252 profile1
288 69.515636 -0.278139652017785 profile1
289 69.542556 -0.283777951471784 profile1
290 69.592546 0.224135599297088 profile1
291 69.66328 0.172562854489471 profile1
292 69.721392 0.150995113125261 profile1
293 69.724456 0.129252316697091 profile1
294 69.727519 0.10713829105596 profile1
295 69.733033 0.0846697255571953 profile1
296 69.768364 0.0758028331416372 profile1
297 69.782339 0.0493778453430403 profile1
298 69.796313 0.0357938330896483 profile1
299 69.810287 0.377051026599164 profile1
300 69.829176 0.365143824135106 profile1
301 69.837051 0.293268369789334 profile1
302 69.844926 0.218714505223928 profile1
303 69.869428 0.133782274589884 profile1
304 69.876397 0.0167975437559235 profile1
305 69.876657 -0.100048154158116 profile1
306 69.876917 -0.208088140035326 profile1
307 69.924127 -0.276840024647713 profile1
308 69.978753 -0.311726917059862 profile1
309 70.033378 -0.344006705394333 profile1
310 70.042973 -0.377557895784816 profile1
311 70.043703 -0.411984152182582 profile1
312 70.044434 -0.447337050008345 profile1
313 70.087246 -0.486695832000063 profile1
314 70.141872 -0.532633196703244 profile1
315 70.196497 -0.551639835669129 profile1
316 70.400832 -0.596991501558685 profile1
317 70.421006 -0.640685305935666 profile1
318 70.441181 -0.68566033463228 profile1
319 70.60917 -0.722585184620563 profile1
320 70.612702 -0.717684664570649 profile1
321 70.616235 -0.736175975778202 profile1
322 70.661194 -0.759544714404509 profile1
323 70.728481 -0.804985041439054 profile1
324 70.750402 -0.870389740763205 profile1
325 70.772323 -0.940468699406343 profile1
326 70.779053 -1.01074132371135 profile1
327 70.782062 -1.07672071024492 profile1
328 70.785072 -1.14462025146264 profile1
329 71.12066 -1.06402003777186 profile1
330 71.198629 -1.05940384393966 profile1
331 71.276599 -1.05475099289108 profile1
332 71.354568 -1.05536388420019 profile1
333 71.418821 -1.10202692047366 profile1
334 71.422464 -1.31012115723985 profile1
335 71.425934 -1.59667421162506 profile1
336 71.429405 -1.70084808320209 profile1
337 71.432875 -1.6854577323204 profile1
338 71.436346 -1.67073831041946 profile1
339 71.439817 -1.65671267619251 profile1
340 71.443287 -1.64339989976685 profile1
341 71.449172 -1.6302927334293 profile1
342 71.46043 -1.61666823561185 profile1
343 71.475844 -1.60288937563299 profile1
344 71.510771 -1.5898575388353 profile1
345 71.658293 -1.57666915698901 profile1
346 71.675712 -1.56280656074518 profile1
347 71.693132 -1.54902809081902 profile1
348 71.782692 -1.83520840788877 profile1
349 71.793079 -2.16152928281979 profile1
350 71.803404 -2.43991977263208 profile1
351 71.813729 -2.23141379947397 profile1
352 71.824055 -2.09729299181355 profile1
353 71.83438 -2.20582123024155 profile1
354 71.859513 -2.25817157584656 profile1
355 71.937774 -2.12404470992416 profile1
356 71.945079 -2.05634070440609 profile1
357 71.952385 -2.04880252651989 profile1
358 71.98473 -2.04341957956641 profile1
359 72.012709 -2.02787855191939 profile1
360 72.040688 -2.00142441695021 profile1
361 72.210521 -2.13028187986753 profile1
362 72.944065 -2.3116803057393 profile1
363 72.95927 -2.26730914138771 profile1
364 72.974476 -2.18562018609423 profile1
365 73.111862 -2.26985776260321 profile1
366 73.146945 -2.09745789862996 profile1
367 73.171837 -2.00334883485735 profile1
368 73.196729 -1.97666247805167 profile1
369 73.629401 -1.95274620043597 profile1
370 74.062073 -1.98041909467124 profile1
371 74.066223 -1.99175967070817 profile1
372 74.070373 -2.00415451610444 profile1
373 74.074523 -2.01756602524021 profile1
374 74.078673 -2.03195052572107 profile1
375 74.082823 -1.9856330209925 profile1
376 74.3761735 -2.02192702330655 profile1
377 74.669524 -1.99216096287771 profile1
378 74.672012 -1.9883808569199 profile1
379 74.674499 -1.98553907845972 profile1
380 74.716248 -1.98326506300928 profile1
381 74.724515 -1.98101519194402 profile1
382 74.732783 -2.06986754172994 profile1
383 72.314268 -2.4698583081276 profile1
384 72.366456 -2.41507711036598 profile1
385 72.411367 -2.41358439790804 profile1
386 72.450663 -2.4224349465933 profile1
387 72.471305 -2.47051933057437 profile1
388 72.491946 -2.51428602507745 profile1
389 72.512588 -2.55787002001001 profile1
390 72.601385 -2.47259867554728 profile1
391 72.621813 -2.42273411164064 profile1
392 72.642242 -2.42094662650858 profile1
393 72.66267 -2.41977104415219 profile1
394 72.771429 -2.22876257564246 profile1
395 72.883243 -2.23149508209314 profile1
396 72.898448 -2.25825168099214 profile1
397 72.913654 -2.28091190049139 profile1
398 72.928859 -2.29862137610371 profile1
399 72.989681 -2.04409231764865 profile1
400 72.996574 -2.08173570066602 profile1
401 72.9996 -2.04662343655735 profile1
402 73.002626 -2.05480375591571 profile1
403 73.005652 -2.06304238490969 profile1
404 73.012925 -2.06694488087099 profile1
405 73.023956 -2.06786594872199 profile1
406 73.034987 -2.06729100230796 profile1
407 73.046018 -2.06510619956532 profile1
408 73.057049 -2.06210842394242 profile1
409 73.06808 -2.05831557379719 profile1
410 73.079353 -2.05148641110933 profile1
411 75.0995546666667 -2.19315666079577 profile1
412 75.4663263333333 -2.1630080830526 profile1
413 75.833098 -2.21713497310417 profile1
414 75.863363 -2.20619803758099 profile1
415 75.875899 -2.19610183463176 profile1
416 75.888435 -2.16468511271872 profile1
417 75.900971 -2.09907536740301 profile1
418 75.903257 -2.05656374000388 profile1
419 75.904489 -1.99187551038303 profile1
420 75.905721 -1.92340478097827 profile1
421 75.917304 -1.86830219526549 profile1
422 76.287653 -1.89905497343041 profile1
423 76.288899 -1.95926866272972 profile1
424 76.290145 -2.02331113068489 profile1
425 76.397032 -2.05805464596726 profile1
426 76.403847 -2.05621198673631 profile1
427 76.410663 -2.03971061184716 profile1
428 76.607927 -2.05436547839377 profile1
429 76.623625 -2.11702145267514 profile1
430 76.633554 -2.12535813971063 profile1
431 76.643483 -2.14242581334857 profile1
432 76.653411 -2.16868596865837 profile1
433 76.66334 -2.20433408139534 profile1
434 76.700004 -2.18947301991527 profile1
435 67.606765 -3.24461838049891 profile2
436 67.613251 -3.24440293774975 profile2
437 67.619736 -3.24426421980578 profile2
438 67.626222 -3.24420208763311 profile2
439 67.641347 -3.24421663062002 profile2
440 67.654855 -3.2443060265521 profile2
441 67.658769 -3.24443972163835 profile2
442 67.662682 -3.24462066845961 profile2
443 67.666596 -3.24486517521279 profile2
444 67.679986 -3.24518726471864 profile2
445 67.708923 -3.25276380890973 profile2
446 67.715069 -3.2602128089306 profile2
447 67.721215 -3.26668756075115 profile2
448 67.746869 -3.27187576436041 profile2
449 67.778018 -3.27271233194506 profile2
450 67.809168 -3.27333418893011 profile2
451 67.895218 -3.30672588864187 profile2
452 67.900561 -3.36573431384034 profile2
453 67.905905 -3.43302566858759 profile2
454 67.911248 -3.50824379212902 profile2
455 67.920171 -3.58490349192649 profile2
456 67.929072 -3.65667691456285 profile2
457 67.937973 -3.73493434835411 profile2
458 67.946874 -3.81895849188958 profile2
459 67.962131 -3.83438735837071 profile2
460 68.103338 -3.835350839577 profile2
461 68.122257 -3.83366284358496 profile2
462 68.141177 -3.81998171146741 profile2
463 68.410128 -3.82458299040394 profile2
464 68.415239 -3.82916418600151 profile2
465 68.42035 -3.83332516759357 profile2
466 68.640199 -3.81226236771551 profile2
467 68.652056 -3.77302664997676 profile2
468 68.656091 -3.73293153939195 profile2
469 68.660126 -3.69012297379824 profile2
470 68.664161 -3.643039398668 profile2
471 68.685197 -3.59378165923573 profile2
472 68.806919 -3.57459067301164 profile2
473 68.816104 -3.57311214323834 profile2
474 68.825289 -3.57167059164124 profile2
475 68.885575 -3.57045476106437 profile2
476 68.886394 -3.56935184145838 profile2
477 68.887213 -3.56818708254763 profile2
478 68.888033 -3.56698215027448 profile2
479 68.888852 -3.56575997382185 profile2
480 68.889671 -3.56454420486358 profile2
481 68.89049 -3.55243077703887 profile2
482 68.89131 -3.53914549160068 profile2
483 68.892129 -3.52575363085385 profile2
484 68.987403 -3.40873416957727 profile2
485 69.064645 -2.91274286763339 profile2
486 69.131341 -2.78826563533632 profile2
487 69.198036 -2.77811644964061 profile2
488 69.214855 -2.7488359297324 profile2
489 69.21825 -2.72197729875758 profile2
490 69.221446 -2.69828803826108 profile2
491 69.224642 -2.67840927110492 profile2
492 69.227838 -2.6628593892814 profile2
493 69.231034 -3.05092818592185 profile2
494 69.23423 -3.20681298288427 profile2
495 69.237426 -3.20836732014511 profile2
496 69.240621 -3.21009583265132 profile2
497 69.244859 -3.21201330030132 profile2
498 69.252696 -3.21344102973822 profile2
499 69.260534 -3.21471799191091 profile2
500 69.416362 -2.77879985612423 profile2
501 69.484146 -2.16872695138614 profile2
502 69.505599 -2.16949416147123 profile2
503 69.508945 -2.17334542799377 profile2
504 69.512291 -2.17752988662294 profile2
505 69.515636 -2.18196124737121 profile2
506 69.542556 -2.18470752501149 profile2
507 69.592546 -2.09455138301591 profile2
508 69.66328 -2.08601667579254 profile2
509 69.721392 -2.08259491779046 profile2
510 69.724456 -2.07290782872256 profile2
511 69.727519 -2.06358690747131 profile2
512 69.733033 -2.05464877483466 profile2
513 69.768364 -2.030786133539 profile2
514 69.782339 -2.01448246440148 profile2
515 69.796313 -1.92758800836914 profile2
516 69.810287 0 profile2
517 69.829176 -0.268037509552757 profile2
518 69.837051 -0.228346086554954 profile2
519 69.844926 -0.208187829134771 profile2
520 69.869428 -0.196990963739391 profile2
521 69.876397 -0.198335704179812 profile2
522 69.876657 -0.208298442009706 profile2
523 69.876917 -0.231897874322573 profile2
524 69.924127 -0.212889349256239 profile2
525 69.978753 -0.190418931487447 profile2
526 70.033378 -0.140394936609526 profile2
527 70.042973 -0.0920015212012408 profile2
528 70.043703 -0.0460214270752155 profile2
529 70.044434 -0.00280722988365263 profile2
530 70.087246 0.0377143541990785 profile2
531 70.141872 0.0761705095770864 profile2
532 70.196497 0.103837591919123 profile2
533 70.400832 0.113360119371391 profile2
534 70.421006 0.0945826878251258 profile2
535 70.441181 0.0733986376058012 profile2
536 70.60917 0.0511303191902403 profile2
537 70.612702 0.029257532783375 profile2
538 70.616235 0.00808541462370094 profile2
539 70.661194 0.00651793890692828 profile2
540 70.728481 0.0358931808506698 profile2
541 70.750402 0.0998315701083562 profile2
542 70.772323 0.15493227029446 profile2
543 70.779053 0.201838950654909 profile2
544 70.782062 0.241620394672507 profile2
545 70.785072 0.276655287960292 profile2
546 71.12066 0.257718005526894 profile2
547 71.198629 0.244931977693807 profile2
548 71.276599 0.232452270524858 profile2
549 71.354568 0.316601839787173 profile2
550 71.418821 0.377051026599164 profile2
551 71.422464 0.341603331025432 profile2
552 71.425934 0.282032382070751 profile2
553 71.429405 0.25021596626601 profile2
554 71.432875 0.233343147897185 profile2
555 71.436346 0.213584064536295 profile2
556 71.439817 0.190994361549775 profile2
557 71.443287 0.16563817953548 profile2
558 71.449172 0.147719431676222 profile2
559 71.46043 0.150582365837171 profile2
560 71.475844 0.152306938149864 profile2
561 71.510771 0.152655484202597 profile2
562 71.658293 0.151401153263609 profile2
563 71.675712 0.146953474591422 profile2
564 71.693132 0.138162841157357 profile2
565 71.782692 -0.32591409543705 profile2
566 71.793079 -0.267078512251816 profile2
567 71.803404 -0.177189810038652 profile2
568 71.813729 -0.0644492398709443 profile2
569 71.824055 0.0138561439758403 profile2
570 71.83438 0.0332773653882979 profile2
571 71.859513 0.0580086300846266 profile2
572 71.937774 -0.0273145284548877 profile2
573 71.945079 -0.203171798926707 profile2
574 71.952385 -0.290839214700854 profile2
575 71.98473 -0.311917017949204 profile2
576 72.012709 -0.309124130884373 profile2
577 72.040688 -0.320627841362905 profile2
578 72.210521 -0.430076488679579 profile2
579 72.314268 -0.736945111018579 profile2
580 72.366456 -0.789743578624191 profile2
581 72.411367 -0.797748922480491 profile2
582 72.450663 -0.808922303797648 profile2
583 72.471305 -0.85685655977347 profile2
584 72.491946 -0.941086832190439 profile2
585 72.512588 -1.0998490303186 profile2
586 72.601385 -1.12251524391727 profile2
587 72.621813 -0.941713748437476 profile2
588 72.642242 -0.990508737115748 profile2
589 72.66267 -1.04227125244524 profile2
590 72.771429 -1.14095274141293 profile2
591 72.883243 -1.12676000666316 profile2
592 72.898448 -1.09275292135736 profile2
593 72.913654 -1.06196634122996 profile2
594 72.928859 -1.03540785584115 profile2
595 72.944065 -1.01230938721366 profile2
596 72.95927 -0.882641716558701 profile2
597 72.974476 -0.816838110087721 profile2
598 72.989681 -0.883951390755766 profile2
599 72.996574 -0.726075118297414 profile2
600 72.9996 -0.659310751915246 profile2
601 73.002626 -0.625689911612175 profile2
602 73.005652 -0.588821834183761 profile2
603 73.012925 -0.558518152302156 profile2
604 73.023956 -0.534798304559329 profile2
605 73.034987 -0.517670971372973 profile2
606 73.046018 -0.506507129902833 profile2
607 73.057049 -0.507242761822365 profile2
608 73.06808 -0.520412002563382 profile2
609 73.079353 -0.538844068106017 profile2
610 73.111862 -0.48379467769287 profile2
611 73.146945 -0.680369980033192 profile2
612 73.171837 -0.981508629214792 profile2
613 73.196729 -1.349763114091 profile2
614 73.629401 -1.37779826565228 profile2
615 74.062073 -1.38880707069213 profile2
616 74.066223 -1.38930013825501 profile2
617 74.070373 -1.39037521595934 profile2
618 74.074523 -1.39203542894528 profile2
619 74.078673 -1.39428413957645 profile2
620 74.082823 -1.32559267972183 profile2
621 74.3761735 -1.35794637670644 profile2
622 74.669524 -1.32019370378354 profile2
623 74.672012 -1.33350743340036 profile2
624 74.674499 -1.37419415642171 profile2
625 74.716248 -1.44238053547945 profile2
626 74.724515 -1.53678087468073 profile2
627 74.732783 -1.45840494771513 profile2
628 75.0995546666667 -2.56575564882542 profile2
629 75.4663263333333 -2.59910121220219 profile2
630 75.833098 -2.53005852177574 profile2
631 75.863363 -2.52431774246184 profile2
632 75.875899 -2.5206085455222 profile2
633 75.888435 -2.55750412277374 profile2
634 75.900971 -2.68352201229637 profile2
635 75.903257 -2.83526149992679 profile2
636 75.904489 -2.87936021096674 profile2
637 75.905721 -2.88095377213813 profile2
638 75.917304 -2.88498755222847 profile2
639 76.287653 -2.9225588734651 profile2
640 76.288899 -2.97388385934508 profile2
641 76.290145 -3.02742407628195 profile2
642 76.397032 -3.06635906929969 profile2
643 76.403847 -3.085831955138 profile2
644 76.410663 -3.08278426855787 profile2
645 76.607927 -3.09779702900698 profile2
646 76.623625 -2.95404994102621 profile2
647 76.633554 -2.92350951176795 profile2
648 76.643483 -2.895427691311 profile2
649 76.653411 -2.87011744819105 profile2
650 76.66334 -2.84789131057793 profile2
651 76.700004 -2.78066801104995 profile2
