marker_position lod trace
1 67.606765 -4.18945908387735 pleio
2 67.613251 -4.18769898110269 pleio
3 67.619736 -4.18599799744607 pleio
4 67.626222 -4.18435620005067 pleio
5 67.641347 -4.18277259605345 pleio
6 67.654855 -4.18127634138991 pleio
7 67.658769 -4.18036864640005 pleio
8 67.662682 -4.17953795750242 pleio
9 67.666596 -4.17877480097611 pleio
10 67.679986 -4.17807195602909 pleio
11 67.708923 -4.1645177084431 pleio
12 67.715069 -4.1546313898727 pleio
13 67.721215 -4.14932661875764 pleio
14 67.746869 -4.14881523559779 pleio
15 67.778018 -4.14818174299074 pleio
16 67.809168 -4.14721191469144 pleio
17 67.895218 -4.10020974561152 pleio
18 67.900561 -4.03545723704438 pleio
19 67.905905 -3.98080829222467 pleio
20 67.911248 -3.93749127134157 pleio
21 67.920171 -3.91930407766924 pleio
22 67.929072 -3.93795376480028 pleio
23 67.937973 -3.96738135594895 pleio
24 67.946874 -4.00724962634404 pleio
25 67.962131 -4.0253369176793 pleio
26 68.103338 -4.042452276399 pleio
27 68.122257 -4.05925061631474 pleio
28 68.141177 -4.04353132553891 pleio
29 68.410128 -4.01156767876297 pleio
30 68.415239 -3.94705615911427 pleio
31 68.42035 -3.88100231630241 pleio
32 68.640199 -3.79731950773305 pleio
33 68.652056 -3.70023574172219 pleio
34 68.656091 -3.60599392086803 pleio
35 68.660126 -3.51351528402981 pleio
36 68.664161 -3.42170022364488 pleio
37 68.685197 -3.31553949984463 pleio
38 68.806919 -3.27026894420194 pleio
39 68.816104 -3.26817886839013 pleio
40 68.825289 -3.2660994682899 pleio
41 68.885575 -3.2509860352602 pleio
42 68.886394 -3.22448655858487 pleio
43 68.887213 -3.1983195440735 pleio
44 68.888033 -3.17257515755942 pleio
45 68.888852 -3.14734212052984 pleio
46 68.889671 -3.12270576721084 pleio
47 68.89049 -3.12578561307338 pleio
48 68.89131 -3.1302735295856 pleio
49 68.892129 -3.1331450998527 pleio
50 68.987403 -3.10687694330063 pleio
51 69.064645 -2.81997029145322 pleio
52 69.131341 -2.79071577004368 pleio
53 69.198036 -2.78434506739695 pleio
54 69.214855 -2.77720041972108 pleio
55 69.21825 -2.77334730413251 pleio
56 69.221446 -2.77282683070544 pleio
57 69.224642 -2.77563549267476 pleio
58 69.227838 -2.78169863307159 pleio
59 69.231034 -2.19480715884778 pleio
60 69.23423 -2.12516759920616 pleio
61 69.237426 -2.12035034752056 pleio
62 69.240621 -2.11559338084989 pleio
63 69.244859 -2.11088517041798 pleio
64 69.252696 -2.10623732078823 pleio
65 69.260534 -2.0983573956545 pleio
66 69.416362 -2.10208449961092 pleio
67 69.484146 -2.35222605017962 pleio
68 69.505599 -2.37424044706958 pleio
69 69.508945 -2.42767489612862 pleio
70 69.512291 -2.48428339681734 pleio
71 69.515636 -2.5433276254233 pleio
72 69.542556 -2.56901917042745 pleio
73 69.592546 -3.22996429881317 pleio
74 69.66328 -3.1746163906203 pleio
75 69.721392 -3.20385937401449 pleio
76 69.724456 -3.22052180903552 pleio
77 69.727519 -3.23727790193922 pleio
78 69.733033 -3.25410461502088 pleio
79 69.768364 -3.20199493595059 pleio
80 69.782339 -3.13658664530397 pleio
81 69.796313 -2.99479368598048 pleio
82 69.810287 -1.28591200016519 pleio
83 69.829176 -1.23575390077284 pleio
84 69.837051 -1.31500944730242 pleio
85 69.844926 -1.44900913314175 pleio
86 69.869428 -1.5877517779104 pleio
87 69.876397 -1.7098209506681 pleio
88 69.876657 -1.83727428133325 pleio
89 69.876917 -1.96880454241194 pleio
90 69.924127 -1.97095656034626 pleio
91 69.978753 -1.90378862299004 pleio
92 70.033378 -1.84056040756501 pleio
93 70.042973 -1.77372405630968 pleio
94 70.043703 -1.70362567947785 pleio
95 70.044434 -1.63065972992621 pleio
96 70.087246 -1.55935288788083 pleio
97 70.141872 -1.49530324511256 pleio
98 70.196497 -1.40543177834241 pleio
99 70.400832 -1.35757516895523 pleio
100 70.421006 -1.32533602646509 pleio
101 70.441181 -1.29050559433576 pleio
102 70.60917 -1.25598587960008 pleio
103 70.612702 -1.23799994178915 pleio
104 70.616235 -1.16895051401046 pleio
105 70.661194 -1.14527545367877 pleio
106 70.728481 -1.09673969310206 pleio
107 70.750402 -1.02180292793268 pleio
108 70.772323 -0.954319120988911 pleio
109 70.779053 -0.891659882538225 pleio
110 70.782062 -0.829901677860774 pleio
111 70.785072 -0.771351284240518 pleio
112 71.12066 -0.704563709020675 pleio
113 71.198629 -0.697144265315702 pleio
114 71.276599 -0.690138657414975 pleio
115 71.354568 -0.535899272638077 pleio
116 71.418821 -0.524410676498354 pleio
117 71.422464 -0.530163436536513 pleio
118 71.425934 -0.541120902286647 pleio
119 71.429405 -0.51309711388999 pleio
120 71.432875 -0.462256197307535 pleio
121 71.436346 -0.412741362661659 pleio
122 71.439817 -0.364615526232708 pleio
123 71.443287 -0.317938035864294 pleio
124 71.449172 -0.274113362782472 pleio
125 71.46043 -0.234244192427637 pleio
126 71.475844 -0.194799772726785 pleio
127 71.510771 -0.156122418607778 pleio
128 71.658293 -0.110661883987821 pleio
129 71.675712 -0.0544252300025666 pleio
130 71.693132 0 pleio
131 71.782692 -0.378268697016909 pleio
132 71.793079 -0.445155893289696 pleio
133 71.803404 -0.282286405136202 pleio
134 71.813729 -0.00185809393488967 pleio
135 71.824055 -0.119017903727 pleio
136 71.83438 -0.243245656271338 pleio
137 71.859513 -0.224191356162022 pleio
138 71.937774 -0.332982641149786 pleio
139 71.945079 -0.555826234057788 pleio
140 71.952385 -0.620031900518832 pleio
141 71.98473 -0.611015215957615 pleio
142 72.012709 -0.577255807826459 pleio
143 72.040688 -0.542665613941148 pleio
144 72.210521 -0.759344977719807 pleio
145 72.314268 -1.35035023005992 pleio
146 72.366456 -1.49705177814739 pleio
147 72.411367 -1.48530080276133 pleio
148 72.450663 -1.48217289329316 pleio
149 72.471305 -1.52951925039017 pleio
150 72.491946 -1.55621067319902 pleio
151 72.512588 -1.6019253105311 pleio
152 72.601385 -1.59855608520444 pleio
153 72.621813 -1.44442276803724 pleio
154 72.642242 -1.46842937198839 pleio
155 72.66267 -1.49476539900632 pleio
156 72.771429 -1.72174147193571 pleio
157 72.883243 -1.72290913992504 pleio
158 72.898448 -1.73518760187694 pleio
159 72.913654 -1.74879243572191 pleio
160 72.928859 -1.76341805557891 pleio
161 72.944065 -1.77862108170578 pleio
162 72.95927 -1.69553912217055 pleio
163 72.974476 -1.56332393967851 pleio
164 72.989681 -1.3282950840908 pleio
165 72.996574 -1.42107119065757 pleio
166 72.9996 -1.53096816345907 pleio
167 73.002626 -1.59381598218045 pleio
168 73.005652 -1.54552069592543 pleio
169 73.012925 -1.50864277896697 pleio
170 73.023956 -1.47969966123249 pleio
171 73.034987 -1.45489692710447 pleio
172 73.046018 -1.472836408892 pleio
173 73.057049 -1.50694812662683 pleio
174 73.06808 -1.55015991922075 pleio
175 73.079353 -1.59116107653109 pleio
176 73.111862 -2.83704856019442 pleio
177 73.146945 -3.03571313855921 pleio
178 73.171837 -3.18457073735405 pleio
179 73.196729 -3.22462535430494 pleio
180 73.629401 -3.28924935579793 pleio
181 74.062073 -3.26831811933952 pleio
182 74.066223 -3.3015079904296 pleio
183 74.070373 -3.33444219964416 pleio
184 74.074523 -3.36707453656908 pleio
185 74.078673 -3.39936062465793 pleio
186 74.082823 -3.34394897348611 pleio
187 74.3761735 -3.37866431189967 pleio
188 74.669524 -3.32160796717182 pleio
189 74.672012 -3.2469105862968 pleio
190 74.674499 -3.18912513425269 pleio
191 74.716248 -3.15218422904159 pleio
192 74.724515 -3.13854145859102 pleio
193 74.732783 -3.16992850826323 pleio
194 75.0995546666667 -3.56781392198201 pleio
195 75.4663263333333 -3.5523275968094 pleio
196 75.833098 -3.60328686858124 pleio
197 75.863363 -3.58334047396575 pleio
198 75.875899 -3.53883665194104 pleio
199 75.888435 -3.55101341553513 pleio
200 75.900971 -3.68849769229653 pleio
201 75.903257 -3.85225051782073 pleio
202 75.904489 -3.89470517351393 pleio
203 75.905721 -3.8884058073857 pleio
204 75.917304 -3.87754354517846 pleio
205 76.287653 -3.89148733523229 pleio
206 76.288899 -3.94630347515497 pleio
207 76.290145 -4.00597751719694 pleio
208 76.397032 -4.01783247078746 pleio
209 76.403847 -3.98251329967689 pleio
210 76.410663 -3.93277539315833 pleio
211 76.607927 -4.06454028826349 pleio
212 76.623625 -3.98103910236506 pleio
213 76.633554 -3.94320874958106 pleio
214 76.643483 -3.90047770867315 pleio
215 76.653411 -3.85302650606431 pleio
216 76.66334 -3.80125873209299 pleio
217 76.700004 -3.76531587088627 pleio
218 67.911248 -3.6183653871797 profile1
219 67.920171 -3.59254608521889 profile1
220 67.929072 -3.58354631786426 profile1
221 67.937973 -3.58990404408982 profile1
222 67.946874 -3.61179831391085 profile1
223 67.962131 -3.59977578710561 profile1
224 68.103338 -3.59397771116363 profile1
225 68.122257 -3.5925267690706 profile1
226 68.141177 -3.58270413227928 profile1
227 68.410128 -3.58853904687887 profile1
228 68.415239 -3.54975301894288 profile1
229 68.42035 -3.50985326901787 profile1
230 68.640199 -3.42199328331944 profile1
231 68.652056 -3.30202585188902 profile1
232 68.656091 -3.1897570679742 profile1
233 68.660126 -3.08742545106883 profile1
234 68.664161 -2.99708209806165 profile1
235 68.685197 -2.91722171863188 profile1
236 68.806919 -2.88767156192539 profile1
237 68.816104 -2.89087321472253 profile1
238 68.825289 -2.89409263204464 profile1
239 68.885575 -2.89985202717098 profile1
240 68.886394 -2.90811977575897 profile1
241 68.887213 -2.91670705466609 profile1
242 68.888033 -2.92557282678901 profile1
243 68.888852 -2.93467208318708 profile1
244 68.889671 -2.94395467487873 profile1
245 68.89049 -3.00278893681859 profile1
246 68.89131 -3.06797947821114 profile1
247 68.892129 -3.1331450998527 profile1
248 68.987403 -2.99853919538853 profile1
249 69.064645 -2.4959140057259 profile1
250 69.131341 -2.76519476628018 profile1
251 69.198036 -2.73841740375639 profile1
252 69.214855 -2.69727946637027 profile1
253 69.21825 -2.65981460568651 profile1
254 69.221446 -2.6268921800407 profile1
255 69.224642 -2.59921977028855 profile1
256 69.227838 -2.57724210249379 profile1
257 69.231034 -2.04955121799255 profile1
258 69.23423 -1.95494011405435 profile1
259 69.237426 -1.94375320059377 profile1
260 69.240621 -1.93260628346381 profile1
261 69.244859 -1.92150696771635 profile1
262 69.252696 -1.91031447271491 profile1
263 69.260534 -1.89266079043044 profile1
264 69.416362 -1.86089525921182 profile1
265 69.484146 -2.35222605017962 profile1
266 69.505599 -2.36245888269771 profile1
267 69.508945 -2.38712926907212 profile1
268 69.512291 -2.41351877963187 profile1
269 69.515636 -2.44099106322094 profile1
270 69.542556 -2.36908131030619 profile1
271 69.592546 -2.93496074769495 profile1
272 69.66328 -2.83941092713069 profile1
273 69.721392 -2.84006993277156 profile1
274 69.724456 -2.83920832967347 profile1
275 69.727519 -2.83835945630312 profile1
276 69.733033 -2.8375195068863 profile1
277 69.768364 -2.76500344093533 profile1
278 69.782339 -2.67697374207993 profile1
279 69.796313 -2.59848601356393 profile1
280 69.810287 -0.559894230068175 profile1
281 69.829176 -0.191396786227414 profile1
282 69.837051 -0.183049282047342 profile1
283 69.844926 -0.204147447142394 profile1
284 69.869428 -0.210805130226176 profile1
285 69.876397 -0.168985235432138 profile1
286 69.876657 -0.135779831754827 profile1
287 69.876917 -0.110324300064359 profile1
288 69.924127 -0.0838572856741034 profile1
289 69.978753 -0.0633448713741049 profile1
290 70.033378 -0.0463530319419573 profile1
291 70.042973 -0.0314536455919869 profile1
292 70.043703 -0.0181734443617372 profile1
293 70.044434 -0.00650217485168332 profile1
294 70.087246 0.00582013083661123 profile1
295 70.141872 0.0202996644816657 profile1
296 70.196497 0.0301875042597889 profile1
297 70.400832 0.0404034091695654 profile1
298 70.421006 0.0497729912566686 profile1
299 70.441181 0.0662930466942195 profile1
300 70.60917 0.097357941673346 profile1
301 70.612702 0.147569798241546 profile1
302 70.616235 0.332303980027017 profile1
303 70.661194 0.322859828534004 profile1
304 70.728481 0.355589200202615 profile1
305 70.750402 0.407778729380853 profile1
306 70.772323 0.481898841500559 profile1
307 70.779053 0.562563050910514 profile1
308 70.782062 0.630804860645194 profile1
309 70.785072 0.68252805159194 profile1
310 71.12066 0.652420525472223 profile1
311 71.198629 0.633288098500551 profile1
312 71.276599 0.612960132473915 profile1
313 71.354568 0.69585634626457 profile1
314 71.418821 0.520413250823663 profile1
315 71.422464 0.384210446452068 profile1
316 71.425934 0.266290989271346 profile1
317 71.429405 0.218920372767639 profile1
318 71.432875 0.204264706585755 profile1
319 71.436346 0.186757126742809 profile1
320 71.439817 0.166438515081316 profile1
321 71.443287 0.143363377978491 profile1
322 71.449172 0.118172514795853 profile1
323 71.46043 0.092498987403006 profile1
324 71.475844 0.0658517820304396 profile1
325 71.510771 0.0379627736073776 profile1
326 71.658293 0.0180468530080342 profile1
327 71.675712 0.0104206532591646 profile1
328 71.693132 0 profile1
329 71.782692 -0.378268697016909 profile1
330 71.793079 -0.4107993490397 profile1
331 71.803404 -0.233530735373145 profile1
332 71.813729 -0.00185809393488967 profile1
333 71.824055 0.170735760653143 profile1
334 71.83438 0.0814185326113527 profile1
335 71.859513 -0.0194787772464317 profile1
336 71.937774 -0.202211365620129 profile1
337 71.945079 -0.350002648072241 profile1
338 71.952385 -0.441683000255071 profile1
339 71.98473 -0.506452885147211 profile1
340 72.012709 -0.539043110868155 profile1
341 72.040688 -0.542665613941148 profile1
342 72.210521 -0.441671260788224 profile1
343 72.314268 -0.564398494201423 profile1
344 72.366456 -0.603507728627586 profile1
345 72.411367 -0.588570313276247 profile1
346 72.450663 -0.573295694933766 profile1
347 72.471305 -0.553222716000596 profile1
348 72.491946 -0.544867371642727 profile1
349 72.512588 -0.54539225216909 profile1
350 72.601385 -0.64542545033757 profile1
351 72.621813 -0.771398432743 profile1
352 72.642242 -0.826370081347866 profile1
353 72.66267 -0.884622464694693 profile1
354 72.771429 -0.684378779770051 profile1
355 72.883243 -0.702503336578546 profile1
356 72.898448 -0.743776920483459 profile1
357 72.913654 -0.788620667044737 profile1
358 72.928859 -0.836497769568116 profile1
359 72.944065 -0.884896821700166 profile1
360 72.95927 -0.918712558191386 profile1
361 72.974476 -1.09632546521596 profile1
362 72.989681 -0.346829201707227 profile1
363 72.996574 -0.629203970292129 profile1
364 72.9996 -0.785109921432691 profile1
365 73.002626 -0.846652855622735 profile1
366 73.005652 -0.897835274792333 profile1
367 73.012925 -0.955370417269726 profile1
368 73.023956 -1.01913930580135 profile1
369 73.034987 -1.08871975622496 profile1
370 73.046018 -1.19801631427402 profile1
371 73.057049 -1.32302718843596 profile1
372 73.06808 -1.45624888438487 profile1
373 73.079353 -1.59116107653109 profile1
374 67.606765 -3.68529496329443 profile1
375 67.613251 -3.68483428021638 profile1
376 67.619736 -3.6844453436953 profile1
377 67.626222 -3.68412875548685 profile1
378 67.641347 -3.68388365533485 profile1
379 67.654855 -3.68375646596199 profile1
380 67.658769 -3.68457659693821 profile1
381 67.662682 -3.68547841334098 profile1
382 67.666596 -3.68645638244879 profile1
383 67.679986 -3.68750731175672 profile1
384 67.708923 -3.6719156865302 profile1
385 67.715069 -3.651918679265 profile1
386 67.721215 -3.62865312871826 profile1
387 67.746869 -3.60557508762145 profile1
388 67.778018 -3.60608004291654 profile1
389 67.809168 -3.60658082209374 profile1
390 67.895218 -3.6037189890674 profile1
391 67.900561 -3.60474798177759 profile1
392 73.111862 -2.64180796844986 profile1
393 73.146945 -2.95042297809531 profile1
394 73.171837 -3.18457073735405 profile1
395 73.196729 -3.22462535430494 profile1
396 73.629401 -3.28304897196245 profile1
397 74.062073 -3.23382259253178 profile1
398 74.066223 -3.22739697366684 profile1
399 74.070373 -3.22076987489892 profile1
400 74.074523 -3.21393519158829 profile1
401 74.078673 -3.20688573789901 profile1
402 74.082823 -3.3188463790749 profile1
403 74.3761735 -3.24590069278858 profile1
404 74.669524 -3.26873102166318 profile1
405 74.672012 -3.14762470603493 profile1
406 74.674499 -3.04855901322013 profile1
407 74.716248 -2.97363404788414 profile1
408 74.724515 -2.92242480341762 profile1
409 67.905905 -3.61045620471758 profile1
410 76.607927 -3.39443430985109 profile1
411 76.623625 -3.36133190982846 profile1
412 76.633554 -3.37458828302433 profile1
413 76.643483 -3.39450344867315 profile1
414 76.653411 -3.42180017990558 profile1
415 76.66334 -3.45654211406451 profile1
416 76.700004 -3.52520449919418 profile1
417 74.732783 -3.07009063742705 profile1
418 75.4663263333333 -2.81076184282569 profile1
419 75.875899 -2.93269363035225 profile1
420 75.888435 -3.0135046675498 profile1
421 75.900971 -3.21357530406705 profile1
422 76.403847 -3.59172999666998 profile1
423 76.410663 -3.52106047177939 profile1
424 75.0995546666667 -2.83486802884723 profile1
425 75.833098 -2.88080377553036 profile1
426 75.863363 -2.90441934450241 profile1
427 75.903257 -3.4308614918513 profile1
428 75.904489 -3.48438581183912 profile1
429 75.905721 -3.47558236142821 profile1
430 75.917304 -3.46097463571385 profile1
431 76.287653 -3.47132384625494 profile1
432 76.288899 -3.53662500654313 profile1
433 76.290145 -3.61033961364309 profile1
434 76.397032 -3.65159825641937 profile1
435 67.606765 -3.2941297408477 profile2
436 67.613251 -3.29230155708782 profile2
437 67.619736 -3.29047022982604 profile2
438 67.626222 -3.28863573415666 profile2
439 67.641347 -3.2867979408055 profile2
440 67.654855 -3.28492994969322 profile2
441 67.658769 -3.2825233006093 profile2
442 67.662682 -3.28011623780221 profile2
443 67.666596 -3.27770971070487 profile2
444 67.679986 -3.27530502260278 profile2
445 67.708923 -3.29843356514803 profile2
446 67.715069 -3.33868430400101 profile2
447 67.721215 -3.39335129148773 profile2
448 67.746869 -3.45915299707996 profile2
449 67.778018 -3.45864373855784 profile2
450 67.809168 -3.45581042212076 profile2
451 67.895218 -3.40731171866898 profile2
452 67.900561 -3.33886275069106 profile2
453 67.905905 -3.27803011412846 profile2
454 67.911248 -3.22602855997609 profile2
455 67.920171 -3.19638245203831 profile2
456 67.929072 -3.20166837319459 profile2
457 67.937973 -3.21708549784586 profile2
458 67.946874 -3.24226881503455 profile2
459 67.962131 -3.2689138884351 profile2
460 68.103338 -3.29205182749896 profile2
461 68.122257 -3.31092494261175 profile2
462 68.141177 -3.27345438483458 profile2
463 68.410128 -3.18431305751297 profile2
464 68.415239 -3.13057037968064 profile2
465 68.42035 -3.07512838007276 profile2
466 68.640199 -3.01586452038245 profile2
467 68.652056 -2.95802080308739 profile2
468 68.656091 -2.90707150243677 profile2
469 68.660126 -2.86046884090357 profile2
470 68.664161 -2.81490578403547 profile2
471 68.685197 -2.75807271836626 profile2
472 68.806919 -2.73281720717057 profile2
473 68.816104 -2.72822958693544 profile2
474 68.825289 -2.72363949491857 profile2
475 68.885575 -2.69830974761249 profile2
476 68.886394 -2.65453237013685 profile2
477 68.887213 -2.61088970186299 profile2
478 68.888033 -2.56761029295542 profile2
479 68.888852 -2.52492661020014 profile2
480 68.889671 -2.48307157620076 profile2
481 68.89049 -2.41104124981062 profile2
482 68.89131 -2.33863739043169 profile2
483 68.892129 -2.26962659724189 profile2
484 68.987403 -2.34749890749421 profile2
485 69.064645 -2.46924524027817 profile2
486 69.131341 -2.28618996986062 profile2
487 69.198036 -2.29876390716613 profile2
488 69.214855 -2.31772064516248 profile2
489 69.21825 -2.34220397564706 profile2
490 69.221446 -2.37186909226192 profile2
491 69.224642 -2.40616775392151 profile2
492 69.227838 -2.44436541907672 profile2
493 69.231034 -2.0896337924417 profile2
494 69.23423 -2.06602322431921 profile2
495 69.237426 -2.07156750747005 profile2
496 69.240621 -2.07723978048857 profile2
497 69.244859 -2.08302469216502 profile2
498 69.252696 -2.08908594739269 profile2
499 69.260534 -2.0983573956545 profile2
500 69.416362 -2.03690859780522 profile2
501 69.484146 -1.86089525921182 profile2
502 69.505599 -1.87456875844807 profile2
503 69.508945 -1.91297130383648 profile2
504 69.512291 -1.96035052394639 profile2
505 69.515636 -2.01548670790089 profile2
506 69.542556 -2.13215308323179 profile2
507 69.592546 -2.13146006778695 profile2
508 69.66328 -2.22201568111325 profile2
509 69.721392 -2.2528137530252 profile2
510 69.724456 -2.2673093618234 profile2
511 69.727519 -2.28169692706915 profile2
512 69.733033 -2.29593821692676 profile2
513 69.768364 -2.25586431174146 profile2
514 69.782339 -2.22524371176963 profile2
515 69.796313 -2.14892729157917 profile2
516 69.810287 -1.16310843549747 profile2
517 69.829176 -1.23575390077284 profile2
518 69.837051 -1.29820358145366 profile2
519 69.844926 -1.40960453693441 profile2
520 69.869428 -1.50307071577318 profile2
521 69.876397 -1.60919816480835 profile2
522 69.876657 -1.72972773909456 profile2
523 69.876917 -1.86355242685014 profile2
524 69.924127 -1.86511082834028 profile2
525 69.978753 -1.79016161151751 profile2
526 70.033378 -1.71235586859851 profile2
527 70.042973 -1.62835392941901 profile2
528 70.043703 -1.53887621195736 profile2
529 70.044434 -1.44453059747253 profile2
530 70.087246 -1.35445543956923 profile2
531 70.141872 -1.27885873653035 profile2
532 70.196497 -1.17590552071289 profile2
533 70.400832 -1.11957903591886 profile2
534 70.421006 -1.08123876005342 profile2
535 70.441181 -1.04465066040732 profile2
536 70.60917 -1.01643826793115 profile2
537 70.612702 -1.01191018360029 profile2
538 70.616235 -1.06251002197123 profile2
539 70.661194 -1.01792577621525 profile2
540 70.728481 -0.962538112650218 profile2
541 70.750402 -0.882590199394449 profile2
542 70.772323 -0.838829559610711 profile2
543 70.779053 -0.815901476075173 profile2
544 70.782062 -0.792321899665633 profile2
545 70.785072 -0.771351284240518 profile2
546 71.12066 -0.662402346081408 profile2
547 71.198629 -0.640112952173914 profile2
548 71.276599 -0.618491358901576 profile2
549 71.354568 -0.535899272638077 profile2
550 71.418821 -0.351287308542947 profile2
551 71.422464 -0.209669563728684 profile2
552 71.425934 -0.10251584091901 profile2
553 71.429405 -0.0195057802023739 profile2
554 71.432875 0.0584947078006251 profile2
555 71.436346 0.133811491427112 profile2
556 71.439817 0.206285668305338 profile2
557 71.443287 0.276148479958709 profile2
558 71.449172 0.343452094892255 profile2
559 71.46043 0.408412091162608 profile2
560 71.475844 0.471318346977219 profile2
561 71.510771 0.531865729864696 profile2
562 71.658293 0.5894437106413 profile2
563 71.675712 0.643724285938351 profile2
564 71.693132 0.69585634626457 profile2
565 71.782692 0.607014745601724 profile2
566 71.793079 0.556854108033969 profile2
567 71.803404 0.524467613898885 profile2
568 71.813729 0.611355020401379 profile2
569 71.824055 0.0615498897860902 profile2
570 71.83438 -0.0770972488748484 profile2
571 71.859513 0.0262871618579158 profile2
572 71.937774 0.118563443963805 profile2
573 71.945079 0.0128701649819303 profile2
574 71.952385 0.0259118120945389 profile2
575 71.98473 0.104679896007425 profile2
576 72.012709 0.192729616837448 profile2
577 72.040688 0.249764605379109 profile2
578 72.210521 0.00312425710368289 profile2
579 72.314268 -0.751089604998356 profile2
580 72.366456 -0.92134946993295 profile2
581 72.411367 -0.920578870325229 profile2
582 72.450663 -0.928563213685673 profile2
583 72.471305 -0.992835883827375 profile2
584 72.491946 -1.05736839224482 profile2
585 72.512588 -1.16634026889146 profile2
586 72.601385 -1.01459029322717 profile2
587 72.621813 -0.728682908026647 profile2
588 72.642242 -0.699470961679774 profile2
589 72.66267 -0.672346075751566 profile2
590 72.771429 -1.11814897911939 profile2
591 72.883243 -1.09399049310399 profile2
592 72.898448 -1.05577569157195 profile2
593 72.913654 -1.01795517756436 profile2
594 72.928859 -0.9809048820012 profile2
595 72.944065 -0.946724200269382 profile2
596 72.95927 -0.747998832632493 profile2
597 72.974476 -0.411995335542806 profile2
598 72.989681 -0.721324961235125 profile2
599 72.996574 -0.611083950168639 profile2
600 72.9996 -0.587649064670448 profile2
601 73.002626 -0.539416074013418 profile2
602 73.005652 -0.42618385412931 profile2
603 73.012925 -0.329628950104018 profile2
604 73.023956 -0.245500628283746 profile2
605 73.034987 -0.169854196261629 profile2
606 73.046018 -0.12017199408573 profile2
607 73.057049 -0.0908468151093574 profile2
608 73.06808 -0.0793492777276856 profile2
609 73.079353 -0.0682045785945401 profile2
610 73.111862 -0.131292261694551 profile2
611 73.146945 -0.0636040883428151 profile2
612 73.171837 -0.0581313025801162 profile2
613 73.196729 -0.174243027326587 profile2
614 73.629401 -0.199301768660862 profile2
615 74.062073 -0.216194853063379 profile2
616 74.066223 -0.245850972375124 profile2
617 74.070373 -0.275187595346828 profile2
618 74.074523 -0.304181481912332 profile2
619 74.078673 -0.332811373599195 profile2
620 74.082823 -0.0953626850084019 profile2
621 74.3761735 -0.228413827674162 profile2
622 74.669524 -0.116259636840337 profile2
623 74.672012 -0.149756246810637 profile2
624 74.674499 -0.22006336625313 profile2
625 74.716248 -0.325799075606009 profile2
626 74.724515 -0.463577210399408 profile2
627 74.732783 -0.476755474146679 profile2
628 75.0995546666667 -1.21083528520915 profile2
629 75.4663263333333 -1.22757994490248 profile2
630 75.833098 -1.20776892677181 profile2
631 75.863363 -1.19414175214578 profile2
632 75.875899 -1.16223516037959 profile2
633 75.888435 -1.13151792876092 profile2
634 75.900971 -1.10788201705092 profile2
635 75.903257 -1.09270560916507 profile2
636 75.904489 -1.09186660441892 profile2
637 75.905721 -1.09579052761398 profile2
638 75.917304 -1.10010504725396 profile2
639 76.287653 -1.112282144859 profile2
640 76.288899 -1.12327933721882 profile2
641 76.290145 -1.1345421316942 profile2
642 76.397032 -1.15804760515198 profile2
643 76.403847 -1.18793777750542 profile2
644 76.410663 -1.19840796184479 profile2
645 76.607927 -1.48937724495948 profile2
646 76.623625 -1.41415633445788 profile2
647 76.633554 -1.33266861956086 profile2
648 76.643483 -1.24435795034728 profile2
649 76.653411 -1.15001050337217 profile2
650 76.66334 -1.05095174155591 profile2
651 76.700004 -0.927849026910066 profile2
