marker_position lod trace
1 67.606765 -5.91583330361309 pleio
2 67.613251 -5.90683991814828 pleio
3 67.619736 -5.89790397060546 pleio
4 67.626222 -5.88902630065734 pleio
5 67.641347 -5.88020617796853 pleio
6 67.654855 -5.87143284325133 pleio
7 67.658769 -5.86245845926157 pleio
8 67.662682 -5.85354135440822 pleio
9 67.666596 -5.84468478510085 pleio
10 67.679986 -5.83589053714669 pleio
11 67.708923 -5.77310153283839 pleio
12 67.715069 -5.71820837536398 pleio
13 67.721215 -5.67733898743759 pleio
14 67.746869 -5.64867965789308 pleio
15 67.778018 -5.6401502543698 pleio
16 67.809168 -5.63323222287198 pleio
17 67.895218 -5.59284013663455 pleio
18 67.900561 -5.5420064255718 pleio
19 67.905905 -5.50492020845771 pleio
20 67.911248 -5.48309026100416 pleio
21 67.920171 -5.47860564478547 pleio
22 67.929072 -5.49197000827863 pleio
23 67.937973 -5.52031862431312 pleio
24 67.946874 -5.56282337566241 pleio
25 67.962131 -5.59546602253391 pleio
26 68.103338 -5.61175027495317 pleio
27 68.122257 -5.61566619010209 pleio
28 68.141177 -5.66495190105821 pleio
29 68.410128 -5.72733617729168 pleio
30 68.415239 -5.66362864782039 pleio
31 68.42035 -5.59661420692454 pleio
32 68.640199 -5.40374910422372 pleio
33 68.652056 -5.13316648450358 pleio
34 68.656091 -4.88428070094897 pleio
35 68.660126 -4.6608458097542 pleio
36 68.664161 -4.46565051233263 pleio
37 68.685197 -4.30223580732647 pleio
38 68.806919 -4.23997382143576 pleio
39 68.816104 -4.23642613862673 pleio
40 68.825289 -4.23293138721118 pleio
41 68.885575 -4.22458051641712 pleio
42 68.886394 -4.21206074576032 pleio
43 68.887213 -4.19981527056238 pleio
44 68.888033 -4.18792368099748 pleio
45 68.888852 -4.1764636889352 pleio
46 68.889671 -4.16551010976576 pleio
47 68.89049 -4.13172265487782 pleio
48 68.89131 -4.10980859834998 pleio
49 68.892129 -4.1023480458087 pleio
50 68.987403 -4.04164329254972 pleio
51 69.064645 -3.29077981549075 pleio
52 69.131341 -3.40295575840465 pleio
53 69.198036 -3.43289590723531 pleio
54 69.214855 -3.4729743439091 pleio
55 69.21825 -3.52071948299777 pleio
56 69.221446 -3.57574518678613 pleio
57 69.224642 -3.63752595524415 pleio
58 69.227838 -3.7053850871589 pleio
59 69.231034 -2.84554627593378 pleio
60 69.23423 -2.71251320533496 pleio
61 69.237426 -2.71262511474869 pleio
62 69.240621 -2.71288224402438 pleio
63 69.244859 -2.71326917105015 pleio
64 69.252696 -2.7143670415097 pleio
65 69.260534 -2.71691396276981 pleio
66 69.416362 -2.48245425677724 pleio
67 69.484146 -2.52853505701656 pleio
68 69.505599 -2.56459179867792 pleio
69 69.508945 -2.65190136078572 pleio
70 69.512291 -2.74136730638584 pleio
71 69.515636 -2.83191529789886 pleio
72 69.542556 -2.87322447141316 pleio
73 69.592546 -3.08739710101724 pleio
74 69.66328 -3.08920221926563 pleio
75 69.721392 -3.10645663446903 pleio
76 69.724456 -3.10633201205464 pleio
77 69.727519 -3.10666325341463 pleio
78 69.733033 -3.10744609163783 pleio
79 69.768364 -2.92056326183354 pleio
80 69.782339 -2.65234017758491 pleio
81 69.796313 -2.39025877449575 pleio
82 69.810287 -0.227422597094497 pleio
83 69.829176 0 pleio
84 69.837051 -0.00650156255878125 pleio
85 69.844926 -0.0682023532165208 pleio
86 69.869428 -0.153193705634836 pleio
87 69.876397 -0.255593397656533 pleio
88 69.876657 -0.360033798513349 pleio
89 69.876917 -0.473996479886811 pleio
90 69.924127 -0.512480952131741 pleio
91 69.978753 -0.531573051422547 pleio
92 70.033378 -0.540315570457867 pleio
93 70.042973 -0.55409032588523 pleio
94 70.043703 -0.573013643683205 pleio
95 70.044434 -0.59677052018728 pleio
96 70.087246 -0.614932812126862 pleio
97 70.141872 -0.618248412421569 pleio
98 70.196497 -0.6339057936772 pleio
99 70.400832 -0.656604326622343 pleio
100 70.421006 -0.69670499833826 pleio
101 70.441181 -0.739571319190116 pleio
102 70.60917 -0.780523191050189 pleio
103 70.612702 -0.799966475677562 pleio
104 70.616235 -0.830507393888178 pleio
105 70.661194 -0.847773977796166 pleio
106 70.728481 -0.859548907723341 pleio
107 70.750402 -0.852101250022605 pleio
108 70.772323 -0.86076188724871 pleio
109 70.779053 -0.878770735521149 pleio
110 70.782062 -0.896840745404092 pleio
111 70.785072 -0.918545211727582 pleio
112 71.12066 -1.13783487279088 pleio
113 71.198629 -1.14087482895834 pleio
114 71.276599 -1.14300615476301 pleio
115 71.354568 -1.05069285234922 pleio
116 71.418821 -1.38793838593548 pleio
117 71.422464 -1.84155794543657 pleio
118 71.425934 -2.32431211709809 pleio
119 71.429405 -2.49129859431112 pleio
120 71.432875 -2.48449021439151 pleio
121 71.436346 -2.47987814750079 pleio
122 71.439817 -2.47744839695648 pleio
123 71.443287 -2.47718348417106 pleio
124 71.449172 -2.47687403260318 pleio
125 71.46043 -2.47322200562507 pleio
126 71.475844 -2.46978893306506 pleio
127 71.510771 -2.46780649888078 pleio
128 71.658293 -2.47210749704247 pleio
129 71.675712 -2.48776034466222 pleio
130 71.693132 -2.50875144729529 pleio
131 71.782692 -3.1309763873062 pleio
132 71.793079 -3.56563423055814 pleio
133 71.803404 -3.65457158754811 pleio
134 71.813729 -3.25122929361683 pleio
135 71.824055 -3.21302434812106 pleio
136 71.83438 -3.40312470866374 pleio
137 71.859513 -3.48905767937676 pleio
138 71.937774 -3.04473653476252 pleio
139 71.945079 -2.9047605083423 pleio
140 71.952385 -2.90726488875415 pleio
141 71.98473 -2.92239407413391 pleio
142 72.012709 -2.92863806091189 pleio
143 72.040688 -2.94334033014045 pleio
144 72.210521 -3.18314873414156 pleio
145 72.314268 -3.98374732292053 pleio
146 72.366456 -3.99035269672166 pleio
147 72.411367 -4.00476564549778 pleio
148 72.450663 -4.02537642213988 pleio
149 72.471305 -4.07774869907719 pleio
150 72.491946 -4.03354480717921 pleio
151 72.512588 -3.95591227680281 pleio
152 72.601385 -3.87807710616468 pleio
153 72.621813 -3.91562443265901 pleio
154 72.642242 -3.92271127314299 pleio
155 72.66267 -3.93398152242447 pleio
156 72.771429 -4.72294123619571 pleio
157 72.883243 -4.69816816837584 pleio
158 72.898448 -4.67612459622505 pleio
159 72.913654 -4.65670630149364 pleio
160 72.928859 -4.63927920198402 pleio
161 72.944065 -4.62592538314856 pleio
162 72.95927 -4.59484350221677 pleio
163 72.974476 -4.73489470330259 pleio
164 72.989681 -5.34987601945076 pleio
165 72.996574 -5.23721667947356 pleio
166 72.9996 -5.06797065471807 pleio
167 73.002626 -4.9431519698316 pleio
168 73.005652 -4.88646727433359 pleio
169 73.012925 -4.84364672355463 pleio
170 73.023956 -4.8099686317637 pleio
171 73.034987 -4.78085625813113 pleio
172 73.046018 -4.76013057375523 pleio
173 73.057049 -4.74874555939066 pleio
174 73.06808 -4.74620810961379 pleio
175 73.079353 -4.75600149725467 pleio
176 73.111862 -4.80969293046305 pleio
177 73.146945 -4.70231062540729 pleio
178 73.171837 -4.66643788348711 pleio
179 73.196729 -4.59797599724706 pleio
180 73.629401 -4.6500808431545 pleio
181 74.062073 -4.61405826212947 pleio
182 74.066223 -4.6244428406101 pleio
183 74.070373 -4.63573817519855 pleio
184 74.074523 -4.64789338148101 pleio
185 74.078673 -4.66085590412438 pleio
186 74.082823 -4.74723731940677 pleio
187 74.3761735 -4.68910925191455 pleio
188 74.669524 -4.72498828349882 pleio
189 74.672012 -4.75618765132515 pleio
190 74.674499 -4.82682532078824 pleio
191 74.716248 -4.9369092859898 pleio
192 74.724515 -5.08317825160912 pleio
193 74.732783 -5.15868307144717 pleio
194 75.0995546666667 -5.79004379178645 pleio
195 75.4663263333333 -5.76398331343692 pleio
196 75.833098 -5.70345563676357 pleio
197 75.863363 -5.59573701887841 pleio
198 75.875899 -5.50204550598894 pleio
199 75.888435 -5.49458165620221 pleio
200 75.900971 -5.679869256203 pleio
201 75.903257 -5.92822267971688 pleio
202 75.904489 -5.99466101692985 pleio
203 75.905721 -5.98503266983621 pleio
204 75.917304 -5.97536402081969 pleio
205 76.287653 -5.97498549195578 pleio
206 76.288899 -6.00118722587033 pleio
207 76.290145 -6.03769311945589 pleio
208 76.397032 -6.0358710008869 pleio
209 76.403847 -5.99809623630472 pleio
210 76.410663 -5.93751498594195 pleio
211 76.607927 -5.76940965840988 pleio
212 76.623625 -5.73692619366733 pleio
213 76.633554 -5.7074714259892 pleio
214 76.643483 -5.6821895929668 pleio
215 76.653411 -5.66121253160314 pleio
216 76.66334 -5.64453454509444 pleio
217 76.700004 -5.56397253995061 pleio
218 67.606765 -5.77333171658736 profile1
219 67.613251 -5.77920112929312 profile1
220 67.619736 -5.78510442377148 profile1
221 67.626222 -5.79103976640376 profile1
222 67.641347 -5.79700794229552 profile1
223 67.654855 -5.80277527836899 profile1
224 67.658769 -5.80847158011708 profile1
225 67.662682 -5.81417894721587 profile1
226 67.666596 -5.81990022398289 profile1
227 67.679986 -5.82563831014303 profile1
228 67.708923 -5.76921271951223 profile1
229 67.715069 -5.70177717281549 profile1
230 67.721215 -5.62979359279574 profile1
231 67.746869 -5.55297825653611 profile1
232 67.778018 -5.55633708006901 profile1
233 67.809168 -5.5635556729832 profile1
234 67.895218 -5.50474236262318 profile1
235 67.900561 -5.41056471241705 profile1
236 67.905905 -5.32201476503803 profile1
237 67.911248 -5.24045573676475 profile1
238 67.920171 -5.17488724490772 profile1
239 67.929072 -5.13336934275651 profile1
240 67.937973 -5.1005697439372 profile1
241 67.946874 -5.07654463179835 profile1
242 67.962131 -5.09550952857676 profile1
243 68.103338 -5.10521166951939 profile1
244 68.122257 -5.10264093229644 profile1
245 68.141177 -5.11357044715781 profile1
246 68.410128 -5.14151021918906 profile1
247 68.415239 -5.07089209945256 profile1
248 68.42035 -4.99795656549462 profile1
249 68.640199 -4.86504442122742 profile1
250 68.652056 -4.69115139499563 profile1
251 68.656091 -4.52379068813638 profile1
252 68.660126 -4.36545551352816 profile1
253 68.664161 -4.21821479904007 profile1
254 68.685197 -4.08235483897823 profile1
255 68.806919 -4.02616274497456 profile1
256 68.816104 -4.02327931379705 profile1
257 68.825289 -4.02043534576308 profile1
258 68.885575 -4.0114897330071 profile1
259 68.886394 -3.99704746410993 profile1
260 68.887213 -3.98259052564995 profile1
261 68.888033 -3.96821092330084 profile1
262 68.888852 -3.95400045915816 profile1
263 68.889671 -3.94004986593006 profile1
264 68.89049 -3.91673564582924 profile1
265 68.89131 -3.89578994809174 profile1
266 68.892129 -3.87836311072722 profile1
267 68.987403 -3.86388989457281 profile1
268 69.064645 -3.25442076233128 profile1
269 69.131341 -3.06440435655909 profile1
270 69.198036 -3.07623599268905 profile1
271 69.214855 -3.09143303198119 profile1
272 69.21825 -3.11053364149026 profile1
273 69.221446 -3.1334173892286 profile1
274 69.224642 -3.15985527313718 profile1
275 69.227838 -3.18953723658909 profile1
276 69.231034 -2.55585518651042 profile1
277 69.23423 -2.48947631268286 profile1
278 69.237426 -2.49113408895212 profile1
279 69.240621 -2.49287700725102 profile1
280 69.244859 -2.49471209096471 profile1
281 69.252696 -2.49724222913837 profile1
282 69.260534 -2.50220112317276 profile1
283 69.416362 -2.32488499559332 profile1
284 69.484146 -2.21856668520213 profile1
285 69.505599 -2.23953836196315 profile1
286 69.508945 -2.29381704176633 profile1
287 69.512291 -2.35140868508007 profile1
288 69.515636 -2.41156576643751 profile1
289 69.542556 -2.42810561334796 profile1
290 69.592546 -2.24688568401626 profile1
291 69.66328 -2.29357289317246 profile1
292 69.721392 -2.31263472635549 profile1
293 69.724456 -2.31962830173968 profile1
294 69.727519 -2.3267480510055 profile1
295 69.733033 -2.33397817701066 profile1
296 69.768364 -2.19774223034238 profile1
297 69.782339 -2.00418056635698 profile1
298 69.796313 -1.81485622414451 profile1
299 69.810287 -0.0188123474306223 profile1
300 69.829176 0.302639111128571 profile1
301 69.837051 0.263782507524235 profile1
302 69.844926 0.13380647462486 profile1
303 69.869428 -0.0209848989652428 profile1
304 69.876397 -0.162414715079175 profile1
305 69.876657 -0.307551351413835 profile1
306 69.876917 -0.473996479886811 profile1
307 69.924127 -0.479105562191035 profile1
308 69.978753 -0.440758618592646 profile1
309 70.033378 -0.422889416615446 profile1
310 70.042973 -0.407677562089762 profile1
311 70.043703 -0.395349834495375 profile1
312 70.044434 -0.385883344257618 profile1
313 70.087246 -0.375792526495361 profile1
314 70.141872 -0.361411926327361 profile1
315 70.196497 -0.345194901115919 profile1
316 70.400832 -0.344124620731454 profile1
317 70.421006 -0.355652782700289 profile1
318 70.441181 -0.368835195132072 profile1
319 70.60917 -0.383931678335062 profile1
320 70.612702 -0.402142199533633 profile1
321 70.616235 -0.419998756585412 profile1
322 70.661194 -0.416253701042834 profile1
323 70.728481 -0.414245253676327 profile1
324 70.750402 -0.40747847917546 profile1
325 70.772323 -0.397225409782673 profile1
326 70.779053 -0.389680579522553 profile1
327 70.782062 -0.390844600869742 profile1
328 70.785072 -0.396226625076941 profile1
329 71.12066 -0.905849760465215 profile1
330 71.198629 -0.909985287674453 profile1
331 71.276599 -0.91397445076834 profile1
332 71.354568 -1.00355287970072 profile1
333 71.418821 -1.24550396940369 profile1
334 71.422464 -1.56910867395678 profile1
335 71.425934 -1.8918865471072 profile1
336 71.429405 -2.00003924352281 profile1
337 71.432875 -1.99832670279162 profile1
338 71.436346 -1.99770746686405 profile1
339 71.439817 -1.9981787285626 profile1
340 71.443287 -1.99973720137359 profile1
341 71.449172 -1.99888321944332 profile1
342 71.46043 -1.99113297726384 profile1
343 71.475844 -1.98343354094967 profile1
344 71.510771 -1.9767550326692 profile1
345 71.658293 -1.97456428968093 profile1
346 71.675712 -1.9807388622223 profile1
347 71.693132 -1.99133971767557 profile1
348 71.782692 -2.30990148694435 profile1
349 71.793079 -2.86945886766572 profile1
350 71.803404 -3.16489015173256 profile1
351 71.813729 -2.8070922701235 profile1
352 71.824055 -2.80813244475492 profile1
353 71.83438 -2.95043739677079 profile1
354 71.859513 -3.01104969164951 profile1
355 71.937774 -2.75383680611494 profile1
356 71.945079 -2.49047153747033 profile1
357 71.952385 -2.4727997465065 profile1
358 71.98473 -2.50107879514472 profile1
359 72.012709 -2.50751830032414 profile1
360 72.040688 -2.51972973201621 profile1
361 72.210521 -2.58522328230242 profile1
362 72.314268 -2.41670574990984 profile1
363 72.366456 -2.3989366786182 profile1
364 72.411367 -2.39532866488068 profile1
365 72.450663 -2.39804113852911 profile1
366 72.471305 -2.42970379358488 profile1
367 72.491946 -2.44591008982404 profile1
368 72.512588 -2.47871696554415 profile1
369 72.601385 -2.42322738638843 profile1
370 72.621813 -2.39966964807676 profile1
371 72.642242 -2.39849582825048 profile1
372 72.66267 -2.3995080938915 profile1
373 72.771429 -3.39311142673766 profile1
374 72.883243 -3.3839081589879 profile1
375 72.898448 -3.36680642210242 profile1
376 72.913654 -3.35123803642762 profile1
377 72.928859 -3.33705054676106 profile1
378 72.944065 -3.32585309374969 profile1
379 72.95927 -3.28225501860855 profile1
380 72.974476 -3.30977553259629 profile1
381 72.989681 -3.72397420513058 profile1
382 72.996574 -3.56509991094268 profile1
383 72.9996 -3.37078736845155 profile1
384 73.002626 -3.23682915744918 profile1
385 73.005652 -3.18318115848996 profile1
386 73.012925 -3.13618261343578 profile1
387 73.023956 -3.09380474645247 profile1
388 73.034987 -3.05452984892787 profile1
389 73.046018 -3.00715714200736 profile1
390 73.057049 -2.96292317516506 profile1
391 73.06808 -2.92429079748448 profile1
392 73.079353 -2.89315563305296 profile1
393 73.111862 -2.47877145514556 profile1
394 73.146945 -2.35613096976946 profile1
395 73.171837 -2.32108351871862 profile1
396 73.196729 -2.25892238724162 profile1
397 73.629401 -2.24894357559828 profile1
398 74.062073 -2.25212295012392 profile1
399 74.066223 -2.24960221661255 profile1
400 74.070373 -2.24761023803849 profile1
401 74.074523 -2.24614319956904 profile1
402 74.078673 -2.24519651694272 profile1
403 74.082823 -2.21602798783562 profile1
404 74.3761735 -2.19992529498731 profile1
405 74.669524 -2.1743861526606 profile1
406 74.672012 -2.25327839242036 profile1
407 74.674499 -2.37005127634782 profile1
408 74.716248 -2.52525547764716 profile1
409 74.724515 -2.71509179799293 profile1
410 74.732783 -2.74728963571933 profile1
411 75.0995546666667 -3.56684159596326 profile1
412 75.4663263333333 -3.56703868707522 profile1
413 75.833098 -3.46428464135428 profile1
414 75.863363 -3.38146051542649 profile1
415 75.875899 -3.31927259234569 profile1
416 75.888435 -3.30409199577829 profile1
417 75.900971 -3.40000053733014 profile1
418 75.903257 -3.54892830636983 profile1
419 75.904489 -3.61006189476281 profile1
420 75.905721 -3.63105371880827 profile1
421 75.917304 -3.6551892352063 profile1
422 76.287653 -3.71593030119143 profile1
423 76.288899 -3.80904215266256 profile1
424 76.290145 -3.90961317051596 profile1
425 76.397032 -3.97039040595214 profile1
426 76.403847 -3.99044255525552 profile1
427 76.410663 -3.98026265169749 profile1
428 76.607927 -3.89967646989574 profile1
429 76.623625 -3.93323234271079 profile1
430 76.633554 -3.92851304251365 profile1
431 76.643483 -3.92737992024913 profile1
432 76.653411 -3.92965625948701 profile1
433 76.66334 -3.93513669791129 profile1
434 76.700004 -3.98541994239815 profile1
435 67.606765 -1.15834831620836 profile2
436 67.613251 -1.14332753037726 profile2
437 67.619736 -1.12834897117468 profile2
438 67.626222 -1.11341531425197 profile2
439 67.641347 -1.09852513099385 profile2
440 67.654855 -1.08365494836442 profile2
441 67.658769 -1.06832180373161 profile2
442 67.662682 -1.05304655485734 profile2
443 67.666596 -1.03782664005346 profile2
444 67.679986 -1.02265863788237 profile2
445 67.708923 -1.00542575416996 profile2
446 67.715069 -1.00839986714546 profile2
447 67.721215 -1.03238352068739 profile2
448 67.746869 -1.07655973114395 profile2
449 67.778018 -1.06420240024312 profile2
450 67.809168 -1.04985188220068 profile2
451 67.895218 -1.05723832598727 profile2
452 67.900561 -1.08499124600006 profile2
453 67.905905 -1.12341933263662 profile2
454 67.911248 -1.17296445949017 profile2
455 67.920171 -1.23046213075724 profile2
456 67.929072 -1.29159745047585 profile2
457 67.937973 -1.36168957837963 profile2
458 67.946874 -1.43977299302405 profile2
459 67.962131 -1.45142350983307 profile2
460 68.103338 -1.45665181788056 profile2
461 68.122257 -1.46315929456192 profile2
462 68.141177 -1.50521368536855 profile2
463 68.410128 -1.54787611835393 profile2
464 68.415239 -1.55075038291501 profile2
465 68.42035 -1.55145530917218 profile2
466 68.640199 -1.48021496349703 profile2
467 68.652056 -1.36953423586012 profile2
468 68.656091 -1.2752701478441 profile2
469 68.660126 -1.19892292416269 profile2
470 68.664161 -1.14141147458186 profile2
471 68.685197 -1.10661999091196 profile2
472 68.806919 -1.09753561557154 profile2
473 68.816104 -1.09719343440181 profile2
474 68.825289 -1.09686127688168 profile2
475 68.885575 -1.0993645639793 profile2
476 68.886394 -1.10455520770194 profile2
477 68.887213 -1.10995381509219 profile2
478 68.888033 -1.1155379660545 profile2
479 68.888852 -1.12128389478489 profile2
480 68.889671 -1.12716632532253 profile2
481 68.89049 -1.11211608105196 profile2
482 68.89131 -1.10761783501482 profile2
483 68.892129 -1.1159028403558 profile2
484 68.987403 -1.09697942054177 profile2
485 69.064645 -0.860909258200389 profile2
486 69.131341 -1.08219973542058 profile2
487 69.198036 -1.09419541697107 profile2
488 69.214855 -1.10798307317501 profile2
489 69.21825 -1.12562798155462 profile2
490 69.221446 -1.14702064212833 profile2
491 69.224642 -1.17200990516764 profile2
492 69.227838 -1.20036533793212 profile2
493 69.231034 -0.873271538266529 profile2
494 69.23423 -0.801934934533189 profile2
495 69.237426 -0.799549409913512 profile2
496 69.240621 -0.797235946094113 profile2
497 69.244859 -0.79497538967827 profile2
498 69.252696 -0.792780343112164 profile2
499 69.260534 -0.78934545493163 profile2
500 69.416362 -0.64005082722465 profile2
501 69.484146 -0.707112214692005 profile2
502 69.505599 -0.717229996340951 profile2
503 69.508945 -0.739625562632599 profile2
504 69.512291 -0.762139616811759 profile2
505 69.515636 -0.784509379213308 profile2
506 69.542556 -0.804373788145454 profile2
507 69.592546 -1.07011152862302 profile2
508 69.66328 -1.01831771470371 profile2
509 69.721392 -1.01533983527252 profile2
510 69.724456 -1.00746819209062 profile2
511 69.727519 -0.999972273744562 profile2
512 69.733033 -0.992864718143392 profile2
513 69.768364 -0.923877680425716 profile2
514 69.782339 -0.824227548010116 profile2
515 69.796313 -0.728947547805727 profile2
516 69.810287 0.0510746674463689 profile2
517 69.829176 0 profile2
518 69.837051 0.0394757850935951 profile2
519 69.844926 0.111193978640493 profile2
520 69.869428 0.181598461855476 profile2
521 69.876397 0.218904003628724 profile2
522 69.876657 0.255527828074655 profile2
523 69.876917 0.302639111128571 profile2
524 69.924127 0.265227062698794 profile2
525 69.978753 0.205819057964123 profile2
526 70.033378 0.178916684535132 profile2
527 70.042973 0.149613025633686 profile2
528 70.043703 0.118061214635493 profile2
529 70.044434 0.0845853824811306 profile2
530 70.087246 0.0552915564563996 profile2
531 70.141872 0.0347115584867802 profile2
532 70.196497 -0.00151250892256098 profile2
533 70.400832 -0.0259780204895401 profile2
534 70.421006 -0.0519765041351068 profile2
535 70.441181 -0.0792515109792065 profile2
536 70.60917 -0.102750890934514 profile2
537 70.612702 -0.101632663686481 profile2
538 70.616235 -0.11263643565721 profile2
539 70.661194 -0.133844099801114 profile2
540 70.728481 -0.145027364633602 profile2
541 70.750402 -0.142790762093907 profile2
542 70.772323 -0.161509870290112 profile2
543 70.779053 -0.188448464441651 profile2
544 70.782062 -0.208230967293524 profile2
545 70.785072 -0.229149782273007 profile2
546 71.12066 0.00879585686464183 profile2
547 71.198629 0.00994983104184047 profile2
548 71.276599 0.0118644584929966 profile2
549 71.354568 0.182701705340306 profile2
550 71.418821 0.0476318267714692 profile2
551 71.422464 -0.134948681567715 profile2
552 71.425934 -0.356992599417012 profile2
553 71.429405 -0.441207628379148 profile2
554 71.432875 -0.439438775645407 profile2
555 71.436346 -0.439267339348507 profile2
556 71.439817 -0.440671232107738 profile2
557 71.443287 -0.443623778539342 profile2
558 71.449172 -0.448812982357316 profile2
559 71.46043 -0.456556329272279 profile2
560 71.475844 -0.464568915306678 profile2
561 71.510771 -0.473266514473526 profile2
562 71.658293 -0.483822265912798 profile2
563 71.675712 -0.496868661430434 profile2
564 71.693132 -0.510376594262637 profile2
565 71.782692 -0.839160397861891 profile2
566 71.793079 -0.706632115384156 profile2
567 71.803404 -0.507531754641992 profile2
568 71.813729 -0.470366109467277 profile2
569 71.824055 -0.518874003000769 profile2
570 71.83438 -0.627804585934502 profile2
571 71.859513 -0.673864665999648 profile2
572 71.937774 -0.517159328210588 profile2
573 71.945079 -0.65818882972612 profile2
574 71.952385 -0.687697738231124 profile2
575 71.98473 -0.679320716454449 profile2
576 72.012709 -0.68389065366916 profile2
577 72.040688 -0.691492038490435 profile2
578 72.210521 -0.888438558239733 profile2
579 72.314268 -1.9743706339272 profile2
580 72.366456 -1.99275956464326 profile2
581 72.411367 -2.0093286823319 profile2
582 72.450663 -2.02522941672052 profile2
583 72.471305 -2.04399020250946 profile2
584 72.491946 -1.98737316442488 profile2
585 72.512588 -1.89310632674947 profile2
586 72.601385 -1.89107480923006 profile2
587 72.621813 -1.9521747909176 profile2
588 72.642242 -1.9591390695335 profile2
589 72.66267 -1.96830883088515 profile2
590 72.771429 -1.77291831363768 profile2
591 72.883243 -1.76148119633918 profile2
592 72.898448 -1.76194560437889 profile2
593 72.913654 -1.76385606112414 profile2
594 72.928859 -1.76690257028157 profile2
595 72.944065 -1.77112024122773 profile2
596 72.95927 -1.79644736080339 profile2
597 72.974476 -1.97392791311406 profile2
598 72.989681 -2.23413601612002 profile2
599 72.996574 -2.30073164650646 profile2
600 72.9996 -2.31774235496319 profile2
601 73.002626 -2.32723796899551 profile2
602 73.005652 -2.33101993364344 profile2
603 73.012925 -2.34120335894459 profile2
604 73.023956 -2.3557506671033 profile2
605 73.034987 -2.37235832849215 profile2
606 73.046018 -2.40838866907595 profile2
607 73.057049 -2.45224953998965 profile2
608 73.06808 -2.50050398350937 profile2
609 73.079353 -2.55275049673189 profile2
610 73.111862 -3.01044789300929 profile2
611 73.146945 -3.05286048243379 profile2
612 73.171837 -3.10039420680323 profile2
613 73.196729 -3.12032621169694 profile2
614 73.629401 -3.18604410602888 profile2
615 74.062073 -3.14557056744492 profile2
616 74.066223 -3.1573809485925 profile2
617 74.070373 -3.16971106988991 profile2
618 74.074523 -3.18251651713531 profile2
619 74.078673 -3.19575083931825 profile2
620 74.082823 -3.30716659758607 profile2
621 74.3761735 -3.2650119487834 profile2
622 74.669524 -3.31810020290501 profile2
623 74.672012 -3.26814378524541 profile2
624 74.674499 -3.22399437907386 profile2
625 74.716248 -3.18562579285792 profile2
626 74.724515 -3.15366431197724 profile2
627 74.732783 -3.19925189087067 profile2
628 75.0995546666667 -3.2152750091574 profile2
629 75.4663263333333 -3.19762105180341 profile2
630 75.833098 -3.23558368303021 profile2
631 75.863363 -3.22464709907072 profile2
632 75.875899 -3.20962669064623 profile2
633 75.888435 -3.22356600275587 profile2
634 75.900971 -3.29936721627938 profile2
635 75.903257 -3.39189893414487 profile2
636 75.904489 -3.40103812190668 profile2
637 75.905721 -3.37581509789056 profile2
638 75.917304 -3.34681691617796 profile2
639 76.287653 -3.29443600206211 profile2
640 76.288899 -3.23892634003658 profile2
641 76.290145 -3.18640117227166 profile2
642 76.397032 -3.13125079421137 profile2
643 76.403847 -3.07614736999654 profile2
644 76.410663 -3.02667512877372 profile2
645 76.607927 -2.93451509036634 profile2
646 76.623625 -2.85915362011453 profile2
647 76.633554 -2.83316956372053 profile2
648 76.643483 -2.80913641733155 profile2
649 76.653411 -2.7873626465717 profile2
650 76.66334 -2.76799905372359 profile2
651 76.700004 -2.64691502180431 profile2
