marker_position lod trace
1 67.606765 -6.37685949950565 pleio
2 67.613251 -6.38003570854778 pleio
3 67.619736 -6.38327416677373 pleio
4 67.626222 -6.38657463307767 pleio
5 67.641347 -6.38993815817415 pleio
6 67.654855 -6.39337647060703 pleio
7 67.658769 -6.39712216481737 pleio
8 67.662682 -6.40092310458079 pleio
9 67.666596 -6.40477950369361 pleio
10 67.679986 -6.40869091670909 pleio
11 67.708923 -6.32361519134129 pleio
12 67.715069 -6.23227688094385 pleio
13 67.721215 -6.14279364251624 pleio
14 67.746869 -6.06037401359316 pleio
15 67.778018 -6.06121608966101 pleio
16 67.809168 -6.06484227447645 pleio
17 67.895218 -6.02001599900326 pleio
18 67.900561 -5.95376892437052 pleio
19 67.905905 -5.89485925713482 pleio
20 67.911248 -5.84444427491197 pleio
21 67.920171 -5.81565121118545 pleio
22 67.929072 -5.81934321927956 pleio
23 67.937973 -5.83063746354255 pleio
24 67.946874 -5.84927012067364 pleio
25 67.962131 -5.84972032382264 pleio
26 68.103338 -5.85579572644791 pleio
27 68.122257 -5.86450576706075 pleio
28 68.141177 -6.09261332764836 pleio
29 68.410128 -6.30307956642508 pleio
30 68.415239 -6.18316199322051 pleio
31 68.42035 -6.05824545141802 pleio
32 68.640199 -5.885226744901 pleio
33 68.652056 -5.67514777330394 pleio
34 68.656091 -5.46434398253951 pleio
35 68.660126 -5.25449956765328 pleio
36 68.664161 -5.04744270560776 pleio
37 68.685197 -4.83728989260632 pleio
38 68.806919 -4.7475381464903 pleio
39 68.816104 -4.74934464470063 pleio
40 68.825289 -4.75120654186948 pleio
41 68.885575 -4.74543305979927 pleio
42 68.886394 -4.73300897947421 pleio
43 68.887213 -4.72074275648346 pleio
44 68.888033 -4.70866572599527 pleio
45 68.888852 -4.69680860114155 pleio
46 68.889671 -4.68520091713414 pleio
47 68.89049 -4.61569564511765 pleio
48 68.89131 -4.5495452620409 pleio
49 68.892129 -4.49156963459375 pleio
50 68.987403 -4.32490437680416 pleio
51 69.064645 -4.00004286982165 pleio
52 69.131341 -2.63749729502392 pleio
53 69.198036 -2.60505910431147 pleio
54 69.214855 -2.52974167864455 pleio
55 69.21825 -2.45624278633558 pleio
56 69.221446 -2.38621700842332 pleio
57 69.224642 -2.32127383299346 pleio
58 69.227838 -2.26281940543637 pleio
59 69.231034 -1.31033088269278 pleio
60 69.23423 -1.1278457628272 pleio
61 69.237426 -1.12941627534076 pleio
62 69.240621 -1.13144785811682 pleio
63 69.244859 -1.13388782301046 pleio
64 69.252696 -1.1375603505222 pleio
65 69.260534 -1.14522383327429 pleio
66 69.416362 -1.11145511650522 pleio
67 69.484146 -1.14855593839448 pleio
68 69.505599 -1.14190792041198 pleio
69 69.508945 -1.12552325699722 pleio
70 69.512291 -1.10786816661478 pleio
71 69.515636 -1.08911736117588 pleio
72 69.542556 -0.968292498830828 pleio
73 69.592546 -2.22152459095098 pleio
74 69.66328 -2.33957414483867 pleio
75 69.721392 -2.35595231454186 pleio
76 69.724456 -2.3728260862078 pleio
77 69.727519 -2.39038711417311 pleio
78 69.733033 -2.40860898012318 pleio
79 69.768364 -2.24107502328295 pleio
80 69.782339 -2.0008174656532 pleio
81 69.796313 -1.80377519446497 pleio
82 69.810287 -0.45537390655419 pleio
83 69.829176 -0.405695571898019 pleio
84 69.837051 -0.481366320259386 pleio
85 69.844926 -0.573380964094903 pleio
86 69.869428 -0.673116704176761 pleio
87 69.876397 -0.780190262725496 pleio
88 69.876657 -0.887390578582168 pleio
89 69.876917 -0.995339312255643 pleio
90 69.924127 -1.09684873526082 pleio
91 69.978753 -1.19917725180489 pleio
92 70.033378 -1.22274636003002 pleio
93 70.042973 -1.2483678603811 pleio
94 70.043703 -1.27566543070696 pleio
95 70.044434 -1.30447172821477 pleio
96 70.087246 -1.33165826634716 pleio
97 70.141872 -1.35469593387206 pleio
98 70.196497 -1.32768072980643 pleio
99 70.400832 -1.3325643461994 pleio
100 70.421006 -1.31497695774165 pleio
101 70.441181 -1.29805988563829 pleio
102 70.60917 -1.29049964412659 pleio
103 70.612702 -1.31534326761554 pleio
104 70.616235 -1.36406501280905 pleio
105 70.661194 -1.35864409912527 pleio
106 70.728481 -1.40769810620495 pleio
107 70.750402 -1.50643299381988 pleio
108 70.772323 -1.62579736294766 pleio
109 70.779053 -1.7515958632112 pleio
110 70.782062 -1.86776083694568 pleio
111 70.785072 -1.98888063933549 pleio
112 71.12066 -1.47733295727624 pleio
113 71.198629 -1.48101078637341 pleio
114 71.276599 -1.48503229009527 pleio
115 71.354568 -1.52381970793552 pleio
116 71.418821 -1.50505366940994 pleio
117 71.422464 -1.30871607148877 pleio
118 71.425934 -1.09694056071787 pleio
119 71.429405 -1.02826305835769 pleio
120 71.432875 -1.02721692002852 pleio
121 71.436346 -1.02743416427924 pleio
122 71.439817 -1.02893056637403 pleio
123 71.443287 -1.03171942466008 pleio
124 71.449172 -1.03454449703539 pleio
125 71.46043 -1.03586912443762 pleio
126 71.475844 -1.03778239419317 pleio
127 71.510771 -1.04114725160463 pleio
128 71.658293 -1.04075176905072 pleio
129 71.675712 -1.03255311483239 pleio
130 71.693132 -1.02249744899011 pleio
131 71.782692 -0.3495139090122 pleio
132 71.793079 -0.625997669426626 pleio
133 71.803404 -0.952570018166929 pleio
134 71.813729 -0.483129744127978 pleio
135 71.824055 -0.167593931253017 pleio
136 71.83438 -0.209134105198853 pleio
137 71.859513 -0.224495089213243 pleio
138 71.937774 -0.317620981837478 pleio
139 71.945079 -0.363182160318959 pleio
140 71.952385 -0.382677282427175 pleio
141 71.98473 -0.402529859595751 pleio
142 72.012709 -0.428381816075739 pleio
143 72.040688 -0.436034587555131 pleio
144 72.210521 -0.758666412038609 pleio
145 72.314268 -0.971438738757214 pleio
146 72.366456 -0.863103519414652 pleio
147 72.411367 -0.842005536043404 pleio
148 72.450663 -0.827550752198951 pleio
149 72.471305 -0.852014797210547 pleio
150 72.491946 -0.795126768919787 pleio
151 72.512588 -0.708897935460504 pleio
152 72.601385 -0.541271388015674 pleio
153 72.621813 -0.46388114258227 pleio
154 72.642242 -0.462933935819848 pleio
155 72.66267 -0.465496858558759 pleio
156 72.771429 -0.163540655602598 pleio
157 72.883243 -0.163342011136328 pleio
158 72.898448 -0.188564700925103 pleio
159 72.913654 -0.215439280742156 pleio
160 72.928859 -0.242068987840018 pleio
161 72.944065 -0.271371095419764 pleio
162 72.95927 -0.181167987738148 pleio
163 72.974476 0 pleio
164 72.989681 -1.87920874775803 pleio
165 72.996574 -1.75683166283043 pleio
166 72.9996 -1.61214776914977 pleio
167 73.002626 -1.54620300411994 pleio
168 73.005652 -1.54522896669814 pleio
169 73.012925 -1.56909387276137 pleio
170 73.023956 -1.60727326535766 pleio
171 73.034987 -1.64973338920572 pleio
172 73.046018 -1.70561573708237 pleio
173 73.057049 -1.77049244752196 pleio
174 73.06808 -1.84230361846188 pleio
175 73.079353 -1.91896799720717 pleio
176 73.111862 -2.08590136584341 pleio
177 73.146945 -2.37144173823084 pleio
178 73.171837 -2.73373319489806 pleio
179 73.196729 -3.17701970944838 pleio
180 73.629401 -3.28167122520054 pleio
181 74.062073 -3.23544432337924 pleio
182 74.066223 -3.23412949404946 pleio
183 74.070373 -3.23347030427135 pleio
184 74.074523 -3.23349284158804 pleio
185 74.078673 -3.23421741646522 pleio
186 74.082823 -3.33092713408295 pleio
187 74.3761735 -3.30896885604318 pleio
188 74.669524 -3.41135488915833 pleio
189 74.672012 -3.50195838676602 pleio
190 74.674499 -3.60213237035281 pleio
191 74.716248 -3.70502195001093 pleio
192 74.724515 -3.80470240055908 pleio
193 74.732783 -3.88188728663065 pleio
194 75.0995546666667 -4.64665894857033 pleio
195 75.4663263333333 -4.64852879236812 pleio
196 75.833098 -4.64921502092728 pleio
197 75.863363 -4.63971132301293 pleio
198 75.875899 -4.62030007865408 pleio
199 75.888435 -4.6221245879624 pleio
200 75.900971 -4.67504079516758 pleio
201 75.903257 -4.73652985164346 pleio
202 75.904489 -4.80606928962308 pleio
203 75.905721 -4.87831912329868 pleio
204 75.917304 -4.94759281445035 pleio
205 76.287653 -4.93689176941285 pleio
206 76.288899 -4.92237732658161 pleio
207 76.290145 -4.91292901223925 pleio
208 76.397032 -4.92289425295786 pleio
209 76.403847 -4.96545672622466 pleio
210 76.410663 -5.01099344950127 pleio
211 76.607927 -4.66477383637772 pleio
212 76.623625 -4.49198639103463 pleio
213 76.633554 -4.49495754273021 pleio
214 76.643483 -4.50141848384242 pleio
215 76.653411 -4.5126145180233 pleio
216 76.66334 -4.52938116838977 pleio
217 76.700004 -4.61422319929818 pleio
218 67.606765 -3.26983787506362 profile1
219 67.613251 -3.26724991711295 profile1
220 67.619736 -3.26469538708337 profile1
221 67.626222 -3.26217508171552 profile1
222 67.641347 -3.2596890103658 profile1
223 67.654855 -3.25723363621192 profile1
224 67.658769 -3.25475667204964 profile1
225 67.662682 -3.25235280853316 profile1
226 67.666596 -3.2500008919804 profile1
227 67.679986 -3.2476846131686 profile1
228 67.708923 -3.26344902732644 profile1
229 67.715069 -3.28086563121426 profile1
230 67.721215 -3.29830507717884 profile1
231 67.746869 -3.30383844103687 profile1
232 67.778018 -3.30178637782309 profile1
233 67.809168 -3.29970461630877 profile1
234 67.895218 -3.30532629708491 profile1
235 67.900561 -3.31595694270255 profile1
236 67.905905 -3.32781805708653 profile1
237 67.911248 -3.3412752965269 profile1
238 67.920171 -3.35979640603302 profile1
239 67.929072 -3.3848716354614 profile1
240 67.937973 -3.40903641043193 profile1
241 67.946874 -3.43176604391145 profile1
242 67.962131 -3.44193723249187 profile1
243 68.103338 -3.44429850111756 profile1
244 68.122257 -3.44174978466845 profile1
245 68.141177 -3.48519386491408 profile1
246 68.410128 -3.5538080767535 profile1
247 68.415239 -3.50641818942273 profile1
248 68.42035 -3.45236013859187 profile1
249 68.640199 -3.38280632499846 profile1
250 68.652056 -3.31016413136924 profile1
251 68.656091 -3.2394672367094 profile1
252 68.660126 -3.1715532447884 profile1
253 68.664161 -3.10723822940421 profile1
254 68.685197 -3.05554757437942 profile1
255 68.806919 -3.03363408770606 profile1
256 68.816104 -3.03303339788322 profile1
257 68.825289 -3.03245867703539 profile1
258 68.885575 -3.03564955790959 profile1
259 68.886394 -3.04231582293134 profile1
260 68.887213 -3.0490604459063 profile1
261 68.888033 -3.05585713021661 profile1
262 68.888852 -3.06268021472233 profile1
263 68.889671 -3.06950346085389 profile1
264 68.89049 -3.11285353875072 profile1
265 68.89131 -3.16291400316538 profile1
266 68.892129 -3.21613376933937 profile1
267 68.987403 -3.33835243511737 profile1
268 69.064645 -2.90047184619508 profile1
269 69.131341 -1.89463481981 profile1
270 69.198036 -1.94449140314852 profile1
271 69.214855 -2.01242853748365 profile1
272 69.21825 -2.07938723565126 profile1
273 69.221446 -2.14423589220409 profile1
274 69.224642 -2.20576286435577 profile1
275 69.227838 -2.26281940543637 profile1
276 69.231034 -1.31033088269278 profile1
277 69.23423 -1.00783765235604 profile1
278 69.237426 -1.00233710842101 profile1
279 69.240621 -0.996850708974092 profile1
280 69.244859 -0.991400601674911 profile1
281 69.252696 -0.986795465159724 profile1
282 69.260534 -0.981367375159917 profile1
283 69.416362 -0.980765921712412 profile1
284 69.484146 -1.02253434503462 profile1
285 69.505599 -1.0317310589086 profile1
286 69.508945 -1.04997529360808 profile1
287 69.512291 -1.06467093887336 profile1
288 69.515636 -1.07563793914019 profile1
289 69.542556 -0.968292498830828 profile1
290 69.592546 -1.56298211514717 profile1
291 69.66328 -1.62444505477594 profile1
292 69.721392 -1.6481143987283 profile1
293 69.724456 -1.65522007702354 profile1
294 69.727519 -1.66211709267137 profile1
295 69.733033 -1.66878581328319 profile1
296 69.768364 -1.51240640712259 profile1
297 69.782339 -1.27667163312646 profile1
298 69.796313 -1.10914794209496 profile1
299 69.810287 -0.419105127958198 profile1
300 69.829176 -0.405695571898019 profile1
301 69.837051 -0.428822778923599 profile1
302 69.844926 -0.436104475305964 profile1
303 69.869428 -0.442793782594773 profile1
304 69.876397 -0.455117897803338 profile1
305 69.876657 -0.465661503120604 profile1
306 69.876917 -0.474344646449426 profile1
307 69.924127 -0.596124963161166 profile1
308 69.978753 -0.735003849806124 profile1
309 70.033378 -0.728613432520406 profile1
310 70.042973 -0.721687076919249 profile1
311 70.043703 -0.714112563638368 profile1
312 70.044434 -0.705918185631337 profile1
313 70.087246 -0.697224195796705 profile1
314 70.141872 -0.688341520725251 profile1
315 70.196497 -0.670647097674245 profile1
316 70.400832 -0.660019050185056 profile1
317 70.421006 -0.64780403788794 profile1
318 70.441181 -0.634548451381842 profile1
319 70.60917 -0.621125935806689 profile1
320 70.612702 -0.60578613001744 profile1
321 70.616235 -0.577741049870013 profile1
322 70.661194 -0.561559641053802 profile1
323 70.728481 -0.548717984465276 profile1
324 70.750402 -0.532405450486171 profile1
325 70.772323 -0.519037827452274 profile1
326 70.779053 -0.501685704036804 profile1
327 70.782062 -0.473571325593802 profile1
328 70.785072 -0.44796499889651 profile1
329 71.12066 0.0611271935097166 profile1
330 71.198629 0.0605996284156155 profile1
331 71.276599 0.0599681044546635 profile1
332 71.354568 0.02810206120135 profile1
333 71.418821 0.103122559149873 profile1
334 71.422464 0.440749522116452 profile1
335 71.425934 0.794220063926118 profile1
336 71.429405 0.911512111680333 profile1
337 71.432875 0.919817942251728 profile1
338 71.436346 0.927485035614068 profile1
339 71.439817 0.934517252946479 profile1
340 71.443287 0.940919377285299 profile1
341 71.449172 0.948543146961934 profile1
342 71.46043 0.959775490022848 profile1
343 71.475844 0.970578692513131 profile1
344 71.510771 0.98089088859649 profile1
345 71.658293 0.994769378989135 profile1
346 71.675712 1.01543651985794 profile1
347 71.693132 1.03731979259682 profile1
348 71.782692 1.31164171535378 profile1
349 71.793079 1.11310771900981 profile1
350 71.803404 1.00993627563082 profile1
351 71.813729 1.41224406485412 profile1
352 71.824055 1.91031043022524 profile1
353 71.83438 1.9829515934776 profile1
354 71.859513 1.99913175410843 profile1
355 71.937774 2.08651939386159 profile1
356 71.945079 2.12278731105 profile1
357 71.952385 2.13120666216204 profile1
358 71.98473 2.1375062276709 profile1
359 72.012709 2.13071640265507 profile1
360 72.040688 2.12130328823322 profile1
361 72.210521 1.90449687707698 profile1
362 72.314268 1.4840831790646 profile1
363 72.366456 1.46552850857924 profile1
364 72.411367 1.47140236934298 profile1
365 72.450663 1.47050139698592 profile1
366 72.471305 1.42614257555508 profile1
367 72.491946 1.41572459388398 profile1
368 72.512588 1.40885737313307 profile1
369 72.601385 1.42902957942009 profile1
370 72.621813 1.51005433258503 profile1
371 72.642242 1.52778657095063 profile1
372 72.66267 1.54237948728972 profile1
373 72.771429 1.44760260081331 profile1
374 72.883243 1.45980571874759 profile1
375 72.898448 1.47282679789495 profile1
376 72.913654 1.48460971513123 profile1
377 72.928859 1.49673827599672 profile1
378 72.944065 1.50719315186729 profile1
379 72.95927 1.68596742708455 profile1
380 72.974476 2.09061881799833 profile1
381 72.989681 0.736530590282842 profile1
382 72.996574 0.824514593118539 profile1
383 72.9996 1.00760247912317 profile1
384 73.002626 1.11256604322503 profile1
385 73.005652 1.17108348284536 profile1
386 73.012925 1.2261726095193 profile1
387 73.023956 1.27804908986829 profile1
388 73.034987 1.32641592181544 profile1
389 73.046018 1.35771472303038 profile1
390 73.057049 1.38004578571673 profile1
391 73.06808 1.39552688737996 profile1
392 73.079353 1.42013197518435 profile1
393 73.111862 1.78067931279037 profile1
394 73.146945 1.67562901990862 profile1
395 73.171837 1.43774789478551 profile1
396 73.196729 1.06541077240092 profile1
397 73.629401 1.04209760195136 profile1
398 74.062073 1.02298398200203 profile1
399 74.066223 1.01911984084143 profile1
400 74.070373 1.01453871009376 profile1
401 74.074523 1.00923128903061 profile1
402 74.078673 1.00318939322396 profile1
403 74.082823 1.02757555348374 profile1
404 74.3761735 0.997217613771206 profile1
405 74.669524 0.994145915886319 profile1
406 74.672012 0.972084595235538 profile1
407 74.674499 0.93479653944268 profile1
408 74.716248 0.885943186859492 profile1
409 74.724515 0.829590559811155 profile1
410 74.732783 0.801931372701306 profile1
411 75.0995546666667 0.415030090187978 profile1
412 75.4663263333333 0.407675452018226 profile1
413 75.833098 0.41772523586442 profile1
414 75.863363 0.441433080386265 profile1
415 75.875899 0.484226397357698 profile1
416 75.888435 0.480231837962257 profile1
417 75.900971 0.372166854443115 profile1
418 75.903257 0.252434422305251 profile1
419 75.904489 0.173114955269384 profile1
420 75.905721 0.113491684304591 profile1
421 75.917304 0.0580778509573644 profile1
422 76.287653 0.0537122432547957 profile1
423 76.288899 0.065155792744503 profile1
424 76.290145 0.0741658646872981 profile1
425 76.397032 0.0269150127199012 profile1
426 76.403847 -0.0651654383505883 profile1
427 76.410663 -0.143580798986334 profile1
428 76.607927 0.0830622109844026 profile1
429 76.623625 0.213336803449734 profile1
430 76.633554 0.201958817576294 profile1
431 76.643483 0.197229457273 profile1
432 76.653411 0.198986386275571 profile1
433 76.66334 0.206853093011343 profile1
434 76.700004 0.163123821542572 profile1
435 67.606765 -2.48857262901304 profile2
436 67.613251 -2.4930724167673 profile2
437 67.619736 -2.49761304899869 profile2
438 67.626222 -2.50219372227667 profile2
439 67.641347 -2.50681560989381 profile2
440 67.654855 -2.51149516223192 profile2
441 67.658769 -2.51654102707472 profile2
442 67.662682 -2.52156269459844 profile2
443 67.666596 -2.52659174488349 profile2
444 67.679986 -2.53165272006579 profile2
445 67.708923 -2.45116248946838 profile2
446 67.715069 -2.36431381955198 profile2
447 67.721215 -2.27876260895903 profile2
448 67.746869 -2.21009861507999 profile2
449 67.778018 -2.21246464631652 profile2
450 67.809168 -2.21693308618895 profile2
451 67.895218 -2.15255557918898 profile2
452 67.900561 -2.05654411054861 profile2
453 67.905905 -1.96902087193213 profile2
454 67.911248 -1.89112715417257 profile2
455 67.920171 -1.83077043533046 profile2
456 67.929072 -1.79417381118864 profile2
457 67.937973 -1.76733627505373 profile2
458 67.946874 -1.75054090219002 profile2
459 67.962131 -1.73297648251972 profile2
460 68.103338 -1.73257947111313 profile2
461 68.122257 -1.74077055646314 profile2
462 68.141177 -1.93061117076018 profile2
463 68.410128 -2.07032984321326 profile2
464 68.415239 -1.97140463880328 profile2
465 68.42035 -1.87416906115562 profile2
466 68.640199 -1.7415143973977 profile2
467 68.652056 -1.57693629962219 profile2
468 68.656091 -1.41382356455913 profile2
469 68.660126 -1.25353029860907 profile2
470 68.664161 -1.09750149620126 profile2
471 68.685197 -0.932234023862193 profile2
472 68.806919 -0.85749416013251 profile2
473 68.816104 -0.858815138733145 profile2
474 68.825289 -0.860172024517593 profile2
475 68.885575 -0.854346942288781 profile2
476 68.886394 -0.842126324439408 profile2
477 68.887213 -0.829941017039148 profile2
478 68.888033 -0.817822858628025 profile2
479 68.888852 -0.805803134340965 profile2
480 68.889671 -0.793913000879261 profile2
481 68.89049 -0.693003421522137 profile2
482 68.89131 -0.590993047576238 profile2
483 68.892129 -0.49610077330023 profile2
484 68.987403 -0.265144842068071 profile2
485 69.064645 -0.161743711610744 profile2
486 69.131341 0.416398890244262 profile2
487 69.198036 0.496585548565003 profile2
488 69.214855 0.639479212999578 profile2
489 69.21825 0.781393980636236 profile2
490 69.221446 0.919182419800949 profile2
491 69.224642 1.05005002377649 profile2
492 69.227838 1.17140994638503 profile2
493 69.231034 1.27318243228713 profile2
494 69.23423 1.16532840876275 profile2
495 69.237426 1.15966918920926 profile2
496 69.240621 1.15350376799678 profile2
497 69.244859 1.14690685514107 profile2
498 69.252696 1.1398941623172 profile2
499 69.260534 1.12856807905169 profile2
500 69.416362 1.17052645289269 profile2
501 69.484146 1.16655868540139 profile2
502 69.505599 1.17816713610661 profile2
503 69.508945 1.20312486748706 profile2
504 69.512291 1.22716253696243 profile2
505 69.515636 1.25004419408562 profile2
506 69.542556 1.27266306208194 profile2
507 69.592546 0.895625473023284 profile2
508 69.66328 0.831679372264694 profile2
509 69.721392 0.840102068412736 profile2
510 69.724456 0.830290660832204 profile2
511 69.727519 0.819362141742058 profile2
512 69.733033 0.8073263811782 profile2
513 69.768364 0.882735234444098 profile2
514 69.782339 0.973012498592642 profile2
515 69.796313 1.06086267852578 profile2
516 69.810287 2.08392585316011 profile2
517 69.829176 2.1375062276709 profile2
518 69.837051 2.08014162808535 profile2
519 69.844926 1.98900735099164 profile2
520 69.869428 1.88895683906419 profile2
521 69.876397 1.78645003790956 profile2
522 69.876657 1.68198601282469 profile2
523 69.876917 1.57542751481655 profile2
524 69.924127 1.60483210508155 profile2
525 69.978753 1.65742496755517 profile2
526 70.033378 1.62994842275992 profile2
527 70.042973 1.59973058549765 profile2
528 70.043703 1.5671127938687 profile2
529 70.044434 1.53229678684507 profile2
530 70.087246 1.49846049913577 profile2
531 70.141872 1.46821489027615 profile2
532 70.196497 1.47525129578787 profile2
533 70.400832 1.46262896094374 profile2
534 70.421006 1.47265858957166 profile2
535 70.441181 1.48071695150996 profile2
536 70.60917 1.47873106784558 profile2
537 70.612702 1.44183751775491 profile2
538 70.616235 1.36980291671418 profile2
539 70.661194 1.35792590064866 profile2
540 70.728481 1.29806051326549 profile2
541 70.750402 1.18476000160086 profile2
542 70.772323 1.05180794981741 profile2
543 70.779053 0.907699108874281 profile2
544 70.782062 0.762454883577044 profile2
545 70.785072 0.612802802930497 profile2
546 71.12066 0.615444238828472 profile2
547 71.198629 0.611492621715342 profile2
548 71.276599 0.607217956081043 profile2
549 71.354568 0.601174647102349 profile2
550 71.418821 0.540082048115999 profile2
551 71.422464 0.415069553201526 profile2
552 71.425934 0.277930499990103 profile2
553 71.429405 0.227398160662934 profile2
554 71.432875 0.223130958435564 profile2
555 71.436346 0.217571287655866 profile2
556 71.439817 0.210681157902283 profile2
557 71.443287 0.202426547036142 profile2
558 71.449172 0.191483626640087 profile2
559 71.46043 0.176185422529289 profile2
560 71.475844 0.160192817284565 profile2
561 71.510771 0.142617433522591 profile2
562 71.658293 0.123240384219698 profile2
563 71.675712 0.101989657395398 profile2
564 71.693132 0.0809379669825621 profile2
565 71.782692 0.433682706677733 profile2
566 71.793079 0.346046604066452 profile2
567 71.803404 0.105697399268488 profile2
568 71.813729 0.293657180125991 profile2
569 71.824055 0.164602720996354 profile2
570 71.83438 -0.0259630160009913 profile2
571 71.859513 -0.0698991882399241 profile2
572 71.937774 -0.247302188767295 profile2
573 71.945079 -0.337013708930813 profile2
574 71.952385 -0.372570522629421 profile2
575 71.98473 -0.402529859595751 profile2
576 72.012709 -0.420119135661812 profile2
577 72.040688 -0.418570291083879 profile2
578 72.210521 -0.48370141034934 profile2
579 72.314268 -0.310639945587996 profile2
580 72.366456 -0.175418646567847 profile2
581 72.411367 -0.15947571373862 profile2
582 72.450663 -0.142418520136873 profile2
583 72.471305 -0.115672885820371 profile2
584 72.491946 -0.0392678298403774 profile2
585 72.512588 0.0569009405212127 profile2
586 72.601385 0.208438119264986 profile2
587 72.621813 0.197384266740122 profile2
588 72.642242 0.180312497582189 profile2
589 72.66267 0.161847306705699 profile2
590 72.771429 0.549668937274183 profile2
591 72.883243 0.536418371721123 profile2
592 72.898448 0.495375797303308 profile2
593 72.913654 0.45237916831157 profile2
594 72.928859 0.407403105848901 profile2
595 72.944065 0.360154415845597 profile2
596 72.95927 0.268252497767141 profile2
597 72.974476 0 profile2
598 72.989681 -1.0206915194265 profile2
599 72.996574 -1.02649893260237 profile2
600 72.9996 -1.04206787813707 profile2
601 73.002626 -1.07255892486463 profile2
602 73.005652 -1.13386538485159 profile2
603 73.012925 -1.21972002124934 profile2
604 73.023956 -1.3187217201394 profile2
605 73.034987 -1.41953067522741 profile2
606 73.046018 -1.51958118762787 profile2
607 73.057049 -1.62158595293976 profile2
608 73.06808 -1.72502749456845 profile2
609 73.079353 -1.84085231945267 profile2
610 73.111862 -2.08590136584341 profile2
611 73.146945 -2.31100264861808 profile2
612 73.171837 -2.48452357655061 profile2
613 73.196729 -2.58805937251021 profile2
614 73.629401 -2.67699166732282 profile2
615 74.062073 -2.60629414275803 profile2
616 74.066223 -2.59742514049948 profile2
617 74.070373 -2.5888827855621 profile2
618 74.074523 -2.58069307473496 profile2
619 74.078673 -2.57287442951963 profile2
620 74.082823 -2.69324862056114 profile2
621 74.3761735 -2.63885230265415 profile2
622 74.669524 -2.73608104957744 profile2
623 74.672012 -2.79771255678386 profile2
624 74.674499 -2.85310850042028 profile2
625 74.716248 -2.89998418221838 profile2
626 74.724515 -2.93795988170425 profile2
627 74.732783 -2.97138267918659 profile2
628 75.0995546666667 -3.37506857222449 profile2
629 75.4663263333333 -3.37343885776492 profile2
630 75.833098 -3.37864684508565 profile2
631 75.863363 -3.39160226167948 profile2
632 75.875899 -3.41231421031076 profile2
633 75.888435 -3.41188065577915 profile2
634 75.900971 -3.36984568303417 profile2
635 75.903257 -3.32997429708296 profile2
636 75.904489 -3.32609445469128 profile2
637 75.905721 -3.34086532884642 profile2
638 75.917304 -3.35921510974121 profile2
639 76.287653 -3.34931747670254 profile2
640 76.288899 -3.34966032100662 profile2
641 76.290145 -3.35322411321168 profile2
642 76.397032 -3.32205891189545 profile2
643 76.403847 -3.27502756930977 profile2
644 76.410663 -3.24105374565825 profile2
645 76.607927 -3.16286866409256 profile2
646 76.623625 -3.11773481329155 profile2
647 76.633554 -3.10861124061393 profile2
648 76.643483 -3.10781103661477 profile2
649 76.653411 -3.11635301145099 profile2
650 76.66334 -3.13483810424188 profile2
651 76.700004 -3.19222424489585 profile2
