marker_position lod trace
1 67.606765 -6.96383094485775 pleio
2 67.613251 -6.95392179652802 pleio
3 67.619736 -6.94408728207398 pleio
4 67.626222 -6.93432851508847 pleio
5 67.641347 -6.92464554522471 pleio
6 67.654855 -6.9150372199595 pleio
7 67.658769 -6.90546328710676 pleio
8 67.662682 -6.89605796025893 pleio
9 67.666596 -6.88677370932449 pleio
10 67.679986 -6.87757001393669 pleio
11 67.708923 -6.76642454464185 pleio
12 67.715069 -6.65872993433134 pleio
13 67.721215 -6.56642390873659 pleio
14 67.746869 -6.48587094904434 pleio
15 67.778018 -6.47492054678996 pleio
16 67.809168 -6.46809124940567 pleio
17 67.895218 -6.43228419780312 pleio
18 67.900561 -6.38446179325118 pleio
19 67.905905 -6.34783576197298 pleio
20 67.911248 -6.32393695432558 pleio
21 67.920171 -6.31373140860688 pleio
22 67.929072 -6.31888543518928 pleio
23 67.937973 -6.34076994570401 pleio
24 67.946874 -6.37927625792754 pleio
25 67.962131 -6.38581520091169 pleio
26 68.103338 -6.40138581429483 pleio
27 68.122257 -6.42438348896867 pleio
28 68.141177 -6.47334361878274 pleio
29 68.410128 -6.47465804814076 pleio
30 68.415239 -6.43192584686636 pleio
31 68.42035 -6.3810192284499 pleio
32 68.640199 -6.29306104602529 pleio
33 68.652056 -6.19668588274767 pleio
34 68.656091 -6.11823000056264 pleio
35 68.660126 -6.05752596476487 pleio
36 68.664161 -6.01358821809909 pleio
37 68.685197 -5.98754126581672 pleio
38 68.806919 -5.98187212734394 pleio
39 68.816104 -5.97689477038936 pleio
40 68.825289 -5.97193350214739 pleio
41 68.885575 -5.95132854357342 pleio
42 68.886394 -5.91783221709226 pleio
43 68.887213 -5.88570156490378 pleio
44 68.888033 -5.85504340802285 pleio
45 68.888852 -5.82595532706527 pleio
46 68.889671 -5.79852413955654 pleio
47 68.89049 -5.75079204463215 pleio
48 68.89131 -5.70765252240985 pleio
49 68.892129 -5.67135756559199 pleio
50 68.987403 -5.58933473960292 pleio
51 69.064645 -5.34141048239846 pleio
52 69.131341 -5.71900484342303 pleio
53 69.198036 -5.74239510823019 pleio
54 69.214855 -5.76776429995554 pleio
55 69.21825 -5.79720638795448 pleio
56 69.221446 -5.83070544314675 pleio
57 69.224642 -5.86813913296952 pleio
58 69.227838 -5.90929810107197 pleio
59 69.231034 -4.48963491804782 pleio
60 69.23423 -4.1420110091577 pleio
61 69.237426 -4.13998740514279 pleio
62 69.240621 -4.13801102795496 pleio
63 69.244859 -4.13609408250606 pleio
64 69.252696 -4.13477851014593 pleio
65 69.260534 -4.13385379201637 pleio
66 69.416362 -3.76217893158057 pleio
67 69.484146 -3.65814843761353 pleio
68 69.505599 -3.68208605631534 pleio
69 69.508945 -3.73878337106877 pleio
70 69.512291 -3.79758180593658 pleio
71 69.515636 -3.8577423500926 pleio
72 69.542556 -3.90486664167033 pleio
73 69.592546 -4.26295970649105 pleio
74 69.66328 -4.35498770668825 pleio
75 69.721392 -4.36208322007092 pleio
76 69.724456 -4.35768842265834 pleio
77 69.727519 -4.35364287825337 pleio
78 69.733033 -4.34995974594914 pleio
79 69.768364 -4.18353566032871 pleio
80 69.782339 -3.94167707844652 pleio
81 69.796313 -3.62945593032072 pleio
82 69.810287 -1.86759294559451 pleio
83 69.829176 -1.9837089502552 pleio
84 69.837051 -1.94635782556667 pleio
85 69.844926 -1.91237433344461 pleio
86 69.869428 -1.89380326763546 pleio
87 69.876397 -1.91128377246224 pleio
88 69.876657 -1.95082079267587 pleio
89 69.876917 -2.00177131168723 pleio
90 69.924127 -2.00328928615654 pleio
91 69.978753 -1.89825781349198 pleio
92 70.033378 -1.76852718756627 pleio
93 70.042973 -1.63512201147979 pleio
94 70.043703 -1.49906026297476 pleio
95 70.044434 -1.3612758489776 pleio
96 70.087246 -1.23495800253398 pleio
97 70.141872 -1.13258644595633 pleio
98 70.196497 -0.94939240151 pleio
99 70.400832 -0.899653354645673 pleio
100 70.421006 -0.905218421032684 pleio
101 70.441181 -0.908720255817045 pleio
102 70.60917 -0.902525082055553 pleio
103 70.612702 -0.870173734331044 pleio
104 70.616235 -0.814598851914876 pleio
105 70.661194 -0.80139884233259 pleio
106 70.728481 -0.737878713803235 pleio
107 70.750402 -0.638410555026057 pleio
108 70.772323 -0.529079073884547 pleio
109 70.779053 -0.416385820734116 pleio
110 70.782062 -0.305971341536645 pleio
111 70.785072 -0.210678231034607 pleio
112 71.12066 -0.144236208530856 pleio
113 71.198629 -0.142387934635257 pleio
114 71.276599 -0.14060821459013 pleio
115 71.354568 0 pleio
116 71.418821 -0.162738929166715 pleio
117 71.422464 -0.355307018873591 pleio
118 71.425934 -0.570728009676295 pleio
119 71.429405 -0.631119671431424 pleio
120 71.432875 -0.601006987468532 pleio
121 71.436346 -0.573807672631094 pleio
122 71.439817 -0.54957268671184 pleio
123 71.443287 -0.528343192807287 pleio
124 71.449172 -0.51440884104078 pleio
125 71.46043 -0.511893590014453 pleio
126 71.475844 -0.509970862274443 pleio
127 71.510771 -0.509600813836442 pleio
128 71.658293 -0.511276731682377 pleio
129 71.675712 -0.518411863700773 pleio
130 71.693132 -0.533457658309469 pleio
131 71.782692 -1.36866134216825 pleio
132 71.793079 -1.67502386033914 pleio
133 71.803404 -1.74639755349621 pleio
134 71.813729 -1.28707084548467 pleio
135 71.824055 -1.01622247265532 pleio
136 71.83438 -1.24066338398104 pleio
137 71.859513 -1.34932103757342 pleio
138 71.937774 -1.26183282840455 pleio
139 71.945079 -1.29833055004066 pleio
140 71.952385 -1.31152025585908 pleio
141 71.98473 -1.32046891665411 pleio
142 72.012709 -1.39861821874683 pleio
143 72.040688 -1.45204533059984 pleio
144 72.210521 -1.66647925204586 pleio
145 72.314268 -2.20058886828611 pleio
146 72.366456 -2.39613982624895 pleio
147 72.411367 -2.42658024545771 pleio
148 72.450663 -2.45581969891085 pleio
149 72.471305 -2.51471873797797 pleio
150 72.491946 -2.50351170072306 pleio
151 72.512588 -2.48299273251198 pleio
152 72.601385 -2.20555304863212 pleio
153 72.621813 -2.19391299443926 pleio
154 72.642242 -2.20510703682619 pleio
155 72.66267 -2.2179086152567 pleio
156 72.771429 -2.95917627156426 pleio
157 72.883243 -2.94995856712498 pleio
158 72.898448 -2.94637833543957 pleio
159 72.913654 -2.94393187512772 pleio
160 72.928859 -2.94224496949973 pleio
161 72.944065 -2.94097646435902 pleio
162 72.95927 -2.78708153143896 pleio
163 72.974476 -2.60021909943625 pleio
164 72.989681 -2.92107358436392 pleio
165 72.996574 -2.95997039762527 pleio
166 72.9996 -2.84420827740723 pleio
167 73.002626 -2.73290871236011 pleio
168 73.005652 -2.60844644388154 pleio
169 73.012925 -2.52082562045304 pleio
170 73.023956 -2.45320501849878 pleio
171 73.034987 -2.38979952794674 pleio
172 73.046018 -2.35177320443722 pleio
173 73.057049 -2.32811864800839 pleio
174 73.06808 -2.31545520990119 pleio
175 73.079353 -2.30291290818037 pleio
176 73.111862 -2.73007157014249 pleio
177 73.146945 -2.95650168152182 pleio
178 73.171837 -3.1899624913657 pleio
179 73.196729 -3.30085890224963 pleio
180 73.629401 -3.34059581010799 pleio
181 74.062073 -3.34352866836128 pleio
182 74.066223 -3.37053777187903 pleio
183 74.070373 -3.39713534903986 pleio
184 74.074523 -3.42326617180967 pleio
185 74.078673 -3.44888165482362 pleio
186 74.082823 -3.47514616101463 pleio
187 74.3761735 -3.41952166778518 pleio
188 74.669524 -3.4289965964278 pleio
189 74.672012 -3.45451620961162 pleio
190 74.674499 -3.55326686323466 pleio
191 74.716248 -3.72417171353888 pleio
192 74.724515 -3.95849362832186 pleio
193 74.732783 -4.08641872548292 pleio
194 75.0995546666667 -3.57318451210681 pleio
195 75.4663263333333 -3.59084280609004 pleio
196 75.833098 -3.46751704654157 pleio
197 75.863363 -3.38465954396507 pleio
198 75.875899 -3.31255746458126 pleio
199 75.888435 -3.28321944035254 pleio
200 75.900971 -3.37119139106452 pleio
201 75.903257 -3.55668865871023 pleio
202 75.904489 -3.65735067019093 pleio
203 75.905721 -3.71329020986132 pleio
204 75.917304 -3.77470158461359 pleio
205 76.287653 -3.76802210728371 pleio
206 76.288899 -3.75813007739522 pleio
207 76.290145 -3.76636140414421 pleio
208 76.397032 -3.7393337883808 pleio
209 76.403847 -3.65111864566726 pleio
210 76.410663 -3.47856408777396 pleio
211 76.607927 -3.08324677375397 pleio
212 76.623625 -3.03656097769817 pleio
213 76.633554 -3.00828052278317 pleio
214 76.643483 -2.98230010743971 pleio
215 76.653411 -2.95837886879918 pleio
216 76.66334 -2.9363874970676 pleio
217 76.700004 -2.77230135723202 pleio
218 67.606765 -4.70012446188024 profile1
219 67.613251 -4.69574261765047 profile1
220 67.619736 -4.69143424822502 profile1
221 67.626222 -4.68720003202296 profile1
222 67.641347 -4.68304018094895 profile1
223 67.654855 -4.67894283209636 profile1
224 67.658769 -4.67468787771689 profile1
225 67.662682 -4.67057991683287 profile1
226 67.666596 -4.66658063059295 profile1
227 67.679986 -4.66265779065931 profile1
228 67.708923 -4.57819818834789 profile1
229 67.715069 -4.49487457559951 profile1
230 67.721215 -4.42221521765172 profile1
231 67.746869 -4.36123563647646 profile1
232 67.778018 -4.35590901582727 profile1
233 67.809168 -4.35240601607174 profile1
234 67.895218 -4.31607721732754 profile1
235 67.900561 -4.26634189321515 profile1
236 67.905905 -4.22472240548138 profile1
237 67.911248 -4.1929461602171 profile1
238 67.920171 -4.16544443593634 profile1
239 67.929072 -4.1373670668642 profile1
240 67.937973 -4.12367302216624 profile1
241 67.946874 -4.12455822794082 profile1
242 67.962131 -4.11345222711785 profile1
243 68.103338 -4.11785825124405 profile1
244 68.122257 -4.13178081750211 profile1
245 68.141177 -4.20591069031152 profile1
246 68.410128 -4.24822737680659 profile1
247 68.415239 -4.20913439454512 profile1
248 68.42035 -4.1626292157037 profile1
249 68.640199 -4.12437287250308 profile1
250 68.652056 -4.10791414250473 profile1
251 68.656091 -4.10485907784937 profile1
252 68.660126 -4.1157094856284 profile1
253 68.664161 -4.14057485102934 profile1
254 68.685197 -4.18416559940599 profile1
255 68.806919 -4.20562659038333 profile1
256 68.816104 -4.20533504679689 profile1
257 68.825289 -4.20505020072742 profile1
258 68.885575 -4.20809565783122 profile1
259 68.886394 -4.21457838033072 profile1
260 68.887213 -4.22168657538489 profile1
261 68.888033 -4.22938794325632 profile1
262 68.888852 -4.23764542651861 profile1
263 68.889671 -4.24641734823178 profile1
264 68.89049 -4.21850344409975 profile1
265 68.89131 -4.19141948581515 profile1
266 68.892129 -4.16881718374582 profile1
267 68.987403 -4.08510423613967 profile1
268 69.064645 -3.65692778997156 profile1
269 69.131341 -4.09388091265989 profile1
270 69.198036 -4.08632704992594 profile1
271 69.214855 -4.0798824511588 profile1
272 69.21825 -4.0749246730655 profile1
273 69.221446 -4.07148894924022 profile1
274 69.224642 -4.06958026346802 profile1
275 69.227838 -4.06919061000741 profile1
276 69.231034 -2.50828929030648 profile1
277 69.23423 -2.11782426517139 profile1
278 69.237426 -2.11460597653587 profile1
279 69.240621 -2.11130926029762 profile1
280 69.244859 -2.10794390638172 profile1
281 69.252696 -2.10534700924833 profile1
282 69.260534 -2.1026746072805 profile1
283 69.416362 -1.96388286352371 profile1
284 69.484146 -2.12367906300105 profile1
285 69.505599 -2.15307672647133 profile1
286 69.508945 -2.22073026964798 profile1
287 69.512291 -2.28787545160418 profile1
288 69.515636 -2.35367600943276 profile1
289 69.542556 -2.40258149925107 profile1
290 69.592546 -2.45872197804081 profile1
291 69.66328 -2.43439701112782 profile1
292 69.721392 -2.44777454740912 profile1
293 69.724456 -2.45401883833962 profile1
294 69.727519 -2.46040948661809 profile1
295 69.733033 -2.46694033920133 profile1
296 69.768364 -2.30886567770932 profile1
297 69.782339 -2.07504603401091 profile1
298 69.796313 -1.79033715363634 profile1
299 69.810287 -0.786328483302074 profile1
300 69.829176 -0.803010796303328 profile1
301 69.837051 -0.759247339437693 profile1
302 69.844926 -0.719087364277393 profile1
303 69.869428 -0.689137450417739 profile1
304 69.876397 -0.693338454265487 profile1
305 69.876657 -0.708371530212895 profile1
306 69.876917 -0.726677776820956 profile1
307 69.924127 -0.753589305693437 profile1
308 69.978753 -0.770012328721584 profile1
309 70.033378 -0.781801557162063 profile1
310 70.042973 -0.794555613788847 profile1
311 70.043703 -0.807414587214936 profile1
312 70.044434 -0.820074977402667 profile1
313 70.087246 -0.826228182612017 profile1
314 70.141872 -0.82212764480798 profile1
315 70.196497 -0.73802744000327 profile1
316 70.400832 -0.735940694596105 profile1
317 70.421006 -0.735302390768269 profile1
318 70.441181 -0.730281593136232 profile1
319 70.60917 -0.714085513821727 profile1
320 70.612702 -0.668975587661144 profile1
321 70.616235 -0.574074626648812 profile1
322 70.661194 -0.56925736736462 profile1
323 70.728481 -0.535946744147169 profile1
324 70.750402 -0.485825809713748 profile1
325 70.772323 -0.42064097303395 profile1
326 70.779053 -0.34797467289647 profile1
327 70.782062 -0.274680783627958 profile1
328 70.785072 -0.210678231034607 profile1
329 71.12066 -0.142518051972177 profile1
330 71.198629 -0.130946680949777 profile1
331 71.276599 -0.119459213074943 profile1
332 71.354568 0 profile1
333 71.418821 -0.123318285287749 profile1
334 71.422464 -0.263037476465586 profile1
335 71.425934 -0.443438759395377 profile1
336 71.429405 -0.502637963633616 profile1
337 71.432875 -0.480953544494795 profile1
338 71.436346 -0.460895556176202 profile1
339 71.439817 -0.44251119931446 profile1
340 71.443287 -0.425841021846952 profile1
341 71.449172 -0.416389116368614 profile1
342 71.46043 -0.41998750392282 profile1
343 71.475844 -0.423227126407829 profile1
344 71.510771 -0.42706154116218 profile1
345 71.658293 -0.4257855751674 profile1
346 71.675712 -0.41711552246718 profile1
347 71.693132 -0.411930444063956 profile1
348 71.782692 -0.969075053952223 profile1
349 71.793079 -1.26323807327356 profile1
350 71.803404 -1.50021891601693 profile1
351 71.813729 -1.14220611312819 profile1
352 71.824055 -0.844914375344511 profile1
353 71.83438 -1.08733685980167 profile1
354 71.859513 -1.20669417851744 profile1
355 71.937774 -1.01905048768851 profile1
356 71.945079 -0.938618237289345 profile1
357 71.952385 -0.919807650632471 profile1
358 71.98473 -0.924402793169045 profile1
359 72.012709 -0.963285626356594 profile1
360 72.040688 -0.989055785856336 profile1
361 72.210521 -1.28580967310048 profile1
362 72.314268 -1.5552405086445 profile1
363 72.366456 -1.44830821290906 profile1
364 72.411367 -1.46996252746421 profile1
365 72.450663 -1.4850953098829 profile1
366 72.471305 -1.46310152471951 profile1
367 72.491946 -1.33077093511254 profile1
368 72.512588 -1.14846913175352 profile1
369 72.601385 -0.868400231976636 profile1
370 72.621813 -0.896568126276117 profile1
371 72.642242 -0.932099549864142 profile1
372 72.66267 -0.967134687480575 profile1
373 72.771429 -1.39741981860484 profile1
374 72.883243 -1.38862991531927 profile1
375 72.898448 -1.37412746451054 profile1
376 72.913654 -1.35975286444844 profile1
377 72.928859 -1.34563845421418 profile1
378 72.944065 -1.32989674678493 profile1
379 72.95927 -1.24837161174275 profile1
380 72.974476 -1.25769622488015 profile1
381 72.989681 -2.04113884558369 profile1
382 72.996574 -2.25312141996657 profile1
383 72.9996 -2.22217984644212 profile1
384 73.002626 -2.21134790439031 profile1
385 73.005652 -2.17731944962272 profile1
386 73.012925 -2.17401846821429 profile1
387 73.023956 -2.18632543713067 profile1
388 73.034987 -2.20028783214725 profile1
389 73.046018 -2.21489784944095 profile1
390 73.057049 -2.23513013295271 profile1
391 73.06808 -2.26154611714956 profile1
392 73.079353 -2.29398742230752 profile1
393 73.111862 -2.73007157014249 profile1
394 73.146945 -2.82090350777546 profile1
395 73.171837 -2.87033921615624 profile1
396 73.196729 -2.81687170968464 profile1
397 73.629401 -2.83542339897733 profile1
398 74.062073 -2.82051708158908 profile1
399 74.066223 -2.82274284710857 profile1
400 74.070373 -2.82490959900043 profile1
401 74.074523 -2.8270080101407 profile1
402 74.078673 -2.82902998624139 profile1
403 74.082823 -3.00779158264701 profile1
404 74.3761735 -2.88315772029615 profile1
405 74.669524 -2.98762635412753 profile1
406 74.672012 -2.95736370346022 profile1
407 74.674499 -2.98479131568824 profile1
408 74.716248 -3.06478225274356 profile1
409 74.724515 -3.1867792938042 profile1
410 74.732783 -3.4430104756344 profile1
411 75.0995546666667 -3.05529383584336 profile1
412 75.4663263333333 -3.00126234849817 profile1
413 75.833098 -3.02702547787721 profile1
414 75.863363 -2.96247331356718 profile1
415 75.875899 -2.91341729541045 profile1
416 75.888435 -2.936349141266 profile1
417 75.900971 -3.12117059399241 profile1
418 75.903257 -3.3630664959674 profile1
419 76.403847 -3.30769680536801 profile1
420 76.410663 -3.13922567542624 profile1
421 76.607927 -2.79064308197214 profile1
422 76.623625 -2.77608465282954 profile1
423 75.904489 -3.46113432898357 profile1
424 75.905721 -3.49673532429488 profile1
425 75.917304 -3.5316443067896 profile1
426 76.287653 -3.50308490676645 profile1
427 76.288899 -3.46846601555697 profile1
428 76.290145 -3.44642941793067 profile1
429 76.397032 -3.40268264427977 profile1
430 76.633554 -2.80677362752189 profile1
431 76.643483 -2.82825370417981 profile1
432 76.653411 -2.85262474716221 profile1
433 76.66334 -2.87819273734396 profile1
434 76.700004 -2.77230135723202 profile1
435 67.606765 -4.63227460168496 profile2
436 67.613251 -4.62702681818127 profile2
437 67.619736 -4.6218000653627 profile2
438 67.626222 -4.61659503040734 profile2
439 67.641347 -4.61141152430568 profile2
440 67.654855 -4.60625479491123 profile2
441 67.658769 -4.60120520079695 profile2
442 67.662682 -4.59618613415594 profile2
443 67.666596 -4.59119458994393 profile2
444 67.679986 -4.58622773729675 profile2
445 67.708923 -4.55965877115154 profile2
446 67.715069 -4.53557091757406 profile2
447 67.721215 -4.51667092223364 profile2
448 67.746869 -4.49945748475045 profile2
449 67.778018 -4.49430590376368 profile2
450 67.809168 -4.49134849597455 profile2
451 67.895218 -4.49855488859732 profile2
452 67.900561 -4.51067755948657 profile2
453 67.905905 -4.52584419263728 profile2
454 67.911248 -4.54391918907248 profile2
455 67.920171 -4.56692666126676 profile2
456 67.929072 -4.59735126094691 profile2
457 67.937973 -4.63091008672751 profile2
458 67.946874 -4.66734310031508 profile2
459 67.962131 -4.68035736004763 profile2
460 68.103338 -4.6864875364965 profile2
461 68.122257 -4.69073942795598 profile2
462 68.141177 -4.65075166224772 profile2
463 68.410128 -4.60284668043327 profile2
464 68.415239 -4.59938351310134 profile2
465 68.42035 -4.59452010273052 profile2
466 68.640199 -4.54611266214307 profile2
467 68.652056 -4.466403113426 profile2
468 68.656091 -4.38862958915022 profile2
469 68.660126 -4.3122689745414 profile2
470 68.664161 -4.23644640627237 profile2
471 68.685197 -4.15634796489978 profile2
472 68.806919 -4.12334110410188 profile2
473 68.816104 -4.11960071298612 profile2
474 68.825289 -4.11586656816678 profile2
475 68.885575 -4.09605530703344 profile2
476 68.886394 -4.06236923538621 profile2
477 68.887213 -4.0292646231054 profile2
478 68.888033 -3.99686271838295 profile2
479 68.888852 -3.96528115968137 profile2
480 68.889671 -3.93463247961389 profile2
481 68.89049 -3.91905022505309 profile2
482 68.89131 -3.90645556743541 profile2
483 68.892129 -3.89550565700485 profile2
484 68.987403 -3.92736932958405 profile2
485 69.064645 -4.0049859392455 profile2
486 69.131341 -3.76224580290339 profile2
487 69.198036 -3.78701343671926 profile2
488 69.214855 -3.80936140606081 profile2
489 69.21825 -3.83508833354853 profile2
490 69.221446 -3.85617072555045 profile2
491 69.224642 -3.87868903323031 profile2
492 69.227838 -3.90365756225737 profile2
493 69.231034 -3.98526900305457 profile2
494 69.23423 -4.03025109621594 profile2
495 69.237426 -4.03128153851552 profile2
496 69.240621 -4.03241100196614 profile2
497 69.244859 -4.03363900054343 profile2
498 69.252696 -4.03474067830503 profile2
499 69.260534 -4.03620576767322 profile2
500 69.416362 -3.68775999801144 profile2
501 69.484146 -3.29419571905597 profile2
502 69.505599 -3.2832528678543 profile2
503 69.508945 -3.25990594839244 profile2
504 69.512291 -3.23980362007317 profile2
505 69.515636 -3.22315066737935 profile2
506 69.542556 -3.21486716598459 profile2
507 69.592546 -3.33369507011963 profile2
508 69.66328 -3.43089152281711 profile2
509 69.721392 -3.42207208479697 profile2
510 69.724456 -3.40998748792361 profile2
511 69.727519 -3.39806297853171 profile2
512 69.733033 -3.38631684813895 profile2
513 69.768364 -3.34210416006997 profile2
514 69.782339 -3.28174737299972 profile2
515 69.796313 -3.20397971193768 profile2
516 69.810287 -1.56831728504043 profile2
517 69.829176 -1.54878347529448 profile2
518 69.837051 -1.51063246658316 profile2
519 69.844926 -1.47242889889883 profile2
520 69.869428 -1.44312355388501 profile2
521 69.876397 -1.42234620295309 profile2
522 69.876657 -1.42247649389379 profile2
523 69.876917 -1.44080321037258 profile2
524 69.924127 -1.40927997603504 profile2
525 69.978753 -1.28301769687747 profile2
526 70.033378 -1.13629478866544 profile2
527 70.042973 -0.984876459166801 profile2
528 70.043703 -0.830606974870226 profile2
529 70.044434 -0.674721928286065 profile2
530 70.087246 -0.536050487244524 profile2
531 70.141872 -0.430970019753069 profile2
532 70.196497 -0.329182060379842 profile2
533 70.400832 -0.278912825521062 profile2
534 70.421006 -0.284758108655784 profile2
535 70.441181 -0.291689995766524 profile2
536 70.60917 -0.298834967482592 profile2
537 70.612702 -0.30865271984086 profile2
538 70.616235 -0.344243490989785 profile2
539 70.661194 -0.334354557842183 profile2
540 70.728481 -0.295606883867926 profile2
541 70.750402 -0.233263602428437 profile2
542 70.772323 -0.173666405441026 profile2
543 70.779053 -0.119047240319714 profile2
544 70.782062 -0.0710500812262927 profile2
545 70.785072 -0.0339274511708606 profile2
546 71.12066 -0.0139718156842998 profile2
547 71.198629 -0.022945153004522 profile2
548 71.276599 -0.0321393190271076 profile2
549 71.354568 0 profile2
550 71.418821 -0.0446351799695991 profile2
551 71.422464 -0.111458250774173 profile2
552 71.425934 -0.166541764349692 profile2
553 71.429405 -0.177395684397199 profile2
554 71.432875 -0.173026850187174 profile2
555 71.436346 -0.171346954482158 profile2
556 71.439817 -0.172346886178889 profile2
557 71.443287 -0.176007895407197 profile2
558 71.449172 -0.179487477341513 profile2
559 71.46043 -0.17864726272733 profile2
560 71.475844 -0.179349772547369 profile2
561 71.510771 -0.181621360982397 profile2
562 71.658293 -0.191530756294999 profile2
563 71.675712 -0.215514025149708 profile2
564 71.693132 -0.245302220138225 profile2
565 71.782692 -0.600395460028551 profile2
566 71.793079 -0.626427237323645 profile2
567 71.803404 -0.501231383674393 profile2
568 71.813729 -0.395494575554814 profile2
569 71.824055 -0.512427858902967 profile2
570 71.83438 -0.562933470271677 profile2
571 71.859513 -0.576222332720806 profile2
572 71.937774 -0.722928082444256 profile2
573 71.945079 -0.856069143923419 profile2
574 71.952385 -0.896979668904587 profile2
575 71.98473 -0.901658336908447 profile2
576 72.012709 -0.937375774027617 profile2
577 72.040688 -0.95834282869038 profile2
578 72.210521 -0.854612492664149 profile2
579 72.314268 -1.23330887863541 profile2
580 72.366456 -1.55995150695562 profile2
581 72.411367 -1.56467703770726 profile2
582 72.450663 -1.57253882888157 profile2
583 72.471305 -1.64141361958971 profile2
584 72.491946 -1.76537104137697 profile2
585 72.512588 -1.95680870276566 profile2
586 72.601385 -2.0169282269696 profile2
587 72.621813 -1.98067709233089 profile2
588 72.642242 -1.95622173893274 profile2
589 72.66267 -1.9338465595194 profile2
590 72.771429 -2.31717122270717 profile2
591 72.883243 -2.32009013885271 profile2
592 72.898448 -2.33432154338017 profile2
593 72.913654 -2.34984686641169 profile2
594 72.928859 -2.36614399089197 profile2
595 72.944065 -2.38444816223859 profile2
596 72.95927 -2.33519262958162 profile2
597 72.974476 -2.29410793971064 profile2
598 72.989681 -1.96549519525062 profile2
599 72.996574 -1.80789850141058 profile2
600 72.9996 -1.73419955060593 profile2
601 73.002626 -1.64525804939996 profile2
602 73.005652 -1.55748499553736 profile2
603 73.012925 -1.47611316754008 profile2
604 73.023956 -1.39994857561963 profile2
605 73.034987 -1.32813039147494 profile2
606 73.046018 -1.28110920973848 profile2
607 73.057049 -1.24574498521995 profile2
608 73.06808 -1.2185164189673 profile2
609 73.079353 -1.18787073792998 profile2
610 73.111862 -1.06984730066698 profile2
611 73.146945 -1.2403522328066 profile2
612 73.171837 -1.48870926448353 profile2
613 73.196729 -1.7138198287921 profile2
614 73.629401 -1.74276447104909 profile2
615 74.062073 -1.75606715883546 profile2
616 74.066223 -1.77528790468345 profile2
617 74.070373 -1.79434382064991 profile2
618 74.074523 -1.81319873808309 profile2
619 74.078673 -1.83182072315821 profile2
620 74.082823 -1.69024372652373 profile2
621 74.3761735 -1.75806207412016 profile2
622 74.669524 -1.67447171488133 profile2
623 74.672012 -1.75199325241232 profile2
624 74.674499 -1.86418024422984 profile2
625 74.716248 -2.0106575441351 profile2
626 74.724515 -2.18752262945343 profile2
627 74.732783 -2.16656016224577 profile2
628 75.0995546666667 -2.17240423668014 profile2
629 75.4663263333333 -2.2534917018261 profile2
630 75.833098 -2.09685053636719 profile2
631 75.863363 -2.09589945421933 profile2
632 75.875899 -2.09453643804754 profile2
633 75.888435 -2.05220782557856 profile2
634 75.900971 -1.9437859651494 profile2
635 75.903257 -1.88641476348965 profile2
636 75.904489 -1.88730342173613 profile2
637 75.905721 -1.90078461019756 profile2
638 75.917304 -1.91884469406312 profile2
639 76.287653 -1.93791372895645 profile2
640 76.288899 -1.96322036275366 profile2
641 76.290145 -1.99724892576248 profile2
642 76.397032 -2.03180064099691 profile2
643 76.403847 -2.05516636506908 profile2
644 76.410663 -2.04911733372392 profile2
645 76.607927 -2.03232432809165 profile2
646 76.623625 -1.98494789104224 profile2
647 76.633554 -1.92380597219417 profile2
648 76.643483 -1.86127310048898 profile2
649 76.653411 -1.79873326057083 profile2
650 76.66334 -1.73789274027515 profile2
651 76.700004 -1.65059938133203 profile2
