marker_position lod trace
1 67.606765 -4.70349156756775 pleio
2 67.613251 -4.70423358751236 pleio
3 67.619736 -4.70509728781903 pleio
4 67.626222 -4.70608253072753 pleio
5 67.641347 -4.70719025671895 pleio
6 67.654855 -4.70839502185084 pleio
7 67.658769 -4.70923489556607 pleio
8 67.662682 -4.71019351983698 pleio
9 67.666596 -4.7112737322228 pleio
10 67.679986 -4.71247533552616 pleio
11 67.708923 -4.54502239192084 pleio
12 67.715069 -4.37337135524036 pleio
13 67.721215 -4.2168116022528 pleio
14 67.746869 -4.0838397570651 pleio
15 67.778018 -4.08273826234543 pleio
16 67.809168 -4.08649519200294 pleio
17 67.895218 -4.10676127364887 pleio
18 67.900561 -4.14959874920358 pleio
19 67.905905 -4.21199489900058 pleio
20 67.911248 -4.29432814754657 pleio
21 67.920171 -4.36305124647294 pleio
22 67.929072 -4.38432146879377 pleio
23 67.937973 -4.42359776294754 pleio
24 67.946874 -4.4803968566551 pleio
25 67.962131 -4.50766015889774 pleio
26 68.103338 -4.52228283370564 pleio
27 68.122257 -4.52958256846286 pleio
28 68.141177 -4.54943700506281 pleio
29 68.410128 -4.56401364021858 pleio
30 68.415239 -4.51401978261018 pleio
31 68.42035 -4.45873750491264 pleio
32 68.640199 -4.38550358240766 pleio
33 68.652056 -4.31922729494491 pleio
34 68.656091 -4.26904480405124 pleio
35 68.660126 -4.23494191038333 pleio
36 68.664161 -4.21643609090801 pleio
37 68.685197 -4.22116615161208 pleio
38 68.806919 -4.22901787542241 pleio
39 68.816104 -4.22763040678771 pleio
40 68.825289 -4.22625887884801 pleio
41 68.885575 -4.22886065292642 pleio
42 68.886394 -4.23586775031235 pleio
43 68.887213 -4.24406737170843 pleio
44 68.888033 -4.2534426085764 pleio
45 68.888852 -4.26396954261445 pleio
46 68.889671 -4.27561707572311 pleio
47 68.89049 -4.27342603322753 pleio
48 68.89131 -4.26698469363507 pleio
49 68.892129 -4.25801126457866 pleio
50 68.987403 -3.75711455016742 pleio
51 69.064645 -3.24481751065009 pleio
52 69.131341 -2.79392611649508 pleio
53 69.198036 -2.73631746184662 pleio
54 69.214855 -2.65566293204 pleio
55 69.21825 -2.56427534508013 pleio
56 69.221446 -2.46331675573186 pleio
57 69.224642 -2.35426456429519 pleio
58 69.227838 -2.2389484551443 pleio
59 69.231034 -1.33914047133469 pleio
60 69.23423 -1.21159968348194 pleio
61 69.237426 -1.2079117028471 pleio
62 69.240621 -1.20440682793087 pleio
63 69.244859 -1.20115629365649 pleio
64 69.252696 -1.19795649012598 pleio
65 69.260534 -1.19407641347064 pleio
66 69.416362 -0.834461075724803 pleio
67 69.484146 -0.716541031876751 pleio
68 69.505599 -0.752849270675405 pleio
69 69.508945 -0.841599685446129 pleio
70 69.512291 -0.93166457893215 pleio
71 69.515636 -1.02198686905054 pleio
72 69.542556 -1.09423339040205 pleio
73 69.592546 -0.613110298953363 pleio
74 69.66328 -0.664623934317286 pleio
75 69.721392 -0.683888973579373 pleio
76 69.724456 -0.693648748426058 pleio
77 69.727519 -0.703773005021801 pleio
78 69.733033 -0.714264899058393 pleio
79 69.768364 -0.685095544993508 pleio
80 69.782339 -0.660097693129354 pleio
81 69.796313 -0.772577887020969 pleio
82 69.810287 0 pleio
83 69.829176 -0.2621789128623 pleio
84 69.837051 -0.348355920362112 pleio
85 69.844926 -0.448571321319835 pleio
86 69.869428 -0.549881908752525 pleio
87 69.876397 -0.610184731472767 pleio
88 69.876657 -0.677119259369408 pleio
89 69.876917 -0.754295899626794 pleio
90 69.924127 -0.779775164476832 pleio
91 69.978753 -0.833702273273387 pleio
92 70.033378 -0.871729045260628 pleio
93 70.042973 -0.911257183227209 pleio
94 70.043703 -0.951089952260175 pleio
95 70.044434 -0.990652827977309 pleio
96 70.087246 -1.01571895993279 pleio
97 70.141872 -1.01680070323762 pleio
98 70.196497 -0.98569423201938 pleio
99 70.400832 -0.956766549798615 pleio
100 70.421006 -0.891157997789761 pleio
101 70.441181 -0.825758661122485 pleio
102 70.60917 -0.770372859541977 pleio
103 70.612702 -0.738581322459131 pleio
104 70.616235 -0.740540700713894 pleio
105 70.661194 -0.745713930373237 pleio
106 70.728481 -0.782774362814007 pleio
107 70.750402 -0.860664346339564 pleio
108 70.772323 -1.03283147895785 pleio
109 70.779053 -1.26666538659295 pleio
110 70.782062 -1.50853997679702 pleio
111 70.785072 -1.76489156199201 pleio
112 71.12066 -1.93569692034549 pleio
113 71.198629 -1.94104203273115 pleio
114 71.276599 -1.94715990580035 pleio
115 71.354568 -1.93436883511354 pleio
116 71.418821 -2.28032054644572 pleio
117 71.422464 -2.72555133944466 pleio
118 71.425934 -3.15809917792513 pleio
119 71.429405 -3.3237625080534 pleio
120 71.432875 -3.35963507127297 pleio
121 71.436346 -3.39594339017159 pleio
122 71.439817 -3.43256986006254 pleio
123 71.443287 -3.46940948201244 pleio
124 71.449172 -3.49871473067142 pleio
125 71.46043 -3.51201752190573 pleio
126 71.475844 -3.52614706396939 pleio
127 71.510771 -3.54202040557372 pleio
128 71.658293 -3.55234138262927 pleio
129 71.675712 -3.55502461096946 pleio
130 71.693132 -3.56561454746901 pleio
131 71.782692 -4.05732886940413 pleio
132 71.793079 -4.11387620548561 pleio
133 71.803404 -4.08716852432488 pleio
134 71.813729 -3.73318925443188 pleio
135 71.824055 -3.564464441855 pleio
136 71.83438 -3.61964092474271 pleio
137 71.859513 -3.61411489223456 pleio
138 71.937774 -3.51681271267248 pleio
139 71.945079 -3.72993239251931 pleio
140 71.952385 -3.7791248927417 pleio
141 71.98473 -3.76767082925045 pleio
142 72.012709 -3.76461102000313 pleio
143 72.040688 -3.77095130740356 pleio
144 72.210521 -4.06856625120293 pleio
145 72.314268 -4.51695349473966 pleio
146 72.366456 -4.45587668700865 pleio
147 72.411367 -4.48019376267054 pleio
148 72.450663 -4.50524260452582 pleio
149 72.471305 -4.53890956079793 pleio
150 72.491946 -4.55119619200057 pleio
151 72.512588 -4.5753898546915 pleio
152 72.601385 -4.26799389767995 pleio
153 72.621813 -4.24434119037698 pleio
154 72.642242 -4.25140908355025 pleio
155 72.66267 -4.26215131445763 pleio
156 72.771429 -4.52874339383561 pleio
157 72.883243 -4.48442165504985 pleio
158 72.898448 -4.43540442850641 pleio
159 72.913654 -4.38823520131275 pleio
160 72.928859 -4.34308259521254 pleio
161 72.944065 -4.30045739645918 pleio
162 72.95927 -4.27960172973202 pleio
163 72.974476 -4.48508975892244 pleio
164 72.989681 -4.2644368664701 pleio
165 72.996574 -4.00849173225643 pleio
166 72.9996 -3.92364251114312 pleio
167 73.002626 -3.85701689484647 pleio
168 73.005652 -3.73508208144169 pleio
169 73.012925 -3.62451322560647 pleio
170 73.023956 -3.52319706058365 pleio
171 73.034987 -3.43095505586987 pleio
172 73.046018 -3.33724160523418 pleio
173 73.057049 -3.2578710991814 pleio
174 73.06808 -3.1961456667939 pleio
175 73.079353 -3.15354250701343 pleio
176 73.111862 -3.70368364200662 pleio
177 73.146945 -3.70680103095519 pleio
178 73.171837 -3.7420155310295 pleio
179 73.196729 -3.82273556314132 pleio
180 73.629401 -3.84258041790341 pleio
181 74.062073 -3.83298648823978 pleio
182 74.066223 -3.82337830557569 pleio
183 74.070373 -3.81369617843764 pleio
184 74.074523 -3.80397062625168 pleio
185 74.078673 -3.79422936221201 pleio
186 74.082823 -3.81004348155109 pleio
187 74.3761735 -3.78235750551818 pleio
188 74.669524 -3.79021261075812 pleio
189 74.672012 -3.75096963235848 pleio
190 74.674499 -3.80926779271829 pleio
191 74.716248 -3.95329906395033 pleio
192 74.724515 -4.16186304429245 pleio
193 74.732783 -4.25054223373078 pleio
194 75.0995546666667 -5.2069247880621 pleio
195 75.4663263333333 -5.21577188510755 pleio
196 75.833098 -5.1068105409701 pleio
197 75.863363 -5.01521407123442 pleio
198 75.875899 -4.93041287532305 pleio
199 75.888435 -4.92527718251973 pleio
200 75.900971 -5.097826451588 pleio
201 75.903257 -5.33291872403504 pleio
202 75.904489 -5.44035020703043 pleio
203 75.905721 -5.49362038053094 pleio
204 75.917304 -5.54949866480198 pleio
205 76.287653 -5.54357699440164 pleio
206 76.288899 -5.54497679684001 pleio
207 76.290145 -5.56779974898006 pleio
208 76.397032 -5.5478345329362 pleio
209 76.403847 -5.46449102408473 pleio
210 76.410663 -5.36172613750484 pleio
211 76.607927 -5.23095550236149 pleio
212 76.623625 -5.25571570305475 pleio
213 76.633554 -5.29241131603581 pleio
214 76.643483 -5.32955121933061 pleio
215 76.653411 -5.36605507358052 pleio
216 76.66334 -5.40117320149245 pleio
217 76.700004 -5.27784465582928 pleio
218 67.606765 -2.48737431062158 profile1
219 67.613251 -2.4859195199034 profile1
220 67.619736 -2.48461126187234 profile1
221 67.626222 -2.48344993636038 profile1
222 67.641347 -2.4824353787683 profile1
223 67.654855 -2.48154043136503 profile1
224 67.658769 -2.48025695957804 profile1
225 67.662682 -2.47912866863824 profile1
226 67.666596 -2.47815256908432 profile1
227 67.679986 -2.47732556101518 profile1
228 67.708923 -2.36019796257944 profile1
229 67.715069 -2.23296630228839 profile1
230 67.721215 -2.10870135248607 profile1
231 67.746869 -1.99368944097473 profile1
232 67.778018 -1.99063905950844 profile1
233 67.809168 -1.9900140545719 profile1
234 67.895218 -1.96935210695605 profile1
235 67.900561 -1.94693004740186 profile1
236 67.905905 -1.93488473042714 profile1
237 67.911248 -1.93417229221752 profile1
238 67.920171 -1.94590904984218 profile1
239 67.929072 -1.97031651961077 profile1
240 67.937973 -2.00618098180108 profile1
241 67.946874 -2.05310015252196 profile1
242 67.962131 -2.08414161411115 profile1
243 68.103338 -2.10705686802981 profile1
244 68.122257 -2.12491285605489 profile1
245 68.141177 -2.32690616740562 profile1
246 68.410128 -2.48916910099249 profile1
247 68.415239 -2.49407110210241 profile1
248 68.42035 -2.49868605949243 profile1
249 68.640199 -2.44156519805786 profile1
250 68.652056 -2.34693960040278 profile1
251 68.656091 -2.26544428818933 profile1
252 68.660126 -2.19789822835641 profile1
253 68.664161 -2.14456360607491 profile1
254 68.685197 -2.10172067567833 profile1
255 68.806919 -2.0893788468916 profile1
256 68.816104 -2.08850253631422 profile1
257 68.825289 -2.087644549062 profile1
258 68.885575 -2.09171858324383 profile1
259 68.886394 -2.10082700044573 profile1
260 68.887213 -2.11078522102247 profile1
261 68.888033 -2.12156130731938 profile1
262 68.888852 -2.13311756831728 profile1
263 68.889671 -2.14541053776583 profile1
264 68.89049 -2.11543138458996 profile1
265 68.89131 -2.08841163003295 profile1
266 68.892129 -2.06822195205103 profile1
267 68.987403 -2.05972780341601 profile1
268 69.064645 -1.43410685044467 profile1
269 69.131341 -1.85594892857489 profile1
270 69.198036 -1.80546337058284 profile1
271 69.214855 -1.71612309229893 profile1
272 69.21825 -1.62119325699482 profile1
273 69.221446 -1.52209093766103 profile1
274 69.224642 -1.42044369035339 profile1
275 69.227838 -1.31801664447046 profile1
276 69.231034 -0.940485624360132 profile1
277 69.23423 -0.913424261355503 profile1
278 69.237426 -0.911072682445405 profile1
279 69.240621 -0.908906928156324 profile1
280 69.244859 -0.906940309926216 profile1
281 69.252696 -0.905423667407508 profile1
282 69.260534 -0.903693980661026 profile1
283 69.416362 -0.598323508711541 profile1
284 69.484146 -0.716541031876751 profile1
285 69.505599 -0.724309893055388 profile1
286 69.508945 -0.741870029647712 profile1
287 69.512291 -0.760376858243876 profile1
288 69.515636 -0.779595302968427 profile1
289 69.542556 -0.805678568379824 profile1
290 69.592546 -0.418023201377946 profile1
291 69.66328 -0.457818098513219 profile1
292 69.721392 -0.468636134644601 profile1
293 69.724456 -0.478274579519941 profile1
294 69.727519 -0.488253818724937 profile1
295 69.733033 -0.49857284721374 profile1
296 69.768364 -0.459925222479051 profile1
297 69.782339 -0.410156030404453 profile1
298 69.796313 -0.463470517440811 profile1
299 69.810287 0.526137905172458 profile1
300 69.829176 0.30115327524877 profile1
301 69.837051 0.261739442766796 profile1
302 69.844926 0.23232816964222 profile1
303 69.869428 0.201193968384603 profile1
304 69.876397 0.180662942621675 profile1
305 69.876657 0.15473888760455 profile1
306 69.876917 0.122144954994802 profile1
307 69.924127 0.149290010169997 profile1
308 69.978753 0.18321010606431 profile1
309 70.033378 0.203168517573118 profile1
310 70.042973 0.222364246718907 profile1
311 70.043703 0.240956258056223 profile1
312 70.044434 0.258853796964083 profile1
313 70.087246 0.276864192295407 profile1
314 70.141872 0.295484425359991 profile1
315 70.196497 0.247443980513045 profile1
316 70.400832 0.248790717812155 profile1
317 70.421006 0.233645612536403 profile1
318 70.441181 0.218118337273129 profile1
319 70.60917 0.211650931716177 profile1
320 70.612702 0.24290099011352 profile1
321 70.616235 0.252787407200231 profile1
322 70.661194 0.268749515186789 profile1
323 70.728481 0.241237463418801 profile1
324 70.750402 0.17859321030051 profile1
325 70.772323 0.0719536105173132 profile1
326 70.779053 -0.0633619851021461 profile1
327 70.782062 -0.205233125508068 profile1
328 70.785072 -0.352980772150292 profile1
329 71.12066 -0.590631013753043 profile1
330 71.198629 -0.585500453664672 profile1
331 71.276599 -0.580320508152853 profile1
332 71.354568 -0.552749743533405 profile1
333 71.418821 -0.675564570882697 profile1
334 71.422464 -0.869015116064351 profile1
335 71.425934 -1.0508698279239 profile1
336 71.429405 -1.11269146391529 profile1
337 71.432875 -1.12189933838344 profile1
338 71.436346 -1.13211280677171 profile1
339 71.439817 -1.14329976001178 profile1
340 71.443287 -1.15543317862836 profile1
341 71.449172 -1.16143386138968 profile1
342 71.46043 -1.1529558539645 profile1
343 71.475844 -1.14521949353141 profile1
344 71.510771 -1.13903346156779 profile1
345 71.658293 -1.12529017908534 profile1
346 71.675712 -1.09937703119212 profile1
347 71.693132 -1.07740126036074 profile1
348 71.782692 -1.32110409684456 profile1
349 71.793079 -1.33813584246921 profile1
350 71.803404 -1.28187786985259 profile1
351 71.813729 -0.977178525712296 profile1
352 71.824055 -0.660461095692281 profile1
353 71.83438 -0.619758645170438 profile1
354 71.859513 -0.599441226987526 profile1
355 71.937774 -0.470410887536942 profile1
356 71.945079 -0.626961956198696 profile1
357 71.952385 -0.639695538344934 profile1
358 71.98473 -0.592818043371986 profile1
359 72.012709 -0.534439305474042 profile1
360 72.040688 -0.489509986422406 profile1
361 72.210521 -0.5156144603045 profile1
362 72.314268 -0.959470393399529 profile1
363 72.366456 -0.92857673260424 profile1
364 72.411367 -0.949283959245407 profile1
365 72.450663 -0.97828851900869 profile1
366 72.471305 -1.06308740254844 profile1
367 72.491946 -1.10590664397361 profile1
368 72.512588 -1.14883680291261 profile1
369 72.601385 -1.38206069510507 profile1
370 72.621813 -1.36237919533294 profile1
371 72.642242 -1.37057533450787 profile1
372 72.66267 -1.38198538733288 profile1
373 72.771429 -1.53580847312057 profile1
374 72.883243 -1.50574554625245 profile1
375 72.898448 -1.47257405927355 profile1
376 72.913654 -1.44212888522159 profile1
377 72.928859 -1.4145168990726 profile1
378 72.944065 -1.39027456791217 profile1
379 72.95927 -1.4250392724015 profile1
380 72.974476 -1.75467074325413 profile1
381 72.989681 -1.51279622670994 profile1
382 72.996574 -1.25014081609419 profile1
383 72.9996 -1.13490439394153 profile1
384 73.002626 -1.04055783519401 profile1
385 73.005652 -0.958032985510284 profile1
386 73.012925 -0.872634607976697 profile1
387 73.023956 -0.789252254640514 profile1
388 73.034987 -0.713798199028121 profile1
389 73.046018 -0.670914790418472 profile1
390 73.057049 -0.646590651591238 profile1
391 73.06808 -0.636801576872244 profile1
392 73.079353 -0.623791447828036 profile1
393 73.111862 -0.679003965318318 profile1
394 73.146945 -0.52222324956504 profile1
395 73.171837 -0.474522656028433 profile1
396 73.196729 -0.442375978883132 profile1
397 73.629401 -0.438565499782973 profile1
398 74.062073 -0.440686338516905 profile1
399 74.066223 -0.435988298691664 profile1
400 74.070373 -0.431524578505231 profile1
401 74.074523 -0.427305762849573 profile1
402 74.078673 -0.423338735870376 profile1
403 74.082823 -0.243379480249256 profile1
404 74.3761735 -0.295252514365982 profile1
405 74.669524 -0.132972266232436 profile1
406 74.672012 0.0356526203644972 profile1
407 74.674499 0.133510201694954 profile1
408 74.716248 0.15963985561851 profile1
409 74.724515 0.121321701475958 profile1
410 74.732783 0.0631636433202281 profile1
411 75.0995546666667 -0.650862149862231 profile1
412 75.4663263333333 -0.625912345727843 profile1
413 75.833098 -0.593740017834037 profile1
414 75.863363 -0.511053416823852 profile1
415 75.875899 -0.435414744733119 profile1
416 75.888435 -0.422795320166008 profile1
417 75.900971 -0.553600841744006 profile1
418 75.903257 -0.744626748223624 profile1
419 75.904489 -0.809947412065423 profile1
420 75.905721 -0.821370257433932 profile1
421 75.917304 -0.837129760966345 profile1
422 76.287653 -0.836944121957498 profile1
423 76.288899 -0.849837899730786 profile1
424 76.290145 -0.883151622344928 profile1
425 76.397032 -0.877404286190026 profile1
426 76.403847 -0.801796066452696 profile1
427 76.410663 -0.697815356549893 profile1
428 76.607927 -0.58372548166222 profile1
429 76.623625 -0.582907459624806 profile1
430 76.633554 -0.585324104466068 profile1
431 76.643483 -0.594623324931636 profile1
432 76.653411 -0.610309550216989 profile1
433 76.66334 -0.631609908751293 profile1
434 76.700004 -0.500123061776359 profile1
435 67.606765 -1.83247198594083 profile2
436 67.613251 -1.83432321159964 profile2
437 67.619736 -1.83615273695539 profile2
438 67.626222 -1.83796008959582 profile2
439 67.641347 -1.8397463566303 profile2
440 67.654855 -1.84151622204314 profile2
441 67.658769 -1.84337031696163 profile2
442 67.662682 -1.8451957673363 profile2
443 67.666596 -1.84699583690207 profile2
444 67.679986 -1.84877135863238 profile2
445 67.708923 -1.79494069022353 profile2
446 67.715069 -1.74802260710564 profile2
447 67.721215 -1.71465914667459 profile2
448 67.746869 -1.69688713133396 profile2
449 67.778018 -1.69863775846665 profile2
450 67.809168 -1.70270123563845 profile2
451 67.895218 -1.74168862125732 profile2
452 67.900561 -1.80495213393307 profile2
453 67.905905 -1.87828448639331 profile2
454 67.911248 -1.9611776598934 profile2
455 67.920171 -2.01871021802691 profile2
456 67.929072 -2.01627692002134 profile2
457 67.937973 -2.02102281467891 profile2
458 67.946874 -2.03286924441807 profile2
459 67.962131 -2.0294514839147 profile2
460 68.103338 -2.02171860498275 profile2
461 68.122257 -2.0118610272573 profile2
462 68.141177 -1.83731434604951 profile2
463 68.410128 -1.69695652922989 profile2
464 68.415239 -1.63717016557216 profile2
465 68.42035 -1.57244961562522 profile2
466 68.640199 -1.54912441136054 profile2
467 68.652056 -1.56732213788184 profile2
468 68.656091 -1.58797262679011 profile2
469 68.660126 -1.61046031097085 profile2
470 68.664161 -1.6342734363625 profile2
471 68.685197 -1.66917587893536 profile2
472 68.806919 -1.68349137018604 profile2
473 68.816104 -1.68292473298412 profile2
474 68.825289 -1.68235592614517 profile2
475 68.885575 -1.68090199516208 profile2
476 68.886394 -1.67893805881838 profile2
477 68.887213 -1.67738034112049 profile2
478 68.888033 -1.67624427915649 profile2
479 68.888852 -1.67554342690528 profile2
480 68.889671 -1.6752893153464 profile2
481 68.89049 -1.70848101624302 profile2
482 68.89131 -1.73578821498546 profile2
483 68.892129 -1.75443886835107 profile2
484 68.987403 -1.26748499208729 profile2
485 69.064645 -1.36124959466677 profile2
486 69.131341 -0.476072114307896 profile2
487 69.198036 -0.473616328581686 profile2
488 69.214855 -0.487545201939337 profile2
489 69.21825 -0.495272609914774 profile2
490 69.221446 -0.496415465679366 profile2
491 69.224642 -0.49074647820359 profile2
492 69.227838 -0.478305410006873 profile2
493 69.231034 0.0910726035912066 profile2
494 69.23423 0.19321666500753 profile2
495 69.237426 0.194498776690274 profile2
496 69.240621 0.195787768121441 profile2
497 69.244859 0.197026955963147 profile2
498 69.252696 0.19864987491695 profile2
499 69.260534 0.200716383677422 profile2
500 69.416362 0.277478372662669 profile2
501 69.484146 0.526137905172458 profile2
502 69.505599 0.498521171495018 profile2
503 69.508945 0.42913406903027 profile2
504 69.512291 0.358721179922178 profile2
505 69.515636 0.288111941990592 profile2
506 69.542556 0.241543983478184 profile2
507 69.592546 0.34105100748132 profile2
508 69.66328 0.321751237393717 profile2
509 69.721392 0.313079262578686 profile2
510 69.724456 0.313213473147381 profile2
511 69.727519 0.313325744866065 profile2
512 69.733033 0.313411451166242 profile2
513 69.768364 0.306779102401259 profile2
514 69.782339 0.284236821156412 profile2
515 69.796313 0.223596016133448 profile2
516 69.810287 0 profile2
517 69.829176 -0.0209340498924905 profile2
518 69.837051 -0.0684124638866981 profile2
519 69.844926 -0.141998385235709 profile2
520 69.869428 -0.21634827827562 profile2
521 69.876397 -0.261110356949076 profile2
522 69.876657 -0.308426593047385 profile2
523 69.876917 -0.360698633345082 profile2
524 69.924127 -0.416661335207165 profile2
525 69.978753 -0.50324909401429 profile2
526 70.033378 -0.560119535257463 profile2
527 70.042973 -0.617736996721673 profile2
528 70.043703 -0.675055900038084 profile2
529 70.044434 -0.731409848740063 profile2
530 70.087246 -0.773221065942454 profile2
531 70.141872 -0.79135394895043 profile2
532 70.196497 -0.709268312536713 profile2
533 70.400832 -0.681210886475811 profile2
534 70.421006 -0.601411012486686 profile2
535 70.441181 -0.521499235342873 profile2
536 70.60917 -0.460356351874155 profile2
537 70.612702 -0.45847956791287 profile2
538 70.616235 -0.468999407808495 profile2
539 70.661194 -0.486925533816704 profile2
540 70.728481 -0.498035747950038 profile2
541 70.750402 -0.51632162579179 profile2
542 70.772323 -0.584361844651454 profile2
543 70.779053 -0.685823053970951 profile2
544 70.782062 -0.789624892796472 profile2
545 70.785072 -0.903199392208483 profile2
546 71.12066 -0.859197037938454 profile2
547 71.198629 -0.870478515914868 profile2
548 71.276599 -0.882566249186213 profile2
549 71.354568 -0.905497229598589 profile2
550 71.418821 -1.1530038700656 profile2
551 71.422464 -1.43825666565677 profile2
552 71.425934 -1.72846940132457 profile2
553 71.429405 -1.84632207894296 profile2
554 71.432875 -1.87136140292824 profile2
555 71.436346 -1.89588761993184 profile2
556 71.439817 -1.91981948039206 profile2
557 71.443287 -1.9430822870666 profile2
558 71.449172 -1.96535593825045 profile2
559 71.46043 -1.98686990624931 profile2
560 71.475844 -2.00837890302735 profile2
561 71.510771 -2.03004764016673 profile2
562 71.658293 -2.05342223514919 profile2
563 71.675712 -2.08095281445353 profile2
564 71.693132 -2.11252329138402 profile2
565 71.782692 -2.36631759660615 profile2
566 71.793079 -2.40388280951313 profile2
567 71.803404 -2.43546327752415 profile2
568 71.813729 -2.37746337067308 profile2
569 71.824055 -2.54871857183365 profile2
570 71.83438 -2.66391958466298 profile2
571 71.859513 -2.68638105388086 profile2
572 71.937774 -2.71721532019145 profile2
573 71.945079 -2.76948020275056 profile2
574 71.952385 -2.8065923444309 profile2
575 71.98473 -2.84315865943851 profile2
576 72.012709 -2.89577534768609 profile2
577 72.040688 -2.94534312613667 profile2
578 72.210521 -3.2301106173193 profile2
579 72.314268 -3.25133598273999 profile2
580 72.366456 -3.2211079490738 profile2
581 72.411367 -3.22439771451175 profile2
582 72.450663 -3.21976196481682 profile2
583 72.471305 -3.16769404585646 profile2
584 72.491946 -3.13683931853414 profile2
585 72.512588 -3.11784484019369 profile2
586 72.601385 -2.60161922125178 profile2
587 72.621813 -2.59195213617956 profile2
588 72.642242 -2.58922802700887 profile2
589 72.66267 -2.5865655788069 profile2
590 72.771429 -2.71610274331166 profile2
591 72.883243 -2.70350736300825 profile2
592 72.898448 -2.6901782151322 profile2
593 72.913654 -2.6757016512561 profile2
594 72.928859 -2.66014267754675 profile2
595 72.944065 -2.64345693049877 profile2
596 72.95927 -2.58810220167516 profile2
597 72.974476 -2.45670614636299 profile2
598 72.989681 -2.49797019875015 profile2
599 72.996574 -2.52177252615476 profile2
600 72.9996 -2.56051737076179 profile2
601 73.002626 -2.59734062132677 profile2
602 73.005652 -2.56288479215769 profile2
603 73.012925 -2.54176938990206 profile2
604 73.023956 -2.52737116111601 profile2
605 73.034987 -2.51406386429251 profile2
606 73.046018 -2.46882576044494 profile2
607 73.057049 -2.41970729336941 profile2
608 73.06808 -2.37356490306057 profile2
609 73.079353 -2.34867335000213 profile2
610 73.111862 -2.83389310719809 profile2
611 73.146945 -2.99682121874392 profile2
612 73.171837 -3.08668335715941 profile2
613 73.196729 -3.20490706211611 profile2
614 73.629401 -3.23022276970409 profile2
615 74.062073 -3.21807527478014 profile2
616 74.066223 -3.21370440126354 profile2
617 74.070373 -3.2089836131535 profile2
618 74.074523 -3.20393233684598 profile2
619 74.078673 -3.19857129087718 profile2
620 74.082823 -3.39892456293178 profile2
621 74.3761735 -3.31317376887675 profile2
622 74.669524 -3.48023443765371 profile2
623 74.672012 -3.60965950619976 profile2
624 74.674499 -3.77160295850454 profile2
625 74.716248 -3.95329906395033 profile2
626 74.724515 -4.13989951954588 profile2
627 74.732783 -4.18810788633369 profile2
628 75.0995546666667 -4.39244494237739 profile2
629 75.4663263333333 -4.41886486276642 profile2
630 75.833098 -4.35429596677394 profile2
631 75.863363 -4.34739801018221 profile2
632 75.875899 -4.34102585083002 profile2
633 75.888435 -4.34860385391036 profile2
634 75.900971 -4.38502421093264 profile2
635 75.903257 -4.42488298027673 profile2
636 75.904489 -4.46692781810046 profile2
637 75.905721 -4.50985863523497 profile2
638 75.917304 -4.5510593748287 profile2
639 76.287653 -4.54603690936313 profile2
640 76.288899 -4.53578113530583 profile2
641 76.290145 -4.5274907976698 profile2
642 76.397032 -4.51244160361967 profile2
643 76.403847 -4.5001982058879 profile2
644 76.410663 -4.49653970119121 profile2
645 76.607927 -4.47726613262086 profile2
646 76.623625 -4.49868765593347 profile2
647 76.633554 -4.53076960139371 profile2
648 76.643483 -4.55708789169737 profile2
649 76.653411 -4.57718873491674 profile2
650 76.66334 -4.59117020933842 profile2
651 76.700004 -4.59369305019945 profile2
