marker_position lod trace
1 142.490795 -39.054859747874 pleio
2 142.517426 -38.9175022942609 pleio
3 142.560149 -38.8130760532263 pleio
4 142.602873 -38.7116389592872 pleio
5 142.64402 -38.6123770937223 pleio
6 142.685103 -38.6275370117159 pleio
7 142.726186 -38.5666475540731 pleio
8 142.767269 -38.483585919419 pleio
9 142.808353 -38.378409311124 pleio
10 142.849436 -38.2077047627186 pleio
11 142.876943 -38.0536591798657 pleio
12 142.880371 -37.9165711569512 pleio
13 142.883799 -37.7969378821465 pleio
14 142.904956 -37.6974733251346 pleio
15 142.989329 -37.666392684449 pleio
16 143.073701 -37.5739615414338 pleio
17 143.155273 -37.354731531318 pleio
18 143.159416 -37.0396057837021 pleio
19 143.163559 -36.8704379547155 pleio
20 143.167702 -36.7932937428997 pleio
21 143.171846 -36.6569803489627 pleio
22 143.175989 -36.4637628304268 pleio
23 143.180132 -36.2213552528062 pleio
24 143.240265 -35.8466320678305 pleio
25 143.324863 -34.2064061611336 pleio
26 143.409462 -33.8950342330875 pleio
27 143.484637 -33.9725799935005 pleio
28 143.487347 -34.0391033856233 pleio
29 143.490056 -33.9244166793424 pleio
30 143.492766 -33.8236089630603 pleio
31 143.495555 -33.7369838570564 pleio
32 143.498344 -33.6647341359058 pleio
33 143.501132 -33.6081260705046 pleio
34 143.521072 -33.5110023880361 pleio
35 143.53778 -33.3946779357183 pleio
36 143.554489 -32.9109601823693 pleio
37 143.570345 -32.339875265339 pleio
38 143.571477 -31.8979685711437 pleio
39 143.572611 -31.611619613998 pleio
40 143.574439 -31.4948026414415 pleio
41 143.699438 -31.6186299958741 pleio
42 143.824436 -31.4551792344236 pleio
43 143.915168 -30.9482052707103 pleio
44 143.920616 -30.626733579044 pleio
45 143.926063 -30.3468427351336 pleio
46 143.93182 -29.7731693225949 pleio
47 143.935901 -28.8881631655139 pleio
48 143.939982 -28.2341356857135 pleio
49 143.944917 -27.8413474681235 pleio
50 143.975668 -27.7243711395101 pleio
51 144.013221 -27.5693292381817 pleio
52 144.051716 -27.4549036994573 pleio
53 144.090211 -27.4518475843491 pleio
54 144.128706 -27.4516649684716 pleio
55 144.167202 -27.4505392170234 pleio
56 144.176428 -27.4492519897202 pleio
57 144.180816 -27.4486080921152 pleio
58 144.185205 -27.4488967931737 pleio
59 144.348163 -27.2195727356444 pleio
60 144.361337 -26.764489589849 pleio
61 144.363468 -25.853484347128 pleio
62 144.365599 -24.8666322204692 pleio
63 144.367577 -24.0383420033537 pleio
64 144.375504 -23.3715802667935 pleio
65 144.385418 -22.8397135862679 pleio
66 144.395332 -22.4506342461834 pleio
67 144.407236 -22.2097158997832 pleio
68 144.411293 -22.010128949819 pleio
69 144.415349 -21.8262523940794 pleio
70 144.419405 -21.6588884887432 pleio
71 144.423461 -21.5086748772764 pleio
72 144.427517 -21.3537301909407 pleio
73 144.431573 -21.2055201639874 pleio
74 144.437408 -21.0766547126896 pleio
75 144.440911 -21.0197204731691 pleio
76 144.442944 -20.9761227433419 pleio
77 144.444976 -20.8175039608074 pleio
78 144.447008 -20.5904270279397 pleio
79 144.44904 -20.4127970898256 pleio
80 144.454745 -20.2849972644145 pleio
81 144.498681 -20.1924837319433 pleio
82 144.558267 -20.1598944578122 pleio
83 144.587405 -20.0821596386737 pleio
84 144.587686 -19.9414556376517 pleio
85 144.587968 -19.8438941827704 pleio
86 144.617027 -19.824257380062 pleio
87 144.705848 -18.9206466435676 pleio
88 144.716797 -17.9685061329505 pleio
89 144.727745 -17.5618444759349 pleio
90 144.897381 -17.5801850178676 pleio
91 144.903395 -17.6569950906273 pleio
92 144.909409 -17.7514396050836 pleio
93 144.916914 -17.8633028762582 pleio
94 144.947844 -17.9543434625115 pleio
95 144.978774 -18.0544327021851 pleio
96 145.106694 -18.3409462404175 pleio
97 145.224788 -17.8158161193803 pleio
98 145.342881 -17.4550001897018 pleio
99 145.729503 -15.7275798902362 pleio
100 145.916546 -15.6596579368953 pleio
101 146.10359 -15.5250232974543 pleio
102 146.240909 -15.319929186803 pleio
103 146.283615 -15.1279480129745 pleio
104 146.304543 -14.9743955111446 pleio
105 146.314537 -14.859245476201 pleio
106 146.319976 -14.782697835082 pleio
107 146.322338 -14.7445201393171 pleio
108 146.3247 -14.744052319319 pleio
109 146.327062 -14.7802267687819 pleio
110 146.329424 -14.8516020143751 pleio
111 146.331786 -14.9564189296866 pleio
112 146.334148 -15.0926569751221 pleio
113 146.33651 -13.7659209843618 pleio
114 146.643419 -13.764534247186 pleio
115 146.654632 -13.3756617298408 pleio
116 146.665844 -13.0757221487386 pleio
117 146.677056 -12.8681433777044 pleio
118 146.688269 -12.4201804273972 pleio
119 146.69133 -11.8651481570892 pleio
120 146.694026 -11.3875649381945 pleio
121 146.696722 -11.0164629751342 pleio
122 146.699418 -10.7700775934525 pleio
123 146.702114 -10.6479135828886 pleio
124 146.70481 -10.4632241402992 pleio
125 146.707507 -10.2656461219541 pleio
126 146.710838 -10.0935882429281 pleio
127 146.716274 -9.94736660769143 pleio
128 146.72171 -9.82699108046069 pleio
129 146.727146 -9.73217417575239 pleio
130 146.734615 -9.67765711305272 pleio
131 146.80381 -9.38429273630064 pleio
132 146.862885 -7.12539282260229 pleio
133 146.863965 -4.83383660792845 pleio
134 146.865044 -3.00235952187535 pleio
135 146.87452 -1.81831608354071 pleio
136 146.889753 -1.37289908999911 pleio
137 146.904986 -1.3597776552095 pleio
138 147.064187 -0.870613183749245 pleio
139 147.069549 -0.491999865394261 pleio
140 147.074911 -0.327680617930031 pleio
141 147.080273 -0.198559073718525 pleio
142 147.089309 -0.104630850135127 pleio
143 147.114764 -0.0422448919149393 pleio
144 147.137425 -0.0316647371778159 pleio
145 147.157965 -0.0579246050971703 pleio
146 147.178504 0 pleio
147 147.221814 -3.10152135570874 pleio
148 147.253583 -7.75063362723155 pleio
149 147.272554 -7.8671053327802 pleio
150 147.275576 -8.09202990078337 pleio
151 147.278599 -8.40047013364484 pleio
152 147.281622 -8.61860753429676 pleio
153 147.284644 -8.8910478112783 pleio
154 147.286194 -9.21924170971682 pleio
155 147.286753 -9.6039155686323 pleio
156 147.287312 -10.0449412206894 pleio
157 147.287872 -10.5412745854308 pleio
158 147.290648 -11.1342805416695 pleio
159 147.299484 -11.8209391965315 pleio
160 147.327447 -17.1255530160807 pleio
161 147.35561 -17.223048954038 pleio
162 147.383773 -17.1039223899332 pleio
163 147.397845 -17.1420570463024 pleio
164 147.402328 -17.2003750455365 pleio
165 147.406811 -17.2787303229201 pleio
166 147.411546 -17.3777331060689 pleio
167 147.442387 -17.4968930398107 pleio
168 147.535843 -17.5221653531288 pleio
169 147.551736 -17.8126436965095 pleio
170 147.555599 -18.27592495572 pleio
171 147.559461 -18.6266099600927 pleio
172 147.563362 -19.0064381374751 pleio
173 147.583398 -20.0548490965501 pleio
174 147.602453 -20.6755653950868 pleio
175 147.621507 -21.2078627481988 pleio
176 147.682611 -21.3501563718943 pleio
177 147.68996 -21.6291239603552 pleio
178 147.695588 -22.5221341594671 pleio
179 147.701215 -23.5648751102211 pleio
180 147.706843 -24.7209693063799 pleio
181 147.719435 -25.9784744052582 pleio
182 147.737975 -26.1635930234682 pleio
183 147.751499 -26.2402337285938 pleio
184 147.760277 -26.3591235510835 pleio
185 147.769056 -26.5112577508571 pleio
186 147.777834 -26.6923519731111 pleio
187 147.786613 -27.2846403498632 pleio
188 147.795391 -27.0336069326571 pleio
189 147.816836 -26.8046435607749 pleio
190 147.850698 -26.7098426706457 pleio
191 147.88456 -26.6962292188291 pleio
192 147.914702 -27.0112014124737 pleio
193 147.91491 -27.3131093794344 pleio
194 147.915116 -27.6609839817659 pleio
195 147.915322 -28.0517992227615 pleio
196 147.915527 -28.4815005752488 pleio
197 147.915733 -28.9452403355719 pleio
198 147.916803 -29.4186024671011 pleio
199 147.923623 -29.6044685757447 pleio
200 147.930444 -29.7771724758934 pleio
201 147.937264 -29.9543071303569 pleio
202 147.944084 -30.2325757501467 pleio
203 147.949324 -30.595156422378 pleio
204 147.953121 -30.9304027276781 pleio
205 147.956917 -31.3288331826855 pleio
206 147.960714 -31.8499246986375 pleio
207 147.964511 -32.4754155634969 pleio
208 147.968307 -32.8351317674605 pleio
209 147.973733 -33.0707395907998 pleio
210 147.982072 -33.2770801790763 pleio
211 147.982175 -33.4436514687691 pleio
212 147.982278 -33.6367790980085 pleio
213 147.986316 -33.9664601492316 pleio
214 147.986987 -34.8544729102989 pleio
215 147.987657 -36.0287701532584 pleio
216 147.988327 -37.4482206591349 pleio
217 147.988998 -39.0399074665171 pleio
218 147.989668 -40.4096946138781 pleio
219 148.006053 -40.6308630172157 pleio
220 148.013144 -40.8168692333994 pleio
221 148.020236 -41.0468003292063 pleio
222 148.027327 -41.3213280065701 pleio
223 148.033269 -41.6398833561357 pleio
224 148.037078 -42.0005528755064 pleio
225 148.040918 -42.352905911521 pleio
226 148.046494 -42.9644838092193 pleio
227 148.05207 -43.3620504604373 pleio
228 148.180347 -43.5799212708405 pleio
229 148.183086 -43.8618823211235 pleio
230 148.185825 -44.1580545499814 pleio
231 148.188563 -44.4537110078892 pleio
232 148.191302 -44.3202370035547 pleio
233 148.194041 -44.2942039069147 pleio
234 148.19678 -44.3736174709667 pleio
235 148.200032 -44.4831943406119 pleio
236 148.204884 -44.6031099340897 pleio
237 148.213021 -44.7402403019033 pleio
238 148.213171 -44.9692578147926 pleio
239 148.213321 -45.1958770083622 pleio
240 148.326473 -45.3572896209574 pleio
241 148.333368 -45.1784730396587 pleio
242 148.340263 -44.9122982680991 pleio
243 148.347157 -44.6562722522253 pleio
244 148.354052 -44.3927595609129 pleio
245 148.362946 -44.1429627517646 pleio
246 148.380016 -43.9226306514305 pleio
247 148.403283 -43.8516705390403 pleio
248 148.42655 -43.8467118005883 pleio
249 148.430037 -43.869061903527 pleio
250 148.4319 -43.8986404399387 pleio
251 148.433763 -43.9353423008142 pleio
252 148.435626 -44.1402554750822 pleio
253 148.437489 -45.0324583422429 pleio
254 148.439352 -45.3179310307605 pleio
255 148.441214 -45.1984537887498 pleio
256 148.443077 -45.1173253518396 pleio
257 148.44494 -45.0775586916 pleio
258 148.446803 -45.0775471984963 pleio
259 148.453459 -45.1052637650788 pleio
260 148.477993 -45.1308019144061 pleio
261 148.493526 -45.1526321083118 pleio
262 148.493644 -45.176272035506 pleio
263 148.493762 -45.2019884651492 pleio
264 148.502187 -45.2776833378863 pleio
265 148.624196 -45.4558273858142 pleio
266 148.648833 -45.4941046909681 pleio
267 148.673469 -47.7951888662709 pleio
268 148.812084 -48.7640638907131 pleio
269 148.815025 -48.8099547806895 pleio
270 142.490795 -33.4329445168155 profile1
271 142.517426 -33.3067601086094 profile1
272 142.560149 -33.2060228439492 profile1
273 142.602873 -33.1079647027354 profile1
274 142.64402 -33.011917296226 profile1
275 142.685103 -33.0805828238478 profile1
276 142.726186 -33.038156386593 profile1
277 142.767269 -32.9576960280555 profile1
278 142.808353 -32.8664814258961 profile1
279 142.849436 -32.7399312547681 profile1
280 142.876943 -32.6240275613821 profile1
281 142.880371 -32.5187519202056 profile1
282 142.883799 -32.4245049553167 profile1
283 142.904956 -32.3431350250387 profile1
284 142.989329 -32.1225273810721 profile1
285 143.073701 -32.0040775218799 profile1
286 143.155273 -31.9220448761069 profile1
287 143.159416 -31.8360183905514 profile1
288 143.163559 -31.8239063326654 profile1
289 143.167702 -31.8275008302102 profile1
290 143.171846 -31.7750134055511 profile1
291 143.175989 -31.665238028527 profile1
292 143.180132 -31.502766756271 profile1
293 143.240265 -31.2208454408445 profile1
294 143.492766 -29.4431288383975 profile1
295 143.495555 -29.357360343803 profile1
296 143.498344 -29.2839986503835 profile1
297 143.501132 -29.2258266303983 profile1
298 143.521072 -29.149970870441 profile1
299 143.53778 -29.0646148525563 profile1
300 143.554489 -28.6997973383538 profile1
301 143.570345 -28.2492646872355 profile1
302 143.571477 -27.8768203656766 profile1
303 144.909409 -17.7021101931173 profile1
304 144.916914 -17.7952412783006 profile1
305 144.947844 -17.8739767679584 profile1
306 144.978774 -17.9613928189362 profile1
307 145.106694 -17.5546658850985 profile1
308 145.224788 -16.8503243343029 profile1
309 145.342881 -16.5587801198325 profile1
310 145.729503 -15.2676145462274 profile1
311 145.916546 -15.118346170583 profile1
312 146.10359 -14.9429352097211 profile1
313 146.240909 -14.7247553382769 profile1
314 146.283615 -14.6480237518868 profile1
315 146.304543 -14.4355138857816 profile1
316 146.314537 -14.2524138140725 profile1
317 146.319976 -14.0992468107111 profile1
318 146.322338 -13.9762484269201 profile1
319 146.3247 -13.8833619205387 profile1
320 146.327062 -13.8202465614203 profile1
321 146.329424 -13.7862961953613 profile1
322 146.331786 -13.7806658780798 profile1
323 146.334148 -13.8023078902137 profile1
324 146.33651 -12.1250425754312 profile1
325 146.643419 -11.6334503247877 profile1
326 146.654632 -11.2611951298243 profile1
327 146.665844 -10.9500479242289 profile1
328 146.677056 -10.7079229050728 profile1
329 146.688269 -10.250065139433 profile1
330 146.69133 -9.69937995164396 profile1
331 146.694026 -9.22697461298721 profile1
332 146.696722 -8.85821125653515 profile1
333 146.699418 -8.60688521857602 profile1
334 146.702114 -8.46893924983404 profile1
335 146.70481 -8.2721175497366 profile1
336 146.87452 0.802698737045021 profile1
337 146.889753 1.33471111129481 profile1
338 146.904986 1.38492236503082 profile1
339 147.064187 1.8642778376812 profile1
340 147.069549 2.14288180918542 profile1
341 147.074911 2.23076917880154 profile1
342 147.080273 2.2819058240679 profile1
343 147.089309 2.32019737032613 profile1
344 147.114764 2.35060048892906 profile1
345 147.137425 2.3562823019479 profile1
346 147.157965 2.35744330747056 profile1
347 147.178504 2.44718889391347 profile1
348 147.221814 -0.590658086031645 profile1
349 147.253583 -5.12970216963186 profile1
350 147.272554 -5.34857304459639 profile1
351 147.275576 -5.68077919829451 profile1
352 147.278599 -6.08226113527501 profile1
353 147.281622 -6.3922666392192 profile1
354 147.284644 -6.74332694514939 profile1
355 147.286194 -7.13472472419198 profile1
356 147.286753 -7.5654372536803 profile1
357 147.287312 -8.03413347377099 profile1
358 147.287872 -8.53917904485215 profile1
359 147.290648 -9.11219301838643 profile1
360 147.299484 -9.75198158046666 profile1
361 147.327447 -14.3905762747262 profile1
362 147.35561 -14.522679585326 profile1
363 147.383773 -14.7069664990295 profile1
364 147.397845 -14.7535464918546 profile1
365 147.402328 -14.8170045325169 profile1
366 147.406811 -14.8973490863341 profile1
367 147.411546 -14.9951981064795 profile1
368 147.442387 -15.1103230398129 profile1
369 147.535843 -15.1429769808005 profile1
370 147.551736 -15.4679337686497 profile1
371 147.555599 -15.9501207124769 profile1
372 147.559461 -16.2394631291015 profile1
373 147.563362 -16.5289309092925 profile1
374 147.583398 -17.4784561619966 profile1
375 147.602453 -18.0705824792196 profile1
376 147.621507 -18.5406528563607 profile1
377 147.682611 -18.661079910332 profile1
378 147.68996 -18.9220239598653 profile1
379 147.695588 -19.7625182254238 profile1
380 147.701215 -20.7407436034022 profile1
381 147.706843 -21.6979937978321 profile1
382 147.719435 -22.602025563769 profile1
383 147.737975 -22.7388591321049 profile1
384 147.751499 -22.8049760415839 profile1
385 147.760277 -22.9059048317963 profile1
386 147.769056 -23.0382449339985 profile1
387 147.777834 -23.1989049122693 profile1
388 147.786613 -23.6668356461381 profile1
389 147.795391 -23.6089671254423 profile1
390 147.816836 -23.5253336366351 profile1
391 147.850698 -23.486730926902 profile1
392 147.88456 -23.514130305854 profile1
393 147.914702 -23.6121849059301 profile1
394 147.91491 -23.7398429300073 profile1
395 147.915116 -23.9017376183022 profile1
396 147.915322 -24.0976648957659 profile1
397 147.915527 -24.3266421905184 profile1
398 147.915733 -24.5869441464434 profile1
399 147.916803 -24.8662223994644 profile1
400 147.923623 -25.0037484696942 profile1
401 147.930444 -25.1318788536487 profile1
402 147.937264 -25.2634691854697 profile1
403 147.944084 -25.4750068405426 profile1
404 148.19678 -36.7520329722182 profile1
405 148.200032 -36.842529348069 profile1
406 148.204884 -36.9379864517385 profile1
407 148.213021 -37.0410421891934 profile1
408 148.213171 -37.1734344043193 profile1
409 148.213321 -37.3023194231008 profile1
410 148.326473 -37.3811249311078 profile1
411 148.333368 -37.1991032941381 profile1
412 148.340263 -36.9355481195466 profile1
413 148.347157 -36.6891286727909 profile1
414 148.354052 -36.4545625922731 profile1
415 148.362946 -36.2320522143174 profile1
416 148.380016 -36.0421286933147 profile1
417 148.403283 -35.9909003166809 profile1
418 148.42655 -35.9967442093546 profile1
419 148.430037 -36.044776890409 profile1
420 148.4319 -36.0983804990159 profile1
421 148.433763 -36.1572516133864 profile1
422 148.435626 -36.2106901866121 profile1
423 148.437489 -36.8101875279298 profile1
424 148.439352 -37.0736478222942 profile1
425 148.441214 -37.0532067701258 profile1
426 148.443077 -37.0635871406877 profile1
427 148.44494 -37.1046754863274 profile1
428 148.446803 -37.1730753162979 profile1
429 148.453459 -37.2342681033386 profile1
430 148.477993 -37.2688685288114 profile1
431 148.493526 -37.3070872024991 profile1
432 148.493644 -37.3475661084207 profile1
433 148.493762 -37.3898947003977 profile1
434 148.502187 -37.3567073992397 profile1
435 148.624196 -37.4918950570414 profile1
436 148.648833 -37.3514045665125 profile1
437 143.572611 -27.6043704126786 profile1
438 143.574439 -27.4443358314144 profile1
439 143.699438 -27.48112165007 profile1
440 144.367577 -22.5529094781078 profile1
441 144.375504 -21.9963915633356 profile1
442 144.385418 -21.5757201157308 profile1
443 144.395332 -21.2959692569851 profile1
444 144.407236 -21.1086305433806 profile1
445 144.411293 -20.928071337125 profile1
446 144.415349 -20.7593235872117 profile1
447 144.419405 -20.6032137792949 profile1
448 144.423461 -20.4604088273957 profile1
449 144.427517 -20.3361679859134 profile1
450 144.431573 -20.2228215485091 profile1
451 144.437408 -20.1244047601785 profile1
452 144.440911 -20.0900250680424 profile1
453 144.442944 -20.0637049371488 profile1
454 144.444976 -19.9703283623296 profile1
455 144.447008 -19.8419516846209 profile1
456 144.44904 -19.7492585101309 profile1
457 144.454745 -19.6943915685808 profile1
458 144.498681 -19.6669252673577 profile1
459 144.558267 -19.6752491268675 profile1
460 144.587405 -19.5714574857793 profile1
461 144.587686 -19.3983854294521 profile1
462 144.587968 -19.2673701602817 profile1
463 144.617027 -19.2160827978222 profile1
464 144.705848 -18.6032959508105 profile1
465 144.716797 -17.9296692774701 profile1
466 144.727745 -17.5618444759349 profile1
467 144.897381 -17.5628933508907 profile1
468 144.903395 -17.625531580551 profile1
469 146.707507 -8.06512381822678 profile1
470 146.710838 -7.8822304397519 profile1
471 146.716274 -7.72501081438395 profile1
472 146.72171 -7.59338430537052 profile1
473 146.727146 -7.48696420177494 profile1
474 146.734615 -7.41530925193912 profile1
475 146.80381 -7.11082742417576 profile1
476 146.862885 -4.80425855528913 profile1
477 146.863965 -2.42673269114807 profile1
478 146.865044 -0.491363737949376 profile1
479 147.949324 -25.7429222383445 profile1
480 147.953121 -25.9571077657305 profile1
481 147.956917 -26.1914109669365 profile1
482 147.960714 -26.5095670033495 profile1
483 147.964511 -26.9043245034434 profile1
484 147.968307 -27.1000091909235 profile1
485 147.973733 -27.2184051393222 profile1
486 147.982072 -27.3792062580331 profile1
487 147.982175 -27.5338289720239 profile1
488 147.982278 -27.7143061272322 profile1
489 147.986316 -28.0032117068091 profile1
490 147.986987 -28.7476271502655 profile1
491 147.987657 -29.7612047958466 profile1
492 147.988327 -31.0070395469658 profile1
493 147.988998 -32.417259953882 profile1
494 147.989668 -33.6204039922407 profile1
495 148.006053 -33.7409083810437 profile1
496 148.013144 -33.9053102843248 profile1
497 148.020236 -34.1064269359563 profile1
498 148.027327 -34.3447638529636 profile1
499 148.033269 -34.6197431421583 profile1
500 148.037078 -34.9296215599934 profile1
501 148.040918 -35.2220228753129 profile1
502 148.046494 -35.6340916080671 profile1
503 148.05207 -35.8540610288073 profile1
504 148.180347 -35.9546851324769 profile1
505 148.183086 -36.195570919621 profile1
506 148.185825 -36.4485638621439 profile1
507 148.188563 -36.7018919052327 profile1
508 148.191302 -36.6294087881789 profile1
509 148.194041 -36.6539957537666 profile1
510 148.812084 -40.1810862571798 profile1
511 148.815025 -40.2085779394375 profile1
512 148.673469 -39.4248750776658 profile1
513 143.324863 -29.9456422929513 profile1
514 143.409462 -29.6412713620153 profile1
515 143.484637 -29.6484904520654 profile1
516 143.487347 -29.6411635638095 profile1
517 143.490056 -29.5404025802821 profile1
518 143.824436 -27.3719754990664 profile1
519 143.915168 -27.024818184082 profile1
520 143.920616 -26.7693643845383 profile1
521 143.926063 -26.5448553862286 profile1
522 143.93182 -26.0383918529828 profile1
523 143.935901 -25.4845149380669 profile1
524 143.939982 -25.1273295423896 profile1
525 143.944917 -24.9774235169931 profile1
526 143.975668 -25.0319582320496 profile1
527 144.013221 -25.0760839154386 profile1
528 144.051716 -25.1023923789469 profile1
529 144.090211 -25.1064364420481 profile1
530 144.128706 -25.1021562227914 profile1
531 144.167202 -25.0972934001433 profile1
532 144.176428 -25.0923626423395 profile1
533 144.180816 -25.0878568660027 profile1
534 144.185205 -25.0829659433877 profile1
535 144.348163 -25.0425626841256 profile1
536 144.361337 -24.6639435620058 profile1
537 144.363468 -23.9528684926234 profile1
538 144.365599 -23.213404000381 profile1
539 142.490795 -1.84976812190348 profile2
540 142.517426 -1.8290248457193 profile2
541 142.560149 -1.81295224968574 profile2
542 142.602873 -1.79708089249603 profile2
543 142.64402 -1.78126708387913 profile2
544 142.685103 -1.72517373482024 profile2
545 142.726186 -1.69485420403709 profile2
546 142.767269 -1.67994296711607 profile2
547 142.808353 -1.6601146278395 profile2
548 142.849436 -1.62642496384476 profile2
549 142.876943 -1.59507008883843 profile2
550 142.880371 -1.56641662771583 profile2
551 142.883799 -1.54052668439792 profile2
552 142.904956 -1.51796685457821 profile2
553 142.989329 -1.64265549474798 profile2
554 143.073701 -1.64249891515694 profile2
555 143.155273 -1.51905463780251 profile2
556 143.159416 -1.30773726990846 profile2
557 143.163559 -1.17407877512368 profile2
558 143.167702 -1.13724011888613 profile2
559 143.171846 -1.10234099517996 profile2
560 143.175989 -1.06982404000587 profile2
561 143.180132 -1.03984489495989 profile2
562 143.240265 -1.02012224282536 profile2
563 143.324863 -0.847706945766045 profile2
564 143.409462 -0.926711519227568 profile2
565 143.484637 -0.992728337103835 profile2
566 143.487347 -1.05984213805882 profile2
567 143.490056 -1.05630818704609 profile2
568 143.492766 -1.05370876396648 profile2
569 143.495555 -1.05205545345477 profile2
570 143.498344 -1.05135696923484 profile2
571 143.501132 -1.04848958412643 profile2
572 143.521072 -1.02515360308756 profile2
573 143.53778 -0.988781387499168 profile2
574 143.554489 -0.927185204964505 profile2
575 143.570345 -0.868286437349457 profile2
576 143.571477 -0.828125761343974 profile2
577 143.572611 -0.807305267549137 profile2
578 143.574439 -0.805271053521137 profile2
579 143.699438 -0.840004762140503 profile2
580 143.824436 -0.827927784631587 profile2
581 143.915168 -0.694970311649019 profile2
582 143.920616 -0.646575144391455 profile2
583 143.926063 -0.59738463761391 profile2
584 143.93182 -0.516909032258242 profile2
585 143.935901 -0.269723168735925 profile2
586 143.939982 -0.0318474637910706 profile2
587 143.944917 0.179582646364136 profile2
588 143.975668 0.3483069509669 profile2
589 144.013221 0.516882976481043 profile2
590 144.051716 0.636657054188337 profile2
591 144.090211 0.641434730807228 profile2
592 144.128706 0.63703114110579 profile2
593 144.167202 0.632454716346863 profile2
594 144.176428 0.62770590331012 profile2
595 144.180816 0.622730329739765 profile2
596 144.185205 0.616588153611773 profile2
597 144.348163 0.76343748077045 profile2
598 144.361337 0.865010974325767 profile2
599 144.363468 1.06651143573022 profile2
600 144.365599 1.31752732412204 profile2
601 144.367577 1.48711438135609 profile2
602 144.375504 1.59170656347671 profile2
603 144.385418 1.6877696217404 profile2
604 144.395332 1.77208766896824 profile2
605 144.407236 1.80781353542818 profile2
606 144.411293 1.81791441321286 profile2
607 144.415349 1.82518638777694 profile2
608 144.419405 1.82959240345384 profile2
609 144.423461 1.83110672949368 profile2
610 144.427517 1.85901014447802 profile2
611 144.431573 1.89227560208163 profile2
612 144.437408 1.92063252223471 profile2
613 144.440911 1.93142272866371 profile2
614 144.442944 1.93807157568872 profile2
615 144.444976 1.97943564031771 profile2
616 144.447008 2.04543076344017 profile2
617 144.44904 2.10181439626433 profile2
618 144.454745 2.15460322642635 profile2
619 144.498681 2.20222625818279 profile2
620 144.558267 2.23094644370847 profile2
621 144.587405 2.20657798981229 profile2
622 144.587686 2.17749708494125 profile2
623 144.587968 2.14617840682184 profile2
624 144.617027 2.11450806657353 profile2
625 144.705848 2.27837262477206 profile2
626 144.716797 2.44718889391347 profile2
627 144.727745 2.43820287520564 profile2
628 144.897381 2.42840034094483 profile2
629 144.903395 2.42371314730215 profile2
630 144.909409 2.41549722937222 profile2
631 144.916914 2.40375117876265 profile2
632 144.947844 2.39177233692312 profile2
633 144.978774 2.37583221585446 profile2
634 145.106694 1.85525934913232 profile2
635 145.224788 1.62041318672771 profile2
636 145.342881 1.69275439547292 profile2
637 145.729503 2.04055279172998 profile2
638 145.916546 1.9582611030297 profile2
639 146.10359 1.86895895749366 profile2
640 146.240909 1.8393596738334 profile2
641 146.283615 1.97773991633429 profile2
642 146.304543 1.9239965548017 profile2
643 146.314537 1.85797194979188 profile2
644 146.319976 1.77976936927774 profile2
645 146.322338 1.68974329640367 profile2
646 146.3247 1.5884969216264 profile2
647 146.327062 1.47687035906499 profile2
648 146.329424 1.35591874761799 profile2
649 146.331786 1.22687136262599 profile2
650 146.334148 1.09109350451475 profile2
651 146.33651 0.574667025752859 profile2
652 146.643419 0.212065401838923 profile2
653 146.654632 0.250642460872513 profile2
654 146.665844 0.273603441340431 profile2
655 146.677056 0.278830953260644 profile2
656 146.688269 0.302887596339935 profile2
657 146.69133 0.345954100300925 profile2
658 146.694026 0.369389761245881 profile2
659 146.696722 0.36422332283388 profile2
660 146.699418 0.325559154239372 profile2
661 146.702114 0.255284478546722 profile2
662 146.70481 0.230403584442281 profile2
663 146.707507 0.220801997976253 profile2
664 146.710838 0.209299680652089 profile2
665 146.716274 0.195854841831937 profile2
666 146.72171 0.180446772800682 profile2
667 146.727146 0.163076519736105 profile2
668 146.734615 0.139876141956484 profile2
669 146.80381 0.127049171270459 profile2
670 146.862885 0.0686852443448753 profile2
671 146.863965 -0.0246134847158025 profile2
672 146.865044 -0.125715930611229 profile2
673 146.87452 -0.222180916115706 profile2
674 146.889753 -0.288579772260399 profile2
675 146.904986 -0.315540171985909 profile2
676 147.064187 -0.293731864189862 profile2
677 147.069549 -0.192405224840655 profile2
678 147.074911 -0.11432515414282 profile2
679 147.080273 -0.0296607718740888 profile2
680 147.089309 0.0317044703130591 profile2
681 147.114764 0.0607692599383293 profile2
682 147.137425 0.0653032535579005 profile2
683 147.157965 0.0429052569245863 profile2
684 147.178504 0 profile2
685 147.221814 0.028194854874042 profile2
686 147.253583 0.22310440578442 profile2
687 147.272554 0.343306282122287 profile2
688 147.275576 0.477848146264982 profile2
689 147.278599 0.601355988513293 profile2
690 147.281622 0.716775452932022 profile2
691 147.284644 0.821542763407813 profile2
692 147.286194 0.913202751088137 profile2
693 147.286753 0.989734252079668 profile2
694 147.287312 1.04970365238486 profile2
695 147.287872 1.09234611145919 profile2
696 147.290648 1.10831948446497 profile2
697 147.299484 1.10151099991531 profile2
698 147.327447 1.00278852722354 profile2
699 147.35561 1.05174610634191 profile2
700 147.383773 1.26987422480824 profile2
701 147.397845 1.28337658367932 profile2
702 147.402328 1.2963635161026 profile2
703 147.406811 1.30890072176218 profile2
704 147.411546 1.32097396976702 profile2
705 147.442387 1.33269181224918 profile2
706 147.535843 1.34176695261028 profile2
707 147.551736 1.35488035179322 profile2
708 147.555599 1.33622785857914 profile2
709 147.559461 1.21302600307452 profile2
710 147.563362 1.04513041873471 profile2
711 147.583398 0.839945485978125 profile2
712 147.602453 0.725443800410915 profile2
713 147.621507 0.58631269499098 profile2
714 147.682611 0.553327655359523 profile2
715 147.68996 0.554830250795963 profile2
716 147.695588 0.567997005588582 profile2
717 147.701215 0.580311014090881 profile2
718 147.706843 0.445676172521349 profile2
719 147.719435 0.147441073123563 profile2
720 147.737975 0.0997682004352915 profile2
721 147.751499 0.0915742230060268 profile2
722 147.760277 0.0724506541588181 profile2
723 147.769056 0.0508847060355737 profile2
724 147.777834 0.0287489084069403 profile2
725 147.786613 -0.0410872902573819 profile2
726 147.795391 0.297443920138493 profile2
727 147.816836 0.470425956263512 profile2
728 147.850698 0.570755651642953 profile2
729 147.88456 0.6531494961893 profile2
730 147.914702 0.4592335056104 profile2
731 147.91491 0.314766200390087 profile2
732 147.915116 0.159975477096856 profile2
733 147.915322 -0.00275370349608934 profile2
734 147.915527 -0.170784502265037 profile2
735 147.915733 -0.341404421748878 profile2
736 147.916803 -0.503814984329186 profile2
737 147.923623 -0.534557778138992 profile2
738 147.930444 -0.564635774166297 profile2
739 147.937264 -0.595228120402572 profile2
740 147.944084 -0.634855725153007 profile2
741 147.949324 -0.686270377757996 profile2
742 147.953121 -0.762485501042514 profile2
743 147.956917 -0.873422157039691 profile2
744 147.960714 -1.00629451729495 profile2
745 147.964511 -1.15218919858194 profile2
746 147.968307 -1.27842917713881 profile2
747 147.973733 -1.38144324181787 profile2
748 147.982072 -1.42021723036057 profile2
749 147.982175 -1.42550791944345 profile2
750 147.982278 -1.43020485878908 profile2
751 147.986316 -1.44819093205426 profile2
752 147.986987 -1.50550780787218 profile2
753 147.987657 -1.55061897196281 profile2
754 147.988327 -1.58186975256844 profile2
755 147.988998 -1.60015687723829 profile2
756 147.989668 -1.62022969164911 profile2
757 148.006053 -1.6821928740016 profile2
758 148.013144 -1.69737288018409 profile2
759 148.020236 -1.71499520481685 profile2
760 148.027327 -1.73507896918364 profile2
761 148.033269 -1.7576286444505 profile2
762 148.037078 -1.7826300287622 profile2
763 148.040918 -1.80173528414829 profile2
764 148.046494 -1.84327044014828 profile2
765 148.05207 -1.90379445580152 profile2
766 148.180347 -1.96707941458763 profile2
767 148.183086 -1.99612077271145 profile2
768 148.185825 -2.02482932746806 profile2
769 148.188563 -2.05129019471956 profile2
770 148.191302 -2.01217375765834 profile2
771 148.194041 -1.98545442090554 profile2
772 148.19678 -1.97558059558294 profile2
773 148.200032 -1.97614454741609 profile2
774 148.204884 -1.98242269337006 profile2
775 148.213021 -1.99356582065361 profile2
776 148.213171 -2.03145303195286 profile2
777 148.213321 -2.07149250171636 profile2
778 148.326473 -2.10994643646224 profile2
779 148.333368 -2.15421758579108 profile2
780 148.340263 -2.19878889505938 profile2
781 148.347157 -2.23634009142253 profile2
782 148.354052 -2.25693662153769 profile2
783 148.362946 -2.27840050648743 profile2
784 148.380016 -2.29584132035974 profile2
785 148.403283 -2.29849348989288 profile2
786 148.42655 -2.29697543092161 profile2
787 148.430037 -2.27576622556331 profile2
788 148.4319 -2.25637157471463 profile2
789 148.433763 -2.23899873305935 profile2
790 148.435626 -2.36157958088226 profile2
791 148.437489 -2.57876017549812 profile2
792 148.439352 -2.60264579513862 profile2
793 148.441214 -2.54125207777932 profile2
794 148.443077 -2.48682462080377 profile2
795 148.44494 -2.44072944802372 profile2
796 148.446803 -2.4032899293444 profile2
797 148.453459 -2.38999191382004 profile2
798 148.477993 -2.39315524373477 profile2
799 148.493526 -2.39104014466083 profile2
800 148.493644 -2.38847169586945 profile2
801 148.493762 -2.38587939369554 profile2
802 148.502187 -2.49996587818055 profile2
803 148.624196 -2.50007240183245 profile2
804 148.648833 -2.81288806309102 profile2
805 148.673469 -3.08293250580131 profile2
806 148.812084 -3.25815019707379 profile2
807 148.815025 -3.28213754562777 profile2
