marker_position lod trace
1 109.57503 -6.54512138037283 pleio
2 109.577848 -6.42177224318054 pleio
3 109.580666 -6.3082958387589 pleio
4 109.583484 -6.20551736612606 pleio
5 109.586302 -6.11410464063713 pleio
6 109.589119 -6.03454089101093 pleio
7 109.591937 -5.96711962048389 pleio
8 109.594755 -5.91193895315231 pleio
9 109.597573 -5.85018996779911 pleio
10 109.610319 -5.77524557439946 pleio
11 109.611374 -5.70103764317388 pleio
12 109.612429 -5.62981039931469 pleio
13 109.613484 -5.56162011685251 pleio
14 109.614538 -5.49879493567241 pleio
15 109.615593 -5.44332235053264 pleio
16 109.616648 -5.38648880364678 pleio
17 109.649948 -5.35424007965595 pleio
18 109.709343 -4.88290763679761 pleio
19 109.768738 -4.75045378279244 pleio
20 109.778696 -4.6912564862309 pleio
21 109.78644 -4.68093451511438 pleio
22 109.794184 -4.72623872902426 pleio
23 109.827314 -4.80187081688144 pleio
24 109.886714 -4.80171226122499 pleio
25 109.946115 -4.79744499392519 pleio
26 110.005515 -4.79343817102075 pleio
27 110.064915 -4.61735635563006 pleio
28 110.124315 -4.29492610765073 pleio
29 110.183715 -4.29128059519693 pleio
30 110.243115 -4.288234496995 pleio
31 110.27255 -4.28550661696617 pleio
32 110.292051 -4.28300522007105 pleio
33 110.311551 -4.28064564379861 pleio
34 110.331052 -4.27861896703343 pleio
35 110.347675 -4.27670686080226 pleio
36 110.355434 -4.27474203673566 pleio
37 110.363193 -4.27313729774594 pleio
38 110.370953 -4.27190275830552 pleio
39 110.378712 -4.27103225257191 pleio
40 110.386472 -4.27038777088785 pleio
41 110.394231 -4.25581887131587 pleio
42 110.401991 -4.23146540198304 pleio
43 110.40975 -4.21717793297857 pleio
44 110.419827 -4.19116021249105 pleio
45 110.437092 -4.05214613322107 pleio
46 110.438182 -3.8966364307163 pleio
47 110.439272 -3.81052300962909 pleio
48 110.440362 -3.7613573820849 pleio
49 110.441452 -3.75553909322867 pleio
50 110.442541 -3.78274949691856 pleio
51 110.537457 -3.72643403344126 pleio
52 110.600303 -3.61299497593385 pleio
53 110.609526 -3.79403558175157 pleio
54 110.618749 -3.81871823168914 pleio
55 110.627971 -3.85749399765293 pleio
56 110.652689 -3.91034524645664 pleio
57 110.691054 -3.97751329026074 pleio
58 110.711132 -4.02751117761866 pleio
59 110.728767 -4.04127780524039 pleio
60 110.741664 -4.04292818107846 pleio
61 110.74991 -4.04493803734353 pleio
62 110.753861 -4.06856743323558 pleio
63 110.75611 -3.95834512766151 pleio
64 110.758359 -3.81511830273451 pleio
65 110.760609 -3.67785548976148 pleio
66 110.762858 -3.54739408404165 pleio
67 110.765107 -3.42461604491665 pleio
68 110.767356 -3.3104277200791 pleio
69 110.769606 -3.20573845288723 pleio
70 110.782838 -3.11141864784713 pleio
71 110.826448 -2.9809505453152 pleio
72 110.828376 -2.81872024741949 pleio
73 110.830305 -2.65924846844207 pleio
74 110.923141 -2.55393910435783 pleio
75 111.125818 -2.53879712075776 pleio
76 111.285496 -2.51855349057396 pleio
77 111.288208 -2.42386689635344 pleio
78 111.29092 -2.30051007038339 pleio
79 111.319656 -2.18200199088223 pleio
80 111.346331 -2.11486155899466 pleio
81 111.35717 -2.03387189820586 pleio
82 111.368009 -1.85703037997165 pleio
83 111.425219 -1.56070451323366 pleio
84 111.532266 -1.53814005596255 pleio
85 111.60867 -1.62519398095784 pleio
86 111.624963 -1.58419829599777 pleio
87 111.641257 -1.54537806477351 pleio
88 111.657551 -1.47571098404535 pleio
89 111.664743 -1.39165712415589 pleio
90 111.668134 -1.31084985732131 pleio
91 111.671526 -1.23344393004843 pleio
92 111.712277 -1.15858952744426 pleio
93 111.772224 -1.06823917077769 pleio
94 111.83217 -1.16561869897 pleio
95 111.883727 -1.41737255553941 pleio
96 111.889358 -1.35001246290025 pleio
97 111.89499 -1.28799036172266 pleio
98 111.900621 -1.23144985643704 pleio
99 111.951232 -1.18165042449801 pleio
100 111.967407 -1.14283896377721 pleio
101 111.972615 -1.05372712947281 pleio
102 111.977823 -0.965033376846223 pleio
103 112.026842 -0.848380733172887 pleio
104 112.050813 -0.711213813148226 pleio
105 112.058738 -0.617874604998247 pleio
106 112.066663 -0.547083031494914 pleio
107 112.205697 -0.428332651948416 pleio
108 112.209241 -0.276485956066793 pleio
109 112.211516 -0.152796912836181 pleio
110 112.213791 -0.059480013429642 pleio
111 112.216066 -0.0446310341671214 pleio
112 112.218341 -0.118031412745698 pleio
113 112.221962 -0.278695061089998 pleio
114 112.251959 -0.45231438925791 pleio
115 112.281956 -0.440161123680051 pleio
116 112.451254 -0.256030750751515 pleio
117 112.455544 -0.0885855276780207 pleio
118 112.459835 -0.00839060383410838 pleio
119 112.464125 0 pleio
120 112.468416 -0.0585203139689467 pleio
121 112.472706 -0.182151299966008 pleio
122 112.506522 -0.365116392169778 pleio
123 112.50952 -1.99499843119608 pleio
124 112.512517 -3.58482715017071 pleio
125 112.515514 -3.57399086626574 pleio
126 112.518511 -3.56218329812881 pleio
127 112.521508 -3.55406619635648 pleio
128 112.524505 -3.54955195653793 pleio
129 112.527503 -3.54830754753297 pleio
130 112.5305 -3.59808185128602 pleio
131 112.640753 -4.95462404150929 pleio
132 112.665334 -4.97537420176307 pleio
133 112.689915 -5.06845127267075 pleio
134 112.714496 -5.24889837068188 pleio
135 112.764754 -5.40676287791431 pleio
136 112.826201 -5.39687216300193 pleio
137 112.828563 -5.38044952053422 pleio
138 112.830925 -7.8708122848282 pleio
139 112.833286 -8.06853279427732 pleio
140 112.835648 -8.07900252291991 pleio
141 112.838009 -8.09279463522487 pleio
142 112.870831 -8.10964353787502 pleio
143 112.903651 -8.11290058461739 pleio
144 112.915354 -8.11635425669907 pleio
145 112.927057 -8.11990519835775 pleio
146 112.978421 -8.11318009636325 pleio
147 113.079634 -8.10131426366122 pleio
148 113.091233 -8.33391936458005 pleio
149 113.102831 -8.45097886530696 pleio
150 113.11443 -8.45924927438903 pleio
151 113.146956 -8.46250144790402 pleio
152 113.148674 -8.46539912203541 pleio
153 113.150393 -8.46809965458246 pleio
154 113.187512 -8.47080362730138 pleio
155 113.222235 -8.49548151634532 pleio
156 113.231247 -8.52646761461565 pleio
157 113.240258 -8.55849922167567 pleio
158 113.24927 -8.4345026388009 pleio
159 113.258281 -8.44434271341669 pleio
160 113.268797 -8.45431168924969 pleio
161 113.288739 -8.46546205875054 pleio
162 113.344694 -8.48115174011675 pleio
163 113.424389 -8.49124758677729 pleio
164 113.510482 -8.48964965606445 pleio
165 113.588968 -8.49064785284832 pleio
166 113.591392 -8.4916895492008 pleio
167 113.593816 -8.49265595006959 pleio
168 113.610203 -8.52538758989708 pleio
169 113.711326 -8.97546421947146 pleio
170 113.812449 -9.04930763328669 pleio
171 113.913572 -9.30634423618177 pleio
172 114.014695 -9.46500145537321 pleio
173 114.143712 -9.46860727298542 pleio
174 114.297395 -9.72055845879135 pleio
175 114.451077 -9.7023152013722 pleio
176 114.554864 -9.74452550605343 pleio
177 114.572315 -9.84725736587745 pleio
178 114.573429 -9.95549887241696 pleio
179 114.574543 -10.068207121845 pleio
180 114.575657 -10.1841806443567 pleio
181 114.590217 -10.3021158857158 pleio
182 114.709536 -10.7854104186312 pleio
183 114.89167 -10.6246699377939 pleio
184 114.94277 -10.6317636846046 pleio
185 114.965983 -10.6306637848093 pleio
186 114.966742 -10.6258144913837 pleio
187 114.967501 -10.6265904619512 pleio
188 114.96826 -10.6325187577998 pleio
189 114.969019 -10.6430620989965 pleio
190 114.969778 -10.6576817892281 pleio
191 114.992453 -10.6758788631126 pleio
192 115.043552 -10.6985417412427 pleio
193 115.272631 -10.5897513988729 pleio
194 115.329016 -10.5825983603588 pleio
195 115.362872 -10.5842344714702 pleio
196 115.396727 -10.5858448808084 pleio
197 115.518474 -10.6191392076921 pleio
198 115.52059 -10.6250364435649 pleio
199 115.522706 -10.627127309307 pleio
200 115.54515 -10.627856207703 pleio
201 115.550006 -10.6785022293874 pleio
202 115.552018 -10.7373083210841 pleio
203 115.55403 -10.8023306458232 pleio
204 115.556043 -10.8712170519153 pleio
205 115.560152 -10.9218771664952 pleio
206 115.566972 -10.9250043004511 pleio
207 115.573793 -10.9287432648403 pleio
208 115.580613 -10.9331279102804 pleio
209 115.593908 -10.9381865683175 pleio
210 115.753929 -10.8881167451242 pleio
211 115.755144 -10.9239833960648 pleio
212 115.756359 -10.9978244400783 pleio
213 115.767713 -11.0480148554351 pleio
214 115.768304 -11.0541238440476 pleio
215 115.768895 -11.0246720662073 pleio
216 115.769486 -10.993000780223 pleio
217 115.770078 -10.9639867391937 pleio
218 115.770669 -10.9379919276866 pleio
219 115.772686 -10.9081864485347 pleio
220 115.783409 -10.8701960908834 pleio
221 115.784285 -10.8333478611845 pleio
222 115.78516 -10.7977719708405 pleio
223 115.786036 -10.7515922615781 pleio
224 115.786912 -10.703928007113 pleio
225 115.787787 -10.6585425807933 pleio
226 115.788663 -10.6143620241678 pleio
227 110.440362 -1.46555535023189 profile1
228 110.441452 -1.43705706564627 profile1
229 110.600303 -1.24543174026986 profile1
230 111.319656 -0.166900927531336 profile1
231 111.346331 -0.164530695735959 profile1
232 111.35717 -0.183993527789109 profile1
233 111.83217 -0.197369003300302 profile1
234 111.883727 -0.195784010571211 profile1
235 111.889358 -0.123889157201792 profile1
236 111.89499 -0.0562135105891316 profile1
237 111.900621 0.00698309645090163 profile1
238 111.951232 0.0635063407898404 profile1
239 111.967407 0.0474673283157329 profile1
240 111.972615 -0.0894008803337707 profile1
241 111.977823 -0.306534111252163 profile1
242 112.026842 -0.443749377655886 profile1
243 112.050813 -0.329261928094947 profile1
244 112.058738 -0.244100085317321 profile1
245 112.066663 -0.177136914141458 profile1
246 112.205697 -0.0455025619047223 profile1
247 112.209241 0.138812203819902 profile1
248 112.211516 0.305092731872532 profile1
249 112.213791 0.450401744776165 profile1
250 112.216066 0.465962526298406 profile1
251 112.218341 0.375513736187158 profile1
252 112.221962 0.185964091585222 profile1
253 112.251959 -0.0161035246303147 profile1
254 112.281956 -0.080384138654053 profile1
255 112.451254 -0.0475356850595715 profile1
256 112.455544 0.0230029770645424 profile1
257 112.459835 0.0337613233095254 profile1
258 109.57503 -3.64476531984919 profile1
259 109.577848 -3.5703866619006 profile1
260 109.580666 -3.50112517273811 profile1
261 109.583484 -3.43741622376899 profile1
262 109.586302 -3.37961239186649 profile1
263 109.589119 -3.32797118295024 profile1
264 109.591937 -3.28265153970457 profile1
265 109.594755 -3.24371373057319 profile1
266 109.597573 -3.19468731207169 profile1
267 109.610319 -3.13379412802607 profile1
268 109.611374 -3.07399401618687 profile1
269 109.612429 -3.01687634304299 profile1
270 109.613484 -2.96252390669235 profile1
271 109.614538 -2.91630806794862 profile1
272 109.615593 -2.88751705945634 profile1
273 109.616648 -2.85851211257817 profile1
274 109.649948 -2.84346467166839 profile1
275 109.709343 -2.53734654209066 profile1
276 109.768738 -2.44584073443663 profile1
277 109.778696 -2.33647108620852 profile1
278 109.78644 -2.27658251812029 profile1
279 109.794184 -2.27744566815837 profile1
280 109.827314 -2.31972145156227 profile1
281 109.886714 -2.31754512018975 profile1
282 109.946115 -2.31517069835382 profile1
283 110.005515 -2.31279292461471 profile1
284 110.064915 -2.17845214977045 profile1
285 110.124315 -1.94509290452433 profile1
286 110.183715 -1.94223201829384 profile1
287 110.243115 -1.93924149369179 profile1
288 110.27255 -1.93623651902379 profile1
289 110.292051 -1.9332538206914 profile1
290 110.311551 -1.9302091931753 profile1
291 110.331052 -1.92725138905497 profile1
292 110.347675 -1.92421360116737 profile1
293 110.355434 -1.92095862703419 profile1
294 110.363193 -1.91784666512346 profile1
295 110.370953 -1.9148897057103 profile1
296 110.378712 -1.91207434477825 profile1
297 110.386472 -1.90905015421879 profile1
298 110.394231 -1.88074152540484 profile1
299 110.401991 -1.83893160510197 profile1
300 110.40975 -1.80769967143716 profile1
301 110.419827 -1.76106698937804 profile1
302 110.437092 -1.67892392990861 profile1
303 110.438182 -1.57340939225181 profile1
304 110.439272 -1.51391209770041 profile1
305 110.442541 -1.42051112383459 profile1
306 110.537457 -1.35806519355477 profile1
307 110.609526 -1.39256872391122 profile1
308 110.618749 -1.37426462454361 profile1
309 110.627971 -1.36494519625435 profile1
310 110.652689 -1.36505464314808 profile1
311 110.691054 -1.37433043119089 profile1
312 110.711132 -1.38560684377499 profile1
313 110.728767 -1.39182533963317 profile1
314 110.741664 -1.39786492210838 profile1
315 110.74991 -1.40389520252183 profile1
316 110.753861 -1.42163158624338 profile1
317 110.75611 -1.33614036186661 profile1
318 110.758359 -1.22930012976631 profile1
319 110.760609 -1.13149182649732 profile1
320 110.762858 -1.04341937972286 profile1
321 110.765107 -0.965673846189542 profile1
322 110.767356 -0.898719958646054 profile1
323 110.769606 -0.842892167394098 profile1
324 110.782838 -0.798386152140425 profile1
325 110.826448 -0.724748878581581 profile1
326 110.828376 -0.623965421004933 profile1
327 110.830305 -0.524909825457609 profile1
328 110.923141 -0.463190302462105 profile1
329 111.125818 -0.463320546114827 profile1
330 111.285496 -0.460712539012297 profile1
331 111.288208 -0.38210667375151 profile1
332 111.29092 -0.271170698438315 profile1
333 111.368009 -0.521271104215798 profile1
334 111.425219 -0.690647257250821 profile1
335 111.532266 -0.707951348485249 profile1
336 111.60867 -0.801287479558401 profile1
337 111.624963 -0.779643079152021 profile1
338 111.641257 -0.761537044985336 profile1
339 111.657551 -0.709535905211682 profile1
340 111.664743 -0.638843369728895 profile1
341 111.668134 -0.569428234796077 profile1
342 111.671526 -0.501461007382596 profile1
343 111.712277 -0.434369886163436 profile1
344 111.772224 -0.346778842829855 profile1
345 112.464125 0.00814004064057063 profile1
346 112.468416 -0.0585203139689467 profile1
347 112.472706 -0.168100532471291 profile1
348 112.506522 -0.257839234221944 profile1
349 112.50952 -1.88021210369352 profile1
350 112.512517 -3.00498057667755 profile1
351 112.515514 -3.03806547661653 profile1
352 112.518511 -3.06909949787125 profile1
353 112.521508 -3.10161643483341 profile1
354 112.524505 -3.1352771233184 profile1
355 112.527503 -3.16909706489909 profile1
356 112.5305 -3.20008950344157 profile1
357 112.640753 -4.24984822480704 profile1
358 112.665334 -4.23581225060129 profile1
359 112.689915 -4.28065923169718 profile1
360 112.714496 -4.38704997595557 profile1
361 112.764754 -4.46942199722944 profile1
362 112.826201 -4.46187151319825 profile1
363 112.828563 -4.45746266530611 profile1
364 112.830925 -5.02645444648945 profile1
365 112.833286 -5.08877763732743 profile1
366 112.835648 -5.08069453581734 profile1
367 112.838009 -5.07486423076984 profile1
368 112.870831 -5.07169010367799 profile1
369 112.903651 -5.07074374538998 profile1
370 112.915354 -5.0698648445935 profile1
371 112.927057 -5.06892125190804 profile1
372 112.978421 -5.05603845701129 profile1
373 113.079634 -5.02937541460254 profile1
374 113.091233 -5.14784244214111 profile1
375 113.102831 -5.20278166596022 profile1
376 113.11443 -5.20251034409806 profile1
377 113.146956 -5.19993940606709 profile1
378 113.148674 -5.19754004976957 profile1
379 113.150393 -5.19544474341285 profile1
380 113.187512 -5.19380983177339 profile1
381 113.222235 -5.20268188967279 profile1
382 113.231247 -5.21476667921829 profile1
383 113.240258 -5.2274576272894 profile1
384 113.24927 -5.03975669087784 profile1
385 113.258281 -5.02732431800815 profile1
386 113.268797 -5.03408581556401 profile1
387 113.288739 -5.04388222758906 profile1
388 113.344694 -5.05631914701056 profile1
389 113.424389 -5.06129638017218 profile1
390 113.510482 -5.05217759095265 profile1
391 113.588968 -5.04454490130938 profile1
392 113.591392 -5.03682993622041 profile1
393 113.593816 -5.0289075226843 profile1
394 113.610203 -5.02549078186648 profile1
395 113.711326 -5.49943158990219 profile1
396 113.812449 -5.61900070616763 profile1
397 113.913572 -5.63305808305208 profile1
398 114.014695 -5.61864206249599 profile1
399 114.143712 -5.56264148512118 profile1
400 114.297395 -5.68714477515632 profile1
401 114.451077 -5.66039502114253 profile1
402 114.554864 -5.66996704410436 profile1
403 114.572315 -5.74051762147929 profile1
404 114.573429 -5.81605660808685 profile1
405 114.574543 -5.89573671042088 profile1
406 114.575657 -5.97857734869798 profile1
407 114.590217 -6.06351008967069 profile1
408 114.966742 -6.49700855787322 profile1
409 114.967501 -6.50177631682247 profile1
410 114.96826 -6.50936634454821 profile1
411 114.969019 -6.51915282142379 profile1
412 114.969778 -6.5306228694872 profile1
413 114.992453 -6.54340331696534 profile1
414 115.043552 -6.55790321872324 profile1
415 115.272631 -6.66164278636862 profile1
416 115.329016 -6.65940043611482 profile1
417 115.362872 -6.65432137834185 profile1
418 115.396727 -6.64914875370342 profile1
419 115.518474 -6.62313053893935 profile1
420 115.52059 -6.59954536872639 profile1
421 115.522706 -6.57253097361485 profile1
422 115.54515 -6.54399193058507 profile1
423 115.550006 -6.54633093221543 profile1
424 115.552018 -6.55433720160802 profile1
425 115.55403 -6.56725407404162 profile1
426 115.556043 -6.58395594364868 profile1
427 115.560152 -6.59371847103979 profile1
428 115.566972 -6.58161131921039 profile1
429 115.573793 -6.57028429959016 profile1
430 115.580613 -6.55981095841388 profile1
431 115.593908 -6.55026100936666 profile1
432 115.753929 -6.52640272472926 profile1
433 114.709536 -6.49358221363399 profile1
434 114.89167 -6.50399127222318 profile1
435 114.94277 -6.49637334279777 profile1
436 114.965983 -6.4953808089769 profile1
437 115.755144 -6.53775507056431 profile1
438 115.756359 -6.58890443130237 profile1
439 115.767713 -6.62426548123153 profile1
440 115.768304 -6.61893998255423 profile1
441 115.768895 -6.5880965758457 profile1
442 115.769486 -6.55666486513721 profile1
443 115.770078 -6.52833307279744 profile1
444 115.770669 -6.503380923103 profile1
445 115.772686 -6.47784188190136 profile1
446 115.783409 -6.44841837675237 profile1
447 115.784285 -6.42024878022622 profile1
448 115.78516 -6.39342295522113 profile1
449 115.786036 -6.34629464826159 profile1
450 115.786912 -6.29554890406143 profile1
451 115.787787 -6.24678162883114 profile1
452 115.788663 -6.19890063930459 profile1
453 109.57503 -4.07655748529307 profile2
454 109.577848 -3.998832863363 profile2
455 109.580666 -3.92751847991107 profile2
456 109.583484 -3.86326798971372 profile2
457 109.586302 -3.80663688783555 profile2
458 109.589119 -3.75806058598497 profile2
459 109.591937 -3.71784671869604 profile2
460 109.594755 -3.68616539359649 profile2
461 109.597573 -3.65971969583294 profile2
462 109.610319 -3.6281486431728 profile2
463 109.611374 -3.59564946352125 profile2
464 109.612429 -3.56464302287843 profile2
465 109.613484 -3.5351421546416 profile2
466 109.614538 -3.50561150411702 profile2
467 109.615593 -3.47131939947594 profile2
468 109.616648 -3.43627214885793 profile2
469 109.649948 -3.41105640409975 profile2
470 109.709343 -3.16928801583614 profile2
471 109.768738 -3.12560988381213 profile2
472 109.778696 -3.18542485272083 profile2
473 109.78644 -3.26152678546434 profile2
474 109.794184 -3.34757138598907 profile2
475 109.827314 -3.4217937316918 profile2
476 109.886714 -3.42215201680219 profile2
477 109.946115 -3.41811653457272 profile2
478 110.005515 -3.4143515941075 profile2
479 110.064915 -3.35758607184762 profile2
480 110.124315 -3.25233310522531 profile2
481 110.183715 -3.24946128702233 profile2
482 110.243115 -3.24740826575939 profile2
483 110.27255 -3.24568000318686 profile2
484 110.292051 -3.24415120453239 profile2
485 110.311551 -3.24283627314938 profile2
486 110.331052 -3.24176654335473 profile2
487 110.347675 -3.24089284043717 profile2
488 110.355434 -3.24018696818148 profile2
489 110.363193 -3.23969645055489 profile2
490 110.370953 -3.23942077486821 profile2
491 110.378712 -3.23936977360346 profile2
492 110.386472 -3.2397788249819 profile2
493 110.394231 -3.24221464321035 profile2
494 110.401991 -3.24332509554365 profile2
495 110.40975 -3.24868057320949 profile2
496 110.419827 -3.25342695479959 profile2
497 110.437092 -3.10984298284763 profile2
498 110.438182 -2.92481487165983 profile2
499 110.439272 -2.78160787829938 profile2
500 110.440362 -2.69048432005296 profile2
501 110.441452 -2.66142555853882 profile2
502 110.442541 -2.69032287230052 profile2
503 110.537457 -2.69337434863784 profile2
504 110.600303 -2.68514283869811 profile2
505 110.609526 -2.71101665993098 profile2
506 110.618749 -2.73067229578255 profile2
507 110.627971 -2.76073911411525 profile2
508 110.652689 -2.80098146068366 profile2
509 110.691054 -2.85169810025424 profile2
510 110.711132 -2.88728363208605 profile2
511 110.728767 -2.89283090991739 profile2
512 110.741664 -2.88571253261515 profile2
513 110.74991 -2.87883178920103 profile2
514 110.753861 -2.87638158549188 profile2
515 110.75611 -2.81243303372992 profile2
516 110.758359 -2.73223754199027 profile2
517 110.760609 -2.65293875741877 profile2
518 110.762858 -2.57505592544821 profile2
519 110.765107 -2.49921940161793 profile2
520 110.767356 -2.4261537921558 profile2
521 110.769606 -2.35665163388673 profile2
522 110.782838 -2.29153238609634 profile2
523 110.826448 -2.21968768731815 profile2
524 110.828376 -2.14372813352925 profile2
525 110.830305 -2.07292954563163 profile2
526 110.923141 -2.02425507058151 profile2
527 111.125818 -2.00610754678564 profile2
528 111.285496 -1.98516597404854 profile2
529 111.288208 -1.95340692946132 profile2
530 111.29092 -1.92416551553687 profile2
531 111.319656 -1.89860444520288 profile2
532 111.346331 -1.83120359749464 profile2
533 111.35717 -1.72383595064621 profile2
534 111.368009 -1.26022657477867 profile2
535 111.425219 -0.959290276598237 profile2
536 111.532266 -0.915472451562122 profile2
537 111.60867 -0.920935208826482 profile2
538 111.624963 -0.893724041236574 profile2
539 111.641257 -0.86618565607908 profile2
540 111.657551 -0.827968874897652 profile2
541 111.664743 -0.784956090075864 profile2
542 111.668134 -0.744247790949619 profile2
543 111.671526 -0.70598979471735 profile2
544 111.712277 -0.670295453068418 profile2
545 111.772224 -0.650762007473011 profile2
546 111.83217 -0.818235233510363 profile2
547 111.883727 -1.04187840761555 profile2
548 111.889358 -1.02582396290811 profile2
549 111.89499 -1.01227674532834 profile2
550 111.900621 -1.00123635057184 profile2
551 111.951232 -0.991606693171539 profile2
552 111.967407 -0.906546972278917 profile2
553 111.972615 -0.646696228684229 profile2
554 111.977823 -0.319559976678226 profile2
555 112.026842 -0.0469478463887698 profile2
556 112.050813 -0.00345070412512541 profile2
557 112.058738 0.0164766658645005 profile2
558 112.066663 0.0246129078060717 profile2
559 112.205697 0.0304379759318674 profile2
560 112.209241 0.0257268834639234 profile2
561 112.211516 0.000845521816496121 profile2
562 112.213791 -0.0440511681839808 profile2
563 112.216066 -0.0446310341671214 profile2
564 112.218341 -0.0236453149006104 profile2
565 112.221962 0.00998045563107688 profile2
566 112.251959 0.0394512754422678 profile2
567 112.281956 0.121868066175061 profile2
568 112.451254 0.272983437682892 profile2
569 112.455544 0.384674936475004 profile2
570 112.459835 0.450189795161442 profile2
571 112.464125 0.465962526298406 profile2
572 112.468416 0.436962285323766 profile2
573 112.472706 0.365060758142524 profile2
574 112.506522 0.208497774555821 profile2
575 112.50952 -0.210837475176699 profile2
576 112.512517 -1.08745595490114 profile2
577 112.515514 -1.04624386657665 profile2
578 112.518511 -1.00584967393179 profile2
579 112.521508 -0.968593580877375 profile2
580 112.524505 -0.934677768673073 profile2
581 112.527503 -0.904525025568191 profile2
582 112.5305 -0.927181263740708 profile2
583 112.640753 -1.49094898594336 profile2
584 112.665334 -1.53097120807435 profile2
585 112.689915 -1.57176321239764 profile2
586 112.714496 -1.62216243332305 profile2
587 112.764754 -1.67958320495674 profile2
588 112.826201 -1.68080260913467 profile2
589 112.828563 -1.67466251726398 profile2
590 112.830925 -3.94651284644187 profile2
591 112.833286 -4.12724354875101 profile2
592 112.835648 -4.15860178944068 profile2
593 112.838009 -4.19196336213337 profile2
594 112.870831 -4.22557059611668 profile2
595 112.903651 -4.23010767990547 profile2
596 112.915354 -4.23487716570201 profile2
597 112.927057 -4.23993320304575 profile2
598 112.978421 -4.24892606479488 profile2
599 113.079634 -4.26624405462181 profile2
600 113.091233 -4.41973112058739 profile2
601 113.102831 -4.51471351526216 profile2
602 113.11443 -4.52607280693329 profile2
603 113.146956 -4.53456240527053 profile2
604 113.148674 -4.54347533497839 profile2
605 113.150393 -4.55285612461042 profile2
606 113.187512 -4.56276297861052 profile2
607 113.222235 -4.58803827584816 profile2
608 113.231247 -4.61777705288731 profile2
609 113.240258 -4.64854417662036 profile2
610 113.24927 -4.72300879915599 profile2
611 113.258281 -4.75742214634886 profile2
612 113.268797 -4.77127108951973 profile2
613 113.288739 -4.78409272414735 profile2
614 113.344694 -4.79916846366107 profile2
615 113.424389 -4.81648513012406 profile2
616 113.510482 -4.83352025497483 profile2
617 113.588968 -4.84405565669656 profile2
618 113.591392 -4.85472969350398 profile2
619 113.593816 -4.86555952030379 profile2
620 113.610203 -4.93215815896691 profile2
621 113.711326 -5.08661718627542 profile2
622 113.812449 -5.05584098991829 profile2
623 113.913572 -5.32203351010929 profile2
624 114.014695 -5.52137125723537 profile2
625 114.143712 -5.60238736788838 profile2
626 114.297395 -5.81779918549015 profile2
627 114.451077 -5.83307964316428 profile2
628 114.554864 -5.88132434499079 profile2
629 114.572315 -5.91330455426769 profile2
630 114.573429 -5.94650486957458 profile2
631 114.574543 -5.98074355805157 profile2
632 114.575657 -6.01580524879052 profile2
633 114.590217 -6.05145102802867 profile2
634 114.709536 -6.11615096886441 profile2
635 114.89167 -5.93690568809832 profile2
636 114.94277 -5.95996433418857 profile2
637 114.965983 -5.96894867366378 profile2
638 114.966742 -5.97213478018798 profile2
639 114.967501 -5.97791153541972 profile2
640 114.96826 -5.98627479380615 profile2
641 114.969019 -5.99717650782245 profile2
642 114.969778 -6.0105303018427 profile2
643 114.992453 -6.02621359726143 profile2
644 115.043552 -6.04452609387456 profile2
645 115.272631 -5.78912346556755 profile2
646 115.329016 -5.78396425540531 profile2
647 115.362872 -5.79112800366611 profile2
648 115.396727 -5.7983291218129 profile2
649 115.518474 -5.81134754947039 profile2
650 115.52059 -5.8468346365722 profile2
651 115.522706 -5.8812221685276 profile2
652 115.54515 -5.91545848479458 profile2
653 115.550006 -5.98061330392736 profile2
654 115.552018 -6.05299225453614 profile2
655 115.55403 -6.1305923229005 profile2
656 115.556043 -6.21106044015105 profile2
657 115.560152 -6.27379792657918 profile2
658 115.566972 -6.29168762842442 profile2
659 115.573793 -6.30935659577107 profile2
660 115.580613 -6.32676398330723 profile2
661 115.593908 -6.34386819231267 profile2
662 115.753929 -6.32853598681915 profile2
663 115.755144 -6.39436041495962 profile2
664 115.756359 -6.46461047320008 profile2
665 115.767713 -6.50309334916414 profile2
666 115.768304 -6.51268390150856 profile2
667 115.768895 -6.51303929750976 profile2
668 115.769486 -6.51233231976318 profile2
669 115.770078 -6.51166072038513 profile2
670 115.770669 -6.51106747317707 profile2
671 115.772686 -6.50823418010213 profile2
672 115.783409 -6.50232739089042 profile2
673 115.784285 -6.49664161225819 profile2
674 115.78516 -6.49112887039904 profile2
675 115.786036 -6.48555008427335 profile2
676 115.786912 -6.48079279859616 profile2
677 115.787787 -6.47712602806772 profile2
678 115.788663 -6.47455393806371 profile2
