marker_position lod trace
1 109.57503 -5.48071822237315 pleio
2 109.577848 -5.44212413716246 pleio
3 109.580666 -5.40303017294029 pleio
4 109.583484 -5.36368177571852 pleio
5 109.586302 -5.32433060982385 pleio
6 109.589119 -5.28522926238553 pleio
7 109.591937 -5.24662370674094 pleio
8 109.594755 -5.20875058711457 pleio
9 109.597573 -5.18620856024416 pleio
10 109.610319 -5.11767407196799 pleio
11 109.611374 -5.03090385794482 pleio
12 109.612429 -4.94807890510751 pleio
13 109.613484 -4.86946065257005 pleio
14 109.614538 -4.79494841588239 pleio
15 109.615593 -4.72373126824736 pleio
16 109.616648 -4.65688079091585 pleio
17 109.649948 -4.60051977247606 pleio
18 109.709343 -4.52828564798903 pleio
19 109.768738 -4.51169856301285 pleio
20 109.778696 -4.44485503909039 pleio
21 109.78644 -4.4065301583142 pleio
22 109.794184 -4.40385822558035 pleio
23 109.827314 -4.42977210655598 pleio
24 109.886714 -4.43990751505304 pleio
25 109.946115 -4.44897500821451 pleio
26 110.005515 -4.45820008106879 pleio
27 110.064915 -4.34695129132612 pleio
28 110.124315 -4.15750486761555 pleio
29 110.183715 -4.16751802841291 pleio
30 110.243115 -4.17829430123999 pleio
31 110.27255 -4.18941392593798 pleio
32 110.292051 -4.20038270454286 pleio
33 110.311551 -4.21108864332112 pleio
34 110.331052 -4.22187481526514 pleio
35 110.347675 -4.23233364373764 pleio
36 110.355434 -4.24219867979467 pleio
37 110.363193 -4.25209868370637 pleio
38 110.370953 -4.26202497254076 pleio
39 110.378712 -4.2719617927483 pleio
40 110.386472 -4.28183836000321 pleio
41 110.394231 -4.20512824928449 pleio
42 110.401991 -4.04995286609715 pleio
43 110.40975 -3.91654941273128 pleio
44 110.419827 -3.80103714390579 pleio
45 110.437092 -3.76448516309426 pleio
46 110.438182 -3.73521546975027 pleio
47 110.439272 -3.53996848394487 pleio
48 110.440362 -3.08792522305391 pleio
49 110.441452 -2.65797763937503 pleio
50 110.442541 -2.28540711948703 pleio
51 110.537457 -2.11244290329108 pleio
52 110.600303 -1.99049629656001 pleio
53 110.609526 -2.06463456833225 pleio
54 110.618749 -2.06584146505592 pleio
55 110.627971 -2.07250552133237 pleio
56 110.652689 -2.08287368653777 pleio
57 110.691054 -2.09829136820187 pleio
58 110.711132 -2.11947961574632 pleio
59 110.728767 -2.12901077821738 pleio
60 110.741664 -2.13700724235322 pleio
61 110.74991 -2.14429598261014 pleio
62 110.753861 -2.20485061653669 pleio
63 110.75611 -2.26281137456383 pleio
64 110.758359 -2.32760761338854 pleio
65 110.760609 -2.4046335057756 pleio
66 110.762858 -2.49203868598122 pleio
67 110.765107 -2.58775849897267 pleio
68 110.767356 -2.68962972703712 pleio
69 110.769606 -2.79552088627335 pleio
70 110.782838 -2.90343670311171 pleio
71 110.826448 -2.94487702254046 pleio
72 110.828376 -2.93739592424997 pleio
73 110.830305 -2.93161206633458 pleio
74 110.923141 -2.93255608203695 pleio
75 111.125818 -2.92367057180197 pleio
76 111.285496 -2.91481549236363 pleio
77 111.288208 -2.79057064307388 pleio
78 111.29092 -2.62331654454551 pleio
79 111.319656 -2.4784796800839 pleio
80 111.346331 -2.42022196245667 pleio
81 111.35717 -2.34352359362217 pleio
82 111.368009 -1.66888755725951 pleio
83 111.425219 -0.954449247933632 pleio
84 111.532266 -0.944420744743819 pleio
85 111.60867 -0.997874001381093 pleio
86 111.624963 -1.18980057796811 pleio
87 111.641257 -1.39728483590807 pleio
88 111.657551 -1.48314094643185 pleio
89 111.664743 -1.43448130248172 pleio
90 111.668134 -1.39015351191924 pleio
91 111.671526 -1.35043869411284 pleio
92 111.712277 -1.31568081443175 pleio
93 111.772224 -1.28913686112591 pleio
94 111.83217 -1.2764427285955 pleio
95 111.883727 -1.28026069915734 pleio
96 111.889358 -1.27276901661767 pleio
97 111.89499 -1.26819025003149 pleio
98 111.900621 -1.26655036401634 pleio
99 111.951232 -1.26760717459635 pleio
100 111.967407 -1.25312878914805 pleio
101 111.972615 -1.26041827291325 pleio
102 111.977823 -1.33083868850286 pleio
103 112.026842 -1.35654477249742 pleio
104 112.050813 -1.24591501188622 pleio
105 112.058738 -1.1636624207052 pleio
106 112.066663 -1.0888464351731 pleio
107 112.205697 -1.0767817288757 pleio
108 112.209241 -1.11406440712915 pleio
109 112.211516 -1.15423048239851 pleio
110 112.213791 -1.19702660290245 pleio
111 112.216066 -1.19970663471431 pleio
112 112.218341 -1.24589299129087 pleio
113 112.221962 -1.34775395325009 pleio
114 112.251959 -1.46504361070939 pleio
115 112.281956 -1.5155335100698 pleio
116 112.451254 -1.54978566084504 pleio
117 112.455544 -1.46251310388351 pleio
118 112.459835 -1.38258272396997 pleio
119 112.464125 -1.32520402305117 pleio
120 112.468416 -1.28592520072339 pleio
121 112.472706 -1.26464944086273 pleio
122 112.506522 -1.21669346460899 pleio
123 112.50952 -0.494559650683632 pleio
124 112.512517 -0.663628441043324 pleio
125 112.515514 -0.553058761243116 pleio
126 112.518511 -0.443243970871819 pleio
127 112.521508 -0.338292523695099 pleio
128 112.524505 -0.240590441351838 pleio
129 112.527503 -0.153285222003592 pleio
130 112.5305 -0.0315802095132427 pleio
131 112.640753 -0.00604215582513428 pleio
132 112.665334 0 pleio
133 112.689915 -0.0164088370033301 pleio
134 112.714496 -0.0766373218744552 pleio
135 112.764754 -0.150788167430832 pleio
136 112.826201 -0.131880015327087 pleio
137 112.828563 -0.113627557668303 pleio
138 112.830925 -1.48995483902849 pleio
139 112.833286 -1.59653428956048 pleio
140 112.835648 -1.58717533390072 pleio
141 112.838009 -1.58130590900531 pleio
142 112.870831 -1.57984134885026 pleio
143 112.903651 -1.59141273577188 pleio
144 112.915354 -1.60385817327539 pleio
145 112.927057 -1.61700300856878 pleio
146 112.978421 -1.59606094196646 pleio
147 113.079634 -1.55780937285326 pleio
148 113.091233 -1.88722297565937 pleio
149 113.102831 -1.96861139537254 pleio
150 113.11443 -1.99063408196025 pleio
151 113.146956 -2.02780460244669 pleio
152 113.148674 -2.07160907197929 pleio
153 113.150393 -2.12156598308483 pleio
154 113.187512 -2.1771449126778 pleio
155 113.222235 -2.191398720312 pleio
156 113.231247 -2.19829210200047 pleio
157 113.240258 -2.20797768524245 pleio
158 113.24927 -2.03328860549089 pleio
159 113.258281 -2.04131404985457 pleio
160 113.268797 -2.08860402187003 pleio
161 113.288739 -2.16662570304385 pleio
162 113.344694 -2.25551464167194 pleio
163 113.424389 -2.34257508076465 pleio
164 113.510482 -2.39140200561251 pleio
165 113.588968 -2.39457835175659 pleio
166 113.591392 -2.39791823044054 pleio
167 113.593816 -2.4015809870121 pleio
168 113.610203 -2.05869526872586 pleio
169 113.711326 -2.41849050723318 pleio
170 113.812449 -2.42709777161605 pleio
171 113.913572 -2.34172018474274 pleio
172 114.014695 -2.28103224617116 pleio
173 114.143712 -2.22778348243383 pleio
174 114.297395 -2.48746874209753 pleio
175 114.451077 -2.44671696536363 pleio
176 114.554864 -2.50679986190256 pleio
177 114.572315 -2.5363475013549 pleio
178 114.573429 -2.57392910635688 pleio
179 114.574543 -2.61899623701689 pleio
180 114.575657 -2.67077760307549 pleio
181 114.590217 -2.72833105138583 pleio
182 114.709536 -3.84327218614185 pleio
183 114.89167 -3.5664497872148 pleio
184 114.94277 -3.64663007720736 pleio
185 114.965983 -3.67960114053419 pleio
186 114.966742 -3.69186698033325 pleio
187 114.967501 -3.70399565575099 pleio
188 114.96826 -3.7139220035901 pleio
189 114.969019 -3.72027067890515 pleio
190 114.969778 -3.72241887546703 pleio
191 114.992453 -3.72043015116659 pleio
192 115.043552 -3.71554221675393 pleio
193 115.272631 -3.85675802265189 pleio
194 115.329016 -3.86679493130674 pleio
195 115.362872 -3.87033069597932 pleio
196 115.396727 -3.87412644160357 pleio
197 115.518474 -3.66514225053379 pleio
198 115.52059 -3.46747106146106 pleio
199 115.522706 -3.26915059592641 pleio
200 115.54515 -3.08120610359756 pleio
201 115.550006 -3.09277817477895 pleio
202 115.552018 -3.14149576253801 pleio
203 115.55403 -3.22703138828013 pleio
204 115.556043 -3.34628184187623 pleio
205 115.560152 -3.45429831876926 pleio
206 115.566972 -3.4756700821338 pleio
207 115.573793 -3.49865807738648 pleio
208 115.580613 -3.52319438343582 pleio
209 115.593908 -3.54920061242762 pleio
210 115.753929 -3.52353311395692 pleio
211 115.755144 -3.5169629857696 pleio
212 115.756359 -3.5521684966035 pleio
213 115.767713 -3.57519235366914 pleio
214 115.768304 -3.56496149904397 pleio
215 115.768895 -3.35719717806564 pleio
216 115.769486 -3.13421621851268 pleio
217 115.770078 -2.92454675770808 pleio
218 115.770669 -2.7324965733982 pleio
219 115.772686 -2.55430320974355 pleio
220 115.783409 -2.38235281232598 pleio
221 115.784285 -2.22524070638909 pleio
222 115.78516 -2.08378736738621 pleio
223 115.786036 -2.00752217478182 pleio
224 115.786912 -1.95040063832982 pleio
225 115.787787 -1.90568165000877 pleio
226 115.788663 -1.87013616057247 pleio
227 110.767356 -0.711328860520139 profile1
228 110.769606 -0.76030401421936 profile1
229 110.782838 -0.827888201423523 profile1
230 110.826448 -0.87213000877581 profile1
231 110.828376 -0.895724896103187 profile1
232 110.830305 -0.926757322330042 profile1
233 110.923141 -0.948814712190203 profile1
234 111.125818 -0.93715989449283 profile1
235 111.285496 -0.935024965917294 profile1
236 109.57503 -3.7809585364825 profile1
237 109.577848 -3.71730800808655 profile1
238 109.580666 -3.65022587346918 profile1
239 109.583484 -3.58017295629177 profile1
240 109.586302 -3.50766564052931 profile1
241 109.589119 -3.43326494033027 profile1
242 109.591937 -3.35756000326124 profile1
243 109.594755 -3.28115380510649 profile1
244 109.597573 -3.24600434499186 profile1
245 109.610319 -3.21056184413882 profile1
246 109.611374 -3.16708900850956 profile1
247 109.612429 -3.12695145864438 profile1
248 109.613484 -3.09030562771534 profile1
249 109.614538 -3.05415090061651 profile1
250 109.615593 -3.01153954623256 profile1
251 109.616648 -2.97211056169511 profile1
252 109.649948 -2.93816413675123 profile1
253 109.709343 -2.92671655523489 profile1
254 109.768738 -2.9203975726321 profile1
255 109.778696 -3.03711655521072 profile1
256 109.78644 -3.17715957593615 profile1
257 109.794184 -3.33002522220478 profile1
258 109.827314 -3.45360314192739 profile1
259 109.886714 -3.44704436155885 profile1
260 109.946115 -3.43951903538864 profile1
261 110.005515 -3.4321093244059 profile1
262 110.064915 -3.38766813029824 profile1
263 110.124315 -3.33313479043758 profile1
264 110.183715 -3.32604264926662 profile1
265 110.243115 -3.31918505568723 profile1
266 110.27255 -3.31246775882388 profile1
267 110.292051 -3.30589647511061 profile1
268 110.311551 -3.29930311191772 profile1
269 110.331052 -3.29297565419213 profile1
270 110.347675 -3.28665014653351 profile1
271 110.355434 -3.28011474224869 profile1
272 110.363193 -3.27391447435078 profile1
273 110.370953 -3.26806419722519 profile1
274 110.378712 -3.26256342199805 profile1
275 110.386472 -3.25722990700285 profile1
276 110.394231 -3.18511240773736 profile1
277 110.401991 -3.01995855533444 profile1
278 110.40975 -2.86335717892717 profile1
279 110.419827 -2.6997841045149 profile1
280 110.437092 -2.6124738021858 profile1
281 110.438182 -2.47310613185465 profile1
282 110.439272 -2.12796767877588 profile1
283 110.440362 -1.48225019321705 profile1
284 110.441452 -0.841699064744911 profile1
285 110.442541 -0.263909998118849 profile1
286 110.537457 -0.0223372134106646 profile1
287 110.600303 -0.542898164084465 profile1
288 110.609526 -0.903796416268631 profile1
289 110.618749 -0.885448952061905 profile1
290 110.627971 -0.871616876770913 profile1
291 110.652689 -0.86075726864738 profile1
292 110.691054 -0.852771058548183 profile1
293 110.711132 -0.847788692447217 profile1
294 110.728767 -0.841067531330402 profile1
295 110.741664 -0.833601314161347 profile1
296 110.74991 -0.825423453443406 profile1
297 110.753861 -0.793227360235989 profile1
298 110.75611 -0.740535240960938 profile1
299 110.758359 -0.698839355156986 profile1
300 110.760609 -0.67447342950329 profile1
301 110.762858 -0.668395107562624 profile1
302 110.765107 -0.681172472229636 profile1
303 111.288208 -0.949949235060257 profile1
304 111.29092 -0.967983627656973 profile1
305 111.319656 -1.00323142122173 profile1
306 111.346331 -1.04661424880864 profile1
307 111.35717 -1.07908764957879 profile1
308 111.368009 -0.879293459489924 profile1
309 111.425219 -0.917101528214304 profile1
310 111.532266 -0.913257638982007 profile1
311 111.60867 -0.997874001381093 profile1
312 111.624963 -1.00470181114536 profile1
313 111.641257 -1.04253054991202 profile1
314 111.657551 -1.04980648770061 profile1
315 111.664743 -1.00942293099837 profile1
316 111.668134 -0.973363660025491 profile1
317 111.671526 -0.941930458007481 profile1
318 111.712277 -0.914679169350812 profile1
319 111.772224 -0.911008239050628 profile1
320 111.83217 -1.06138368908635 profile1
321 111.883727 -1.09058252379103 profile1
322 111.889358 -1.0810132382978 profile1
323 111.89499 -1.07468670118615 profile1
324 111.900621 -1.07165082422471 profile1
325 111.951232 -1.07284197323219 profile1
326 111.967407 -1.02804670556512 profile1
327 111.972615 -0.955150444044482 profile1
328 111.977823 -0.937219397976982 profile1
329 112.026842 -0.906857012648149 profile1
330 112.050813 -0.80038018673742 profile1
331 112.058738 -0.713871763102804 profile1
332 112.066663 -0.631454339757665 profile1
333 112.205697 -0.604110510852649 profile1
334 112.209241 -0.62000404392923 profile1
335 112.211516 -0.637382758463136 profile1
336 112.213791 -0.656265958892529 profile1
337 112.216066 -0.655345768379289 profile1
338 112.218341 -0.615503963729222 profile1
339 112.221962 -0.554132065928559 profile1
340 112.251959 -0.510880085222085 profile1
341 112.281956 -0.517466199069111 profile1
342 112.451254 -0.543588787539399 profile1
343 112.455544 -0.363031349022216 profile1
344 112.459835 -0.169170692671559 profile1
345 112.464125 0.00471157296778808 profile1
346 112.468416 0.159921766574922 profile1
347 112.472706 0.29539942118244 profile1
348 112.506522 0.379196402263171 profile1
349 112.50952 1.20993341992275 profile1
350 112.512517 1.08546157379365 profile1
351 112.515514 1.19978516209983 profile1
352 112.518511 1.31191116827008 profile1
353 112.521508 1.41781047249114 profile1
354 112.524505 1.51504315247642 profile1
355 112.527503 1.60029689042485 profile1
356 112.5305 1.70647184795638 profile1
357 112.640753 1.98008591212882 profile1
358 112.665334 1.98453400151674 profile1
359 112.689915 1.98917505622195 profile1
360 112.714496 1.97958623867634 profile1
361 112.764754 1.94671795262604 profile1
362 112.826201 1.97373594409827 profile1
363 112.828563 2.00075778942141 profile1
364 112.830925 1.2108681034219 profile1
365 112.833286 1.1877851663557 profile1
366 112.835648 1.21378444305879 profile1
367 112.838009 1.23663131155977 profile1
368 112.870831 1.25452301849881 profile1
369 112.903651 1.24839911998416 profile1
370 112.915354 1.24149567081899 profile1
371 112.927057 1.23395945655018 profile1
372 112.978421 1.25231475227019 profile1
373 113.079634 1.32010874584265 profile1
374 113.091233 1.4000316842848 profile1
375 113.102831 1.40905387250239 profile1
376 113.11443 1.40258765237598 profile1
377 113.146956 1.38810685458085 profile1
378 113.148674 1.36929544577579 profile1
379 113.150393 1.34631658202645 profile1
380 113.187512 1.31936901427076 profile1
381 113.222235 1.30855602875467 profile1
382 113.231247 1.29920794050681 profile1
383 113.240258 1.28692314638881 profile1
384 113.24927 1.3915412732404 profile1
385 113.258281 1.37426491313457 profile1
386 113.268797 1.3329670181952 profile1
387 113.288739 1.25507140823143 profile1
388 113.344694 1.16351676461104 profile1
389 113.424389 1.08059328524057 profile1
390 113.510482 1.04736711542767 profile1
391 113.588968 1.05014390255634 profile1
392 113.591392 1.05263247435794 profile1
393 113.593816 1.05541902309886 profile1
394 113.610203 1.4630274287822 profile1
395 113.711326 1.89172849371664 profile1
396 113.812449 1.79029796493749 profile1
397 113.913572 1.86210536343438 profile1
398 114.014695 1.84455718105513 profile1
399 114.143712 1.55537141935701 profile1
400 114.297395 1.41170221634959 profile1
401 114.451077 1.47753417092911 profile1
402 114.554864 1.44878359610215 profile1
403 114.572315 1.42453792592583 profile1
404 114.573429 1.39608427679526 profile1
405 114.574543 1.36369547600611 profile1
406 114.575657 1.32774883001534 profile1
407 114.590217 1.28869970588675 profile1
408 114.709536 0.800542885800441 profile1
409 114.89167 0.895854701879869 profile1
410 114.94277 0.785234989505919 profile1
411 114.965983 0.666968786552223 profile1
412 114.966742 0.539169384860868 profile1
413 114.967501 0.409111286901396 profile1
414 114.96826 0.281130685628517 profile1
415 114.969019 0.158777037077169 profile1
416 114.969778 0.0445579046480556 profile1
417 114.992453 -0.0601123724137265 profile1
418 115.043552 -0.156137193682002 profile1
419 115.272631 -0.433208084043703 profile1
420 115.329016 -0.452664398371316 profile1
421 115.362872 -0.463003594660411 profile1
422 115.396727 -0.473671083755806 profile1
423 115.518474 -0.235351582056017 profile1
424 115.52059 -0.230513245971739 profile1
425 115.522706 -0.225461116363335 profile1
426 115.54515 -0.222029714710022 profile1
427 115.550006 -0.264994605823971 profile1
428 115.552018 -0.317407601709533 profile1
429 115.55403 -0.377569024411184 profile1
430 115.556043 -0.443319188775921 profile1
431 115.560152 -0.492791174140966 profile1
432 115.566972 -0.495553751799485 profile1
433 115.573793 -0.498789854036313 profile1
434 115.580613 -0.502498191748909 profile1
435 115.593908 -0.506680506452715 profile1
436 115.753929 -0.546937065359935 profile1
437 115.755144 -0.785283692978114 profile1
438 115.756359 -0.957452449448654 profile1
439 115.767713 -1.01540250712216 profile1
440 115.768304 -0.982348637710827 profile1
441 115.768895 -0.772270518506078 profile1
442 115.769486 -0.551519108452356 profile1
443 115.770078 -0.346561884579466 profile1
444 115.770669 -0.16185386473789 profile1
445 115.772686 -0.00695928025546019 profile1
446 115.783409 0.120741282004672 profile1
447 115.784285 0.231891238748109 profile1
448 115.78516 0.326209806155341 profile1
449 115.786036 0.341993249451605 profile1
450 115.786912 0.339845172964157 profile1
451 115.787787 0.330241031145012 profile1
452 115.788663 0.316077868025882 profile1
453 109.57503 -1.21222288377859 profile2
454 109.577848 -1.22384892356273 profile2
455 109.580666 -1.23782173867619 profile2
456 109.583484 -1.25402792841972 profile2
457 109.586302 -1.27232392083651 profile2
458 109.589119 -1.29253775531667 profile2
459 109.591937 -1.31447385929386 profile2
460 109.594755 -1.33791941144359 profile2
461 109.597573 -1.34087332723199 profile2
462 109.610319 -1.29291806502237 profile2
463 109.611374 -1.23322556712497 profile2
464 109.612429 -1.17643747990405 profile2
465 109.613484 -1.12273897403519 profile2
466 109.614538 -1.07486254280923 profile2
467 109.615593 -1.03837197234226 profile2
468 109.616648 -1.00536820266081 profile2
469 109.649948 -0.979605661792118 profile2
470 109.709343 -0.935286163506912 profile2
471 109.768738 -0.957635854164738 profile2
472 109.778696 -0.768402986112347 profile2
473 109.78644 -0.604058023821858 profile2
474 109.794184 -0.482441323595126 profile2
475 109.827314 -0.423901232637513 profile2
476 109.886714 -0.43928022072132 profile2
477 109.946115 -0.453213566032908 profile2
478 110.005515 -0.467188138863842 profile2
479 110.064915 -0.382344903368941 profile2
480 110.124315 -0.237283939523326 profile2
481 110.183715 -0.251684667072392 profile2
482 110.243115 -0.266550289014791 profile2
483 110.27255 -0.281610470796262 profile2
484 110.292051 -0.296407214684417 profile2
485 110.311551 -0.310966905150999 profile2
486 110.331052 -0.32536285026406 profile2
487 110.347675 -0.33944460207261 profile2
488 110.355434 -0.353143835494053 profile2
489 110.363193 -0.366590427398317 profile2
490 110.370953 -0.379765700350401 profile2
491 110.378712 -0.392657412133367 profile2
492 110.386472 -0.405357388039513 profile2
493 110.394231 -0.378419716667831 profile2
494 110.401991 -0.360772858927053 profile2
495 110.40975 -0.370894103191206 profile2
496 110.419827 -0.407444618638591 profile2
497 110.437092 -0.419202007465122 profile2
498 110.438182 -0.462992756282724 profile2
499 110.439272 -0.516196945790696 profile2
500 110.440362 -0.575312130813249 profile2
501 110.441452 -0.674841155369381 profile2
502 110.442541 -0.807113260825176 profile2
503 110.537457 -0.869332901342616 profile2
504 110.600303 -0.237517499466078 profile2
505 110.609526 0.0766586717227058 profile2
506 110.618749 0.0658422638940653 profile2
507 110.627971 0.0518532486940172 profile2
508 110.652689 0.0347764940462026 profile2
509 110.691054 0.0116654729712141 profile2
510 110.711132 -0.0262751217710253 profile2
511 110.728767 -0.0539307128357272 profile2
512 110.741664 -0.0789361271727472 profile2
513 110.74991 -0.103875606442237 profile2
514 110.753861 -0.181072098673011 profile2
515 110.75611 -0.222216786307707 profile2
516 110.758359 -0.256026523323472 profile2
517 110.760609 -0.296565349198512 profile2
518 110.762858 -0.342198414147541 profile2
519 110.765107 -0.391121314618865 profile2
520 110.767356 -0.441479185144936 profile2
521 110.769606 -0.491263002584464 profile2
522 110.782838 -0.537673367141071 profile2
523 110.826448 -0.539007240226064 profile2
524 110.828376 -0.507905365760458 profile2
525 110.830305 -0.477109423305829 profile2
526 110.923141 -0.463746055123435 profile2
527 111.125818 -0.465851238892078 profile2
528 111.285496 -0.456123185180014 profile2
529 111.288208 -0.285555278004963 profile2
530 111.29092 -0.0621852816408236 profile2
531 111.319656 0.144432459444889 profile2
532 111.346331 0.25582847998284 profile2
533 111.35717 0.372846963388591 profile2
534 111.368009 0.988248498144089 profile2
535 111.425219 1.69075654748632 profile2
536 111.532266 1.7012233762582 profile2
537 111.60867 2.00075778942141 profile2
538 111.624963 1.85093175708628 profile2
539 111.641257 1.6720244861074 profile2
540 111.657551 1.57385143793155 profile2
541 111.664743 1.58002797155947 profile2
542 111.668134 1.5814943850601 profile2
543 111.671526 1.57824968485119 profile2
544 111.712277 1.56996090852311 profile2
545 111.772224 1.57548609125018 profile2
546 111.83217 1.72289379714314 profile2
547 111.883727 1.73561255603465 profile2
548 111.889358 1.71898317138492 profile2
549 111.89499 1.70094758532113 profile2
550 111.900621 1.68143505122227 profile2
551 111.951232 1.6628360010147 profile2
552 111.967407 1.63923868568454 profile2
553 111.972615 1.57194992825266 profile2
554 111.977823 1.48373479059072 profile2
555 112.026842 1.42105798486103 profile2
556 112.050813 1.4157744149703 profile2
557 112.058738 1.39505451233796 profile2
558 112.066663 1.36255762061091 profile2
559 112.205697 1.32308264073694 profile2
560 112.209241 1.28271086569332 profile2
561 112.211516 1.24039218282757 profile2
562 112.213791 1.19645052587261 profile2
563 112.216066 1.19080750510219 profile2
564 112.218341 1.11894035162119 profile2
565 112.221962 0.972232247035518 profile2
566 112.251959 0.813007863862994 profile2
567 112.281956 0.750145018691801 profile2
568 112.451254 0.750591361433785 profile2
569 112.455544 0.706259742508222 profile2
570 112.459835 0.636455686009138 profile2
571 112.464125 0.548993906760427 profile2
572 112.468416 0.446102463880135 profile2
573 112.472706 0.328832164036649 profile2
574 112.506522 0.281285088416535 profile2
575 112.50952 0.668427757669041 profile2
576 112.512517 0.410695299930561 profile2
577 112.515514 0.414107581387616 profile2
578 112.518511 0.417700615423106 profile2
579 112.521508 0.420058376606092 profile2
580 112.524505 0.4210402813415 profile2
581 112.527503 0.420746918803409 profile2
582 112.5305 0.420426083393595 profile2
583 112.640753 -0.000602752248000383 profile2
584 112.665334 0 profile2
585 112.689915 -0.00538938012668837 profile2
586 112.714496 -0.0427902519613083 profile2
587 112.764754 -0.0819789147082506 profile2
588 112.826201 -0.09161769362707 profile2
589 112.828563 -0.10529738914043 profile2
590 112.830925 -0.805416873028079 profile2
591 112.833286 -0.896481579236138 profile2
592 112.835648 -0.915219802184079 profile2
593 112.838009 -0.937473498226105 profile2
594 112.870831 -0.961483438052896 profile2
595 112.903651 -0.967860134937238 profile2
596 112.915354 -0.97517286076759 profile2
597 112.927057 -0.983359707254834 profile2
598 112.978421 -0.973724441619659 profile2
599 113.079634 -0.975449970624247 profile2
600 113.091233 -1.35289175210149 profile2
601 113.102831 -1.44334813157573 profile2
602 113.11443 -1.44493447584972 profile2
603 113.146956 -1.45606684320731 profile2
604 113.148674 -1.47241127622382 profile2
605 113.150393 -1.49373340766521 profile2
606 113.187512 -1.51973479724026 profile2
607 113.222235 -1.52209724117639 profile2
608 113.231247 -1.52070453754036 profile2
609 113.240258 -1.52156183135881 profile2
610 113.24927 -1.42686206529319 profile2
611 113.258281 -1.42388936653852 profile2
612 113.268797 -1.43246105576732 profile2
613 113.288739 -1.44208692050419 profile2
614 113.344694 -1.45883801452498 profile2
615 113.424389 -1.48764948961088 profile2
616 113.510482 -1.52059861721853 profile2
617 113.588968 -1.52859235934172 profile2
618 113.591392 -1.53659058043591 profile2
619 113.593816 -1.54527882303472 profile2
620 113.610203 -1.57975966739443 profile2
621 113.711326 -2.41849050723318 profile2
622 113.812449 -2.37017767367945 profile2
623 113.913572 -2.34172018474274 profile2
624 114.014695 -2.27451697132491 profile2
625 114.143712 -1.94351438452038 profile2
626 114.297395 -2.16454198122115 profile2
627 114.451077 -2.16861024276742 profile2
628 114.554864 -2.17542504597283 profile2
629 114.572315 -2.18068326440661 profile2
630 114.573429 -2.19392193112951 profile2
631 114.574543 -2.2149001592098 profile2
632 114.575657 -2.24307906258462 profile2
633 114.590217 -2.27766721575472 profile2
634 114.709536 -3.01209456566552 profile2
635 114.89167 -2.91079223371332 profile2
636 114.94277 -2.91715958236629 profile2
637 114.965983 -2.87248657030372 profile2
638 114.966742 -2.80467881751881 profile2
639 114.967501 -2.74288538675419 profile2
640 114.96826 -2.68735108265318 profile2
641 114.969019 -2.63822088876722 profile2
642 114.969778 -2.59555188649283 profile2
643 114.992453 -2.55932112933906 profile2
644 115.043552 -2.5276856176232 profile2
645 115.272631 -2.49230735914969 profile2
646 115.329016 -2.49061485827662 profile2
647 115.362872 -2.4889789263068 profile2
648 115.396727 -2.4873539927687 profile2
649 115.518474 -2.46569168359648 profile2
650 115.52059 -2.24910018652712 profile2
651 115.522706 -2.03681809390868 profile2
652 115.54515 -1.83927051132799 profile2
653 115.550006 -1.81469140923294 profile2
654 115.552018 -1.83117193969712 profile2
655 115.55403 -1.89047561018053 profile2
656 115.556043 -1.98904081849898 profile2
657 115.560152 -2.08627581401214 profile2
658 115.566972 -2.11160243495438 profile2
659 115.573793 -2.13801240012503 profile2
660 115.580613 -2.16539918934437 profile2
661 115.593908 -2.19364360991734 profile2
662 115.753929 -2.13801402705504 profile2
663 115.755144 -1.93490870956779 profile2
664 115.756359 -1.88789301227596 profile2
665 115.767713 -1.90807640248923 profile2
666 115.768304 -1.93243825395147 profile2
667 115.768895 -1.91847333278654 profile2
668 115.769486 -1.90134349297586 profile2
669 115.770078 -1.88606519174823 profile2
670 115.770669 -1.87299170678875 profile2
671 115.772686 -1.84977375049601 profile2
672 115.783409 -1.81142643288901 profile2
673 115.784285 -1.77574629012191 profile2
674 115.78516 -1.74285122311873 profile2
675 115.786036 -1.69440268214792 profile2
676 115.786912 -1.64993344664698 profile2
677 115.787787 -1.61372274444499 profile2
678 115.788663 -1.58594092956775 profile2
