marker_position lod trace
1 109.57503 -5.79181445630962 pleio
2 109.577848 -5.67872284303632 pleio
3 109.580666 -5.58102996026329 pleio
4 109.583484 -5.49959819396964 pleio
5 109.586302 -5.43505612111137 pleio
6 109.589119 -5.38777821231352 pleio
7 109.591937 -5.35787596628169 pleio
8 109.594755 -5.34520090626591 pleio
9 109.597573 -5.32464524641254 pleio
10 109.610319 -5.25528645599294 pleio
11 109.611374 -5.17763498945141 pleio
12 109.612429 -5.10726458637986 pleio
13 109.613484 -5.04432493881869 pleio
14 109.614538 -4.98956001799836 pleio
15 109.615593 -4.94144862743832 pleio
16 109.616648 -4.89640860428298 pleio
17 109.649948 -4.87150932043309 pleio
18 109.709343 -4.27979498934078 pleio
19 109.768738 -4.15264178875969 pleio
20 109.778696 -4.28283892523014 pleio
21 109.78644 -4.50701802660906 pleio
22 109.794184 -4.81161596351206 pleio
23 109.827314 -5.10075314084659 pleio
24 109.886714 -5.117581997586 pleio
25 109.946115 -5.1298672078848 pleio
26 110.005515 -5.1416847745084 pleio
27 110.064915 -5.08234260451462 pleio
28 110.124315 -4.99964115709266 pleio
29 110.183715 -5.00985283015675 pleio
30 110.243115 -5.01921942176396 pleio
31 110.27255 -5.02836640944016 pleio
32 110.292051 -5.03689060284965 pleio
33 110.311551 -5.04498018528124 pleio
34 110.331052 -5.05250444318729 pleio
35 110.347675 -5.05950752280046 pleio
36 110.355434 -5.06602592637816 pleio
37 110.363193 -5.07184310880808 pleio
38 110.370953 -5.07697508093443 pleio
39 110.378712 -5.08144862249437 pleio
40 110.386472 -5.08548523085678 pleio
41 110.394231 -5.09568210489587 pleio
42 110.401991 -5.08362896255513 pleio
43 110.40975 -5.05980082127412 pleio
44 110.419827 -5.03730250813566 pleio
45 110.437092 -4.76985076575872 pleio
46 110.438182 -4.42223497231006 pleio
47 110.439272 -4.09692332632695 pleio
48 110.440362 -3.8033175965962 pleio
49 110.441452 -3.6939380437588 pleio
50 110.442541 -3.760269195488 pleio
51 110.537457 -3.79657670293902 pleio
52 110.600303 -3.58371035099344 pleio
53 110.609526 -3.70238861607459 pleio
54 110.618749 -3.65613769555256 pleio
55 110.627971 -3.63027375115414 pleio
56 110.652689 -3.62468348505711 pleio
57 110.691054 -3.63885983046964 pleio
58 110.711132 -3.65749855205055 pleio
59 110.728767 -3.66398565538048 pleio
60 110.741664 -3.65889672373533 pleio
61 110.74991 -3.65442478625461 pleio
62 110.753861 -3.6595696194404 pleio
63 110.75611 -3.54709913570958 pleio
64 110.758359 -3.41874363904235 pleio
65 110.760609 -3.30925338466778 pleio
66 110.762858 -3.21920101071624 pleio
67 110.765107 -3.14892012426478 pleio
68 110.767356 -3.09852348988443 pleio
69 110.769606 -3.06791795005444 pleio
70 110.782838 -3.0568202226983 pleio
71 110.826448 -3.0217159859524 pleio
72 110.828376 -2.96951658919109 pleio
73 110.830305 -2.93194513550507 pleio
74 110.923141 -2.90964008962231 pleio
75 111.125818 -2.8977206846581 pleio
76 111.285496 -2.88934274041474 pleio
77 111.288208 -2.84945356220504 pleio
78 111.29092 -2.79537636832471 pleio
79 111.319656 -2.75197470730588 pleio
80 111.346331 -2.75039366512103 pleio
81 111.35717 -2.69265379238394 pleio
82 111.368009 -2.04633604091453 pleio
83 111.425219 -0.975813848254 pleio
84 111.532266 -0.954334023346609 pleio
85 111.60867 -0.653383806582956 pleio
86 111.624963 -0.742610685218843 pleio
87 111.641257 -0.850019786013398 pleio
88 111.657551 -0.883582003616598 pleio
89 111.664743 -0.8449965558719 pleio
90 111.668134 -0.811099547106112 pleio
91 111.671526 -0.781678102573286 pleio
92 111.712277 -0.75148788681865 pleio
93 111.772224 -0.712964564823512 pleio
94 111.83217 -0.507709813109173 pleio
95 111.883727 -0.451982107506977 pleio
96 111.889358 -0.402591162912241 pleio
97 111.89499 -0.358434518700984 pleio
98 111.900621 -0.319596074137197 pleio
99 111.951232 -0.28490494214667 pleio
100 111.967407 -0.204344990098817 pleio
101 111.972615 -0.230711263370709 pleio
102 111.977823 -0.444731850379469 pleio
103 112.026842 -0.5494747794021 pleio
104 112.050813 -0.322211101488138 pleio
105 112.058738 -0.167771533038952 pleio
106 112.066663 -0.0391279277947548 pleio
107 112.205697 0 pleio
108 112.209241 -0.0419035262283027 pleio
109 112.211516 -0.113826450691326 pleio
110 112.213791 -0.214779014157281 pleio
111 112.216066 -0.216978029838015 pleio
112 112.218341 -0.227636321299864 pleio
113 112.221962 -0.268014385002771 pleio
114 112.251959 -0.324977896845244 pleio
115 112.281956 -0.408190806586603 pleio
116 112.451254 -0.420450742354882 pleio
117 112.455544 -0.313505355038331 pleio
118 112.459835 -0.249858478877567 pleio
119 112.464125 -0.252988975298776 pleio
120 112.468416 -0.309914341242184 pleio
121 112.472706 -0.418019336054405 pleio
122 112.506522 -0.583866134752068 pleio
123 112.50952 -1.92070810386687 pleio
124 112.512517 -3.53607079332866 pleio
125 112.515514 -3.56782947428391 pleio
126 112.518511 -3.59882757978732 pleio
127 112.521508 -3.63434604056276 pleio
128 112.524505 -3.67436014703714 pleio
129 112.527503 -3.71847932741389 pleio
130 112.5305 -3.78611502448845 pleio
131 112.640753 -4.29457400106 pleio
132 112.665334 -4.45398580033012 pleio
133 112.689915 -4.60436629322761 pleio
134 112.714496 -4.67962755969373 pleio
135 112.764754 -4.75002420324193 pleio
136 112.826201 -4.73112623418724 pleio
137 112.828563 -4.70215649201789 pleio
138 112.830925 -7.17396561885472 pleio
139 112.833286 -7.43519491509477 pleio
140 112.835648 -7.48174661787426 pleio
141 112.838009 -7.53270584357824 pleio
142 112.870831 -7.58570273703982 pleio
143 112.903651 -7.60411238984026 pleio
144 112.915354 -7.62262149100807 pleio
145 112.927057 -7.64148886269396 pleio
146 112.978421 -7.6735205177159 pleio
147 113.079634 -7.76946733012637 pleio
148 113.091233 -8.74783298774125 pleio
149 113.102831 -9.02553875324056 pleio
150 113.11443 -9.02667634671826 pleio
151 113.146956 -9.02835373716695 pleio
152 113.148674 -9.03307645350855 pleio
153 113.150393 -9.04086388653524 pleio
154 113.187512 -9.05168758894264 pleio
155 113.222235 -9.07048278025149 pleio
156 113.231247 -9.09255205252056 pleio
157 113.240258 -9.11608937446738 pleio
158 113.24927 -8.83347320514096 pleio
159 113.258281 -8.82967272478806 pleio
160 113.268797 -8.86206362632011 pleio
161 113.288739 -8.90942237208623 pleio
162 113.344694 -8.96003998733936 pleio
163 113.424389 -9.00991911203727 pleio
164 113.510482 -9.04359910160337 pleio
165 113.588968 -9.05663134453143 pleio
166 113.591392 -9.069979517486 pleio
167 113.593816 -9.08365031816773 pleio
168 113.610203 -9.14607928352877 pleio
169 113.711326 -9.74737801428673 pleio
170 113.812449 -9.95359341161615 pleio
171 113.913572 -9.93600533862403 pleio
172 114.014695 -9.8446320920221 pleio
173 114.143712 -9.72251431425648 pleio
174 114.297395 -10.2981166802203 pleio
175 114.451077 -10.2641589223333 pleio
176 114.554864 -10.2803002831357 pleio
177 114.572315 -10.3718065556666 pleio
178 114.573429 -10.4649430670746 pleio
179 114.574543 -10.5587484328069 pleio
180 114.575657 -10.6522226203148 pleio
181 114.590217 -10.7443822954405 pleio
182 114.709536 -11.1410804373045 pleio
183 114.89167 -10.8378200212014 pleio
184 114.94277 -10.8593897335321 pleio
185 114.965983 -10.8602095247154 pleio
186 114.966742 -10.853791724631 pleio
187 114.967501 -10.8553445029018 pleio
188 114.96826 -10.8652437484329 pleio
189 114.969019 -10.8836499547114 pleio
190 114.969778 -10.9105091974265 pleio
191 114.992453 -10.9455769877485 pleio
192 115.043552 -10.9900052931223 pleio
193 115.272631 -10.9162142413369 pleio
194 115.329016 -10.929060292515 pleio
195 115.362872 -10.9473564661248 pleio
196 115.396727 -10.9657571024619 pleio
197 115.518474 -10.5354759011302 pleio
198 115.52059 -10.4758806650011 pleio
199 115.522706 -10.4071512941753 pleio
200 115.54515 -10.3377062732514 pleio
201 115.550006 -10.4303312035588 pleio
202 115.552018 -10.5396771384411 pleio
203 115.55403 -10.6622799249686 pleio
204 115.556043 -10.7937258465073 pleio
205 115.560152 -10.8935011429501 pleio
206 115.566972 -10.9067644497479 pleio
207 115.573793 -10.9203520320091 pleio
208 115.580613 -10.9342737853246 pleio
209 115.593908 -10.9485366546232 pleio
210 115.753929 -10.6405654808606 pleio
211 115.755144 -10.7344674939918 pleio
212 115.756359 -10.9414706883083 pleio
213 115.767713 -11.0811061711 pleio
214 115.768304 -11.1051919458206 pleio
215 115.768895 -11.0787644566485 pleio
216 115.769486 -11.0508739798903 pleio
217 115.770078 -11.0280636906831 pleio
218 115.770669 -11.010450128283 pleio
219 115.772686 -10.9978460869068 pleio
220 115.783409 -10.9890196095047 pleio
221 115.784285 -10.9836193337792 pleio
222 115.78516 -10.9815203222987 pleio
223 115.786036 -10.9389012580432 pleio
224 115.786912 -10.89436940762 pleio
225 115.787787 -10.8613155282552 pleio
226 115.788663 -10.8357764283511 pleio
227 111.368009 -0.608609863445964 profile1
228 111.425219 -0.042032430669055 profile1
229 111.532266 -0.032337935763109 profile1
230 111.60867 0.395759929460319 profile1
231 111.624963 0.288548566169147 profile1
232 111.641257 0.159408032458101 profile1
233 111.657551 0.0579379000674108 profile1
234 111.664743 0.000226262757908333 profile1
235 109.57503 -3.5519870633675 profile1
236 109.577848 -3.50317441912535 profile1
237 109.580666 -3.45474898871542 profile1
238 109.583484 -3.4070734421829 profile1
239 109.586302 -3.36050324211093 profile1
240 109.589119 -3.31537544890621 profile1
241 109.591937 -3.27199899359317 profile1
242 109.594755 -3.23064617909666 profile1
243 109.597573 -3.18718713259742 profile1
244 109.610319 -3.09139509760821 profile1
245 109.611374 -2.97789343569901 profile1
246 109.612429 -2.86638436004118 profile1
247 109.613484 -2.7572767317934 profile1
248 109.614538 -2.66128119154211 profile1
249 109.615593 -2.60022918385568 profile1
250 109.616648 -2.54203450104515 profile1
251 109.649948 -2.49438392085681 profile1
252 109.709343 -2.45085358787296 profile1
253 109.768738 -2.45551968403543 profile1
254 109.778696 -2.48485954088024 profile1
255 109.78644 -2.55931637938183 profile1
256 109.794184 -2.67608138308282 profile1
257 109.827314 -2.79702530345955 profile1
258 109.886714 -2.81008076605379 profile1
259 109.946115 -2.81829948478631 profile1
260 110.005515 -2.82627474695919 profile1
261 110.064915 -2.79353811966228 profile1
262 110.124315 -2.75786035201672 profile1
263 110.183715 -2.76487602878272 profile1
264 110.243115 -2.77175634087401 profile1
265 110.27255 -2.77846311985203 profile1
266 110.292051 -2.78478915041355 profile1
267 110.311551 -2.7908260592267 profile1
268 110.331052 -2.79644455054393 profile1
269 110.347675 -2.80173716344689 profile1
270 110.355434 -2.80678116906026 profile1
271 110.363193 -2.81131491730955 profile1
272 110.370953 -2.815331842116 profile1
273 110.378712 -2.81883471737718 profile1
274 110.386472 -2.82195322926249 profile1
275 110.394231 -2.82612984948237 profile1
276 110.401991 -2.79892533258116 profile1
277 110.40975 -2.75162488304103 profile1
278 110.419827 -2.68340612231034 profile1
279 110.437092 -2.53897116952223 profile1
280 110.438182 -2.33048842243741 profile1
281 110.439272 -2.10740999995281 profile1
282 110.440362 -1.8886507117108 profile1
283 110.441452 -1.75445145319162 profile1
284 110.442541 -1.70662096080778 profile1
285 110.537457 -1.72909233885343 profile1
286 110.600303 -1.81369504055869 profile1
287 110.609526 -1.89151163558848 profile1
288 110.618749 -1.92778008475466 profile1
289 110.627971 -1.97016744303196 profile1
290 110.652689 -2.01822134439156 profile1
291 110.691054 -2.07155985247048 profile1
292 110.711132 -2.10182233059446 profile1
293 110.728767 -2.10280181689385 profile1
294 110.741664 -2.10482536238972 profile1
295 110.74991 -2.10694882286358 profile1
296 110.753861 -2.12265346438093 profile1
297 110.75611 -2.06732047452359 profile1
298 110.758359 -1.99912280641183 profile1
299 110.760609 -1.93983519448291 profile1
300 110.762858 -1.88988132742027 profile1
301 110.765107 -1.84947778333102 profile1
302 110.767356 -1.8186364208652 profile1
303 110.769606 -1.79718445558107 profile1
304 110.782838 -1.78479044369083 profile1
305 110.826448 -1.76174916128966 profile1
306 110.828376 -1.73151969828243 profile1
307 110.830305 -1.70848073745009 profile1
308 110.923141 -1.69839138627136 profile1
309 111.125818 -1.69643120666619 profile1
310 111.285496 -1.68600884194251 profile1
311 111.288208 -1.61333959307553 profile1
312 111.29092 -1.51969920372167 profile1
313 111.319656 -1.424228636894 profile1
314 111.346331 -1.38297548272988 profile1
315 111.35717 -1.29689145942478 profile1
316 111.668134 -0.0486431746017812 profile1
317 111.671526 -0.0956128672031131 profile1
318 111.712277 -0.144997601317547 profile1
319 111.772224 -0.192550351630883 profile1
320 111.83217 0.00599425233688542 profile1
321 111.883727 0.099744077624128 profile1
322 111.889358 0.0790610825008928 profile1
323 111.89499 0.056425117306066 profile1
324 111.900621 0.031936253031531 profile1
325 111.951232 0.00653903176729695 profile1
326 111.967407 0.00209021354214022 profile1
327 111.972615 0.0466470870669595 profile1
328 111.977823 0.119442359996229 profile1
329 112.026842 0.143330188664344 profile1
330 112.050813 0.112568479611115 profile1
331 112.058738 0.0871568309629897 profile1
332 112.066663 0.0476346490854834 profile1
333 112.205697 0.000770745630240089 profile1
334 112.209241 -0.0399325455486055 profile1
335 112.211516 -0.0694188313770876 profile1
336 112.213791 -0.104555914653601 profile1
337 112.216066 -0.109105128352583 profile1
338 112.218341 -0.109813283463787 profile1
339 112.221962 -0.115906627790377 profile1
340 112.251959 -0.130397710091318 profile1
341 112.281956 -0.201620110325844 profile1
342 112.451254 -0.258123028221149 profile1
343 112.455544 -0.241800401105364 profile1
344 112.459835 -0.244904823565879 profile1
345 112.464125 -0.252988975298776 profile1
346 112.468416 -0.288733964046828 profile1
347 113.711326 -3.05916141828974 profile1
348 113.812449 -3.26766076556419 profile1
349 113.913572 -3.25614237285961 profile1
350 114.014695 -3.21490905781165 profile1
351 114.143712 -3.03010689729456 profile1
352 114.297395 -3.36749241892403 profile1
353 114.451077 -3.3565475355202 profile1
354 114.554864 -3.33327005901746 profile1
355 114.572315 -3.35297501176864 profile1
356 114.573429 -3.37563354739352 profile1
357 114.574543 -3.40110351982852 profile1
358 114.575657 -3.42912682084093 profile1
359 114.590217 -3.45935555057792 profile1
360 114.709536 -4.33961348149143 profile1
361 114.89167 -3.95250192503388 profile1
362 114.94277 -3.99603597725407 profile1
363 114.965983 -4.00841821117156 profile1
364 114.966742 -4.00851884966717 profile1
365 114.967501 -4.01194766189773 profile1
366 114.96826 -4.01951738049495 profile1
367 114.969019 -4.03190836337179 profile1
368 114.969778 -4.04958975510093 profile1
369 114.992453 -4.07278313850814 profile1
370 115.043552 -4.10116197410851 profile1
371 115.272631 -3.90924811122316 profile1
372 115.329016 -3.90269574035356 profile1
373 115.362872 -3.90266913305486 profile1
374 115.396727 -3.90256129109566 profile1
375 115.518474 -3.41831596026058 profile1
376 115.52059 -3.24283536987786 profile1
377 115.522706 -3.05452299642191 profile1
378 115.54515 -2.86860357145446 profile1
379 115.550006 -2.95384557941379 profile1
380 115.552018 -3.06103735518613 profile1
381 115.55403 -3.1861554536358 profile1
382 115.556043 -3.32346197136071 profile1
383 115.560152 -3.42560839967287 profile1
384 115.566972 -3.42900536630171 profile1
385 115.573793 -3.43263510950982 profile1
386 115.580613 -3.43648063094626 profile1
387 115.593908 -3.44052266183825 profile1
388 115.753929 -3.49088155667894 profile1
389 115.755144 -3.46998055378786 profile1
390 115.756359 -3.56222742242827 profile1
391 115.767713 -3.63720223804715 profile1
392 115.768304 -3.64080738316091 profile1
393 115.768895 -3.64366135159359 profile1
394 115.769486 -3.64730616801327 profile1
395 115.770078 -3.65187972513631 profile1
396 115.770669 -3.65736486362065 profile1
397 115.772686 -3.65745671863835 profile1
398 115.783409 -3.64953439150811 profile1
399 115.784285 -3.64237680982523 profile1
400 115.78516 -3.63603350338783 profile1
401 115.786036 -3.59059989734363 profile1
402 115.786912 -3.54374999396578 profile1
403 115.787787 -3.50386495961817 profile1
404 115.788663 -3.47112170568149 profile1
405 112.472706 -0.348063158090115 profile1
406 112.506522 -0.351353114735249 profile1
407 112.50952 0.24019769201823 profile1
408 112.512517 -0.0736601743331638 profile1
409 112.515514 -0.0911095010459743 profile1
410 112.518511 -0.107958020054724 profile1
411 112.521508 -0.125380716979228 profile1
412 112.524505 -0.143183905801887 profile1
413 112.527503 -0.161634718190462 profile1
414 112.5305 -0.194138437541422 profile1
415 112.640753 -0.382068256577632 profile1
416 112.665334 -0.318485730575047 profile1
417 112.689915 -0.284950934871336 profile1
418 112.714496 -0.388716503723288 profile1
419 112.764754 -0.486882918828604 profile1
420 112.826201 -0.481382082439966 profile1
421 112.828563 -0.472618759038023 profile1
422 112.830925 -2.43462196138303 profile1
423 112.833286 -2.59318913566606 profile1
424 112.835648 -2.60557965642174 profile1
425 112.838009 -2.6196414340474 profile1
426 112.870831 -2.63551473315753 profile1
427 112.903651 -2.64880200062579 profile1
428 112.915354 -2.66191357233208 profile1
429 112.927057 -2.67463664151811 profile1
430 112.978421 -2.72151732493771 profile1
431 113.079634 -2.76523726974885 profile1
432 113.091233 -2.81612092720408 profile1
433 113.102831 -2.85568294220857 profile1
434 113.11443 -2.82819801232223 profile1
435 113.146956 -2.80178284947086 profile1
436 113.148674 -2.77737882379562 profile1
437 113.150393 -2.75502424200741 profile1
438 113.187512 -2.73473707084307 profile1
439 113.222235 -2.71332230261399 profile1
440 113.231247 -2.69190458033921 profile1
441 113.240258 -2.67090115369832 profile1
442 113.24927 -2.49302746103663 profile1
443 113.258281 -2.46093779624952 profile1
444 113.268797 -2.45336114385874 profile1
445 113.288739 -2.46768576256481 profile1
446 113.344694 -2.48269270526611 profile1
447 113.424389 -2.50797061832883 profile1
448 113.510482 -2.53642328516232 profile1
449 113.588968 -2.54516099338576 profile1
450 113.591392 -2.55397555933149 profile1
451 113.593816 -2.5628539106649 profile1
452 113.610203 -2.56861656189395 profile1
453 109.57503 -5.20955285110639 profile2
454 109.577848 -5.09012173759577 profile2
455 109.580666 -4.98717563356546 profile2
456 109.583484 -4.90205181431803 profile2
457 109.586302 -4.83581736304162 profile2
458 109.589119 -4.78310334390983 profile2
459 109.591937 -4.7528072734923 profile2
460 109.594755 -4.74705512699965 profile2
461 109.597573 -4.74631763155998 profile2
462 109.610319 -4.73756207085691 profile2
463 109.611374 -4.73710662204259 profile2
464 109.612429 -4.74767262677543 profile2
465 109.613484 -4.76913568066598 profile2
466 109.614538 -4.78687408502611 profile2
467 109.615593 -4.78421822377315 profile2
468 109.616648 -4.78427544539726 profile2
469 109.649948 -4.79531880949938 profile2
470 109.709343 -4.2561488802041 profile2
471 109.768738 -4.15264178875969 profile2
472 109.778696 -4.28283892523014 profile2
473 109.78644 -4.49819314777187 profile2
474 109.794184 -4.7896574089831 profile2
475 109.827314 -5.06189981558696 profile2
476 109.886714 -5.06683391027127 profile2
477 109.946115 -5.07248992520293 profile2
478 110.005515 -5.0775557401284 profile2
479 110.064915 -5.00935470791898 profile2
480 110.124315 -4.92451766612077 profile2
481 110.183715 -4.9285722072547 profile2
482 110.243115 -4.93176718775006 profile2
483 110.27255 -4.93472709027574 profile2
484 110.292051 -4.93732076633968 profile2
485 110.311551 -4.93963162346299 profile2
486 110.331052 -4.9416234559695 profile2
487 110.347675 -4.943261138516 profile2
488 110.355434 -4.94447792743507 profile2
489 110.363193 -4.94531462424729 profile2
490 110.370953 -4.94580470982688 profile2
491 110.378712 -4.94598424501769 profile2
492 110.386472 -4.9459534950547 profile2
493 110.394231 -4.93431816126386 profile2
494 110.401991 -4.91932313963698 profile2
495 110.40975 -4.92147895965697 profile2
496 110.419827 -4.95319432870276 profile2
497 110.437092 -4.7080890238825 profile2
498 110.438182 -4.37228313981897 profile2
499 110.439272 -3.96403780470864 profile2
500 110.440362 -3.5833518284941 profile2
501 110.441452 -3.40477706022175 profile2
502 110.442541 -3.42984987198014 profile2
503 110.537457 -3.42822038800507 profile2
504 110.600303 -3.08201783857666 profile2
505 110.609526 -2.94825841324625 profile2
506 110.618749 -2.81314834982519 profile2
507 110.627971 -2.70377392855968 profile2
508 110.652689 -2.62129989638157 profile2
509 110.691054 -2.5659602820519 profile2
510 110.711132 -2.55035682628474 profile2
511 110.728767 -2.55430651279865 profile2
512 110.741664 -2.54403531961365 profile2
513 110.74991 -2.53434582615734 profile2
514 110.753861 -2.50142254815142 profile2
515 110.75611 -2.29903569319042 profile2
516 110.758359 -2.07287106773159 profile2
517 110.760609 -1.87078404987092 profile2
518 110.762858 -1.69510410008379 profile2
519 110.765107 -1.54771911264215 profile2
520 110.767356 -1.4300253005379 profile2
521 110.769606 -1.34288987078975 profile2
522 110.782838 -1.28664519310618 profile2
523 110.826448 -1.2260020461863 profile2
524 110.828376 -1.162010528917 profile2
525 110.830305 -1.11992854641203 profile2
526 110.923141 -1.09712644294116 profile2
527 111.125818 -1.08002412721721 profile2
528 111.285496 -1.07027031275796 profile2
529 111.288208 -1.07837484817248 profile2
530 111.29092 -1.1066713667152 profile2
531 111.319656 -1.16104243637026 profile2
532 111.346331 -1.18113361640438 profile2
533 111.35717 -1.14016911040538 profile2
534 111.368009 -0.732593142540973 profile2
535 111.425219 -0.599984532517447 profile2
536 111.532266 -0.582204320325765 profile2
537 111.60867 -0.653383806582956 profile2
538 111.624963 -0.633244966181901 profile2
539 111.641257 -0.613107069501021 profile2
540 111.657551 -0.52733679056477 profile2
541 111.664743 -0.401780668256912 profile2
542 111.668134 -0.281205360181855 profile2
543 111.671526 -0.166296977095355 profile2
544 111.712277 -0.0522784666884563 profile2
545 111.772224 0.0593351367019621 profile2
546 111.83217 0.104446032017315 profile2
547 111.883727 0.0479801095227251 profile2
548 111.889358 0.125309305287103 profile2
549 111.89499 0.193437717333687 profile2
550 111.900621 0.252201318712646 profile2
551 111.951232 0.303072175642102 profile2
552 111.967407 0.395759929460319 profile2
553 111.972615 0.299419496198143 profile2
554 111.977823 -0.0225636816460007 profile2
555 112.026842 -0.187175999535048 profile2
556 112.050813 0.0536960216912484 profile2
557 112.058738 0.207397449016913 profile2
558 112.066663 0.325752215541284 profile2
559 112.205697 0.368697810012909 profile2
560 112.209241 0.343570913077965 profile2
561 112.211516 0.283354563372111 profile2
562 112.213791 0.189801775962841 profile2
563 112.216066 0.188087531185367 profile2
564 112.218341 0.184223620651505 profile2
565 112.221962 0.149606926316142 profile2
566 112.251959 0.0888110953550109 profile2
567 112.281956 0.08371372173919 profile2
568 112.451254 0.144617940469334 profile2
569 112.455544 0.264534688764106 profile2
570 112.459835 0.329276121001303 profile2
571 112.464125 0.308831291896321 profile2
572 112.468416 0.24019769201823 profile2
573 112.472706 0.201819821799021 profile2
574 112.506522 0.0652855332364936 profile2
575 112.50952 -1.51092323282254 profile2
576 112.512517 -3.53607079332866 profile2
577 112.515514 -3.55679690973916 profile2
578 112.518511 -3.57591131578503 profile2
579 112.521508 -3.60029518370374 profile2
580 112.524505 -3.62990879706239 profile2
581 112.527503 -3.66332363543214 profile2
582 112.5305 -3.7100544381421 profile2
583 112.640753 -4.23718730777561 profile2
584 112.665334 -4.45067073447775 profile2
585 112.689915 -4.60085192307915 profile2
586 112.714496 -4.56924977004452 profile2
587 112.764754 -4.55372998651783 profile2
588 112.826201 -4.53968732876661 profile2
589 112.828563 -4.51846178015592 profile2
590 112.830925 -6.31052663016206 profile2
591 112.833286 -6.55381876737485 profile2
592 112.835648 -6.60720423130895 profile2
593 112.838009 -6.6645834514773 profile2
594 112.870831 -6.72173912835187 profile2
595 112.903651 -6.72279750654804 profile2
596 112.915354 -6.72389178505646 profile2
597 112.927057 -6.72546712691896 profile2
598 112.978421 -6.69815142466648 profile2
599 113.079634 -6.72963500686838 profile2
600 113.091233 -7.95322020285681 profile2
601 113.102831 -8.32605488382663 profile2
602 113.11443 -8.36180983100467 profile2
603 113.146956 -8.39740631573349 profile2
604 113.148674 -8.43594809388819 profile2
605 113.150393 -8.47742876187962 profile2
606 113.187512 -8.52178497396755 profile2
607 113.222235 -8.57653765530366 profile2
608 113.231247 -8.63488764667367 profile2
609 113.240258 -8.69453100603994 profile2
610 113.24927 -8.60810341458268 profile2
611 113.258281 -8.65288555712917 profile2
612 113.268797 -8.69864399145875 profile2
613 113.288739 -8.73158382369457 profile2
614 113.344694 -8.76742591797675 profile2
615 113.424389 -8.78842627885115 profile2
616 113.510482 -8.7884442870014 profile2
617 113.588968 -8.7989110315791 profile2
618 113.591392 -8.80977215981753 profile2
619 113.593816 -8.82109878998983 profile2
620 113.610203 -8.88981783362006 profile2
621 113.711326 -9.49046114717792 profile2
622 113.812449 -9.61974038021451 profile2
623 113.913572 -9.59346507396805 profile2
624 114.014695 -9.54401482822198 profile2
625 114.143712 -9.66034122269312 profile2
626 114.297395 -10.0906536091653 profile2
627 114.451077 -10.0950621591363 profile2
628 114.554864 -10.1639339923607 profile2
629 114.572315 -10.2102749054204 profile2
630 114.573429 -10.2570632421866 profile2
631 114.574543 -10.3040798455286 profile2
632 114.575657 -10.351117678343 profile2
633 114.590217 -10.3979804253682 profile2
634 114.709536 -10.1991102517825 profile2
635 114.89167 -10.3598193482111 profile2
636 114.94277 -10.3508507103723 profile2
637 114.965983 -10.3522073576059 profile2
638 114.966742 -10.355282444997 profile2
639 114.967501 -10.3589403332621 profile2
640 114.96826 -10.3337830278249 profile2
641 114.969019 -10.3133988552382 profile2
642 114.969778 -10.302396459134 profile2
643 114.992453 -10.30085224008 profile2
644 115.043552 -10.3108093230409 profile2
645 115.272631 -10.3333569898285 profile2
646 115.329016 -10.3520898783978 profile2
647 115.362872 -10.3707161916303 profile2
648 115.396727 -10.3895921907768 profile2
649 115.518474 -10.1438507968178 profile2
650 115.52059 -10.2102843129688 profile2
651 115.522706 -10.2755275141833 profile2
652 115.54515 -10.3377062732514 profile2
653 115.550006 -10.3886919342698 profile2
654 115.552018 -10.4583383909915 profile2
655 115.55403 -10.5431438030153 profile2
656 115.556043 -10.6384962188143 profile2
657 115.560152 -10.7142635718737 profile2
658 115.566972 -10.7298225574655 profile2
659 115.573793 -10.745929378312 profile2
660 115.580613 -10.7625971429217 profile2
661 115.593908 -10.7798343811058 profile2
662 115.753929 -10.4497883025529 profile2
663 115.755144 -10.5737200121365 profile2
664 115.756359 -10.7972272934474 profile2
665 115.767713 -10.9457065600027 profile2
666 115.768304 -10.9689676278807 profile2
667 115.768895 -10.938085331722 profile2
668 115.769486 -10.9070096762333 profile2
669 115.770078 -10.8832297658791 profile2
670 115.770669 -10.8671609223708 profile2
671 115.772686 -10.8635309141544 profile2
672 115.783409 -10.8727789644852 profile2
673 115.784285 -10.8875971895809 profile2
674 115.78516 -10.9075732761744 profile2
675 115.786036 -10.8838271925665 profile2
676 115.786912 -10.8575524050501 profile2
677 115.787787 -10.8426075159738 profile2
678 115.788663 -10.8357764283511 profile2
