marker_position lod trace
1 109.57503 -5.84669869342927 pleio
2 109.577848 -5.8103962579444 pleio
3 109.580666 -5.77752448844029 pleio
4 109.583484 -5.74818703441893 pleio
5 109.586302 -5.72243712094045 pleio
6 109.589119 -5.70027559252234 pleio
7 109.591937 -5.68165293176231 pleio
8 109.594755 -5.66647231562343 pleio
9 109.597573 -5.6338241570765 pleio
10 109.610319 -5.53860665611245 pleio
11 109.611374 -5.42608150020126 pleio
12 109.612429 -5.31597642073184 pleio
13 109.613484 -5.20861910158023 pleio
14 109.614538 -5.10227080969371 pleio
15 109.615593 -4.99186604318066 pleio
16 109.616648 -4.88341947296117 pleio
17 109.649948 -4.80148633908421 pleio
18 109.709343 -5.14667466596245 pleio
19 109.768738 -5.25909347786899 pleio
20 109.778696 -5.20980787050128 pleio
21 109.78644 -5.18611177055669 pleio
22 109.794184 -5.19354967454737 pleio
23 109.827314 -5.22396424758943 pleio
24 109.886714 -5.22509750430489 pleio
25 109.946115 -5.2192913598335 pleio
26 110.005515 -5.21303369734927 pleio
27 110.064915 -5.10424064693983 pleio
28 110.124315 -4.91074753853633 pleio
29 110.183715 -4.90300246596971 pleio
30 110.243115 -4.89493914991017 pleio
31 110.27255 -4.88662351547748 pleio
32 110.292051 -4.87782448154209 pleio
33 110.311551 -4.86896813385094 pleio
34 110.331052 -4.85968134480364 pleio
35 110.347675 -4.8502541013085 pleio
36 110.355434 -4.84096233322568 pleio
37 110.363193 -4.83117852339017 pleio
38 110.370953 -4.82091870742191 pleio
39 110.378712 -4.81021911543099 pleio
40 110.386472 -4.79947870121578 pleio
41 110.394231 -4.6460964783251 pleio
42 110.401991 -4.40753423295996 pleio
43 110.40975 -4.21856250001435 pleio
44 110.419827 -4.05378605288929 pleio
45 110.437092 -3.93532351967281 pleio
46 110.438182 -3.80163558227126 pleio
47 110.439272 -3.60066449722129 pleio
48 110.440362 -3.31480849801867 pleio
49 110.441452 -3.13451924323526 pleio
50 110.442541 -3.07038549944197 pleio
51 110.537457 -3.05367014735844 pleio
52 110.600303 -2.6687604197131 pleio
53 110.609526 -2.31254808821985 pleio
54 110.618749 -2.20496851941666 pleio
55 110.627971 -2.10141092793605 pleio
56 110.652689 -2.00236413752311 pleio
57 110.691054 -1.91143687732239 pleio
58 110.711132 -1.88154237272364 pleio
59 110.728767 -1.89175478626008 pleio
60 110.741664 -1.90141912177053 pleio
61 110.74991 -1.91208685940649 pleio
62 110.753861 -1.94585784494208 pleio
63 110.75611 -1.87593362482593 pleio
64 110.758359 -1.79002243890387 pleio
65 110.760609 -1.72026304955234 pleio
66 110.762858 -1.66621524724289 pleio
67 110.765107 -1.6270764055 pleio
68 110.767356 -1.60174637989014 pleio
69 110.769606 -1.58891886843015 pleio
70 110.782838 -1.58716797860886 pleio
71 110.826448 -1.55418985490495 pleio
72 110.828376 -1.49578989142679 pleio
73 110.830305 -1.44155040070678 pleio
74 110.923141 -1.41349757313603 pleio
75 111.125818 -1.40584186079239 pleio
76 111.285496 -1.39494640438346 pleio
77 111.288208 -1.23456356101006 pleio
78 111.29092 -1.02277757624961 pleio
79 111.319656 -0.840256837079815 pleio
80 111.346331 -0.681604745325731 pleio
81 111.35717 -0.546263450830489 pleio
82 111.368009 -0.451877691387085 pleio
83 111.425219 -0.00976094954588164 pleio
84 111.532266 0 pleio
85 111.60867 -0.0659527525493537 pleio
86 111.624963 -0.235813360996868 pleio
87 111.641257 -0.452350786321754 pleio
88 111.657551 -0.564982287575664 pleio
89 111.664743 -0.546426997596466 pleio
90 111.668134 -0.535472659274717 pleio
91 111.671526 -0.531831987120073 pleio
92 111.712277 -0.534304382414173 pleio
93 111.772224 -0.558718696470749 pleio
94 111.83217 -0.882098655346369 pleio
95 111.883727 -1.14610191294601 pleio
96 111.889358 -1.13828928719097 pleio
97 111.89499 -1.13250789675461 pleio
98 111.900621 -1.12868570822752 pleio
99 111.951232 -1.12862381531338 pleio
100 111.967407 -1.19808901466905 pleio
101 111.972615 -1.30333183826802 pleio
102 111.977823 -1.42019545683958 pleio
103 112.026842 -1.49123028782988 pleio
104 112.050813 -1.46757487338325 pleio
105 112.058738 -1.45986852942612 pleio
106 112.066663 -1.46656271065517 pleio
107 112.205697 -1.45504609667859 pleio
108 112.209241 -1.42528130464649 pleio
109 112.211516 -1.40316863711175 pleio
110 112.213791 -1.38929259664302 pleio
111 112.216066 -1.38754927395837 pleio
112 112.218341 -1.44271588996264 pleio
113 112.221962 -1.55679594843869 pleio
114 112.251959 -1.67912906797491 pleio
115 112.281956 -1.37397300462475 pleio
116 112.451254 -1.09395961903511 pleio
117 112.455544 -0.818149653733801 pleio
118 112.459835 -0.560635452198264 pleio
119 112.464125 -0.350734594235596 pleio
120 112.468416 -0.194079043043097 pleio
121 112.472706 -0.0936361676792644 pleio
122 112.506522 -0.0298008996045548 pleio
123 112.50952 -0.0893171109094233 pleio
124 112.512517 -0.662670525660305 pleio
125 112.515514 -0.628588539034457 pleio
126 112.518511 -0.591780818826156 pleio
127 112.521508 -0.554505200868109 pleio
128 112.524505 -0.517060350629016 pleio
129 112.527503 -0.481056281037941 pleio
130 112.5305 -0.465777332973386 pleio
131 112.640753 -0.348231056836608 pleio
132 112.665334 -0.362169143053528 pleio
133 112.689915 -0.501320977555469 pleio
134 112.714496 -0.797034279583139 pleio
135 112.764754 -1.08797058831995 pleio
136 112.826201 -1.07346452500428 pleio
137 112.828563 -1.05060953243935 pleio
138 112.830925 -2.51265367609998 pleio
139 112.833286 -2.72669155495592 pleio
140 112.835648 -2.81421914174686 pleio
141 112.838009 -2.9027899835715 pleio
142 112.870831 -2.98775620246719 pleio
143 112.903651 -3.02994615025113 pleio
144 112.915354 -3.07321685086853 pleio
145 112.927057 -3.11723052847482 pleio
146 112.978421 -3.11651360617282 pleio
147 113.079634 -2.97863082871015 pleio
148 113.091233 -2.59864495810362 pleio
149 113.102831 -2.51932732752525 pleio
150 113.11443 -2.47840477733113 pleio
151 113.146956 -2.44160989102656 pleio
152 113.148674 -2.40798814085269 pleio
153 113.150393 -2.37775262878152 pleio
154 113.187512 -2.35109127776451 pleio
155 113.222235 -2.32109359766559 pleio
156 113.231247 -2.29263084660305 pleio
157 113.240258 -2.26706675563362 pleio
158 113.24927 -2.07305692392305 pleio
159 113.258281 -2.06314556376188 pleio
160 113.268797 -2.12358225938194 pleio
161 113.288739 -2.22858042257501 pleio
162 113.344694 -2.35144148912315 pleio
163 113.424389 -2.49629628238472 pleio
164 113.510482 -2.61359318393327 pleio
165 113.588968 -2.63246915925434 pleio
166 113.591392 -2.65141206710012 pleio
167 113.593816 -2.67035088598157 pleio
168 113.610203 -2.71328151490153 pleio
169 113.711326 -3.48063220981265 pleio
170 113.812449 -3.4384218983386 pleio
171 113.913572 -3.57611155318973 pleio
172 114.014695 -3.84517862100684 pleio
173 114.143712 -4.34045653970205 pleio
174 114.297395 -5.01701357693599 pleio
175 114.451077 -5.01780454532918 pleio
176 114.554864 -5.1011975275123 pleio
177 114.572315 -5.22433432844379 pleio
178 114.573429 -5.35028366466919 pleio
179 114.574543 -5.47702248146852 pleio
180 114.575657 -5.6025558312304 pleio
181 114.590217 -5.72503665529208 pleio
182 114.709536 -6.71315886565382 pleio
183 114.89167 -6.46167738729949 pleio
184 114.94277 -6.58193148841611 pleio
185 114.965983 -6.68801453200131 pleio
186 114.966742 -6.79619003143409 pleio
187 114.967501 -6.9128373041788 pleio
188 114.96826 -7.03418804876902 pleio
189 114.969019 -7.15661436249724 pleio
190 114.969778 -7.27697883988133 pleio
191 114.992453 -7.39284312263091 pleio
192 115.043552 -7.49861011654588 pleio
193 115.272631 -7.52688034165624 pleio
194 115.329016 -7.53530937753703 pleio
195 115.362872 -7.54328207504636 pleio
196 115.396727 -7.55110891003707 pleio
197 115.518474 -7.67938343721055 pleio
198 115.52059 -7.56535762094358 pleio
199 115.522706 -7.44707570589918 pleio
200 115.54515 -7.33400482946102 pleio
201 115.550006 -7.39217287140026 pleio
202 115.552018 -7.46733533247794 pleio
203 115.55403 -7.55752708392786 pleio
204 115.556043 -7.65947788125496 pleio
205 115.560152 -7.73877935062753 pleio
206 115.566972 -7.74624738722347 pleio
207 115.573793 -7.75409840787345 pleio
208 115.580613 -7.7623304277368 pleio
209 115.593908 -7.77093665535161 pleio
210 115.753929 -7.77494591818048 pleio
211 115.755144 -7.76438147482159 pleio
212 115.756359 -7.78685730480598 pleio
213 115.767713 -7.81331807702274 pleio
214 115.768304 -7.82262690278231 pleio
215 115.768895 -7.83281056664241 pleio
216 115.769486 -7.84325300855256 pleio
217 115.770078 -7.8537173574328 pleio
218 115.770669 -7.86403427322857 pleio
219 115.772686 -7.87107610854799 pleio
220 115.783409 -7.87243875956873 pleio
221 115.784285 -7.87190060100731 pleio
222 115.78516 -7.86958876578917 pleio
223 115.786036 -7.85224227606988 pleio
224 115.786912 -7.83555294217786 pleio
225 115.787787 -7.82182976039041 pleio
226 115.788663 -7.81184379720615 pleio
227 109.57503 -3.36381661341772 profile1
228 109.577848 -3.27792401046471 profile1
229 109.580666 -3.19016787195037 profile1
230 109.583484 -3.10106648560781 profile1
231 109.586302 -3.01117278422824 profile1
232 109.589119 -2.92105903057052 profile1
233 109.591937 -2.8313037955641 profile1
234 109.594755 -2.74247662505901 profile1
235 109.597573 -2.68384176315799 profile1
236 109.610319 -2.59617134671108 profile1
237 109.611374 -2.49047559812765 profile1
238 109.612429 -2.38589618804687 profile1
239 109.613484 -2.28280491859093 profile1
240 109.614538 -2.18134674814171 profile1
241 109.615593 -2.08124143011896 profile1
242 109.616648 -1.98338284940995 profile1
243 109.649948 -1.90583503052983 profile1
244 109.709343 -2.39181583398806 profile1
245 109.768738 -2.60424269254083 profile1
246 109.778696 -2.67579804969272 profile1
247 109.78644 -2.75659763542665 profile1
248 109.794184 -2.8475587621534 profile1
249 109.827314 -2.94325051733604 profile1
250 109.886714 -2.97439456842664 profile1
251 109.946115 -2.98567890489264 profile1
252 110.005515 -2.99675060682022 profile1
253 110.064915 -2.94560865528452 profile1
254 110.124315 -2.84595392803173 profile1
255 110.183715 -2.85688868500352 profile1
256 110.243115 -2.86786084883488 profile1
257 110.27255 -2.87854450127271 profile1
258 110.292051 -2.88902469470168 profile1
259 110.311551 -2.89936455995841 profile1
260 110.331052 -2.90951922010697 profile1
261 110.347675 -2.91955486436068 profile1
262 110.355434 -2.929540679309 profile1
263 110.363193 -2.93932845230404 profile1
264 110.370953 -2.94891454682795 profile1
265 110.378712 -2.95828661645121 profile1
266 110.386472 -2.96735360431654 profile1
267 110.394231 -2.81145914463599 profile1
268 110.401991 -2.5534870786453 profile1
269 110.40975 -2.32332659477748 profile1
270 110.419827 -2.09260165694113 profile1
271 110.437092 -1.99374039166431 profile1
272 110.438182 -1.91809776235151 profile1
273 110.439272 -1.74597477263482 profile1
274 110.440362 -1.45088104259501 profile1
275 110.441452 -1.224638075901 profile1
276 110.442541 -1.09158982985243 profile1
277 110.537457 -1.06038873391928 profile1
278 110.600303 -0.807978027694841 profile1
279 110.609526 -0.621940362291507 profile1
280 110.618749 -0.626901675841276 profile1
281 110.627971 -0.634658803246332 profile1
282 110.652689 -0.643822784932564 profile1
283 110.691054 -0.65715700066797 profile1
284 110.711132 -0.684577307040361 profile1
285 110.728767 -0.703044309445144 profile1
286 110.741664 -0.720202635232833 profile1
287 110.74991 -0.738174878693261 profile1
288 110.753861 -0.766865886773278 profile1
289 110.75611 -0.750436961651235 profile1
290 110.758359 -0.736000599928158 profile1
291 110.760609 -0.739574534067036 profile1
292 110.762858 -0.760791552994624 profile1
293 110.765107 -0.798676977495811 profile1
294 110.767356 -0.851714272448282 profile1
295 110.769606 -0.917968287185071 profile1
296 110.782838 -0.995232550961463 profile1
297 110.826448 -1.03190943458845 profile1
298 110.828376 -1.03620994913947 profile1
299 110.830305 -1.04422166830844 profile1
300 110.923141 -1.0573195756328 profile1
301 111.125818 -1.05381717201558 profile1
302 111.285496 -1.04565420580381 profile1
303 111.288208 -0.955645939328825 profile1
304 111.29092 -0.85524545005408 profile1
305 111.319656 -0.791051556237883 profile1
306 111.346331 -0.681604745325731 profile1
307 111.35717 -0.546263450830489 profile1
308 111.368009 0.00583037624132145 profile1
309 111.425219 0.797338732017096 profile1
310 111.532266 0.80502485846438 profile1
311 111.60867 0.364514955517382 profile1
312 111.624963 0.239306687461225 profile1
313 111.641257 0.0559183302880017 profile1
314 111.657551 -0.0603450914437704 profile1
315 111.664743 -0.0696742983826063 profile1
316 111.668134 -0.0865535991040176 profile1
317 111.671526 -0.110657546394367 profile1
318 111.712277 -0.140591021444164 profile1
319 111.772224 -0.165841636296271 profile1
320 111.83217 -0.192377256230233 profile1
321 111.883727 -0.206055195333283 profile1
322 111.889358 -0.218718331376754 profile1
323 111.89499 -0.233319104340618 profile1
324 111.900621 -0.249816574397748 profile1
325 111.951232 -0.268990226516415 profile1
326 111.967407 -0.32273767956757 profile1
327 111.972615 -0.409948842782017 profile1
328 111.977823 -0.522063185515583 profile1
329 112.026842 -0.566355159447149 profile1
330 112.050813 -0.457419038634939 profile1
331 112.058738 -0.373486975244049 profile1
332 112.066663 -0.306622777773143 profile1
333 112.205697 -0.295578347812439 profile1
334 112.209241 -0.319080943012401 profile1
335 112.211516 -0.341758976423272 profile1
336 112.213791 -0.363703517957629 profile1
337 112.216066 -0.363262544471198 profile1
338 112.218341 -0.404429761720008 profile1
339 112.221962 -0.491547228733955 profile1
340 112.251959 -0.585109047322828 profile1
341 112.281956 -0.635476677395202 profile1
342 112.451254 -0.628154268037495 profile1
343 112.455544 -0.516110385055774 profile1
344 112.459835 -0.403796134964641 profile1
345 112.464125 -0.297100162183678 profile1
346 112.468416 -0.194079043043097 profile1
347 112.835648 -0.0721136157032102 profile1
348 112.838009 -0.14276843193493 profile1
349 112.870831 -0.212241060669119 profile1
350 112.903651 -0.246445838860391 profile1
351 112.915354 -0.282945776540204 profile1
352 112.927057 -0.321438582918898 profile1
353 112.978421 -0.303888965653757 profile1
354 113.079634 -0.221982397132305 profile1
355 113.091233 -0.482560273363513 profile1
356 113.102831 -0.528592733243693 profile1
357 113.11443 -0.466778847796786 profile1
358 113.146956 -0.400490087505162 profile1
359 113.148674 -0.33815734713964 profile1
360 113.150393 -0.280248488475943 profile1
361 113.187512 -0.22723318016917 profile1
362 113.222235 -0.206844705955483 profile1
363 113.231247 -0.196603312801507 profile1
364 113.240258 -0.189606281056262 profile1
365 113.24927 0.0886219478413374 profile1
366 113.258281 0.0907512640872542 profile1
367 113.268797 0.00951258141904217 profile1
368 113.288739 -0.107969929647328 profile1
369 113.344694 -0.243536295849201 profile1
370 113.424389 -0.39159224790884 profile1
371 113.510482 -0.501095983551772 profile1
372 113.588968 -0.512483867443731 profile1
373 113.591392 -0.523877127495544 profile1
374 113.593816 -0.535207306325232 profile1
375 113.610203 -0.552540991031782 profile1
376 113.711326 -0.988342372386064 profile1
377 113.812449 -0.772299467966534 profile1
378 113.913572 -0.731021906654209 profile1
379 114.014695 -0.751914076977029 profile1
380 114.143712 -0.809336150626321 profile1
381 114.297395 -1.03941212951094 profile1
382 114.451077 -1.01441088543419 profile1
383 114.554864 -0.994041094988008 profile1
384 114.572315 -1.027909909394 profile1
385 114.573429 -1.06204258027391 profile1
386 114.574543 -1.09566829010381 profile1
387 114.575657 -1.12806744524316 profile1
388 114.590217 -1.15862488507786 profile1
389 112.472706 -0.0936361676792644 profile1
390 112.506522 0.0523391248629707 profile1
391 112.50952 0.694864727585419 profile1
392 112.512517 0.793235465685961 profile1
393 112.515514 0.846902111604496 profile1
394 112.518511 0.901224938619141 profile1
395 112.521508 0.955510119490009 profile1
396 112.524505 1.0093111079869 profile1
397 112.527503 1.06089414378554 profile1
398 112.5305 1.09873397040934 profile1
399 112.640753 0.970231174805038 profile1
400 112.665334 0.934416910275214 profile1
401 112.689915 0.836199431068895 profile1
402 112.714496 0.701884498363302 profile1
403 112.764754 0.592265651789026 profile1
404 112.826201 0.611173423833474 profile1
405 112.828563 0.636985231577952 profile1
406 112.830925 0.135834714903947 profile1
407 112.833286 -0.00419801086215169 profile1
408 114.709536 -1.82571997006938 profile1
409 114.89167 -1.70586924353827 profile1
410 114.94277 -1.81182972538296 profile1
411 114.965983 -1.89263436615753 profile1
412 114.966742 -1.97159133449038 profile1
413 114.967501 -2.06226830475241 profile1
414 114.96826 -2.16059539375639 profile1
415 114.969019 -2.26258018035551 profile1
416 114.969778 -2.36473172033265 profile1
417 114.992453 -2.46431846424262 profile1
418 115.043552 -2.55481163976613 profile1
419 115.272631 -2.52966782669433 profile1
420 115.329016 -2.53291438355216 profile1
421 115.362872 -2.53870091537381 profile1
422 115.396727 -2.54444781945762 profile1
423 115.518474 -2.53445564088345 profile1
424 115.52059 -2.41884424452778 profile1
425 115.522706 -2.30128497398778 profile1
426 115.54515 -2.19480934925667 profile1
427 115.550006 -2.33141122936114 profile1
428 115.552018 -2.48346315135068 profile1
429 115.55403 -2.64423580492463 profile1
430 115.556043 -2.80625195477963 profile1
431 115.560152 -2.92167820570051 profile1
432 115.566972 -2.93429516288388 profile1
433 115.573793 -2.94686677213599 profile1
434 115.580613 -2.95937488394645 profile1
435 115.593908 -2.97180153684154 profile1
436 115.753929 -3.14819797649603 profile1
437 115.755144 -3.24281172009316 profile1
438 115.756359 -3.36539555983381 profile1
439 115.767713 -3.43764779374708 profile1
440 115.768304 -3.44789215123083 profile1
441 115.768895 -3.45418531518971 profile1
442 115.769486 -3.45894854005772 profile1
443 115.770078 -3.46264512064976 profile1
444 115.770669 -3.46538470992989 profile1
445 115.772686 -3.4638691546104 profile1
446 115.783409 -3.45597981003109 profile1
447 115.784285 -3.44646585818581 profile1
448 115.78516 -3.43568329013962 profile1
449 115.786036 -3.42564114306146 profile1
450 115.786912 -3.41895578561865 profile1
451 115.787787 -3.41533300095532 profile1
452 115.788663 -3.41515078703219 profile1
453 109.57503 -2.15959329102164 profile2
454 109.577848 -2.17581244811327 profile2
455 109.580666 -2.19635746781547 profile2
456 109.583484 -2.22110159056114 profile2
457 109.586302 -2.24984801470786 profile2
458 109.589119 -2.28233431536082 profile2
459 109.591937 -2.31823799739009 profile2
460 109.594755 -2.35718586439613 profile2
461 109.597573 -2.36286002134557 profile2
462 109.610319 -2.35423150456952 profile2
463 109.611374 -2.34990941741376 profile2
464 109.612429 -2.34669669273193 profile2
465 109.613484 -2.34454246627983 profile2
466 109.614538 -2.34335140258079 profile2
467 109.615593 -2.34208617383765 profile2
468 109.616648 -2.34028755481438 profile2
469 109.649948 -2.34533776937318 profile2
470 109.709343 -2.28234342639738 profile2
471 109.768738 -2.23298888705243 profile2
472 109.778696 -2.12377905730699 profile2
473 109.78644 -2.059736318038 profile2
474 109.794184 -2.04545463837657 profile2
475 109.827314 -2.05259251247052 profile2
476 109.886714 -2.02561620553274 profile2
477 109.946115 -2.01044677001705 profile2
478 110.005515 -1.99486220398125 profile2
479 110.064915 -1.92607032224575 profile2
480 110.124315 -1.82747301951663 profile2
481 110.183715 -1.81043324051275 profile2
482 110.243115 -1.79290710107351 profile2
483 110.27255 -1.7751875694903 profile2
484 110.292051 -1.7570651957692 profile2
485 110.311551 -1.7389469077815 profile2
486 110.331052 -1.72041388453062 profile2
487 110.347675 -1.70183512178246 profile2
488 110.355434 -1.6835392321097 profile2
489 110.363193 -1.66481696008963 profile2
490 110.370953 -1.6456920849647 profile2
491 110.378712 -1.62621921279324 profile2
492 110.386472 -1.60691199935933 profile2
493 110.394231 -1.60269233255642 profile2
494 110.401991 -1.60536802466495 profile2
495 110.40975 -1.62105291154145 profile2
496 110.419827 -1.65530253277711 profile2
497 110.437092 -1.53898113480098 profile2
498 110.438182 -1.3502043299299 profile2
499 110.439272 -1.23079687849958 profile2
500 110.440362 -1.19031082359886 profile2
501 110.441452 -1.21469394398336 profile2
502 110.442541 -1.29163067468758 profile2
503 110.537457 -1.31707895384591 profile2
504 110.600303 -1.41099608348432 profile2
505 110.609526 -1.37562172728701 profile2
506 110.618749 -1.26243440285467 profile2
507 110.627971 -1.15354575422456 profile2
508 110.652689 -1.0505581975821 profile2
509 110.691054 -0.955384951548128 profile2
510 110.711132 -0.912319284762811 profile2
511 110.728767 -0.91245402453398 profile2
512 110.741664 -0.915202765998951 profile2
513 110.74991 -0.918196779519825 profile2
514 110.753861 -0.914404819486436 profile2
515 110.75611 -0.808557239349314 profile2
516 110.758359 -0.678728960514572 profile2
517 110.760609 -0.552751006766022 profile2
518 110.762858 -0.431504428895889 profile2
519 110.765107 -0.315847318487769 profile2
520 110.767356 -0.206585177967028 profile2
521 110.769606 -0.104444095026248 profile2
522 110.782838 -0.0100439918396994 profile2
523 110.826448 0.074635944805257 profile2
524 110.828376 0.152250350544757 profile2
525 110.830305 0.224420637558254 profile2
526 110.923141 0.271641266677273 profile2
527 111.125818 0.281441093214686 profile2
528 111.285496 0.290892992092124 profile2
529 111.288208 0.412029883415362 profile2
530 111.29092 0.577983773394251 profile2
531 111.319656 0.726544242210056 profile2
532 111.346331 0.79205798710354 profile2
533 111.35717 0.825042260179571 profile2
534 111.368009 0.544705270228902 profile2
535 111.425219 0.11927425091701 profile2
536 111.532266 0.126988476469744 profile2
537 111.60867 0.404455833063655 profile2
538 111.624963 0.399712054947733 profile2
539 111.641257 0.380585104418664 profile2
540 111.657551 0.394451949919675 profile2
541 111.664743 0.439257193836198 profile2
542 111.668134 0.48075784565544 profile2
543 111.671526 0.518916799561197 profile2
544 111.712277 0.553704102139456 profile2
545 111.772224 0.559151111780884 profile2
546 111.83217 0.280183786612768 profile2
547 111.883727 0.0929204628073563 profile2
548 111.889358 0.119104463372938 profile2
549 111.89499 0.14355256125097 profile2
550 111.900621 0.166243970683135 profile2
551 111.951232 0.186235721731485 profile2
552 111.967407 0.182517285878049 profile2
553 111.972615 0.171745071139282 profile2
554 111.977823 0.157095722850436 profile2
555 112.026842 0.135587632454899 profile2
556 112.050813 0.084475350239187 profile2
557 112.058738 0.0261667335664876 profile2
558 112.066663 -0.0386493794916256 profile2
559 112.205697 -0.0513811975590004 profile2
560 112.209241 -0.0217632736718581 profile2
561 112.211516 0.00210270045585575 profile2
562 112.213791 0.019855921165716 profile2
563 112.216066 0.0190655782818965 profile2
564 112.218341 0.0211785134911524 profile2
565 112.221962 0.0190932413363507 profile2
566 112.251959 0.00589722405516077 profile2
567 112.281956 0.331837200800754 profile2
568 112.451254 0.567245578657863 profile2
569 112.455544 0.734789737432395 profile2
570 112.459835 0.892716893720711 profile2
571 112.464125 1.01236455819398 profile2
572 112.468416 1.08264585905838 profile2
573 112.472706 1.09873397040934 profile2
574 112.506522 1.02544946687369 profile2
575 112.50952 0.667959961130069 profile2
576 112.512517 -0.282542154928081 profile2
577 112.515514 -0.315680172863882 profile2
578 112.518511 -0.346147005774727 profile2
579 112.521508 -0.376745223507705 profile2
580 112.524505 -0.407168491501549 profile2
581 112.527503 -0.437025129398282 profile2
582 112.5305 -0.465777332973386 profile2
583 112.640753 -0.348231056836608 profile2
584 112.665334 -0.33897534193188 profile2
585 112.689915 -0.401258795708725 profile2
586 112.714496 -0.573012858951443 profile2
587 112.764754 -0.744291516982343 profile2
588 112.826201 -0.749502651685039 profile2
589 112.828563 -0.757960347643367 profile2
590 112.830925 -2.35281652260309 profile2
591 112.833286 -2.50432414051205 profile2
592 112.835648 -2.54006426396192 profile2
593 112.838009 -2.57323861882841 profile2
594 112.870831 -2.60266748587811 profile2
595 112.903651 -2.61434220468416 profile2
596 112.915354 -2.62578928889907 profile2
597 112.927057 -2.63690884272254 profile2
598 112.978421 -2.65873939562434 profile2
599 113.079634 -2.61427115196512 profile2
600 113.091233 -2.01454173632761 profile2
601 113.102831 -1.89589924666748 profile2
602 113.11443 -1.90928946276289 profile2
603 113.146956 -1.93257508899519 profile2
604 113.148674 -1.95803625552232 profile2
605 113.150393 -1.98546345520279 profile2
606 113.187512 -2.01454270363739 profile2
607 113.222235 -2.01085654310901 profile2
608 113.231247 -2.00030605309589 profile2
609 113.240258 -1.99084995134299 profile2
610 113.24927 -2.06152365788893 profile2
611 113.258281 -2.06314556376188 profile2
612 113.268797 -2.05540034994079 profile2
613 113.288739 -2.05809702918725 profile2
614 113.344694 -2.06263938220524 profile2
615 113.424389 -2.07740328803031 profile2
616 113.510482 -2.09918175158322 profile2
617 113.588968 -2.10736802794545 profile2
618 113.591392 -2.11566690322593 profile2
619 113.593816 -2.12413657389383 profile2
620 113.610203 -2.17716912347982 profile2
621 113.711326 -2.79648820757932 profile2
622 113.812449 -3.08808217873367 profile2
623 113.913572 -3.22856213298606 profile2
624 114.014695 -3.3976291316954 profile2
625 114.143712 -3.63246845062521 profile2
626 114.297395 -3.98803416163618 profile2
627 114.451077 -4.05210136410599 profile2
628 114.554864 -4.18961728021021 profile2
629 114.572315 -4.2311582271365 profile2
630 114.573429 -4.26865759864338 profile2
631 114.574543 -4.30187509925987 profile2
632 114.575657 -4.33080228383656 profile2
633 114.590217 -4.35563656226264 profile2
634 114.709536 -4.65373943750075 profile2
635 114.89167 -4.56642079104606 profile2
636 114.94277 -4.58242140956544 profile2
637 114.965983 -4.61070966859411 profile2
638 114.966742 -4.64173136169152 profile2
639 114.967501 -4.67348480495203 profile2
640 114.96826 -4.70573033703723 profile2
641 114.969019 -4.73822476111437 profile2
642 114.969778 -4.77072888687762 profile2
643 114.992453 -4.80301198675085 profile2
644 115.043552 -4.83521824021466 profile2
645 115.272631 -4.86514464641093 profile2
646 115.329016 -4.8694948129871 profile2
647 115.362872 -4.87226959691179 profile2
648 115.396727 -4.8748634417447 profile2
649 115.518474 -4.68508759025164 profile2
650 115.52059 -4.67503651213991 profile2
651 115.522706 -4.6654598111133 profile2
652 115.54515 -4.65507551865221 profile2
653 115.550006 -4.61634444744508 profile2
654 115.552018 -4.58211917729773 profile2
655 115.55403 -4.55434996857256 profile2
656 115.556043 -4.53432037761155 profile2
657 115.560152 -4.52346122095774 profile2
658 115.566972 -4.51813368926055 profile2
659 115.573793 -4.51321251998835 profile2
660 115.580613 -4.50871638153683 profile2
661 115.593908 -4.50465914235317 profile2
662 115.753929 -4.40562439654539 profile2
663 115.755144 -4.33811101785693 profile2
664 115.756359 -4.29036426062527 profile2
665 115.767713 -4.2739189720164 profile2
666 115.768304 -4.27360155114833 profile2
667 115.768895 -4.29925997288545 profile2
668 115.769486 -4.3288911247631 profile2
669 115.770078 -4.35870982586636 profile2
670 115.770669 -4.38791741368539 profile2
671 115.772686 -4.41756760278548 profile2
672 115.783409 -4.447400010751 profile2
673 115.784285 -4.47436995501895 profile2
674 115.78516 -4.49817116706181 profile2
675 115.786036 -4.48077926237508 profile2
676 115.786912 -4.45635734511605 profile2
677 115.787787 -4.43172163920548 profile2
678 115.788663 -4.4080335495958 profile2
