marker_position lod trace
1 109.57503 -4.81806056587054 pleio
2 109.577848 -4.7041163051215 pleio
3 109.580666 -4.59427714479298 pleio
4 109.583484 -4.48936649659068 pleio
5 109.586302 -4.3901419683541 pleio
6 109.589119 -4.29727047649357 pleio
7 109.591937 -4.21130913281479 pleio
8 109.594755 -4.13269466972935 pleio
9 109.597573 -4.0555821496498 pleio
10 109.610319 -3.96022014857969 pleio
11 109.611374 -3.86065378857371 pleio
12 109.612429 -3.76371113532426 pleio
13 109.613484 -3.66961505771225 pleio
14 109.614538 -3.5832811167177 pleio
15 109.615593 -3.51277121234755 pleio
16 109.616648 -3.4423663081999 pleio
17 109.649948 -3.39458438824622 pleio
18 109.709343 -2.76880718097127 pleio
19 109.768738 -2.6877167326096 pleio
20 109.778696 -2.81532710947749 pleio
21 109.78644 -2.99746506604169 pleio
22 109.794184 -3.22198506593811 pleio
23 109.827314 -3.42227213986238 pleio
24 109.886714 -3.40932798141541 pleio
25 109.946115 -3.38847100952 pleio
26 110.005515 -3.36829466331696 pleio
27 110.064915 -3.26317041232343 pleio
28 110.124315 -3.12704631725376 pleio
29 110.183715 -3.10885614473821 pleio
30 110.243115 -3.09146912056763 pleio
31 110.27255 -3.07491861803718 pleio
32 110.292051 -3.0588483600256 pleio
33 110.311551 -3.04354107475084 pleio
34 110.331052 -3.02894183340689 pleio
35 110.347675 -3.01500424626553 pleio
36 110.355434 -3.00175065299988 pleio
37 110.363193 -2.98912325566256 pleio
38 110.370953 -2.97712574310738 pleio
39 110.378712 -2.9657753531441 pleio
40 110.386472 -2.95543074281294 pleio
41 110.394231 -2.93740370652082 pleio
42 110.401991 -2.91917840046436 pleio
43 110.40975 -2.90708284188313 pleio
44 110.419827 -2.90144103984385 pleio
45 110.437092 -2.75054989244683 pleio
46 110.438182 -2.54338663352236 pleio
47 110.439272 -2.3768398685803 pleio
48 110.440362 -2.23296462152826 pleio
49 110.441452 -2.11363586605992 pleio
50 110.442541 -2.01867108064797 pleio
51 110.537457 -1.97184538636214 pleio
52 110.600303 -1.96879828773494 pleio
53 110.609526 -2.22282324782949 pleio
54 110.618749 -2.26008094648163 pleio
55 110.627971 -2.30700319219227 pleio
56 110.652689 -2.36365172280918 pleio
57 110.691054 -2.42563193770061 pleio
58 110.711132 -2.43222137346551 pleio
59 110.728767 -2.40312333788296 pleio
60 110.741664 -2.37511844551798 pleio
61 110.74991 -2.34944231915521 pleio
62 110.753861 -2.33127465565048 pleio
63 110.75611 -2.28429247504245 pleio
64 110.758359 -2.24025540031209 pleio
65 110.760609 -2.20919395510828 pleio
66 110.762858 -2.19119344747403 pleio
67 110.765107 -2.1861442987349 pleio
68 110.767356 -2.19377311198986 pleio
69 110.769606 -2.21366423219813 pleio
70 110.782838 -2.24529584891254 pleio
71 110.826448 -2.2214364273368 pleio
72 110.828376 -2.15941100101982 pleio
73 110.830305 -2.11000458231132 pleio
74 110.923141 -2.08074349705877 pleio
75 111.125818 -2.06793122269312 pleio
76 111.285496 -2.05366098259875 pleio
77 111.288208 -1.9895826718194 pleio
78 111.29092 -1.92872890876607 pleio
79 111.319656 -1.89955883390138 pleio
80 111.346331 -1.9271465018525 pleio
81 111.35717 -1.92088445507883 pleio
82 111.368009 -1.60831963359197 pleio
83 111.425219 -1.4223536201784 pleio
84 111.532266 -1.41286610543941 pleio
85 111.60867 -1.73776913593447 pleio
86 111.624963 -1.65483290485747 pleio
87 111.641257 -1.5264385870736 pleio
88 111.657551 -1.40391625184622 pleio
89 111.664743 -1.32624317967535 pleio
90 111.668134 -1.25103878749632 pleio
91 111.671526 -1.17882481870076 pleio
92 111.712277 -1.10833600072956 pleio
93 111.772224 -1.06382916287573 pleio
94 111.83217 -1.29173534323664 pleio
95 111.883727 -1.44041074050674 pleio
96 111.889358 -1.40981823868043 pleio
97 111.89499 -1.38080246237996 pleio
98 111.900621 -1.35348817374567 pleio
99 111.951232 -1.32712820808497 pleio
100 111.967407 -1.14553873000603 pleio
101 111.972615 -0.826589096193578 pleio
102 111.977823 -0.557596922116745 pleio
103 112.026842 -0.392671327471458 pleio
104 112.050813 -0.279174640886813 pleio
105 112.058738 -0.17255833178642 pleio
106 112.066663 -0.0835682862412325 pleio
107 112.205697 -0.0277733172704034 pleio
108 112.209241 -0.00375009908041802 pleio
109 112.211516 0 pleio
110 112.213791 -0.0166615788173794 pleio
111 112.216066 -0.0105334147708343 pleio
112 112.218341 -0.0405523355320631 pleio
113 112.221962 -0.116392721670985 pleio
114 112.251959 -0.20458873930177 pleio
115 112.281956 -0.189308228144365 pleio
116 112.451254 -0.241639481260228 pleio
117 112.455544 -0.344530453570243 pleio
118 112.459835 -0.50106037545757 pleio
119 112.464125 -0.699326024871277 pleio
120 112.468416 -0.932159106920984 pleio
121 112.472706 -1.19503119453954 pleio
122 112.506522 -1.37535525231518 pleio
123 112.50952 -1.52497204029268 pleio
124 112.512517 -2.21436976970222 pleio
125 112.515514 -2.15015983404394 pleio
126 112.518511 -2.08633201600658 pleio
127 112.521508 -2.02609986087508 pleio
128 112.524505 -1.9705669809615 pleio
129 112.527503 -1.92068048543836 pleio
130 112.5305 -1.73016919881854 pleio
131 112.640753 -0.849109138711836 pleio
132 112.665334 -0.770129212032574 pleio
133 112.689915 -0.590775640991155 pleio
134 112.714496 -0.354578415791595 pleio
135 112.764754 -0.173571691019837 pleio
136 112.826201 -0.128000364450574 pleio
137 112.828563 -0.0561115323413124 pleio
138 112.830925 -1.18997047012514 pleio
139 112.833286 -1.13989746929335 pleio
140 112.835648 -1.01497660347607 pleio
141 112.838009 -0.912330156831488 pleio
142 112.870831 -0.839372793615665 pleio
143 112.903651 -0.831684566047383 pleio
144 112.915354 -0.824495809458039 pleio
145 112.927057 -0.817982141555917 pleio
146 112.978421 -0.850595584618145 pleio
147 113.079634 -0.983261247042125 pleio
148 113.091233 -1.67464337581917 pleio
149 113.102831 -1.92849995035734 pleio
150 113.11443 -2.00301887562441 pleio
151 113.146956 -2.09042323458311 pleio
152 113.148674 -2.18131796065252 pleio
153 113.150393 -2.27490696775781 pleio
154 113.187512 -2.37033909859968 pleio
155 113.222235 -2.42710802771508 pleio
156 113.231247 -2.47698320823167 pleio
157 113.240258 -2.52879793915549 pleio
158 113.24927 -2.53568311739541 pleio
159 113.258281 -2.55724851711959 pleio
160 113.268797 -2.55466266962725 pleio
161 113.288739 -2.49585138731776 pleio
162 113.344694 -2.44557298568781 pleio
163 113.424389 -2.40473233750074 pleio
164 113.510482 -2.38511051910025 pleio
165 113.588968 -2.37194938639613 pleio
166 113.591392 -2.35908709768921 pleio
167 113.593816 -2.34642484257019 pleio
168 113.610203 -2.38975011892835 pleio
169 113.711326 -2.42837062254974 pleio
170 113.812449 -2.53119545848977 pleio
171 113.913572 -2.89233428725604 pleio
172 114.014695 -3.1822640347799 pleio
173 114.143712 -3.36549694513907 pleio
174 114.297395 -3.97698080307079 pleio
175 114.451077 -4.14378317882658 pleio
176 114.554864 -4.43924696634588 pleio
177 114.572315 -4.49334006112912 pleio
178 114.573429 -4.55563345614877 pleio
179 114.574543 -4.62578106205692 pleio
180 114.575657 -4.70317952721887 pleio
181 114.590217 -4.78699308666202 pleio
182 114.709536 -5.46962998878862 pleio
183 114.89167 -5.11353697703427 pleio
184 114.94277 -5.11618412755688 pleio
185 114.965983 -5.15965890252023 pleio
186 114.966742 -5.21794431801236 pleio
187 114.967501 -5.28419072488351 pleio
188 114.96826 -5.35879045000178 pleio
189 114.969019 -5.44201085978678 pleio
190 114.969778 -5.53394330426092 pleio
191 114.992453 -5.63446770716441 pleio
192 115.043552 -5.74925681445578 pleio
193 115.272631 -5.89793267871178 pleio
194 115.329016 -5.90489117494143 pleio
195 115.362872 -5.91047523648757 pleio
196 115.396727 -5.91639601571593 pleio
197 115.518474 -5.52330430007261 pleio
198 115.52059 -5.45583455083764 pleio
199 115.522706 -5.39158485184571 pleio
200 115.54515 -5.33719805248317 pleio
201 115.550006 -5.41656521202712 pleio
202 115.552018 -5.52554584068944 pleio
203 115.55403 -5.66275147156877 pleio
204 115.556043 -5.8245606490807 pleio
205 115.560152 -5.95718050600724 pleio
206 115.566972 -5.97732978939694 pleio
207 115.573793 -5.99768126259544 pleio
208 115.580613 -6.0182022902544 pleio
209 115.593908 -6.03885284265076 pleio
210 115.753929 -5.84836881605168 pleio
211 115.755144 -5.92158620084133 pleio
212 115.756359 -6.08177989186659 pleio
213 115.767713 -6.1954877381484 pleio
214 115.768304 -6.21536708241559 pleio
215 115.768895 -6.22525431951586 pleio
216 115.769486 -6.22877537947239 pleio
217 115.770078 -6.22652625918119 pleio
218 115.770669 -6.21847399647254 pleio
219 115.772686 -6.20335052317883 pleio
220 115.783409 -6.1816833715078 pleio
221 115.784285 -6.15645909358376 pleio
222 115.78516 -6.12831869795764 pleio
223 115.786036 -6.12035949403018 pleio
224 115.786912 -6.12064850296351 pleio
225 115.787787 -6.12655023285409 pleio
226 115.788663 -6.13658125301415 pleio
227 109.57503 -0.662235971023759 profile1
228 109.577848 -0.58381212625849 profile1
229 109.580666 -0.509119555852303 profile1
230 109.583484 -0.43871827629933 profile1
231 109.586302 -0.373115261803688 profile1
232 109.589119 -0.312742798029612 profile1
233 109.591937 -0.257948950809495 profile1
234 109.594755 -0.2089887740856 profile1
235 109.597573 -0.174254883673405 profile1
236 109.610319 -0.129295103337332 profile1
237 109.611374 -0.0791945025004895 profile1
238 109.612429 -0.0310619455975489 profile1
239 109.613484 0.0149813338893762 profile1
240 109.614538 0.0576235974695235 profile1
241 109.615593 0.0955809747170865 profile1
242 109.616648 0.133245246384767 profile1
243 109.649948 0.153272455312539 profile1
244 109.709343 0.328626119514131 profile1
245 109.768738 0.305315347304179 profile1
246 109.778696 0.133405708671881 profile1
247 109.78644 -0.0971788019356786 profile1
248 109.794184 -0.36823633921046 profile1
249 109.827314 -0.604255779745679 profile1
250 109.886714 -0.614420439941651 profile1
251 109.946115 -0.617932454858325 profile1
252 110.005515 -0.621820243440907 profile1
253 110.064915 -0.544565969223649 profile1
254 110.124315 -0.423983979153546 profile1
255 110.183715 -0.428816546817181 profile1
256 110.243115 -0.433726147397206 profile1
257 110.27255 -0.439248166787681 profile1
258 110.292051 -0.444819553248265 profile1
259 110.311551 -0.450331004330857 profile1
260 110.331052 -0.456265063516236 profile1
261 110.347675 -0.462069546684577 profile1
262 110.355434 -0.467369813252931 profile1
263 110.363193 -0.473026619303812 profile1
264 110.370953 -0.479041370990905 profile1
265 110.378712 -0.485414094797551 profile1
266 110.386472 -0.492251934300271 profile1
267 110.394231 -0.514299877252932 profile1
268 110.401991 -0.541467388054075 profile1
269 110.40975 -0.563922604451643 profile1
270 110.419827 -0.597242308536527 profile1
271 110.437092 -0.44362129563675 profile1
272 110.438182 -0.224620489679934 profile1
273 110.439272 -0.0177490703269968 profile1
274 110.440362 0.207769592035789 profile1
275 110.441452 0.399275651930464 profile1
276 110.442541 0.551633180814831 profile1
277 110.537457 0.627038258766285 profile1
278 110.600303 0.746268258925442 profile1
279 110.609526 0.765021515627075 profile1
280 110.618749 0.749707447973642 profile1
281 110.627971 0.726065221127528 profile1
282 110.652689 0.694125589541656 profile1
283 110.691054 0.654216845651285 profile1
284 110.711132 0.628575589836583 profile1
285 110.728767 0.62483250880291 profile1
286 110.741664 0.625061346236922 profile1
287 110.74991 0.625136706654959 profile1
288 110.753861 0.602011097695601 profile1
289 110.75611 0.612254157609389 profile1
290 110.758359 0.628801981363863 profile1
291 110.760609 0.6405212597416 profile1
292 110.762858 0.647625274408496 profile1
293 110.765107 0.650334729098272 profile1
294 110.767356 0.648841473541364 profile1
295 110.769606 0.643294945081479 profile1
296 110.782838 0.633785142332045 profile1
297 110.826448 0.638265563047587 profile1
298 110.828376 0.651440486634242 profile1
299 110.830305 0.659051599633807 profile1
300 110.923141 0.665081713150043 profile1
301 111.125818 0.672178616380094 profile1
302 111.285496 0.676140791284142 profile1
303 111.288208 0.6942883182381 profile1
304 111.29092 0.71533697899821 profile1
305 111.319656 0.727945262579664 profile1
306 111.346331 0.711626329297422 profile1
307 111.35717 0.72727606032435 profile1
308 111.368009 1.05552702877808 profile1
309 111.425219 1.26896399162337 profile1
310 111.532266 1.25387550554213 profile1
311 111.60867 1.23289396392587 profile1
312 111.624963 1.26160431059022 profile1
313 111.641257 1.33257136048506 profile1
314 111.657551 1.3980459263701 profile1
315 111.664743 1.4234874101029 profile1
316 111.668134 1.44698256305932 profile1
317 111.671526 1.46827574713414 profile1
318 111.712277 1.48830072614044 profile1
319 111.772224 1.47320451878179 profile1
320 111.83217 1.3248934702369 profile1
321 111.883727 1.28648689701744 profile1
322 111.889358 1.28863081438374 profile1
323 111.89499 1.288842546579 profile1
324 111.900621 1.28706918058491 profile1
325 111.951232 1.28224281442595 profile1
326 111.967407 1.32423707894513 profile1
327 111.972615 1.42845126307397 profile1
328 111.977823 1.48549274044574 profile1
329 112.026842 1.51991277076234 profile1
330 112.050813 1.64388252110801 profile1
331 112.058738 1.75264512464916 profile1
332 112.066663 1.84540015754302 profile1
333 112.205697 1.90165965002485 profile1
334 112.209241 1.92278822446439 profile1
335 112.211516 1.92375167849888 profile1
336 112.213791 1.90447467861902 profile1
337 112.216066 1.91187824009618 profile1
338 112.218341 1.90355125726363 profile1
339 112.221962 1.87056802806388 profile1
340 112.251959 1.82850361652103 profile1
341 112.281956 1.72552162568126 profile1
342 112.451254 1.6120545804723 profile1
343 112.455544 1.4523866095941 profile1
344 112.459835 1.26210803063102 profile1
345 112.464125 1.05114650143964 profile1
346 112.468416 0.833143192787328 profile1
347 112.472706 0.610836188150563 profile1
348 112.506522 0.481347200356802 profile1
349 112.50952 0.57230840836553 profile1
350 112.512517 0.0941287394156622 profile1
351 112.515514 0.113067803842728 profile1
352 112.518511 0.131302845588138 profile1
353 112.521508 0.147238326352532 profile1
354 112.524505 0.160893255458393 profile1
355 112.527503 0.172190178201913 profile1
356 112.5305 0.161691258910529 profile1
357 112.640753 0.200761737656805 profile1
358 112.665334 0.278285110722702 profile1
359 112.689915 0.34298507064725 profile1
360 112.714496 0.353694407993429 profile1
361 112.764754 0.355311669285766 profile1
362 112.826201 0.339722780277011 profile1
363 112.828563 0.312881881364437 profile1
364 112.830925 -0.702740842358215 profile1
365 112.833286 -0.797211928081356 profile1
366 112.835648 -0.812017650049177 profile1
367 112.838009 -0.826730409878439 profile1
368 112.870831 -0.839372793615665 profile1
369 112.903651 -0.826735416443576 profile1
370 112.915354 -0.814632189121567 profile1
371 112.927057 -0.80327812258722 profile1
372 112.978421 -0.815940131764505 profile1
373 113.079634 -0.881605238608045 profile1
374 113.091233 -1.26885921800059 profile1
375 113.102831 -1.40193557994262 profile1
376 113.11443 -1.39928733066807 profile1
377 113.146956 -1.39244144683323 profile1
378 113.148674 -1.38656356072405 profile1
379 113.150393 -1.38183974651376 profile1
380 113.187512 -1.37844721493465 profile1
381 113.222235 -1.39334951826449 profile1
382 113.231247 -1.4130023621983 profile1
383 113.240258 -1.43329222905356 profile1
384 113.24927 -1.39199532754026 profile1
385 113.258281 -1.40583063416344 profile1
386 113.268797 -1.43049684820677 profile1
387 113.288739 -1.45224455767711 profile1
388 113.344694 -1.47836898331864 profile1
389 113.424389 -1.50702969538517 profile1
390 113.510482 -1.53083437439853 profile1
391 113.588968 -1.53909246693729 profile1
392 113.591392 -1.54757326786572 profile1
393 113.593816 -1.55621383926157 profile1
394 113.610203 -1.63003577360487 profile1
395 113.711326 -1.47935376885352 profile1
396 113.812449 -1.60983424321956 profile1
397 113.913572 -1.76935745440533 profile1
398 114.014695 -1.83606537841508 profile1
399 114.143712 -1.81768733530877 profile1
400 114.297395 -2.02586889400616 profile1
401 114.451077 -2.07341389882548 profile1
402 114.554864 -2.16157066523028 profile1
403 114.572315 -2.20637894592898 profile1
404 114.573429 -2.250504741151 profile1
405 114.574543 -2.29378349484152 profile1
406 114.575657 -2.33608430448032 profile1
407 114.590217 -2.37731234084306 profile1
408 114.709536 -2.37644438998028 profile1
409 114.89167 -2.0803198191017 profile1
410 114.94277 -2.0993446753722 profile1
411 114.965983 -2.12209297816772 profile1
412 114.966742 -2.14784477829965 profile1
413 114.967501 -2.17993235375167 profile1
414 114.96826 -2.21800640688303 profile1
415 114.969019 -2.26168604743686 profile1
416 114.969778 -2.31058831229143 profile1
417 114.992453 -2.36433326667442 profile1
418 115.043552 -2.42556119784902 profile1
419 115.272631 -2.40473147995892 profile1
420 115.329016 -2.4148475009618 profile1
421 115.362872 -2.42852721511003 profile1
422 115.396727 -2.44222041283004 profile1
423 115.518474 -2.31531463541045 profile1
424 115.52059 -2.29571388517317 profile1
425 115.522706 -2.27814774243281 profile1
426 115.54515 -2.26702833500275 profile1
427 115.550006 -2.35109942892191 profile1
428 115.552018 -2.44891510689708 profile1
429 115.55403 -2.55853217214887 profile1
430 115.556043 -2.67702226667387 profile1
431 115.560152 -2.7710000256985 profile1
432 115.566972 -2.7933872030728 profile1
433 115.573793 -2.81595661800023 profile1
434 115.580613 -2.83865291446749 profile1
435 115.593908 -2.86141444209351 profile1
436 115.753929 -2.81031538163346 profile1
437 115.755144 -2.83460310050884 profile1
438 115.756359 -2.89391214558726 profile1
439 115.767713 -2.94123993864466 profile1
440 115.768304 -2.9553132209904 profile1
441 115.768895 -2.94975490586525 profile1
442 115.769486 -2.93974741010156 profile1
443 115.770078 -2.9277481818077 profile1
444 115.770669 -2.91411045612146 profile1
445 115.772686 -2.89640366723667 profile1
446 115.783409 -2.87423551603664 profile1
447 115.784285 -2.85193397964385 profile1
448 115.78516 -2.82967815286735 profile1
449 115.786036 -2.81027756477569 profile1
450 115.786912 -2.79593760255031 profile1
451 115.787787 -2.78607040340017 profile1
452 115.788663 -2.78077439798418 profile1
453 109.57503 -1.87861484137069 profile2
454 109.577848 -1.84534127052922 profile2
455 109.580666 -1.81333762888012 profile2
456 109.583484 -1.78299078455024 profile2
457 109.586302 -1.75466414967184 profile2
458 109.589119 -1.72869093628771 profile2
459 109.591937 -1.70535952119543 profile2
460 109.594755 -1.68490827879544 profile2
461 109.597573 -1.65046169630232 profile2
462 109.610319 -1.60954365441372 profile2
463 109.611374 -1.57072615929806 profile2
464 109.612429 -1.53259592758071 profile2
465 109.613484 -1.49522247095171 profile2
466 109.614538 -1.46254074008862 profile2
467 109.615593 -1.44189588282139 profile2
468 109.616648 -1.42070385711863 profile2
469 109.649948 -1.39536044127499 profile2
470 109.709343 -0.979109166563452 profile2
471 109.768738 -0.914087456016768 profile2
472 109.778696 -0.845426491706957 profile2
473 109.78644 -0.773790360585384 profile2
474 109.794184 -0.707386804658405 profile2
475 109.827314 -0.659443074150869 profile2
476 109.886714 -0.637398926357666 profile2
477 109.946115 -0.613127066810586 profile2
478 110.005515 -0.58922855380646 profile2
479 110.064915 -0.542106870698716 profile2
480 110.124315 -0.490522741076504 profile2
481 110.183715 -0.467863659757636 profile2
482 110.243115 -0.445976424459754 profile2
483 110.27255 -0.424371110954844 profile2
484 110.292051 -0.403288005368465 profile2
485 110.311551 -0.383131534596396 profile2
486 110.331052 -0.363335731665748 profile2
487 110.347675 -0.344424972190231 profile2
488 110.355434 -0.326807293886304 profile2
489 110.363193 -0.309532993585628 profile2
490 110.370953 -0.292602818438632 profile2
491 110.378712 -0.276032263813859 profile2
492 110.386472 -0.26006371285675 profile2
493 110.394231 -0.220538543172836 profile2
494 110.401991 -0.174938778805236 profile2
495 110.40975 -0.13881942046767 profile2
496 110.419827 -0.103459132733753 profile2
497 110.437092 -0.105855384983195 profile2
498 110.438182 -0.116980157147765 profile2
499 110.439272 -0.184612427822576 profile2
500 110.440362 -0.330783011176471 profile2
501 110.441452 -0.467492848049725 profile2
502 110.442541 -0.583946027415883 profile2
503 110.537457 -0.63740661109464 profile2
504 110.600303 -0.74179332377743 profile2
505 110.609526 -1.00380878037501 profile2
506 110.618749 -1.02099306185148 profile2
507 110.627971 -1.04178329787513 profile2
508 110.652689 -1.06622868810273 profile2
509 110.691054 -1.09041717796225 profile2
510 110.711132 -1.07457976753487 profile2
511 110.728767 -1.04270899100572 profile2
512 110.741664 -1.01537638044196 profile2
513 110.74991 -0.99017551375383 profile2
514 110.753861 -0.946960642350271 profile2
515 110.75611 -0.911566679787737 profile2
516 110.758359 -0.88685869578273 profile2
517 110.760609 -0.870650446846524 profile2
518 110.762858 -0.863243647228608 profile2
519 110.765107 -0.864736819591847 profile2
520 110.767356 -0.875019598542306 profile2
521 110.769606 -0.89377950569846 profile2
522 110.782838 -0.920524510918804 profile2
523 110.826448 -0.904834161751849 profile2
524 110.828376 -0.857009235710293 profile2
525 110.830305 -0.813835331618202 profile2
526 110.923141 -0.787076623702288 profile2
527 111.125818 -0.779563002780029 profile2
528 111.285496 -0.768300459731934 profile2
529 111.288208 -0.71062464719791 profile2
530 111.29092 -0.657163851994352 profile2
531 111.319656 -0.630908764161216 profile2
532 111.346331 -0.627716355028794 profile2
533 111.35717 -0.627747680339385 profile2
534 111.368009 -0.640224472733282 profile2
535 111.425219 -0.856332687830224 profile2
536 111.532266 -0.829228388507759 profile2
537 111.60867 -1.09713003625466 profile2
538 111.624963 -1.06671366118477 profile2
539 111.641257 -1.01993536496342 profile2
540 111.657551 -0.968728095177192 profile2
541 111.664743 -0.925930826449543 profile2
542 111.668134 -0.883222662719395 profile2
543 111.671526 -0.840825242157029 profile2
544 111.712277 -0.798354417230777 profile2
545 111.772224 -0.742240018981702 profile2
546 111.83217 -0.778002775154876 profile2
547 111.883727 -0.897734192557282 profile2
548 111.889358 -0.876392968471073 profile2
549 111.89499 -0.854566653451676 profile2
550 111.900621 -0.832280598845353 profile2
551 111.951232 -0.808292096115977 profile2
552 111.967407 -0.654008600535389 profile2
553 111.972615 -0.384567446043254 profile2
554 111.977823 -0.116366830409521 profile2
555 112.026842 0.051352621454935 profile2
556 112.050813 0.0318988901543227 profile2
557 112.058738 0.0182018819347834 profile2
558 112.066663 0.000572086398903956 profile2
559 112.205697 -0.00628390358269267 profile2
560 112.209241 -0.00219135182433531 profile2
561 112.211516 0 profile2
562 112.213791 0.000185995538084564 profile2
563 112.216066 -0.000948121058271532 profile2
564 112.218341 -0.0199772764865351 profile2
565 112.221962 -0.0601008986957054 profile2
566 112.251959 -0.106148701662476 profile2
567 112.281956 0.0270731773170141 profile2
568 112.451254 0.0941993049816252 profile2
569 112.455544 0.172598370311045 profile2
570 112.459835 0.223218389308346 profile2
571 112.464125 0.242143250363687 profile2
572 112.468416 0.222485886741534 profile2
573 112.472706 0.166732849906189 profile2
574 112.506522 0.0954379441581936 profile2
575 112.50952 -0.213475682876618 profile2
576 112.512517 -0.516575422825598 profile2
577 112.515514 -0.476998202474422 profile2
578 112.518511 -0.435625265934922 profile2
579 112.521508 -0.394236247657221 profile2
580 112.524505 -0.353776247146698 profile2
581 112.527503 -0.314849208486287 profile2
582 112.5305 -0.102478949899049 profile2
583 112.640753 0.813476023375935 profile2
584 112.665334 0.815402039276421 profile2
585 112.689915 0.941463676608929 profile2
586 112.714496 1.18591879966001 profile2
587 112.764754 1.37843179460834 profile2
588 112.826201 1.44077894898409 profile2
589 112.828563 1.54150612023343 profile2
590 112.830925 1.46417546191722 profile2
591 112.833286 1.60117662037577 profile2
592 112.835648 1.73416145342766 profile2
593 112.838009 1.8445887575847 profile2
594 112.870831 1.92375167849888 profile2
595 112.903651 1.91909411084906 profile2
596 112.915354 1.91445772934884 profile2
597 112.927057 1.90987955848352 profile2
598 112.978421 1.89045539646603 profile2
599 113.079634 1.83095603556739 profile2
600 113.091233 1.45994268539709 profile2
601 113.102831 1.30965776896287 profile2
602 113.11443 1.24910884382673 profile2
603 113.146956 1.17442549059432 profile2
604 113.148674 1.0977235066822 profile2
605 113.150393 1.019908809186 profile2
606 113.187512 0.941923802636439 profile2
607 113.222235 0.913665387692666 profile2
608 113.231247 0.895885058512491 profile2
609 113.240258 0.87733733915571 profile2
610 113.24927 0.818107161989824 profile2
611 113.258281 0.817761145823223 profile2
612 113.268797 0.850523739013592 profile2
613 113.288739 0.938548238596059 profile2
614 113.344694 1.02300003788616 profile2
615 113.424389 1.10087978065271 profile2
616 113.510482 1.14884659912462 profile2
617 113.588968 1.16728073540055 profile2
618 113.591392 1.18558974874739 profile2
619 113.593816 1.20382390092545 profile2
620 113.610203 1.23491521462375 profile2
621 113.711326 0.933064738288725 profile2
622 113.812449 0.896956132457353 profile2
623 113.913572 0.678758171352517 profile2
624 114.014695 0.430450982806853 profile2
625 114.143712 0.200932013723876 profile2
626 114.297395 -0.214747567912262 profile2
627 114.451077 -0.33973198773965 profile2
628 114.554864 -0.552201983612514 profile2
629 114.572315 -0.578802146600415 profile2
630 114.573429 -0.614734939068254 profile2
631 114.574543 -0.659526255779948 profile2
632 114.575657 -0.712415562965909 profile2
633 114.590217 -0.772395719234771 profile2
634 114.709536 -1.53219727989503 profile2
635 114.89167 -1.48681074252997 profile2
636 114.94277 -1.47921992099213 profile2
637 114.965983 -1.50645427530159 profile2
638 114.966742 -1.54545113010472 profile2
639 114.967501 -1.58735367683943 profile2
640 114.96826 -1.63258834955203 profile2
641 114.969019 -1.68147943303623 profile2
642 114.969778 -1.73419562275955 profile2
643 114.992453 -1.79072928424757 profile2
644 115.043552 -1.85284920761057 profile2
645 115.272631 -2.00951659260493 profile2
646 115.329016 -2.01050832237322 profile2
647 115.362872 -2.00637375607455 profile2
648 115.396727 -2.00254175041904 profile2
649 115.518474 -1.82007399981642 profile2
650 115.52059 -1.76214278329221 profile2
651 115.522706 -1.70778360374646 profile2
652 115.54515 -1.6596816674725 profile2
653 115.550006 -1.66243946971475 profile2
654 115.552018 -1.6909382524722 profile2
655 115.55403 -1.74502289360586 profile2
656 115.556043 -1.822459829457 profile2
657 115.560152 -1.88856346900319 profile2
658 115.566972 -1.88564919326057 profile2
659 115.573793 -1.882830495479 profile2
660 115.580613 -1.88014102209178 profile2
661 115.593908 -1.87761289840717 profile2
662 115.753929 -1.74156184429817 profile2
663 115.755144 -1.74861365235164 profile2
664 115.756359 -1.78993774786567 profile2
665 115.767713 -1.82361280370316 profile2
666 115.768304 -1.82999251191918 profile2
667 115.768895 -1.84785677631678 profile2
668 115.769486 -1.86565713578436 profile2
669 115.770078 -1.88137916023404 profile2
670 115.770669 -1.89455211958248 profile2
671 115.772686 -1.90522374162382 profile2
672 115.783409 -1.91368840219662 profile2
673 115.784285 -1.91986536979306 profile2
674 115.78516 -1.9241215755039 profile2
675 115.786036 -1.94264526874948 profile2
676 115.786912 -1.96471199085212 profile2
677 115.787787 -1.98757435208272 profile2
678 115.788663 -2.01092091676416 profile2
