marker_position lod trace
1 109.57503 -5.81298800582745 pleio
2 109.577848 -5.78379654089751 pleio
3 109.580666 -5.75713851360007 pleio
4 109.583484 -5.73324155120587 pleio
5 109.586302 -5.71228233924809 pleio
6 109.589119 -5.69439257028023 pleio
7 109.591937 -5.67965060660358 pleio
8 109.594755 -5.66808588788513 pleio
9 109.597573 -5.65817642534706 pleio
10 109.610319 -5.6317716321707 pleio
11 109.611374 -5.6044641290459 pleio
12 109.612429 -5.58351931620086 pleio
13 109.613484 -5.56901351585428 pleio
14 109.614538 -5.56699554502009 pleio
15 109.615593 -5.58956132583061 pleio
16 109.616648 -5.61744047884341 pleio
17 109.649948 -5.64633025942301 pleio
18 109.709343 -5.75834485738818 pleio
19 109.768738 -5.79568743361748 pleio
20 109.778696 -5.92161000201941 pleio
21 109.78644 -6.10197685927953 pleio
22 109.794184 -6.32221981294154 pleio
23 109.827314 -6.51951838110889 pleio
24 109.886714 -6.54385484617349 pleio
25 109.946115 -6.56389250890365 pleio
26 110.005515 -6.5840661848403 pleio
27 110.064915 -6.51617885446212 pleio
28 110.124315 -6.39053401296205 pleio
29 110.183715 -6.410953311678 pleio
30 110.243115 -6.43173504649336 pleio
31 110.27255 -6.45280137877577 pleio
32 110.292051 -6.47345990902343 pleio
33 110.311551 -6.49356409184797 pleio
34 110.331052 -6.51371734977168 pleio
35 110.347675 -6.53319292055124 pleio
36 110.355434 -6.5515110183369 pleio
37 110.363193 -6.56974211418703 pleio
38 110.370953 -6.58786522009769 pleio
39 110.378712 -6.60585104072362 pleio
40 110.386472 -6.62357868701532 pleio
41 110.394231 -6.61313114263253 pleio
42 110.401991 -6.57115476856772 pleio
43 110.40975 -6.52577332965468 pleio
44 110.419827 -6.46714367349181 pleio
45 110.437092 -6.1852775259012 pleio
46 110.438182 -5.81088082491597 pleio
47 110.439272 -5.33352387588966 pleio
48 110.440362 -4.69353050770102 pleio
49 110.441452 -4.13833171019 pleio
50 110.442541 -3.70219927249992 pleio
51 110.537457 -3.52217562429934 pleio
52 110.600303 -3.38883762032967 pleio
53 110.609526 -3.50424940955928 pleio
54 110.618749 -3.51845124823251 pleio
55 110.627971 -3.5367183361956 pleio
56 110.652689 -3.55762273404519 pleio
57 110.691054 -3.5853007075342 pleio
58 110.711132 -3.63285552953582 pleio
59 110.728767 -3.66240780212077 pleio
60 110.741664 -3.6797200515275 pleio
61 110.74991 -3.69491784640045 pleio
62 110.753861 -3.69757022750614 pleio
63 110.75611 -3.60616292606547 pleio
64 110.758359 -3.4989305985578 pleio
65 110.760609 -3.40196660897448 pleio
66 110.762858 -3.31681962424893 pleio
67 110.765107 -3.24487474239597 pleio
68 110.767356 -3.18727345298419 pleio
69 110.769606 -3.14485741722255 pleio
70 110.782838 -3.11811448245916 pleio
71 110.826448 -3.02629375030816 pleio
72 110.828376 -2.88762147529761 pleio
73 110.830305 -2.76249696324928 pleio
74 110.923141 -2.67036497318495 pleio
75 111.125818 -2.65852662767594 pleio
76 111.285496 -2.67899353263201 pleio
77 111.288208 -2.71760202497158 pleio
78 111.29092 -2.74961289573069 pleio
79 111.319656 -2.80061933068762 pleio
80 111.346331 -2.82281304046524 pleio
81 111.35717 -2.81077307998132 pleio
82 111.368009 -2.32020708106514 pleio
83 111.425219 -2.28589745175019 pleio
84 111.532266 -2.24408647677659 pleio
85 111.60867 -2.36375032962776 pleio
86 111.624963 -2.38227807552275 pleio
87 111.641257 -2.40659009634731 pleio
88 111.657551 -2.38991970739574 pleio
89 111.664743 -2.33344933688134 pleio
90 111.668134 -2.27748659756516 pleio
91 111.671526 -2.22251940066653 pleio
92 111.712277 -2.16638695977435 pleio
93 111.772224 -2.12448503234398 pleio
94 111.83217 -2.27715761310067 pleio
95 111.883727 -2.53523483305087 pleio
96 111.889358 -2.5109458457303 pleio
97 111.89499 -2.48862184269429 pleio
98 111.900621 -2.46835266118031 pleio
99 111.951232 -2.44569744411975 pleio
100 111.967407 -2.142585714517 pleio
101 111.972615 -1.69916052093812 pleio
102 111.977823 -1.39878032061785 pleio
103 112.026842 -1.20770396394302 pleio
104 112.050813 -1.13998171163094 pleio
105 112.058738 -1.12985889687768 pleio
106 112.066663 -1.15364280963721 pleio
107 112.205697 -1.12829840578748 pleio
108 112.209241 -1.05148251059251 pleio
109 112.211516 -0.985821809331257 pleio
110 112.213791 -0.932373332793137 pleio
111 112.216066 -0.922387617669425 pleio
112 112.218341 -0.884144026168109 pleio
113 112.221962 -0.825262478449527 pleio
114 112.251959 -0.778610432445148 pleio
115 112.281956 -0.36611544112333 pleio
116 112.451254 -0.185630110389867 pleio
117 112.455544 -0.0600104566237156 pleio
118 112.459835 0 pleio
119 112.464125 -0.00563989804027159 pleio
120 112.468416 -0.0716294670545623 pleio
121 112.472706 -0.197073754000008 pleio
122 112.506522 -0.35880169589305 pleio
123 112.50952 -1.01244920886648 pleio
124 112.512517 -1.48933423311944 pleio
125 112.515514 -1.41840426784216 pleio
126 112.518511 -1.34281001841284 pleio
127 112.521508 -1.26445164619315 pleio
128 112.524505 -1.18463136647316 pleio
129 112.527503 -1.10630396616601 pleio
130 112.5305 -0.932899244098849 pleio
131 112.640753 -1.8744581205834 pleio
132 112.665334 -1.89354251619452 pleio
133 112.689915 -1.95850139094461 pleio
134 112.714496 -2.1235689764664 pleio
135 112.764754 -2.34220739861673 pleio
136 112.826201 -2.33090724269983 pleio
137 112.828563 -2.31702737000192 pleio
138 112.830925 -3.32696828924351 pleio
139 112.833286 -3.4145765422276 pleio
140 112.835648 -3.4207470941984 pleio
141 112.838009 -3.43145709154029 pleio
142 112.870831 -3.44467940859253 pleio
143 112.903651 -3.43814479660385 pleio
144 112.915354 -3.43256256168626 pleio
145 112.927057 -3.42763608964762 pleio
146 112.978421 -3.40599927265146 pleio
147 113.079634 -3.32296138397266 pleio
148 113.091233 -3.14607700259984 pleio
149 113.102831 -3.13803962530354 pleio
150 113.11443 -3.15432647258366 pleio
151 113.146956 -3.1836830204824 pleio
152 113.148674 -3.21583899306213 pleio
153 113.150393 -3.25065309756322 pleio
154 113.187512 -3.28799061457664 pleio
155 113.222235 -3.28198596862295 pleio
156 113.231247 -3.26649318042321 pleio
157 113.240258 -3.25174003355751 pleio
158 113.24927 -3.0562317545679 pleio
159 113.258281 -3.03468733732731 pleio
160 113.268797 -2.98545639275424 pleio
161 113.288739 -2.94878795812754 pleio
162 113.344694 -2.9308948036488 pleio
163 113.424389 -2.93038812186111 pleio
164 113.510482 -2.93390569483795 pleio
165 113.588968 -2.93418184191021 pleio
166 113.591392 -2.9345518902821 pleio
167 113.593816 -2.93473894123798 pleio
168 113.610203 -2.7871378526923 pleio
169 113.711326 -2.95152614080622 pleio
170 113.812449 -3.41575910589024 pleio
171 113.913572 -3.68766111116801 pleio
172 114.014695 -4.10321220743068 pleio
173 114.143712 -4.70319339800275 pleio
174 114.297395 -5.11613020542463 pleio
175 114.451077 -5.11397960217946 pleio
176 114.554864 -5.21799349139298 pleio
177 114.572315 -5.26799973247742 pleio
178 114.573429 -5.33239276920332 pleio
179 114.574543 -5.40997073710026 pleio
180 114.575657 -5.4990386665985 pleio
181 114.590217 -5.59751901163555 pleio
182 114.709536 -5.99850240472941 pleio
183 114.89167 -6.01222009848248 pleio
184 114.94277 -6.13054557491486 pleio
185 114.965983 -6.21498853307512 pleio
186 114.966742 -6.27608504860228 pleio
187 114.967501 -6.32464066493129 pleio
188 114.96826 -6.35916688297078 pleio
189 114.969019 -6.37959595389247 pleio
190 114.969778 -6.38712308239495 pleio
191 114.992453 -6.38387739516451 pleio
192 115.043552 -6.3701312736661 pleio
193 115.272631 -6.67506512011189 pleio
194 115.329016 -6.68033039428483 pleio
195 115.362872 -6.68273759822365 pleio
196 115.396727 -6.68523039604946 pleio
197 115.518474 -7.30834866159595 pleio
198 115.52059 -7.28743248839119 pleio
199 115.522706 -7.26769202421442 pleio
200 115.54515 -7.25932331380832 pleio
201 115.550006 -7.47127238628412 pleio
202 115.552018 -7.68036206253947 pleio
203 115.55403 -7.87856319315055 pleio
204 115.556043 -8.05871533028176 pleio
205 115.560152 -8.17321544143521 pleio
206 115.566972 -8.17561006162754 pleio
207 115.573793 -8.17806536955637 pleio
208 115.580613 -8.18056060508327 pleio
209 115.593908 -8.18307634736014 pleio
210 115.753929 -7.9775688491345 pleio
211 115.755144 -8.04135157332135 pleio
212 115.756359 -8.1583362128388 pleio
213 115.767713 -8.22822002926832 pleio
214 115.768304 -8.2157542538559 pleio
215 115.768895 -8.26195958858402 pleio
216 115.769486 -8.32447466675648 pleio
217 115.770078 -8.39616492852534 pleio
218 115.770669 -8.47582906323139 pleio
219 115.772686 -8.55844254474643 pleio
220 115.783409 -8.6392784724032 pleio
221 115.784285 -8.72133120610107 pleio
222 115.78516 -8.80360521690176 pleio
223 115.786036 -8.84863107155279 pleio
224 115.786912 -8.88927483141477 pleio
225 115.787787 -8.93402080181321 pleio
226 115.788663 -8.98159442107073 pleio
227 109.57503 -3.30861843085938 profile1
228 109.577848 -3.27023332795986 profile1
229 109.580666 -3.23301284484987 profile1
230 109.583484 -3.19722730310271 profile1
231 109.586302 -3.16311518978192 profile1
232 109.589119 -3.1308850118266 profile1
233 109.591937 -3.10070616235873 profile1
234 109.594755 -3.07270964417071 profile1
235 109.597573 -3.04997836073593 profile1
236 109.610319 -3.02418707255292 profile1
237 109.611374 -2.99834556603337 profile1
238 109.612429 -2.97505191233393 profile1
239 109.613484 -2.95437095980259 profile1
240 109.614538 -2.94284258266212 profile1
241 109.615593 -2.95372200276142 profile1
242 109.616648 -2.96639862262319 profile1
243 109.649948 -2.98150573267265 profile1
244 109.709343 -3.24949447303991 profile1
245 109.768738 -3.34365445467045 profile1
246 109.778696 -3.45587677964205 profile1
247 109.78644 -3.57443146301048 profile1
248 109.794184 -3.69024276860835 profile1
249 109.827314 -3.78316676839407 profile1
250 109.886714 -3.80183947475885 profile1
251 109.946115 -3.81341415076251 profile1
252 110.005515 -3.82490403171451 profile1
253 110.064915 -3.83626483138781 profile1
254 110.124315 -3.84716941760897 profile1
255 110.183715 -3.85814753944777 profile1
256 110.243115 -3.86902314943019 profile1
257 110.27255 -3.8797905188846 profile1
258 110.292051 -3.8902612291983 profile1
259 110.311551 -3.9003380069317 profile1
260 110.331052 -3.91027565199625 profile1
261 110.347675 -3.91976909613139 profile1
262 110.355434 -3.92860138631187 profile1
263 110.363193 -3.9372538742348 profile1
264 110.370953 -3.94572028075678 profile1
265 110.378712 -3.95397921249247 profile1
266 110.386472 -3.96182327522243 profile1
267 110.394231 -3.93437176089079 profile1
268 110.401991 -3.86503653362163 profile1
269 110.40975 -3.79137941526051 profile1
270 110.419827 -3.69386750908622 profile1
271 110.437092 -3.54035829576931 profile1
272 110.438182 -3.34062541791805 profile1
273 110.439272 -3.0688777361136 profile1
274 110.440362 -2.67376305911372 profile1
275 110.441452 -2.30530491437905 profile1
276 110.442541 -1.98950487619196 profile1
277 110.537457 -1.84291295303362 profile1
278 110.600303 -1.95502263381562 profile1
279 110.609526 -2.04201218926116 profile1
280 110.618749 -2.0272079964786 profile1
281 110.627971 -2.0146476577517 profile1
282 110.652689 -2.0036741535034 profile1
283 110.691054 -1.99268213075732 profile1
284 110.711132 -1.97408403100898 profile1
285 110.728767 -1.95631277085364 profile1
286 110.741664 -1.93408074405065 profile1
287 110.74991 -1.91214517292943 profile1
288 110.753861 -1.88455940956575 profile1
289 110.75611 -1.83645458032115 profile1
290 110.758359 -1.78643425960802 profile1
291 110.760609 -1.74087224606677 profile1
292 110.762858 -1.70088522512025 profile1
293 110.765107 -1.66751575473924 profile1
294 110.767356 -1.6416615605607 profile1
295 110.769606 -1.62402630995055 profile1
296 110.782838 -1.61507085425024 profile1
297 110.826448 -1.55966379032152 profile1
298 110.828376 -1.46790854163458 profile1
299 110.830305 -1.3798714792414 profile1
300 110.923141 -1.31477226493496 profile1
301 111.125818 -1.30693786036984 profile1
302 111.285496 -1.30944328225584 profile1
303 111.288208 -1.23846653945252 profile1
304 111.29092 -1.13787821069775 profile1
305 111.319656 -1.04500259825466 profile1
306 111.346331 -1.0092723456048 profile1
307 111.35717 -0.98411120620554 profile1
308 111.368009 -0.886571374533826 profile1
309 111.425219 -0.868430489326175 profile1
310 111.532266 -0.829332765723502 profile1
311 111.60867 -0.935662579515461 profile1
312 111.624963 -0.914471477877749 profile1
313 111.641257 -0.899480446107579 profile1
314 111.657551 -0.871481700354835 profile1
315 111.664743 -0.82837048523904 profile1
316 111.668134 -0.78427106619553 profile1
317 111.671526 -0.739556681214288 profile1
318 111.712277 -0.694366129527431 profile1
319 111.772224 -0.65034091568004 profile1
320 111.83217 -0.726621884913888 profile1
321 111.883727 -0.987649836432561 profile1
322 111.889358 -0.973894740034836 profile1
323 111.89499 -0.960391527142269 profile1
324 111.900621 -0.947158312329871 profile1
325 111.951232 -0.932946456773932 profile1
326 111.967407 -0.907833305599764 profile1
327 111.972615 -0.880038265098156 profile1
328 111.977823 -0.847786796150979 profile1
329 112.026842 -0.829527800336221 profile1
330 112.050813 -0.83471515866696 profile1
331 112.058738 -0.846444765849804 profile1
332 112.066663 -0.865895415776805 profile1
333 112.205697 -0.835995266837878 profile1
334 112.209241 -0.768375969844304 profile1
335 112.211516 -0.710795282031336 profile1
336 112.213791 -0.664311599067013 profile1
337 112.216066 -0.662845762181848 profile1
338 112.218341 -0.664678895980153 profile1
339 112.221962 -0.666374067438263 profile1
340 112.251959 -0.668075787126134 profile1
341 112.281956 -0.36611544112333 profile1
342 112.451254 -0.128574000034536 profile1
343 112.455544 0.0564690379762506 profile1
344 112.459835 0.199788105992206 profile1
345 112.464125 0.300575070575193 profile1
346 112.468416 0.352491392884793 profile1
347 112.472706 0.355311445566139 profile1
348 112.506522 0.329836322092287 profile1
349 112.50952 -0.150700661277532 profile1
350 112.512517 -0.471963106100384 profile1
351 112.515514 -0.366956417437296 profile1
352 112.518511 -0.25542722335062 profile1
353 112.521508 -0.13896020568217 profile1
354 112.524505 -0.0186791612377219 profile1
355 112.527503 0.103273572422915 profile1
356 112.5305 0.332380847627821 profile1
357 112.640753 0.401151662027752 profile1
358 112.665334 0.399692161299648 profile1
359 112.689915 0.418699397921839 profile1
360 112.714496 0.403832685633896 profile1
361 112.764754 0.310779492626025 profile1
362 112.826201 0.318086478241568 profile1
363 112.828563 0.329319968401461 profile1
364 112.830925 -0.48037374266895 profile1
365 112.833286 -0.563671336172819 profile1
366 112.835648 -0.589621760769977 profile1
367 112.838009 -0.618120992618824 profile1
368 112.870831 -0.646010889437794 profile1
369 112.903651 -0.640340896447271 profile1
370 112.915354 -0.635422007083035 profile1
371 112.927057 -0.630985868825496 profile1
372 112.978421 -0.59260056826059 profile1
373 113.079634 -0.514648786827188 profile1
374 113.091233 -0.618334253683895 profile1
375 113.102831 -0.662071512236227 profile1
376 113.11443 -0.693172119270488 profile1
377 113.146956 -0.736376985583764 profile1
378 113.148674 -0.781429305826519 profile1
379 113.150393 -0.82813503981849 profile1
380 113.187512 -0.87628444068924 profile1
381 113.222235 -0.878780005708954 profile1
382 113.231247 -0.870385150376301 profile1
383 113.240258 -0.86170056332579 profile1
384 113.24927 -0.712680190476991 profile1
385 113.258281 -0.708642401533856 profile1
386 113.268797 -0.682551411033852 profile1
387 113.288739 -0.684043466213408 profile1
388 113.344694 -0.700447187623263 profile1
389 113.424389 -0.726559927468743 profile1
390 113.510482 -0.741691052816596 profile1
391 113.588968 -0.74573516858746 profile1
392 113.591392 -0.749762444203041 profile1
393 113.593816 -0.753288183647537 profile1
394 113.610203 -0.5943229865493 profile1
395 113.711326 -0.72494310462266 profile1
396 113.812449 -0.929245385972481 profile1
397 113.913572 -1.30075979544361 profile1
398 114.014695 -1.83071732315794 profile1
399 114.143712 -2.64110947202879 profile1
400 114.297395 -3.11654528586998 profile1
401 114.451077 -3.14660107104139 profile1
402 114.554864 -3.24020257132407 profile1
403 114.572315 -3.25728255918107 profile1
404 114.573429 -3.28606034113932 profile1
405 114.574543 -3.32605382252298 profile1
406 114.575657 -3.37635918302618 profile1
407 114.590217 -3.43570769299024 profile1
408 114.709536 -3.53387951816404 profile1
409 114.89167 -3.71949584010959 profile1
410 114.94277 -3.84631018520237 profile1
411 114.965983 -3.94614638002969 profile1
412 114.966742 -4.02997999303503 profile1
413 114.967501 -4.09567675789862 profile1
414 114.96826 -4.14154448995717 profile1
415 114.969019 -4.16739809755681 profile1
416 114.969778 -4.17439838426335 profile1
417 114.992453 -4.16471805178679 profile1
418 115.043552 -4.14226903308513 profile1
419 115.272631 -4.39578944706357 profile1
420 115.329016 -4.40410054174985 profile1
421 115.362872 -4.40942161108216 profile1
422 115.396727 -4.41472051948779 profile1
423 115.518474 -5.23816433963932 profile1
424 115.52059 -5.24462196146991 profile1
425 115.522706 -5.25112362461982 profile1
426 115.54515 -5.25898943897198 profile1
427 115.550006 -5.29325222296456 profile1
428 115.552018 -5.31973716320564 profile1
429 115.55403 -5.33762494021158 profile1
430 115.556043 -5.34672436763306 profile1
431 115.560152 -5.34959883352222 profile1
432 115.566972 -5.35466583052488 profile1
433 115.573793 -5.35945590353594 profile1
434 115.580613 -5.36396149130671 profile1
435 115.593908 -5.36817849881498 profile1
436 115.753929 -5.33035868194225 profile1
437 115.755144 -5.39418728974667 profile1
438 115.756359 -5.43857787831818 profile1
439 115.767713 -5.45157562203657 profile1
440 115.768304 -5.4435678794798 profile1
441 115.768895 -5.44718969918012 profile1
442 115.769486 -5.45492837082599 profile1
443 115.770078 -5.46558233830406 profile1
444 115.770669 -5.47901052458409 profile1
445 115.772686 -5.4936963637782 profile1
446 115.783409 -5.50786645474924 profile1
447 115.784285 -5.52260995395397 profile1
448 115.78516 -5.53771339517157 profile1
449 115.786036 -5.55697952186379 profile1
450 115.786912 -5.57675464975625 profile1
451 115.787787 -5.59529323848336 profile1
452 115.788663 -5.6133497141012 profile1
453 109.57503 -2.08465541878482 profile2
454 109.577848 -2.09608030747491 profile2
455 109.580666 -2.10874857084894 profile2
456 109.583484 -2.12260117867535 profile2
457 109.586302 -2.13756200856057 profile2
458 109.589119 -2.1535424466575 profile2
459 109.591937 -2.17044216678838 profile2
460 109.594755 -2.18815315450597 profile2
461 109.597573 -2.20215733030509 profile2
462 109.610319 -2.20190902389245 profile2
463 109.611374 -2.20066361079224 profile2
464 109.612429 -2.20344242118009 profile2
465 109.613484 -2.2102633789539 profile2
466 109.614538 -2.22047447490053 profile2
467 109.615593 -2.23263027509229 profile2
468 109.616648 -2.24863020831739 profile2
469 109.649948 -2.26304641923895 profile2
470 109.709343 -2.12690892453527 profile2
471 109.768738 -2.07829133559297 profile2
472 109.778696 -2.09143292111951 profile2
473 109.78644 -2.15087905232045 profile2
474 109.794184 -2.25130383254641 profile2
475 109.827314 -2.3517462490934 profile2
476 109.886714 -2.35748143251759 profile2
477 109.946115 -2.36579404999659 profile2
478 110.005515 -2.37434641081645 profile2
479 110.064915 -2.29605255859686 profile2
480 110.124315 -2.16179351200193 profile2
481 110.183715 -2.17111365866897 profile2
482 110.243115 -2.18091877407881 profile2
483 110.27255 -2.19113603117627 profile2
484 110.292051 -2.20126571145126 profile2
485 110.311551 -2.21126082412377 profile2
486 110.331052 -2.22146720276357 profile2
487 110.347675 -2.23146641221682 profile2
488 110.355434 -2.24099790988982 profile2
489 110.363193 -2.25064319407441 profile2
490 110.370953 -2.26038718839221 profile2
491 110.378712 -2.27022093884042 profile2
492 110.386472 -2.28021933697292 profile2
493 110.394231 -2.29221540288176 profile2
494 110.401991 -2.3118661587558 profile2
495 110.40975 -2.33404212007273 profile2
496 110.419827 -2.36822649012183 profile2
497 110.437092 -2.24271869760485 profile2
498 110.438182 -2.0757405716904 profile2
499 110.439272 -1.87076489819521 profile2
500 110.440362 -1.61852158274547 profile2
501 110.441452 -1.42639166894396 profile2
502 110.442541 -1.30344116463105 profile2
503 110.537457 -1.27013255845274 profile2
504 110.600303 -1.0059698925996 profile2
505 110.609526 -1.03227612468674 profile2
506 110.618749 -1.05881108918394 profile2
507 110.627971 -1.08669502251027 profile2
508 110.652689 -1.11524200918558 profile2
509 110.691054 -1.15033484609365 profile2
510 110.711132 -1.2153257023468 profile2
511 110.728767 -1.2637417214931 profile2
512 110.741664 -1.30398206583399 profile2
513 110.74991 -1.3420894176731 profile2
514 110.753861 -1.37633919555909 profile2
515 110.75611 -1.33817566087823 profile2
516 110.758359 -1.28678680476491 profile2
517 110.760609 -1.24186962501556 profile2
518 110.762858 -1.20374532534166 profile2
519 110.765107 -1.17263688540159 profile2
520 110.767356 -1.14866725001607 profile2
521 110.769606 -1.13185927961559 profile2
522 110.782838 -1.1221363779621 profile2
523 110.826448 -1.08681166707489 profile2
524 110.828376 -1.03610486646745 profile2
525 110.830305 -0.995709489043142 profile2
526 110.923141 -0.966623166000282 profile2
527 111.125818 -0.962293450620922 profile2
528 111.285496 -0.979578890739472 profile2
529 111.288208 -1.08362108472482 profile2
530 111.29092 -1.2094966116238 profile2
531 111.319656 -1.34727213193351 profile2
532 111.346331 -1.40220080149092 profile2
533 111.35717 -1.41393134553946 profile2
534 111.368009 -1.02539783205889 profile2
535 111.425219 -1.00479680134606 profile2
536 111.532266 -1.00055160934184 profile2
537 111.60867 -1.01205762499526 profile2
538 111.624963 -1.05239593156253 profile2
539 111.641257 -1.09255499469965 profile2
540 111.657551 -1.10379404454316 profile2
541 111.664743 -1.0893860645225 profile2
542 111.668134 -1.07652751008202 profile2
543 111.671526 -1.06533616644678 profile2
544 111.712277 -1.05347310143678 profile2
545 111.772224 -1.05578515284469 profile2
546 111.83217 -1.13524308997455 profile2
547 111.883727 -1.13690402249061 profile2
548 111.889358 -1.12544541421387 profile2
549 111.89499 -1.11575931143722 profile2
550 111.900621 -1.10792139399825 profile2
551 111.951232 -1.09853202311701 profile2
552 111.967407 -0.819278383457029 profile2
553 111.972615 -0.40577021191188 profile2
554 111.977823 -0.140191007547422 profile2
555 112.026842 0.0295716391071662 profile2
556 112.050813 0.106430049323672 profile2
557 112.058738 0.132579891321442 profile2
558 112.066663 0.131294414507006 profile2
559 112.205697 0.12753342379403 profile2
560 112.209241 0.136632331004064 profile2
561 112.211516 0.144842160241694 profile2
562 112.213791 0.152158306354457 profile2
563 112.216066 0.160818060723133 profile2
564 112.218341 0.200799404068479 profile2
565 112.221962 0.260837283881026 profile2
566 112.251959 0.308309517011665 profile2
567 112.281956 0.418699397921839 profile2
568 112.451254 0.364746639238101 profile2
569 112.455544 0.30946115876046 profile2
570 112.459835 0.229130977848354 profile2
571 112.464125 0.124322086448834 profile2
572 112.468416 0.00714102777983569 profile2
573 112.472706 -0.121167328359824 profile2
574 112.506522 -0.256706009944078 profile2
575 112.50952 -0.438546413691852 profile2
576 112.512517 -0.584517656176138 profile2
577 112.515514 -0.616994280046327 profile2
578 112.518511 -0.651984634217844 profile2
579 112.521508 -0.689854358291353 profile2
580 112.524505 -0.730821160731696 profile2
581 112.527503 -0.775679037050045 profile2
582 112.5305 -0.835876459982464 profile2
583 112.640753 -1.8551451167474 profile2
584 112.665334 -1.87351810508579 profile2
585 112.689915 -1.95850139094461 profile2
586 112.714496 -2.11049988934605 profile2
587 112.764754 -2.23838052715038 profile2
588 112.826201 -2.23460729750578 profile2
589 112.828563 -2.23238564443145 profile2
590 112.830925 -2.40034440929632 profile2
591 112.833286 -2.401053745343 profile2
592 112.835648 -2.38091628054954 profile2
593 112.838009 -2.36284156022703 profile2
594 112.870831 -2.34794953467574 profile2
595 112.903651 -2.3469361633536 profile2
596 112.915354 -2.34613235446502 profile2
597 112.927057 -2.34551268002637 profile2
598 112.978421 -2.36241960850818 profile2
599 113.079634 -2.35923031892185 profile2
600 113.091233 -2.07753445237907 profile2
601 113.102831 -2.02204680100724 profile2
602 113.11443 -2.00789733255149 profile2
603 113.146956 -1.99502008001895 profile2
604 113.148674 -1.98319103031561 profile2
605 113.150393 -1.9724569084527 profile2
606 113.187512 -1.96288417406073 profile2
607 113.222235 -1.95476853600747 profile2
608 113.231247 -1.94785781114014 profile2
609 113.240258 -1.94199065054408 profile2
610 113.24927 -1.90136336228352 profile2
611 113.258281 -1.88531968241915 profile2
612 113.268797 -1.86377245169732 profile2
613 113.288739 -1.82696957802767 profile2
614 113.344694 -1.79470679374487 profile2
615 113.424389 -1.77043840959512 profile2
616 113.510482 -1.76018135670331 profile2
617 113.588968 -1.75621714753106 profile2
618 113.591392 -1.75235796105657 profile2
619 113.593816 -1.74880411710925 profile2
620 113.610203 -1.75870312681281 profile2
621 113.711326 -1.77144753910986 profile2
622 113.812449 -2.02717716501955 profile2
623 113.913572 -1.92858068685337 profile2
624 114.014695 -1.8167452088322 profile2
625 114.143712 -1.60017358830792 profile2
626 114.297395 -1.54251377607701 profile2
627 114.451077 -1.51265363025628 profile2
628 114.554864 -1.5286495784774 profile2
629 114.572315 -1.56194762879267 profile2
630 114.573429 -1.59877110283999 profile2
631 114.574543 -1.63836251575186 profile2
632 114.575657 -1.67986854270566 profile2
633 114.590217 -1.72240003290783 profile2
634 114.709536 -2.01150641452502 profile2
635 114.89167 -1.84352226222127 profile2
636 114.94277 -1.83166549492929 profile2
637 114.965983 -1.81503753034188 profile2
638 114.966742 -1.79247817585452 profile2
639 114.967501 -1.77614285577723 profile2
640 114.96826 -1.76632255594291 profile2
641 114.969019 -1.76316203490483 profile2
642 114.969778 -1.7666652846689 profile2
643 114.992453 -1.77671157767035 profile2
644 115.043552 -1.78954289130978 profile2
645 115.272631 -1.85029321143704 profile2
646 115.329016 -1.84697901771525 profile2
647 115.362872 -1.84423031702366 profile2
648 115.396727 -1.84159314454212 profile2
649 115.518474 -1.66443176990467 profile2
650 115.52059 -1.63858385874923 profile2
651 115.522706 -1.61373047609944 profile2
652 115.54515 -1.59836589697923 profile2
653 115.550006 -1.7693416950498 profile2
654 115.552018 -1.94537885156844 profile2
655 115.55403 -2.11957146881154 profile2
656 115.556043 -2.28522985333109 profile2
657 115.560152 -2.39351909327595 profile2
658 115.566972 -2.39059603656019 profile2
659 115.573793 -2.38800224986781 profile2
660 115.580613 -2.38572681055002 profile2
661 115.593908 -2.38375665250854 profile2
662 115.753929 -2.22446151506517 profile2
663 115.755144 -2.23791182918774 profile2
664 115.756359 -2.32588387252512 profile2
665 115.767713 -2.3901489988857 profile2
666 115.768304 -2.38506079361498 profile2
667 115.768895 -2.42811847733283 profile2
668 115.769486 -2.48390492322521 profile2
669 115.770078 -2.54641294072859 profile2
670 115.770669 -2.61360800104617 profile2
671 115.772686 -2.68183918974871 profile2
672 115.783409 -2.74980090732119 profile2
673 115.784285 -2.81853868195002 profile2
674 115.78516 -2.8872560711663 profile2
675 115.786036 -2.91634297305083 profile2
676 115.786912 -2.94108713988585 profile2
677 115.787787 -2.97147128819245 profile2
678 115.788663 -3.00535976459963 profile2
