marker_position lod trace
1 109.57503 -9.43268978865553 pleio
2 109.577848 -9.34989011264713 pleio
3 109.580666 -9.27186943562728 pleio
4 109.583484 -9.1990701372121 pleio
5 109.586302 -9.13185335856779 pleio
6 109.589119 -9.07049210170155 pleio
7 109.591937 -9.01516685941447 pleio
8 109.594755 -8.96596376238449 pleio
9 109.597573 -8.89703346822351 pleio
10 109.610319 -8.81664465384069 pleio
11 109.611374 -8.73957058096822 pleio
12 109.612429 -8.66475969939575 pleio
13 109.613484 -8.59234909657325 pleio
14 109.614538 -8.53430032390916 pleio
15 109.615593 -8.51443674134151 pleio
16 109.616648 -8.49511369171333 pleio
17 109.649948 -8.4972262746373 pleio
18 109.709343 -8.2246065922299 pleio
19 109.768738 -8.078126434049 pleio
20 109.778696 -8.14929881870687 pleio
21 109.78644 -8.24626380443216 pleio
22 109.794184 -8.36039585150693 pleio
23 109.827314 -8.46170730582574 pleio
24 109.886714 -8.46916757433861 pleio
25 109.946115 -8.46922468538104 pleio
26 110.005515 -8.46930284582734 pleio
27 110.064915 -8.38559889820139 pleio
28 110.124315 -8.21376679087426 pleio
29 110.183715 -8.21306004801314 pleio
30 110.243115 -8.21219476686411 pleio
31 110.27255 -8.21139999557345 pleio
32 110.292051 -8.21052606613317 pleio
33 110.311551 -8.20976425013701 pleio
34 110.331052 -8.2090922381805 pleio
35 110.347675 -8.2084309082552 pleio
36 110.355434 -8.20774347697967 pleio
37 110.363193 -8.2070632360778 pleio
38 110.370953 -8.206392827533 pleio
39 110.378712 -8.20572132091485 pleio
40 110.386472 -8.20484349985185 pleio
41 110.394231 -8.12277695414435 pleio
42 110.401991 -7.98216286181537 pleio
43 110.40975 -7.84222543296705 pleio
44 110.419827 -7.64445895581535 pleio
45 110.437092 -7.25857737880924 pleio
46 110.438182 -6.77936212023199 pleio
47 110.439272 -6.37218532666422 pleio
48 110.440362 -6.05161001764252 pleio
49 110.441452 -5.82525485721104 pleio
50 110.442541 -5.68534551133837 pleio
51 110.537457 -5.60987355563897 pleio
52 110.600303 -4.94474404826739 pleio
53 110.609526 -4.44867896550367 pleio
54 110.618749 -4.39471421026942 pleio
55 110.627971 -4.35296527391767 pleio
56 110.652689 -4.32313307019361 pleio
57 110.691054 -4.30191181462576 pleio
58 110.711132 -4.26664139619329 pleio
59 110.728767 -4.23052822720952 pleio
60 110.741664 -4.17995818577235 pleio
61 110.74991 -4.13046276733593 pleio
62 110.753861 -4.10175458259864 pleio
63 110.75611 -3.93465829749212 pleio
64 110.758359 -3.7356724098004 pleio
65 110.760609 -3.54720696585976 pleio
66 110.762858 -3.37162990072522 pleio
67 110.765107 -3.21122961805631 pleio
68 110.767356 -3.06811087805676 pleio
69 110.769606 -2.94410743945725 pleio
70 110.782838 -2.84069350650933 pleio
71 110.826448 -2.74540755281371 pleio
72 110.828376 -2.654747176484 pleio
73 110.830305 -2.5770774984274 pleio
74 110.923141 -2.52974254542417 pleio
75 111.125818 -2.51955141362831 pleio
76 111.285496 -2.50519539286616 pleio
77 111.288208 -2.4274335556345 pleio
78 111.29092 -2.37436149460946 pleio
79 111.319656 -2.37118757538507 pleio
80 111.346331 -2.27252591024087 pleio
81 111.35717 -2.10061723145425 pleio
82 111.368009 -1.27429140341281 pleio
83 111.425219 -2.19109958598367 pleio
84 111.532266 -2.19233721458638 pleio
85 111.60867 -1.54675688019215 pleio
86 111.624963 -1.05085382364537 pleio
87 111.641257 -0.597163960209829 pleio
88 111.657551 -0.345876469559864 pleio
89 111.664743 -0.287316614601004 pleio
90 111.668134 -0.236722924352291 pleio
91 111.671526 -0.194428475923535 pleio
92 111.712277 -0.161070102373305 pleio
93 111.772224 -0.0923836386392426 pleio
94 111.83217 -0.231084968424014 pleio
95 111.883727 -0.643675491229433 pleio
96 111.889358 -0.644472400123175 pleio
97 111.89499 -0.648950384685141 pleio
98 111.900621 -0.657098998987631 pleio
99 111.951232 -0.671889011158597 pleio
100 111.967407 -0.476300684753755 pleio
101 111.972615 -0.172550612990079 pleio
102 111.977823 -0.0894501087002007 pleio
103 112.026842 -0.26627504477591 pleio
104 112.050813 -0.295380202429582 pleio
105 112.058738 -0.273038759723369 pleio
106 112.066663 -0.258498124693687 pleio
107 112.205697 -0.217982418008244 pleio
108 112.209241 -0.172052877729187 pleio
109 112.211516 -0.153263733724205 pleio
110 112.213791 -0.162154147826128 pleio
111 112.216066 -0.165869039744661 pleio
112 112.218341 -0.178074651763612 pleio
113 112.221962 -0.201695594093417 pleio
114 112.251959 -0.228021875175505 pleio
115 112.281956 -0.124883972031061 pleio
116 112.451254 -0.0728511087791218 pleio
117 112.455544 -0.00144163213061911 pleio
118 112.459835 0 pleio
119 112.464125 -0.052687067517993 pleio
120 112.468416 -0.158598640069466 pleio
121 112.472706 -0.316204787569877 pleio
122 112.506522 -0.439359039164798 pleio
123 112.50952 -0.691768785867006 pleio
124 112.512517 -1.58224524612127 pleio
125 112.515514 -1.57850116376185 pleio
126 112.518511 -1.57437889723562 pleio
127 112.521508 -1.57171196852758 pleio
128 112.524505 -1.56995966229411 pleio
129 112.527503 -1.5687998905549 pleio
130 112.5305 -1.56957275373129 pleio
131 112.640753 -3.15706932427191 pleio
132 112.665334 -3.06163525751004 pleio
133 112.689915 -3.02394407922767 pleio
134 112.714496 -3.18406241894027 pleio
135 112.764754 -3.35203588304028 pleio
136 112.826201 -3.33062742532798 pleio
137 112.828563 -3.29713466193373 pleio
138 112.830925 -4.94654933961753 pleio
139 112.833286 -5.07887437298216 pleio
140 112.835648 -5.05974539183651 pleio
141 112.838009 -5.05718436368709 pleio
142 112.870831 -5.07033251030837 pleio
143 112.903651 -5.07104148130403 pleio
144 112.915354 -5.07615449548554 pleio
145 112.927057 -5.08568501873324 pleio
146 112.978421 -5.11107060423767 pleio
147 113.079634 -5.16514852030653 pleio
148 113.091233 -5.80722057125559 pleio
149 113.102831 -5.96079276550793 pleio
150 113.11443 -5.94822394424603 pleio
151 113.146956 -5.94737763571345 pleio
152 113.148674 -5.95028121317968 pleio
153 113.150393 -5.95710160414298 pleio
154 113.187512 -5.96796696519955 pleio
155 113.222235 -5.94750116263795 pleio
156 113.231247 -5.92308989123663 pleio
157 113.240258 -5.90291856238518 pleio
158 113.24927 -5.88049781251539 pleio
159 113.258281 -5.88771187847477 pleio
160 113.268797 -6.00089146796858 pleio
161 113.288739 -6.16334612333637 pleio
162 113.344694 -6.35600744815378 pleio
163 113.424389 -6.58404664718515 pleio
164 113.510482 -6.76971411865236 pleio
165 113.588968 -6.78331485211859 pleio
166 113.591392 -6.7971926564167 pleio
167 113.593816 -6.81194757129179 pleio
168 113.610203 -6.89966283604414 pleio
169 113.711326 -8.4938959298984 pleio
170 113.812449 -8.84366149167595 pleio
171 113.913572 -9.28825198009713 pleio
172 114.014695 -9.80621726832695 pleio
173 114.143712 -10.3116826646369 pleio
174 114.297395 -10.9294118276796 pleio
175 114.451077 -10.8700890156376 pleio
176 114.554864 -10.7434938760213 pleio
177 114.572315 -10.7602790701357 pleio
178 114.573429 -10.7832827676897 pleio
179 114.574543 -10.812029421588 pleio
180 114.575657 -10.8458564488306 pleio
181 114.590217 -10.8839518540971 pleio
182 114.709536 -11.171992300075 pleio
183 114.89167 -11.2327513232097 pleio
184 114.94277 -11.3048410344039 pleio
185 114.965983 -11.3799137423181 pleio
186 114.966742 -11.4680372716446 pleio
187 114.967501 -11.5660376344784 pleio
188 114.96826 -11.6713405339833 pleio
189 114.969019 -11.781195891196 pleio
190 114.969778 -11.8929738135195 pleio
191 114.992453 -12.0043887416715 pleio
192 115.043552 -12.1106588501766 pleio
193 115.272631 -12.1349539579975 pleio
194 115.329016 -12.1497519504869 pleio
195 115.362872 -12.1671256648481 pleio
196 115.396727 -12.1845013318834 pleio
197 115.518474 -12.5729778607574 pleio
198 115.52059 -12.5608359080343 pleio
199 115.522706 -12.546648049206 pleio
200 115.54515 -12.530926499947 pleio
201 115.550006 -12.5234656871607 pleio
202 115.552018 -12.5158608193251 pleio
203 115.55403 -12.5087863296578 pleio
204 115.556043 -12.5029077293317 pleio
205 115.560152 -12.5015303938979 pleio
206 115.566972 -12.507201875165 pleio
207 115.573793 -12.5122653951235 pleio
208 115.580613 -12.5167191191589 pleio
209 115.593908 -12.5205669686925 pleio
210 115.753929 -12.3184650125682 pleio
211 115.755144 -12.254318301301 pleio
212 115.756359 -12.2413233490911 pleio
213 115.767713 -12.2617959240119 pleio
214 115.768304 -12.2855773501739 pleio
215 115.768895 -12.3856835857892 pleio
216 115.769486 -12.4902902031196 pleio
217 115.770078 -12.5890402294556 pleio
218 115.770669 -12.6809207573608 pleio
219 115.772686 -12.7647473918901 pleio
220 115.783409 -12.8416307020784 pleio
221 115.784285 -12.912569869569 pleio
222 115.78516 -12.9774452707518 pleio
223 115.786036 -12.9960041051548 pleio
224 115.786912 -13.0037736517597 pleio
225 115.787787 -13.0055047974633 pleio
226 115.788663 -13.0049585104209 pleio
227 109.57503 -4.21739341600555 profile1
228 109.577848 -4.13358380729516 profile1
229 109.580666 -4.05554434754012 profile1
230 109.583484 -3.98374499602734 profile1
231 109.586302 -3.9185672211683 profile1
232 109.589119 -3.86029482023004 profile1
233 109.591937 -3.80910911389692 profile1
234 109.594755 -3.76508721090491 profile1
235 109.597573 -3.70834370108733 profile1
236 109.610319 -3.6342735815547 profile1
237 109.611374 -3.55969966528028 profile1
238 109.612429 -3.48752326362398 profile1
239 109.613484 -3.41789153483463 profile1
240 109.614538 -3.36230570313545 profile1
241 109.615593 -3.34333495417942 profile1
242 109.616648 -3.32468855001985 profile1
243 109.649948 -3.31974015509238 profile1
244 109.709343 -3.04038711845487 profile1
245 109.768738 -2.93216137134638 profile1
246 109.778696 -2.97547871635909 profile1
247 109.78644 -3.04432089704223 profile1
248 109.794184 -3.13098296341445 profile1
249 109.827314 -3.2080629577834 profile1
250 109.886714 -3.21461973736735 profile1
251 109.946115 -3.21967121692027 profile1
252 110.005515 -3.22469216706893 profile1
253 110.064915 -3.1607412171072 profile1
254 110.124315 -3.02329799163563 profile1
255 110.183715 -3.02751282562699 profile1
256 110.243115 -3.03141826238355 profile1
257 110.27255 -3.03533598816271 profile1
258 110.292051 -3.039106312881 profile1
259 110.311551 -3.04295688554121 profile1
260 110.331052 -3.04674345733802 profile1
261 110.347675 -3.05053529856518 profile1
262 110.355434 -3.05440554779405 profile1
263 110.363193 -3.05811884021502 profile1
264 110.370953 -3.06167900919815 profile1
265 110.378712 -3.06507954481315 profile1
266 110.386472 -3.06820140843559 profile1
267 110.394231 -3.05211439397445 profile1
268 110.401991 -3.01506991989993 profile1
269 110.40975 -2.97271038991826 profile1
270 110.419827 -2.90489444615389 profile1
271 110.437092 -2.65011703984872 profile1
272 110.438182 -2.31298940922021 profile1
273 110.439272 -2.04522216047152 profile1
274 110.440362 -1.86604476245365 profile1
275 110.441452 -1.77360760706714 profile1
276 110.442541 -1.75560972863024 profile1
277 110.537457 -1.74477609757573 profile1
278 110.600303 -1.37157724527937 profile1
279 110.609526 -1.01132127565811 profile1
280 110.618749 -0.960774741297376 profile1
281 110.627971 -0.921902028017005 profile1
282 110.652689 -0.894247880178725 profile1
283 110.691054 -0.878438841831437 profile1
284 110.711132 -0.879071643148957 profile1
285 110.728767 -0.882154658668741 profile1
286 110.741664 -0.8721014178419 profile1
287 110.74991 -0.862004321781193 profile1
288 110.753861 -0.873274338561957 profile1
289 110.75611 -0.818385028224533 profile1
290 110.758359 -0.748172975901128 profile1
291 110.760609 -0.68359131824881 profile1
292 110.762858 -0.625547397758515 profile1
293 110.765107 -0.574937660300808 profile1
294 110.767356 -0.532599489752925 profile1
295 110.769606 -0.499270393235088 profile1
296 110.782838 -0.475542588702099 profile1
297 110.826448 -0.429399373638442 profile1
298 110.828376 -0.364622780693123 profile1
299 110.830305 -0.30434276209874 profile1
300 110.923141 -0.262945902104811 profile1
301 111.125818 -0.259936864034661 profile1
302 111.285496 -0.257890587907455 profile1
303 111.288208 -0.189192767736847 profile1
304 111.29092 -0.0992577432529267 profile1
305 111.319656 -0.0158371693193744 profile1
306 111.346331 0.0770304922808946 profile1
307 111.35717 0.219665560644783 profile1
308 111.368009 1.08528117101113 profile1
309 111.425219 0.797851323416941 profile1
310 111.532266 0.807977731418783 profile1
311 111.60867 0.604017716358085 profile1
312 111.624963 0.630922790609876 profile1
313 111.641257 0.652837507292916 profile1
314 111.657551 0.680900854827431 profile1
315 111.664743 0.710231258271966 profile1
316 111.668134 0.735771422317582 profile1
317 111.671526 0.75730580462567 profile1
318 111.712277 0.775462609259377 profile1
319 111.772224 0.816131484191941 profile1
320 111.83217 0.510428197682312 profile1
321 111.883727 0.036003322662333 profile1
322 111.889358 0.0304662698690133 profile1
323 111.89499 0.0217357479734802 profile1
324 111.900621 0.00984356184056605 profile1
325 111.951232 -0.00631453341846298 profile1
326 111.967407 0.040151291882003 profile1
327 111.972615 0.0731222885680043 profile1
328 111.977823 -0.0161661100318787 profile1
329 112.026842 -0.20048377274221 profile1
330 112.050813 -0.221033560126612 profile1
331 112.058738 -0.222501994191858 profile1
332 112.066663 -0.230488443508452 profile1
333 112.205697 -0.206364149293228 profile1
334 112.209241 -0.168824542244703 profile1
335 112.211516 -0.153263733724205 profile1
336 112.213791 -0.160156948769043 profile1
337 112.216066 -0.16109865765081 profile1
338 112.218341 -0.163556400869374 profile1
339 112.221962 -0.171728853863779 profile1
340 112.251959 -0.183688958899745 profile1
341 112.281956 0.0194646880515227 profile1
342 112.451254 0.261975644353932 profile1
343 112.455544 0.458282284816291 profile1
344 112.459835 0.605124715602216 profile1
345 112.464125 0.704115158600354 profile1
346 112.468416 0.752131640492784 profile1
347 112.472706 0.747846299972279 profile1
348 112.506522 0.63954813785695 profile1
349 112.50952 0.190490089076735 profile1
350 112.512517 -0.641453410802445 profile1
351 112.515514 -0.644216222997945 profile1
352 112.518511 -0.644813537752914 profile1
353 112.521508 -0.644627510424276 profile1
354 112.524505 -0.643061791354659 profile1
355 112.527503 -0.639817607492482 profile1
356 112.5305 -0.528565987087717 profile1
357 112.640753 -1.32736296793514 profile1
358 112.665334 -1.35181120276453 profile1
359 112.689915 -1.37689746099165 profile1
360 112.714496 -1.44127278575968 profile1
361 112.764754 -1.53497777242626 profile1
362 112.826201 -1.53954551412537 profile1
363 112.828563 -1.54529845618372 profile1
364 112.830925 -3.38243519018989 profile1
365 112.833286 -3.56082019009157 profile1
366 112.835648 -3.58970955052068 profile1
367 112.838009 -3.61843020273988 profile1
368 112.870831 -3.64600714745746 profile1
369 112.903651 -3.65497258165239 profile1
370 112.915354 -3.66429763056178 profile1
371 112.927057 -3.67400924357298 profile1
372 112.978421 -3.68832757483325 profile1
373 113.079634 -3.76069831801792 profile1
374 113.091233 -4.50079561262854 profile1
375 113.102831 -4.72191558004073 profile1
376 113.11443 -4.76433578914829 profile1
377 113.146956 -4.81348017907212 profile1
378 113.148674 -4.86331633100542 profile1
379 113.150393 -4.91379792674004 profile1
380 113.187512 -4.96482995634072 profile1
381 113.222235 -4.99134214163466 profile1
382 113.231247 -5.01240835284311 profile1
383 113.240258 -5.03360373042383 profile1
384 113.24927 -5.01853934225599 profile1
385 113.258281 -5.03832860944385 profile1
386 113.268797 -5.07399581483572 profile1
387 113.288739 -5.12410165731142 profile1
388 113.344694 -5.17886552591064 profile1
389 113.424389 -5.23767368335181 profile1
390 113.510482 -5.28227961335526 profile1
391 113.588968 -5.29424738900158 profile1
392 113.591392 -5.30628451751974 profile1
393 113.593816 -5.31831830015843 profile1
394 113.610203 -5.33579641060839 profile1
395 113.711326 -5.46024299121142 profile1
396 113.812449 -5.74016297530798 profile1
397 113.913572 -6.08520645838132 profile1
398 114.014695 -6.4623308688695 profile1
399 114.143712 -6.83617427026113 profile1
400 114.297395 -7.22635363108815 profile1
401 114.451077 -7.16324016329133 profile1
402 114.554864 -7.01238675717591 profile1
403 114.572315 -7.0206553513869 profile1
404 114.573429 -7.03398382410342 profile1
405 114.574543 -7.05229930675935 profile1
406 114.575657 -7.0753522655667 profile1
407 114.590217 -7.10273083478446 profile1
408 114.709536 -7.199408061744 profile1
409 114.89167 -7.2588508571567 profile1
410 114.94277 -7.31280825056293 profile1
411 114.965983 -7.34738488356199 profile1
412 114.966742 -7.37212588943781 profile1
413 114.967501 -7.38862795119538 profile1
414 114.96826 -7.3971272856594 profile1
415 114.969019 -7.39840180407899 profile1
416 114.969778 -7.39362718168471 profile1
417 114.992453 -7.3841946105668 profile1
418 115.043552 -7.37260771890735 profile1
419 115.272631 -7.44801786388918 profile1
420 115.329016 -7.46137078520282 profile1
421 115.362872 -7.47558494978754 profile1
422 115.396727 -7.48968683717223 profile1
423 115.518474 -7.89747886492689 profile1
424 115.52059 -7.91160563012955 profile1
425 115.522706 -7.92553639553795 profile1
426 115.54515 -7.93826900792356 profile1
427 115.550006 -7.93809249196109 profile1
428 115.552018 -7.93849917864274 profile1
429 115.55403 -7.93997347209789 profile1
430 115.556043 -7.94300234821996 profile1
431 115.560152 -7.94809283988031 profile1
432 115.566972 -7.95414245440717 profile1
433 115.573793 -7.96013725930022 profile1
434 115.580613 -7.96607268583172 profile1
435 115.593908 -7.97194332003117 profile1
436 115.753929 -7.79760071081441 profile1
437 115.755144 -7.75763890035951 profile1
438 115.756359 -7.72441865770223 profile1
439 115.767713 -7.71320431419088 profile1
440 115.768304 -7.71689272571604 profile1
441 115.768895 -7.76025668875206 profile1
442 115.769486 -7.80686288066302 profile1
443 115.770078 -7.85164516787554 profile1
444 115.770669 -7.89435052146764 profile1
445 115.772686 -7.93554413922167 profile1
446 115.783409 -7.97388679151827 profile1
447 115.784285 -8.00761246444671 profile1
448 115.78516 -8.03673097472661 profile1
449 115.786036 -8.04516814133313 profile1
450 115.786912 -8.04979582761751 profile1
451 115.787787 -8.0550833847599 profile1
452 115.788663 -8.06025430711265 profile1
453 109.57503 -4.10924514948407 profile2
454 109.577848 -4.11118734453275 profile2
455 109.580666 -4.11206990128832 profile2
456 109.583484 -4.11186131410475 profile2
457 109.586302 -4.11053869923717 profile2
458 109.589119 -4.10809003055348 profile2
459 109.591937 -4.1045146152563 profile2
460 109.594755 -4.09982286821981 profile2
461 109.597573 -4.08823767132106 profile2
462 109.610319 -4.08266255520631 profile2
463 109.611374 -4.08092240989704 profile2
464 109.612429 -4.07904588960349 profile2
465 109.613484 -4.07702060465051 profile2
466 109.614538 -4.07518860315348 profile2
467 109.615593 -4.07456927020789 profile2
468 109.616648 -4.07417467679627 profile2
469 109.649948 -4.0813981877053 profile2
470 109.709343 -4.09200438362415 profile2
471 109.768738 -4.05469835302603 profile2
472 109.778696 -4.08185379061966 profile2
473 109.78644 -4.10904090704488 profile2
474 109.794184 -4.13539258745604 profile2
475 109.827314 -4.15857768659031 profile2
476 109.886714 -4.1592739668132 profile2
477 109.946115 -4.15413076449002 profile2
478 110.005515 -4.14903629303361 profile2
479 110.064915 -4.12978321794187 profile2
480 110.124315 -4.09638045955843 profile2
481 110.183715 -4.09128532466626 profile2
482 110.243115 -4.086343194307 profile2
483 110.27255 -4.08145835462956 profile2
484 110.292051 -4.07663900871043 profile2
485 110.311551 -4.07184945282793 profile2
486 110.331052 -4.0672114943052 profile2
487 110.347675 -4.06257727941641 profile2
488 110.355434 -4.05783743992254 profile2
489 110.363193 -4.05325946781718 profile2
490 110.370953 -4.04884234993015 profile2
491 110.378712 -4.04458207616277 profile2
492 110.386472 -4.04039713195495 profile2
493 110.394231 -3.97505434111148 profile2
494 110.401991 -3.87253483319549 profile2
495 110.40975 -3.77588337838013 profile2
496 110.419827 -3.64714240291323 profile2
497 110.437092 -3.51720782446557 profile2
498 110.438182 -3.37667073361169 profile2
499 110.439272 -3.23889577120822 profile2
500 110.440362 -3.09935317722185 profile2
501 110.441452 -2.96693252229445 profile2
502 110.442541 -2.84603825251726 profile2
503 110.537457 -2.78146719622231 profile2
504 110.600303 -2.48236025668284 profile2
505 110.609526 -2.34225763108118 profile2
506 110.618749 -2.33901863147314 profile2
507 110.627971 -2.33627446504325 profile2
508 110.652689 -2.33417170239561 profile2
509 110.691054 -2.32880965641771 profile2
510 110.711132 -2.29314684253918 profile2
511 110.728767 -2.25419518583321 profile2
512 110.741664 -2.21370151295687 profile2
513 110.74991 -2.17431963073847 profile2
514 110.753861 -2.13484477434847 profile2
515 110.75611 -2.02437033193476 profile2
516 110.758359 -1.89751501979515 profile2
517 110.760609 -1.77539813434974 profile2
518 110.762858 -1.65945231823333 profile2
519 110.765107 -1.55104826271647 profile2
520 110.767356 -1.45143995214272 profile2
521 110.769606 -1.36171854817672 profile2
522 110.782838 -1.28276899554196 profile2
523 110.826448 -1.23400079531109 profile2
524 110.828376 -1.20831440660709 profile2
525 110.830305 -1.19110065980433 profile2
526 110.923141 -1.18526955840855 profile2
527 111.125818 -1.17800399834553 profile2
528 111.285496 -1.1655029912847 profile2
529 111.288208 -1.15709169840996 profile2
530 111.29092 -1.19473441293837 profile2
531 111.319656 -1.27537606571107 profile2
532 111.346331 -1.27019341572523 profile2
533 111.35717 -1.24082804465234 profile2
534 111.368009 -1.27429140341281 profile2
535 111.425219 -1.90101674265754 profile2
536 111.532266 -1.91214814905642 profile2
537 111.60867 -1.06219498534251 profile2
538 111.624963 -0.594021354683705 profile2
539 111.641257 -0.162505838487914 profile2
540 111.657551 0.0607200147690377 profile2
541 111.664743 0.0899578831298981 profile2
542 111.668134 0.115055024189828 profile2
543 111.671526 0.135892485554902 profile2
544 111.712277 0.151226365980049 profile2
545 111.772224 0.179710445510607 profile2
546 111.83217 0.346622123720819 profile2
547 111.883727 0.409137683771879 profile2
548 111.889358 0.413929159113484 profile2
549 111.89499 0.418226408330018 profile2
550 111.900621 0.422007880794785 profile2
551 111.951232 0.423390651700551 profile2
552 111.967407 0.56985482573263 profile2
553 111.972615 0.838047833839476 profile2
554 111.977823 1.01144193732121 profile2
555 112.026842 1.02178126009185 profile2
556 112.050813 1.01311570092779 profile2
557 112.058738 1.03642741665593 profile2
558 112.066663 1.05831101063103 profile2
559 112.205697 1.07413042487302 profile2
560 112.209241 1.08220330702666 profile2
561 112.211516 1.08528117101113 profile2
562 112.213791 1.08330154307481 profile2
563 112.216066 1.0806308046931 profile2
564 112.218341 1.07106151407638 profile2
565 112.221962 1.05581327643424 profile2
566 112.251959 1.04158185407666 profile2
567 112.281956 0.942682444695405 profile2
568 112.451254 0.753116958773728 profile2
569 112.455544 0.627243805910457 profile2
570 112.459835 0.480868036935615 profile2
571 112.464125 0.328284861036762 profile2
572 112.468416 0.173515114520227 profile2
573 112.472706 0.0194296148961133 profile2
574 112.506522 0.00400095948164356 profile2
575 112.50952 0.195678194990663 profile2
576 112.512517 0.133446962404542 profile2
577 112.515514 0.139921876451869 profile2
578 112.518511 0.144647864373457 profile2
579 112.521508 0.147167801726784 profile2
580 112.524505 0.147435281364825 profile2
581 112.527503 0.145483906581698 profile2
582 112.5305 0.0334773047705978 profile2
583 112.640753 -0.756051146527458 profile2
584 112.665334 -0.636922867183037 profile2
585 112.689915 -0.575480875732463 profile2
586 112.714496 -0.672546387983388 profile2
587 112.764754 -0.74803870044421 profile2
588 112.826201 -0.721777848311544 profile2
589 112.828563 -0.682015886241485 profile2
590 112.830925 -0.490989652925498 profile2
591 112.833286 -0.443729182175637 profile2
592 112.835648 -0.395045947444149 profile2
593 112.838009 -0.363125885788871 profile2
594 112.870831 -0.348121471379177 profile2
595 112.903651 -0.339772953735164 profile2
596 112.915354 -0.335443974072648 profile2
597 112.927057 -0.335120675744341 profile2
598 112.978421 -0.345528344757214 profile2
599 113.079634 -0.325696297532139 profile2
600 113.091233 -0.217810484085636 profile2
601 113.102831 -0.147044646065772 profile2
602 113.11443 -0.0913674707872984 profile2
603 113.146956 -0.0404965474476307 profile2
604 113.148674 0.00738294929131799 profile2
605 113.150393 0.0520556485369939 profile2
606 113.187512 0.0932947223882194 profile2
607 113.222235 0.140768498196974 profile2
608 113.231247 0.186620139520032 profile2
609 113.240258 0.22838016316778 profile2
610 113.24927 0.235362237567542 profile2
611 113.258281 0.248088754432085 profile2
612 113.268797 0.16974890844782 profile2
613 113.288739 0.0570094534861857 profile2
614 113.344694 -0.0810531487863031 profile2
615 113.424389 -0.250234138742983 profile2
616 113.510482 -0.391168477339058 profile2
617 113.588968 -0.392669959854629 profile2
618 113.591392 -0.394377448521015 profile2
619 113.593816 -0.396963079366888 profile2
620 113.610203 -0.467786497017501 profile2
621 113.711326 -1.93884311475335 profile2
622 113.812449 -2.00656974602667 profile2
623 113.913572 -2.10199116911978 profile2
624 114.014695 -2.23920500813874 profile2
625 114.143712 -2.36939243274769 profile2
626 114.297395 -2.59307739004756 profile2
627 114.451077 -2.5970628705953 profile2
628 114.554864 -2.62110502970158 profile2
629 114.572315 -2.62893532654063 profile2
630 114.573429 -2.63783190370621 profile2
631 114.574543 -2.64740141536948 profile2
632 114.575657 -2.65724224812882 profile2
633 114.590217 -2.66696728107066 profile2
634 114.709536 -2.85730286842838 profile2
635 114.89167 -2.85736883691392 profile2
636 114.94277 -2.87418925489303 profile2
637 114.965983 -2.91279839626388 profile2
638 114.966742 -2.97381578116972 profile2
639 114.967501 -3.05272679405084 profile2
640 114.96826 -3.14676804657388 profile2
641 114.969019 -3.25246918476272 profile2
642 114.969778 -3.36608656131746 profile2
643 114.992453 -3.48400304295019 profile2
644 115.043552 -3.59899726590323 profile2
645 115.272631 -3.54863391169328 profile2
646 115.329016 -3.54999556290088 profile2
647 115.362872 -3.55298161376853 profile2
648 115.396727 -3.55608386236104 profile2
649 115.518474 -3.53371587638362 profile2
650 115.52059 -3.50714908273779 profile2
651 115.522706 -3.47873512038172 profile2
652 115.54515 -3.45005513325366 profile2
653 115.550006 -3.44369493024576 profile2
654 115.552018 -3.43666646305502 profile2
655 115.55403 -3.42913151972891 profile2
656 115.556043 -3.42123479222909 profile2
657 115.560152 -3.41549835872204 profile2
658 115.566972 -3.41524016243509 profile2
659 115.573793 -3.41442633836807 profile2
660 115.580613 -3.41305966272432 profile2
661 115.593908 -3.41114947069323 profile2
662 115.753929 -3.38631900300371 profile2
663 115.755144 -3.36361916388038 profile2
664 115.756359 -3.38550501447413 profile2
665 115.767713 -3.41816546411586 profile2
666 115.768304 -3.43853018943175 profile2
667 115.768895 -3.49568610054327 profile2
668 115.769486 -3.55411529017777 profile2
669 115.770078 -3.60849512986493 profile2
670 115.770669 -3.6580506542465 profile2
671 115.772686 -3.70091148282012 profile2
672 115.783409 -3.73951286200914 profile2
673 115.784285 -3.77677915199108 profile2
674 115.78516 -3.81257621999186 profile2
675 115.786036 -3.82241098125305 profile2
676 115.786912 -3.82513075635235 profile2
677 115.787787 -3.82101544148602 profile2
678 115.788663 -3.81466183306126 profile2
