marker_position lod trace
1 142.490795 -5.22234975771209 pleio
2 142.517426 -5.142475841445 pleio
3 142.560149 -5.05245073973116 pleio
4 142.602873 -4.96215161071791 pleio
5 142.64402 -4.871369596204 pleio
6 142.685103 -4.59168040682283 pleio
7 142.726186 -4.45434352819217 pleio
8 142.767269 -4.36563571076398 pleio
9 142.808353 -4.26410087528012 pleio
10 142.849436 -4.12452055698796 pleio
11 142.876943 -3.98906089310651 pleio
12 142.880371 -3.85708037940051 pleio
13 142.883799 -3.72912624388515 pleio
14 142.904956 -3.60810282427546 pleio
15 142.989329 -3.28066295735012 pleio
16 143.073701 -2.98899485070455 pleio
17 143.155273 -2.91270695843218 pleio
18 143.159416 -2.84345116286257 pleio
19 143.163559 -2.77316580791124 pleio
20 143.167702 -2.69156172334676 pleio
21 143.171846 -2.6283001526334 pleio
22 143.175989 -2.58610247166676 pleio
23 143.180132 -2.56514351952409 pleio
24 143.240265 -2.53297987323309 pleio
25 143.324863 -2.26081532290222 pleio
26 143.409462 -2.4766699427446 pleio
27 143.484637 -2.44846336680277 pleio
28 143.487347 -2.41944778218811 pleio
29 143.490056 -2.3337702892441 pleio
30 143.492766 -2.25392066187887 pleio
31 143.495555 -2.17984242346183 pleio
32 143.498344 -2.11143833422647 pleio
33 143.501132 -2.0576662481672 pleio
34 143.521072 -2.01229072609509 pleio
35 143.53778 -1.96616025542548 pleio
36 143.554489 -1.72725763273756 pleio
37 143.570345 -1.43158555363789 pleio
38 143.571477 -1.18868657610346 pleio
39 143.572611 -1.00906945636121 pleio
40 143.574439 -0.898379245508564 pleio
41 143.699438 -0.872768844935761 pleio
42 143.824436 -0.331982031813153 pleio
43 143.915168 0 pleio
44 143.920616 -0.130981897601557 pleio
45 143.926063 -0.297098021243838 pleio
46 143.93182 -0.48402060302758 pleio
47 143.935901 -0.521974463799991 pleio
48 143.939982 -0.624502761073194 pleio
49 143.944917 -0.785422882869489 pleio
50 143.975668 -0.996558002613808 pleio
51 144.013221 -1.04930639937613 pleio
52 144.051716 -1.08285099994164 pleio
53 144.090211 -1.12277415249375 pleio
54 144.128706 -1.13631246477237 pleio
55 144.167202 -1.14976171724739 pleio
56 144.176428 -1.16331039642396 pleio
57 144.180816 -1.1771192275652 pleio
58 144.185205 -1.19067230844493 pleio
59 144.348163 -1.21489921722713 pleio
60 144.361337 -1.11079870266069 pleio
61 144.363468 -0.745190924635988 pleio
62 144.365599 -0.36236475886027 pleio
63 144.367577 -0.150951961319457 pleio
64 144.375504 -0.086299596331596 pleio
65 144.385418 -0.0994623904810543 pleio
66 144.395332 -0.190081944266147 pleio
67 144.407236 -0.285912106257827 pleio
68 144.411293 -0.358004796078416 pleio
69 144.415349 -0.434025640734465 pleio
70 144.419405 -0.513524521509074 pleio
71 144.423461 -0.596034216633893 pleio
72 144.427517 -0.556599288775374 pleio
73 144.431573 -0.490033039434105 pleio
74 144.437408 -0.440866900136753 pleio
75 144.440911 -0.484918000259568 pleio
76 144.442944 -0.534203773986527 pleio
77 144.444976 -0.58510997818341 pleio
78 144.447008 -0.645499795337905 pleio
79 144.44904 -0.719085836764862 pleio
80 144.454745 -0.744597590797164 pleio
81 144.498681 -0.78100205358985 pleio
82 144.558267 -0.805322489011389 pleio
83 144.587405 -0.745995857517366 pleio
84 144.587686 -0.689659782628595 pleio
85 144.587968 -0.640058476365752 pleio
86 144.617027 -0.592842788353431 pleio
87 144.705848 -0.739256458068276 pleio
88 144.716797 -0.965710482345425 pleio
89 144.727745 -1.00332592851893 pleio
90 144.897381 -1.07361186006829 pleio
91 144.903395 -1.15772376562337 pleio
92 144.909409 -1.25397110864243 pleio
93 144.916914 -1.3620204149137 pleio
94 144.947844 -1.45465356346384 pleio
95 144.978774 -1.55176033322707 pleio
96 145.106694 -1.4085950814468 pleio
97 145.224788 -0.978765515099372 pleio
98 145.342881 -0.826548464848393 pleio
99 145.729503 -0.775718280211151 pleio
100 145.916546 -0.815675487321006 pleio
101 146.10359 -0.704734592105478 pleio
102 146.240909 -0.569539398885702 pleio
103 146.283615 -0.662874290430486 pleio
104 146.304543 -0.664533411496014 pleio
105 146.314537 -0.679246457192102 pleio
106 146.319976 -0.706989903075762 pleio
107 146.322338 -0.74753580160328 pleio
108 146.3247 -0.800455007925311 pleio
109 146.327062 -0.865122315415184 pleio
110 146.329424 -0.940731416394292 pleio
111 146.331786 -1.02632550341188 pleio
112 146.334148 -1.12082261362878 pleio
113 146.33651 -1.20476448283844 pleio
114 146.643419 -1.24191491134901 pleio
115 146.654632 -1.19719817721451 pleio
116 146.665844 -1.15842808138084 pleio
117 146.677056 -1.07476199841076 pleio
118 146.688269 -0.842889603821073 pleio
119 146.69133 -0.696237027022738 pleio
120 146.694026 -0.640748803327828 pleio
121 146.696722 -0.698771802788182 pleio
122 146.699418 -0.874498198082534 pleio
123 146.702114 -1.14915939623478 pleio
124 146.70481 -1.2438712755646 pleio
125 146.707507 -1.28377301317937 pleio
126 146.710838 -1.32965639153806 pleio
127 146.716274 -1.38129518417902 pleio
128 146.72171 -1.43840071969266 pleio
129 146.727146 -1.50062953742392 pleio
130 146.734615 -1.57291051779823 pleio
131 146.80381 -1.59828779703791 pleio
132 146.862885 -1.50310490291683 pleio
133 146.863965 -1.45758769998687 pleio
134 146.865044 -1.54443920565835 pleio
135 146.87452 -1.76163312530243 pleio
136 146.889753 -2.00544019339624 pleio
137 146.904986 -2.1156979157527 pleio
138 147.064187 -2.18282196864082 pleio
139 147.069549 -2.07399817435595 pleio
140 147.074911 -2.04567522353444 pleio
141 147.080273 -2.09440644692763 pleio
142 147.089309 -2.17956195968937 pleio
143 147.114764 -2.29124079934714 pleio
144 147.137425 -2.31964567370722 pleio
145 147.157965 -2.34819809895685 pleio
146 147.178504 -2.48094134187678 pleio
147 147.221814 -1.62548530445602 pleio
148 147.253583 -1.26821345791705 pleio
149 147.272554 -1.16012330171685 pleio
150 147.275576 -1.07784600783307 pleio
151 147.278599 -1.02410971109495 pleio
152 147.281622 -0.985592269525827 pleio
153 147.284644 -0.975532167086807 pleio
154 147.286194 -0.995903224826087 pleio
155 147.286753 -1.04773564520809 pleio
156 147.287312 -1.13105647487361 pleio
157 147.287872 -1.2449253946618 pleio
158 147.290648 -1.38838488704031 pleio
159 147.299484 -1.5595744100098 pleio
160 147.327447 -1.77865506192254 pleio
161 147.35561 -1.80554216436166 pleio
162 147.383773 -1.61154168298399 pleio
163 147.397845 -1.6373440798458 pleio
164 147.402328 -1.66624272086035 pleio
165 147.406811 -1.69797572323709 pleio
166 147.411546 -1.73270199673071 pleio
167 147.442387 -1.77004612284211 pleio
168 147.535843 -1.78064137609851 pleio
169 147.551736 -1.75031732972906 pleio
170 147.555599 -1.76876140974807 pleio
171 147.559461 -1.90094338952184 pleio
172 147.563362 -2.08531510936444 pleio
173 147.583398 -2.25231699962616 pleio
174 147.602453 -2.40402945044602 pleio
175 147.621507 -2.56160987340187 pleio
176 147.682611 -2.60086171872016 pleio
177 147.68996 -2.64126936760023 pleio
178 147.695588 -2.74706805863106 pleio
179 147.701215 -2.86077430579365 pleio
180 147.706843 -2.91674943518115 pleio
181 147.719435 -2.97178239521276 pleio
182 147.737975 -2.99758130336869 pleio
183 147.751499 -3.01006384361519 pleio
184 147.760277 -3.02351395377254 pleio
185 147.769056 -3.0308499090648 pleio
186 147.777834 -3.0388369148954 pleio
187 147.786613 -3.32530086289042 pleio
188 147.795391 -3.53366496725973 pleio
189 147.816836 -3.48860821551579 pleio
190 147.850698 -3.53192768130645 pleio
191 147.88456 -3.59313033788125 pleio
192 147.914702 -3.24469108856048 pleio
193 147.91491 -3.17426911263776 pleio
194 147.915116 -3.09698554355314 pleio
195 147.915322 -3.01534502140827 pleio
196 147.915527 -2.93212807378686 pleio
197 147.915733 -2.85019238972615 pleio
198 147.916803 -2.77970014687269 pleio
199 147.923623 -2.83191258488153 pleio
200 147.930444 -2.88749972317556 pleio
201 147.937264 -2.944122290635 pleio
202 147.944084 -3.04392091745527 pleio
203 147.949324 -3.17989877179122 pleio
204 147.953121 -3.30305315392018 pleio
205 147.956917 -3.41170231180834 pleio
206 147.960714 -3.5273376636836 pleio
207 147.964511 -3.65038755927682 pleio
208 147.968307 -3.67804199017351 pleio
209 147.973733 -3.68502236240041 pleio
210 147.982072 -3.73679162994897 pleio
211 147.982175 -3.74976425563554 pleio
212 147.982278 -3.76119319631715 pleio
213 147.986316 -3.70739723690468 pleio
214 147.986987 -3.48463370601972 pleio
215 147.987657 -3.34418897402385 pleio
216 147.988327 -3.29919348444472 pleio
217 147.988998 -3.35236517559351 pleio
218 147.989668 -3.44341265666938 pleio
219 148.006053 -3.37931067469804 pleio
220 148.013144 -3.36478679934744 pleio
221 148.020236 -3.37569815171423 pleio
222 148.027327 -3.41401935165793 pleio
223 148.033269 -3.48092899753318 pleio
224 148.037078 -3.57667406690143 pleio
225 148.040918 -3.69713064808927 pleio
226 148.046494 -3.92084658874864 pleio
227 148.05207 -4.20566145802309 pleio
228 148.180347 -4.49718417639721 pleio
229 148.183086 -4.63240217624915 pleio
230 148.185825 -4.77818651898504 pleio
231 148.188563 -4.9276448015192 pleio
232 148.191302 -4.86653485610379 pleio
233 148.194041 -4.80936574136609 pleio
234 148.19678 -4.79814827271053 pleio
235 148.200032 -4.86213700959893 pleio
236 148.204884 -4.93007027241917 pleio
237 148.213021 -5.00193267418465 pleio
238 148.213171 -5.0969733549587 pleio
239 148.213321 -5.25246893483846 pleio
240 148.326473 -5.41671123278027 pleio
241 148.333368 -5.25781883951558 pleio
242 148.340263 -5.10981884153835 pleio
243 148.347157 -4.99996952066081 pleio
244 148.354052 -4.94760947363636 pleio
245 148.362946 -4.89966387408516 pleio
246 148.380016 -4.87678170691936 pleio
247 148.403283 -4.92357688889712 pleio
248 148.42655 -4.99984211469471 pleio
249 148.430037 -5.05268912401 pleio
250 148.4319 -5.10473424823654 pleio
251 148.433763 -5.15582549778152 pleio
252 148.435626 -4.95848867893393 pleio
253 148.437489 -4.93050067060336 pleio
254 148.439352 -5.1070805167389 pleio
255 148.441214 -5.28416160856237 pleio
256 148.443077 -5.45075099913149 pleio
257 148.44494 -5.60208758002403 pleio
258 148.446803 -5.73605342861063 pleio
259 148.453459 -5.84065652285877 pleio
260 148.477993 -5.91382461620144 pleio
261 148.493526 -5.98475490734015 pleio
262 148.493644 -6.05418041266124 pleio
263 148.493762 -6.12118077390475 pleio
264 148.502187 -6.03360369876998 pleio
265 148.624196 -5.95931119954434 pleio
266 148.648833 -5.93419826010388 pleio
267 148.673469 -5.97114318059784 pleio
268 148.812084 -6.67359405089563 pleio
269 148.815025 -6.68217958591925 pleio
270 143.324863 -0.236148896744583 profile1
271 143.409462 -0.296352204593142 profile1
272 143.484637 -0.147807769736145 profile1
273 143.487347 0.000229104674265226 profile1
274 143.490056 0.120244568694494 profile1
275 143.492766 0.234447519470788 profile1
276 143.495555 0.342745109032615 profile1
277 143.554489 0.701476296207686 profile1
278 143.570345 0.805884339543519 profile1
279 143.571477 0.86816055625939 profile1
280 143.572611 0.884090351063019 profile1
281 143.574439 0.854014973117255 profile1
282 143.824436 1.12798027231058 profile1
283 143.915168 1.1999409538579 profile1
284 143.920616 1.08790334106695 profile1
285 143.926063 0.943947087060696 profile1
286 143.93182 0.825527181685045 profile1
287 143.935901 0.948187744480949 profile1
288 143.939982 1.02685519868939 profile1
289 143.944917 1.06048075321607 profile1
290 143.975668 1.05018648384703 profile1
291 144.013221 0.978301934284537 profile1
292 144.051716 0.896534558576684 profile1
293 144.090211 0.859897015326216 profile1
294 144.128706 0.854649156686867 profile1
295 144.167202 0.849521380425322 profile1
296 144.176428 0.844357889321061 profile1
297 144.180816 0.839020379755702 profile1
298 144.185205 0.833564596721318 profile1
299 144.348163 0.98978707804049 profile1
300 144.361337 1.08652186643227 profile1
301 144.363468 1.30288847677356 profile1
302 144.365599 1.50315042165472 profile1
303 144.407236 1.83118166499585 profile1
304 144.411293 1.80526264253499 profile1
305 144.415349 1.77725386488064 profile1
306 144.419405 1.74725112683006 profile1
307 144.423461 1.71536078221037 profile1
308 144.427517 1.70186733828908 profile1
309 144.431573 1.69151572994188 profile1
310 144.437408 1.67617387374944 profile1
311 144.440911 1.63183172167161 profile1
312 144.442944 1.5844608460926 profile1
313 144.444976 1.54232609987078 profile1
314 144.447008 1.49997377838664 profile1
315 144.44904 1.45027718488204 profile1
316 144.454745 1.44581821991108 profile1
317 144.498681 1.43482907303575 profile1
318 144.558267 1.42397900924838 profile1
319 144.587405 1.44928901492003 profile1
320 144.587686 1.47178270438917 profile1
321 144.587968 1.48806267300018 profile1
322 144.617027 1.5043726007312 profile1
323 144.705848 1.40004149313031 profile1
324 146.87452 -0.573331656334198 profile1
325 146.889753 -0.62755944499909 profile1
326 146.904986 -0.585238248793819 profile1
327 147.064187 -0.579435601332204 profile1
328 147.069549 -0.562963909049718 profile1
329 147.074911 -0.587522092730237 profile1
330 147.080273 -0.664103374944461 profile1
331 147.089309 -0.792334959695856 profile1
332 147.114764 -0.964927659707432 profile1
333 147.137425 -1.00724078495338 profile1
334 147.157965 -1.03753033408953 profile1
335 147.178504 -1.12356002736789 profile1
336 147.221814 -0.771528203205733 profile1
337 147.253583 -0.887282607727103 profile1
338 142.490795 -3.49318513543332 profile1
339 142.517426 -3.42132906556802 profile1
340 142.560149 -3.3371450733534 profile1
341 142.602873 -3.25020464370229 profile1
342 142.64402 -3.16031031460457 profile1
343 142.685103 -2.80202793494509 profile1
344 142.726186 -2.63091550189106 profile1
345 142.767269 -2.53470725418929 profile1
346 142.808353 -2.43770608520834 profile1
347 142.849436 -2.33999550555173 profile1
348 142.876943 -2.24093806365955 profile1
349 142.880371 -2.14038144864117 profile1
350 142.883799 -2.03863318664097 profile1
351 142.904956 -1.93583689329881 profile1
352 142.989329 -1.80927652836116 profile1
353 143.073701 -1.6463092597599 profile1
354 143.155273 -1.56573705780478 profile1
355 143.159416 -1.50391853433131 profile1
356 143.163559 -1.37163471662535 profile1
357 143.167702 -1.17411913533936 profile1
358 143.171846 -0.996936482134718 profile1
359 143.175989 -0.845076312425333 profile1
360 143.180132 -0.720747363960987 profile1
361 143.240265 -0.598649564336874 profile1
362 143.498344 0.445124296270741 profile1
363 143.501132 0.531164027520301 profile1
364 143.521072 0.582705276261564 profile1
365 143.53778 0.604678651772001 profile1
366 143.699438 0.937488809630024 profile1
367 144.367577 1.66739198053201 profile1
368 144.375504 1.79004508385982 profile1
369 144.385418 1.85434943830627 profile1
370 144.395332 1.85927208601985 profile1
371 144.716797 1.31624546159737 profile1
372 144.727745 1.31050250771194 profile1
373 144.897381 1.25097651142202 profile1
374 144.903395 1.16832287546838 profile1
375 144.909409 1.07540656521618 profile1
376 144.916914 0.972599248646493 profile1
377 144.947844 0.8767180855254 profile1
378 144.978774 0.776316010788369 profile1
379 145.106694 0.674240478223644 profile1
380 145.224788 0.513413189025124 profile1
381 145.342881 0.675652586831499 profile1
382 145.729503 0.295853590293966 profile1
383 145.916546 0.250831503784386 profile1
384 146.10359 0.360987104661994 profile1
385 146.240909 0.477627046208708 profile1
386 146.283615 0.338117419441539 profile1
387 146.304543 0.321010243291099 profile1
388 146.314537 0.291430089659992 profile1
389 146.319976 0.249297486169628 profile1
390 146.322338 0.194740063485898 profile1
391 146.3247 0.128093492814575 profile1
392 146.327062 0.0498996289358113 profile1
393 146.329424 -0.0391062389890719 profile1
394 146.331786 -0.13802311597807 profile1
395 146.334148 -0.245809712332818 profile1
396 146.33651 -0.360011645974888 profile1
397 146.643419 -0.323599207232626 profile1
398 146.654632 -0.245505483076811 profile1
399 146.665844 -0.169493701748185 profile1
400 146.677056 -0.0374829458358248 profile1
401 146.688269 0.156525562449822 profile1
402 146.69133 0.191012254518595 profile1
403 146.694026 0.140348028105483 profile1
404 146.696722 -0.00520069877531836 profile1
405 146.699418 -0.237696925635949 profile1
406 146.702114 -0.530725084252253 profile1
407 146.70481 -0.59901167306372 profile1
408 146.707507 -0.604189765554737 profile1
409 146.710838 -0.61185270551665 profile1
410 146.716274 -0.622059020912761 profile1
411 146.72171 -0.634838137096373 profile1
412 146.727146 -0.650189979203335 profile1
413 146.734615 -0.671911299356313 profile1
414 146.80381 -0.692353594619599 profile1
415 146.862885 -0.614874247917239 profile1
416 146.863965 -0.529471623100029 profile1
417 146.865044 -0.517245229598365 profile1
418 147.272554 -0.883758911069181 profile1
419 147.275576 -0.876762734022978 profile1
420 147.278599 -0.885600589284701 profile1
421 147.281622 -0.895806287685473 profile1
422 147.284644 -0.926883192502231 profile1
423 147.286194 -0.978019725712661 profile1
424 147.914702 -2.72765961792583 profile1
425 147.91491 -2.6647180689271 profile1
426 147.915116 -2.59358983184763 profile1
427 147.915322 -2.51640543330226 profile1
428 147.915527 -2.43557477424625 profile1
429 147.915733 -2.35361031105688 profile1
430 147.916803 -2.27932440527993 profile1
431 147.923623 -2.30919631701036 profile1
432 147.930444 -2.33842659463564 profile1
433 147.937264 -2.3681690024887 profile1
434 147.944084 -2.41333140258773 profile1
435 147.949324 -2.4731399755934 profile1
436 147.953121 -2.45978196246692 profile1
437 147.956917 -2.39516273159573 profile1
438 147.960714 -2.33446127928799 profile1
439 147.964511 -2.28115849510724 profile1
440 147.968307 -2.19949437619713 profile1
441 147.973733 -2.14150824566838 profile1
442 147.982072 -2.17756302328304 profile1
443 147.982175 -2.18379051941376 profile1
444 147.982278 -2.18956418549589 profile1
445 147.986316 -2.17290021337241 profile1
446 147.986987 -2.1129967518823 profile1
447 147.987657 -2.10532358073403 profile1
448 147.988327 -2.15139673361464 profile1
449 147.988998 -2.2461766255296 profile1
450 147.989668 -2.34699799273275 profile1
451 148.006053 -2.34111358874256 profile1
452 148.013144 -2.36041162302378 profile1
453 148.020236 -2.39235232579831 profile1
454 148.027327 -2.43747325591636 profile1
455 148.033269 -2.49592536339525 profile1
456 148.037078 -2.56742607944053 profile1
457 148.040918 -2.63156055151832 profile1
458 148.046494 -2.91882575684786 profile1
459 148.05207 -3.21122703822931 profile1
460 148.180347 -3.43741926851694 profile1
461 148.183086 -3.52084892139591 profile1
462 148.185825 -3.60815773132582 profile1
463 148.188563 -3.69425891533011 profile1
464 148.191302 -3.59998097919607 profile1
465 148.194041 -3.5065408854944 profile1
466 148.19678 -3.47342208569893 profile1
467 148.200032 -3.54070181716115 profile1
468 148.204884 -3.60571607361908 profile1
469 148.213021 -3.6829040874606 profile1
470 148.213171 -3.85588100932143 profile1
471 148.213321 -4.03882669853478 profile1
472 148.326473 -4.2078379702222 profile1
473 148.333368 -4.19712226755637 profile1
474 148.340263 -4.14917612656418 profile1
475 148.347157 -4.09770340697229 profile1
476 148.354052 -4.04290495537912 profile1
477 148.362946 -3.98726203955011 profile1
478 148.380016 -3.93394856281279 profile1
479 148.403283 -3.9199534611229 profile1
480 148.42655 -3.92903660135235 profile1
481 148.430037 -3.94053612522644 profile1
482 148.4319 -3.95288923364202 profile1
483 148.433763 -3.96600323159923 profile1
484 148.435626 -3.9854422191055 profile1
485 148.437489 -4.14187751295933 profile1
486 148.439352 -4.20872460429679 profile1
487 148.441214 -4.20818819704253 profile1
488 148.443077 -4.20606867403687 profile1
489 148.44494 -4.20291267646412 profile1
490 148.446803 -4.19961022205908 profile1
491 148.453459 -4.20654929459212 profile1
492 148.477993 -4.21712811414418 profile1
493 148.493526 -4.22111738838029 profile1
494 148.493644 -4.22497793478346 profile1
495 148.493762 -4.22889540264255 profile1
496 148.502187 -4.22129161734465 profile1
497 148.624196 -4.28174890536201 profile1
498 148.648833 -4.02570930512483 profile1
499 148.673469 -3.97331143562661 profile1
500 148.812084 -4.10033510971428 profile1
501 148.815025 -4.10189673957133 profile1
502 147.286753 -1.04759715340957 profile1
503 147.287312 -1.13105647487361 profile1
504 147.287872 -1.22904166445298 profile1
505 147.290648 -1.33587837502063 profile1
506 147.299484 -1.45256607063385 profile1
507 147.786613 -2.35375785221237 profile1
508 147.795391 -2.65552214001708 profile1
509 147.816836 -2.7049122683382 profile1
510 147.850698 -2.71589500027018 profile1
511 147.88456 -2.73579428218199 profile1
512 147.327447 -1.76697347802906 profile1
513 147.35561 -1.74824054294538 profile1
514 147.383773 -1.61154168298399 profile1
515 147.397845 -1.59151526327372 profile1
516 147.402328 -1.57197607317087 profile1
517 147.406811 -1.55296247991121 profile1
518 147.411546 -1.5347442362313 profile1
519 147.442387 -1.51738083577346 profile1
520 147.535843 -1.5105282882202 profile1
521 147.551736 -1.43654702809295 profile1
522 147.555599 -1.38812677870196 profile1
523 147.559461 -1.4353530297149 profile1
524 147.563362 -1.52069777609821 profile1
525 147.583398 -1.62256808852982 profile1
526 147.602453 -1.69516734601401 profile1
527 147.621507 -1.77657079248962 profile1
528 147.682611 -1.79361629940936 profile1
529 147.68996 -1.8172524379584 profile1
530 147.695588 -1.89698872920096 profile1
531 147.701215 -1.98645836791989 profile1
532 147.706843 -2.1138877277154 profile1
533 147.719435 -2.26764374394594 profile1
534 147.737975 -2.28911057853345 profile1
535 147.751499 -2.29877353504197 profile1
536 147.760277 -2.30311401964038 profile1
537 147.769056 -2.30316445580136 profile1
538 147.777834 -2.3039234843995 profile1
539 142.490795 -0.593222263961009 profile2
540 142.517426 -0.582409797906138 profile2
541 142.560149 -0.572067036107817 profile2
542 142.602873 -0.56427520508603 profile2
543 142.64402 -0.558969077027416 profile2
544 142.685103 -0.602322705749031 profile2
545 142.726186 -0.625114865756671 profile2
546 142.767269 -0.628844582755471 profile2
547 142.808353 -0.621346656925385 profile2
548 142.849436 -0.578540896193227 profile2
549 142.876943 -0.541882152053817 profile2
550 142.880371 -0.51082293307493 profile2
551 142.883799 -0.48558274464347 profile2
552 142.904956 -0.468664324249229 profile2
553 142.989329 -0.221874937379463 profile2
554 143.073701 -0.0688342568684429 profile2
555 143.155273 -0.0720616638048549 profile2
556 143.159416 -0.0629550128224657 profile2
557 143.163559 -0.118169184772222 profile2
558 143.167702 -0.224429288695001 profile2
559 143.171846 -0.32983955106936 profile2
560 143.175989 -0.432492524519526 profile2
561 143.180132 -0.530676263024546 profile2
562 143.240265 -0.608915175813351 profile2
563 143.324863 -0.649709805484287 profile2
564 143.409462 -0.780596141047906 profile2
565 143.484637 -0.902704708183676 profile2
566 143.487347 -1.03009950882219 profile2
567 143.490056 -1.07235788162191 profile2
568 143.492766 -1.11496255327312 profile2
569 143.495555 -1.15770306464771 profile2
570 143.498344 -1.20037248290304 profile2
571 143.501132 -1.24173082213563 profile2
572 143.521072 -1.25368576639642 profile2
573 143.53778 -1.23248861720312 profile2
574 143.554489 -1.0709515178245 profile2
575 143.570345 -0.850459823790566 profile2
576 143.571477 -0.643049415945662 profile2
577 143.572611 -0.456797100370879 profile2
578 143.574439 -0.298973723152855 profile2
579 143.699438 -0.362048104344504 profile2
580 143.824436 0.0334971158404053 profile2
581 143.915168 0.321578557108386 profile2
582 143.920616 0.307432244997292 profile2
583 143.926063 0.290687096802493 profile2
584 143.93182 0.259212190903934 profile2
585 143.935901 0.141787600909483 profile2
586 143.939982 -0.00441247326005268 profile2
587 143.944917 -0.173421767830957 profile2
588 143.975668 -0.358785803894898 profile2
589 144.013221 -0.34411973191462 profile2
590 144.051716 -0.301593251684268 profile2
591 144.090211 -0.306178332831563 profile2
592 144.128706 -0.314878052938993 profile2
593 144.167202 -0.323526758467701 profile2
594 144.176428 -0.332190167834204 profile2
595 144.180816 -0.340918603016589 profile2
596 144.185205 -0.349243674970721 profile2
597 144.348163 -0.490208610354222 profile2
598 144.361337 -0.464623749280812 profile2
599 144.363468 -0.275587460449564 profile2
600 144.365599 -0.0557656550832406 profile2
601 144.367577 0.016462554641723 profile2
602 144.375504 -0.0267135303349533 profile2
603 144.385418 -0.0942153069872431 profile2
604 144.395332 -0.190081944266147 profile2
605 144.407236 -0.266136919650525 profile2
606 144.411293 -0.321071478997995 profile2
607 144.415349 -0.377508266675169 profile2
608 144.419405 -0.435049403535627 profile2
609 144.423461 -0.493295336223846 profile2
610 144.427517 -0.442442998409347 profile2
611 144.431573 -0.366755281808977 profile2
612 144.437408 -0.304641240726856 profile2
613 144.440911 -0.311037559332194 profile2
614 144.442944 -0.319194770943877 profile2
615 144.444976 -0.333123897210857 profile2
616 144.447008 -0.355991368203622 profile2
617 144.44904 -0.385016611614664 profile2
618 144.454745 -0.40797836637993 profile2
619 144.498681 -0.436329525785269 profile2
620 144.558267 -0.45291235097269 profile2
621 144.587405 -0.417586008350092 profile2
622 144.587686 -0.38138271200036 profile2
623 144.587968 -0.345805779902823 profile2
624 144.617027 -0.312789808704203 profile2
625 144.705848 -0.335860273289172 profile2
626 144.716797 -0.488527707424306 profile2
627 144.727745 -0.532147544973784 profile2
628 144.897381 -0.541620350968827 profile2
629 144.903395 -0.540191555294012 profile2
630 144.909409 -0.542315212271305 profile2
631 144.916914 -0.548042669438615 profile2
632 144.947844 -0.545195799649504 profile2
633 144.978774 -0.542922977136604 profile2
634 145.106694 -0.248623105046541 profile2
635 145.224788 0.332521874188015 profile2
636 145.342881 0.323512012644797 profile2
637 145.729503 0.727475383030215 profile2
638 145.916546 0.694831511320217 profile2
639 146.10359 0.68863016656039 profile2
640 146.240909 0.700931679771267 profile2
641 146.283615 0.761217212309304 profile2
642 146.304543 0.783484207010862 profile2
643 146.314537 0.804171772632292 profile2
644 146.319976 0.82331687635608 profile2
645 146.322338 0.840966247958502 profile2
646 146.3247 0.857174461357984 profile2
647 146.327062 0.872002250284126 profile2
648 146.329424 0.885515241297086 profile2
649 146.331786 0.897780952451434 profile2
650 146.334148 0.908868098749012 profile2
651 146.33651 1.00228817935955 profile2
652 146.643419 0.959035597031385 profile2
653 146.654632 0.931260789441953 profile2
654 146.665844 0.899567570350419 profile2
655 146.677056 0.858773426244068 profile2
656 146.688269 0.935048351261814 profile2
657 146.69133 1.09537906451961 profile2
658 146.694026 1.23314467451861 profile2
659 146.696722 1.32797327303734 profile2
660 146.699418 1.36378456223731 profile2
661 146.702114 1.33505011904582 profile2
662 146.70481 1.2945373291119 profile2
663 146.707507 1.25758680999871 profile2
664 146.710838 1.2165293417317 profile2
665 146.716274 1.171658461645 profile2
666 146.72171 1.12330935483036 profile2
667 146.727146 1.07185011111548 profile2
668 146.734615 1.01628155160051 profile2
669 146.80381 1.00714935975839 profile2
670 146.862885 1.0498188745148 profile2
671 146.863965 1.04484234267788 profile2
672 146.865044 0.966566729492754 profile2
673 146.87452 0.813764257740413 profile2
674 146.889753 0.629438574968731 profile2
675 146.904986 0.489828341900189 profile2
676 147.064187 0.40512530244981 profile2
677 147.069549 0.498707474051861 profile2
678 147.074911 0.555458532889836 profile2
679 147.080273 0.594880244342419 profile2
680 147.089309 0.63962071777436 profile2
681 147.114764 0.692186098123303 profile2
682 147.137425 0.703338630954558 profile2
683 147.157965 0.698843390873001 profile2
684 147.178504 0.636275078415687 profile2
685 147.221814 1.11555102013911 profile2
686 147.253583 1.52545034353693 profile2
687 147.272554 1.62921607419238 profile2
688 147.275576 1.70641823186381 profile2
689 147.278599 1.76643311577602 profile2
690 147.281622 1.81046443830085 profile2
691 147.284644 1.8422740390357 profile2
692 147.286194 1.85926078266507 profile2
693 147.286753 1.85927208601985 profile2
694 147.287312 1.84077120024514 profile2
695 147.287872 1.80292871313656 profile2
696 147.290648 1.74255712571618 profile2
697 147.299484 1.66249916420978 profile2
698 147.327447 1.66081506807976 profile2
699 147.35561 1.61438982901961 profile2
700 147.383773 1.65544425491773 profile2
701 147.397845 1.61078074896749 profile2
702 147.402328 1.56320261715561 profile2
703 147.406811 1.51298283512862 profile2
704 147.411546 1.46027707410577 profile2
705 147.442387 1.40553040350554 profile2
706 147.535843 1.38799051233823 profile2
707 147.551736 1.33704783568817 profile2
708 147.555599 1.25079290837139 profile2
709 147.559461 1.14635953914398 profile2
710 147.563362 1.02697686341559 profile2
711 147.583398 0.927611405263721 profile2
712 147.602453 0.827422362736345 profile2
713 147.621507 0.735292633724711 profile2
714 147.682611 0.711240965167359 profile2
715 147.68996 0.697386330609181 profile2
716 147.695588 0.677286605609747 profile2
717 147.701215 0.656897093418341 profile2
718 147.706843 0.733079720681518 profile2
719 147.719435 0.827557655047835 profile2
720 147.737975 0.823780041426181 profile2
721 147.751499 0.821660850592791 profile2
722 147.760277 0.814478962895364 profile2
723 147.769056 0.808471037157084 profile2
724 147.777834 0.802394503583719 profile2
725 147.786613 0.568275241660284 profile2
726 147.795391 0.638998960915892 profile2
727 147.816836 0.710550269638128 profile2
728 147.850698 0.655250658535181 profile2
729 147.88456 0.594713398876043 profile2
730 147.914702 0.962945350474516 profile2
731 147.91491 0.982524367671693 profile2
732 147.915116 1.00167765553877 profile2
733 147.915322 1.01970740292294 profile2
734 147.915527 1.03588896198504 profile2
735 147.915733 1.04952017643535 profile2
736 147.916803 1.05803003025693 profile2
737 147.923623 1.03339829783903 profile2
738 147.930444 1.00376403762003 profile2
739 147.937264 0.973476599702317 profile2
740 147.944084 0.911869173530451 profile2
741 147.949324 0.824368461576978 profile2
742 147.953121 0.676411536381827 profile2
743 147.956917 0.485427197513247 profile2
744 147.960714 0.281376225490248 profile2
745 147.964511 0.0684293064600012 profile2
746 147.968307 -0.0640567410967807 profile2
747 147.973733 -0.141123916166841 profile2
748 147.982072 -0.155693041477629 profile2
749 147.982175 -0.159164078799556 profile2
750 147.982278 -0.16207549877911 profile2
751 147.986316 -0.128250109065586 profile2
752 147.986987 0.00755480578778036 profile2
753 147.987657 0.104975649099494 profile2
754 147.988327 0.154296885205189 profile2
755 147.988998 0.15063873316226 profile2
756 147.989668 0.119472697933698 profile2
757 148.006053 0.155129009009355 profile2
758 148.013144 0.175546710645962 profile2
759 148.020236 0.182122272877765 profile2
760 148.027327 0.173612750791059 profile2
761 148.033269 0.149222471036172 profile2
762 148.037078 0.108681166421078 profile2
763 148.040918 0.0507282400645654 profile2
764 148.046494 0.100314277795002 profile2
765 148.05207 0.102357777962518 profile2
766 148.180347 0.0369425771989317 profile2
767 148.183086 -0.0238991956489785 profile2
768 148.185825 -0.0912453932530091 profile2
769 148.188563 -0.163436045927316 profile2
770 148.191302 -0.213906880160969 profile2
771 148.194041 -0.264362024514223 profile2
772 148.19678 -0.295275054828554 profile2
773 148.200032 -0.296994360568838 profile2
774 148.204884 -0.304445560550364 profile2
775 148.213021 -0.306688162153935 profile2
776 148.213171 -0.259026899344724 profile2
777 148.213321 -0.261220459239767 profile2
778 148.326473 -0.280788445722407 profile2
779 148.333368 -0.120380617730244 profile2
780 148.340263 -0.00670091336329044 profile2
781 148.347157 0.0654306079727631 profile2
782 148.354052 0.07635563103656 profile2
783 148.362946 0.0818838687959987 profile2
784 148.380016 0.0627701786385945 profile2
785 148.403283 0.00809853955641526 profile2
786 148.42655 -0.0466407357146892 profile2
787 148.430037 -0.0765839062090892 profile2
788 148.4319 -0.105847279914092 profile2
789 148.433763 -0.13440360994992 profile2
790 148.435626 0.130126659983638 profile2
791 148.437489 0.343368903950335 profile2
792 148.439352 0.24123755201147 profile2
793 148.441214 0.0668672871909695 profile2
794 148.443077 -0.102141954005085 profile2
795 148.44494 -0.259934622281602 profile2
796 148.446803 -0.402611923253786 profile2
797 148.453459 -0.502889486728428 profile2
798 148.477993 -0.561733886823393 profile2
799 148.493526 -0.624405251382856 profile2
800 148.493644 -0.686253424351158 profile2
801 148.493762 -0.746098005813227 profile2
802 148.502187 -0.655703114824765 profile2
803 148.624196 -0.512130444818956 profile2
804 148.648833 -0.680387270855575 profile2
805 148.673469 -0.817500493105224 profile2
806 148.812084 -1.28907701460315 profile2
807 148.815025 -1.29754041844514 profile2
