marker_position lod trace
1 142.490795 -6.18520124925232 pleio
2 142.517426 -6.11265101672721 pleio
3 142.560149 -6.04760510487018 pleio
4 142.602873 -5.98120150689598 pleio
5 142.64402 -5.91329057899749 pleio
6 142.685103 -5.83908219416264 pleio
7 142.726186 -5.75110829794681 pleio
8 142.767269 -5.67905277905435 pleio
9 142.808353 -5.60840539897521 pleio
10 142.849436 -5.54211869910131 pleio
11 142.876943 -5.47630649229705 pleio
12 142.880371 -5.41065894618074 pleio
13 142.883799 -5.34530454938031 pleio
14 142.904956 -5.27935118157041 pleio
15 142.989329 -5.24880165387863 pleio
16 143.073701 -5.18704349519794 pleio
17 143.155273 -5.08252067082706 pleio
18 143.159416 -4.93609046940693 pleio
19 143.163559 -4.75062735340108 pleio
20 143.167702 -4.52747259876281 pleio
21 143.171846 -4.31050991946586 pleio
22 143.175989 -4.10680917487171 pleio
23 143.180132 -3.92205047880574 pleio
24 143.240265 -3.73278517680481 pleio
25 143.324863 -3.57425516274538 pleio
26 143.409462 -3.20395382379658 pleio
27 143.484637 -3.06614652212133 pleio
28 143.487347 -2.97190996837641 pleio
29 143.490056 -2.93474589666004 pleio
30 143.492766 -2.9023411747211 pleio
31 143.495555 -2.87456488157847 pleio
32 143.498344 -2.85124830915347 pleio
33 143.501132 -2.83125443213006 pleio
34 143.521072 -2.82899756047468 pleio
35 143.53778 -2.8390042530284 pleio
36 143.554489 -2.83709474301541 pleio
37 143.570345 -2.86690428941179 pleio
38 143.571477 -2.94546346957143 pleio
39 143.572611 -3.07286614239579 pleio
40 143.574439 -3.24377743731648 pleio
41 143.699438 -3.38440398683487 pleio
42 143.824436 -2.78724830694566 pleio
43 143.915168 -2.3105644252621 pleio
44 143.920616 -2.44812114755866 pleio
45 143.926063 -2.59441899747244 pleio
46 143.93182 -2.69749106956213 pleio
47 143.935901 -2.57674357116057 pleio
48 143.939982 -2.49522924988849 pleio
49 143.944917 -2.45626535435063 pleio
50 143.975668 -2.46255684458575 pleio
51 144.013221 -2.54567898780671 pleio
52 144.051716 -2.6351162014036 pleio
53 144.090211 -2.65713393237165 pleio
54 144.128706 -2.65390798952323 pleio
55 144.167202 -2.64953300000964 pleio
56 144.176428 -2.6446331319707 pleio
57 144.180816 -2.63975868523676 pleio
58 144.185205 -2.63506574484162 pleio
59 144.348163 -2.25782968314248 pleio
60 144.361337 -2.12569539194603 pleio
61 144.363468 -1.86759548514803 pleio
62 144.365599 -1.67720506386383 pleio
63 144.367577 -1.51905720630884 pleio
64 144.375504 -1.32917247295314 pleio
65 144.385418 -1.18331390207699 pleio
66 144.395332 -1.0852134619248 pleio
67 144.407236 -1.08189844311221 pleio
68 144.411293 -1.11667208136547 pleio
69 144.415349 -1.15330691203773 pleio
70 144.419405 -1.19164807790284 pleio
71 144.423461 -1.2315412375797 pleio
72 144.427517 -1.28897466461706 pleio
73 144.431573 -1.36491091428274 pleio
74 144.437408 -1.44862338437112 pleio
75 144.440911 -1.47054541122005 pleio
76 144.442944 -1.49033793756151 pleio
77 144.444976 -1.48113362726708 pleio
78 144.447008 -1.45227649827822 pleio
79 144.44904 -1.42805792619527 pleio
80 144.454745 -1.39804375180167 pleio
81 144.498681 -1.3764253264275 pleio
82 144.558267 -1.36360658332941 pleio
83 144.587405 -1.35352774858018 pleio
84 144.587686 -1.35209423175553 pleio
85 144.587968 -1.35052693369852 pleio
86 144.617027 -1.33931496267502 pleio
87 144.705848 -1.48571156350008 pleio
88 144.716797 -1.68619789554569 pleio
89 144.727745 -1.55503410823227 pleio
90 144.897381 -1.53002479552895 pleio
91 144.903395 -1.53255566514903 pleio
92 144.909409 -1.54366911843084 pleio
93 144.916914 -1.56327537185895 pleio
94 144.947844 -1.59427545646666 pleio
95 144.978774 -1.62896139568557 pleio
96 145.106694 -1.43639967395653 pleio
97 145.224788 -1.70971001491478 pleio
98 145.342881 -1.53645396302599 pleio
99 145.729503 -2.39734917107421 pleio
100 145.916546 -2.63230261864732 pleio
101 146.10359 -2.5831330031866 pleio
102 146.240909 -2.51339030346408 pleio
103 146.283615 -2.40120868316091 pleio
104 146.304543 -2.37553266068155 pleio
105 146.314537 -2.35001775585137 pleio
106 146.319976 -2.32495127163771 pleio
107 146.322338 -2.30067135430832 pleio
108 146.3247 -2.27755764645716 pleio
109 146.327062 -2.25601740838042 pleio
110 146.329424 -2.23646807346306 pleio
111 146.331786 -2.21932334514678 pleio
112 146.334148 -2.20497498974358 pleio
113 146.33651 -2.1379581850363 pleio
114 146.643419 -1.93967475527384 pleio
115 146.654632 -1.81237409444887 pleio
116 146.665844 -1.68222644291765 pleio
117 146.677056 -1.53388042936196 pleio
118 146.688269 -1.26291463986979 pleio
119 146.69133 -0.930388599315252 pleio
120 146.694026 -0.661919025221777 pleio
121 146.696722 -0.490932846065319 pleio
122 146.699418 -0.438545235877923 pleio
123 146.702114 -0.504388449081103 pleio
124 146.70481 -0.544483672769002 pleio
125 146.707507 -0.563812498669253 pleio
126 146.710838 -0.58953373017663 pleio
127 146.716274 -0.621323801976894 pleio
128 146.72171 -0.658789175059126 pleio
129 146.727146 -0.701478071256271 pleio
130 146.734615 -0.767803571412213 pleio
131 146.80381 -0.815119008408189 pleio
132 146.862885 -0.60924762714313 pleio
133 146.863965 -0.320439785970102 pleio
134 146.865044 -0.140773437951282 pleio
135 146.87452 -0.0706746069355237 pleio
136 146.889753 -0.0561544525022912 pleio
137 146.904986 0 pleio
138 147.064187 -0.0915203015321241 pleio
139 147.069549 -0.315922301673295 pleio
140 147.074911 -0.471652794912154 pleio
141 147.080273 -0.476012524640752 pleio
142 147.089309 -0.540081795997388 pleio
143 147.114764 -0.671947291559333 pleio
144 147.137425 -0.704533740712436 pleio
145 147.157965 -0.688173401397067 pleio
146 147.178504 -0.71058298078859 pleio
147 147.221814 -0.815763047222074 pleio
148 147.253583 -0.975591355526675 pleio
149 147.272554 -1.12427946964072 pleio
150 147.275576 -1.29119827714511 pleio
151 147.278599 -1.50079029877152 pleio
152 147.281622 -1.835100150274 pleio
153 147.284644 -2.18127605253283 pleio
154 147.286194 -2.53279931794698 pleio
155 147.286753 -2.88327915499041 pleio
156 147.287312 -3.22689090172288 pleio
157 147.287872 -3.55871916130203 pleio
158 147.290648 -3.84347626869911 pleio
159 147.299484 -4.09078102386133 pleio
160 147.327447 -4.89712728060018 pleio
161 147.35561 -4.87075318562494 pleio
162 147.383773 -4.65482053362433 pleio
163 147.397845 -4.60879187526846 pleio
164 147.402328 -4.56307453882151 pleio
165 147.406811 -4.51775234184972 pleio
166 147.411546 -4.47280105908399 pleio
167 147.442387 -4.42868138590774 pleio
168 147.535843 -4.41605780166186 pleio
169 147.551736 -4.26472036515746 pleio
170 147.555599 -4.22317532613593 pleio
171 147.559461 -4.24996022980231 pleio
172 147.563362 -4.29694442373339 pleio
173 147.583398 -4.6635560519886 pleio
174 147.602453 -4.80744586813774 pleio
175 147.621507 -4.87266632883876 pleio
176 147.682611 -4.87447631550558 pleio
177 147.68996 -4.85990124785656 pleio
178 147.695588 -4.84196720790313 pleio
179 147.701215 -4.82560800191478 pleio
180 147.706843 -4.5938419172723 pleio
181 147.719435 -4.31604567315276 pleio
182 147.737975 -4.27986274059569 pleio
183 147.751499 -4.23333485096599 pleio
184 147.760277 -4.1789712542324 pleio
185 147.769056 -4.13557679193828 pleio
186 147.777834 -4.09594187627088 pleio
187 147.786613 -4.14394064856308 pleio
188 147.795391 -4.50458651399999 pleio
189 147.816836 -4.80072885763253 pleio
190 147.850698 -4.94367519347859 pleio
191 147.88456 -5.07992046914373 pleio
192 147.914702 -5.05948111206835 pleio
193 147.91491 -5.0312784763544 pleio
194 147.915116 -4.98939083993463 pleio
195 147.915322 -4.93565298944114 pleio
196 147.915527 -4.87234673752437 pleio
197 147.915733 -4.80204077920561 pleio
198 147.916803 -4.73538026291435 pleio
199 147.923623 -4.79624797355817 pleio
200 147.930444 -4.83695697251591 pleio
201 147.937264 -4.87593746749346 pleio
202 147.944084 -4.84899572751536 pleio
203 147.949324 -4.81320481815925 pleio
204 147.953121 -4.8674371680649 pleio
205 147.956917 -5.00561427287189 pleio
206 147.960714 -5.17029398036109 pleio
207 147.964511 -5.34408999190395 pleio
208 147.968307 -5.43129635965528 pleio
209 147.973733 -5.45783012759057 pleio
210 147.982072 -5.42385887035194 pleio
211 147.982175 -5.41101704804509 pleio
212 147.982278 -5.39623374664764 pleio
213 147.986316 -5.42474783228906 pleio
214 147.986987 -5.61140091808048 pleio
215 147.987657 -5.80939199259645 pleio
216 147.988327 -6.01049374421824 pleio
217 147.988998 -6.20611112748176 pleio
218 147.989668 -6.36380722019888 pleio
219 148.006053 -6.41081204329067 pleio
220 148.013144 -6.414167780533 pleio
221 148.020236 -6.41814412750835 pleio
222 148.027327 -6.42270344646646 pleio
223 148.033269 -6.42777984189261 pleio
224 148.037078 -6.43328495217856 pleio
225 148.040918 -6.47092730330162 pleio
226 148.046494 -6.67100140124927 pleio
227 148.05207 -6.88910164284512 pleio
228 148.180347 -7.06109841172793 pleio
229 148.183086 -7.08303262097235 pleio
230 148.185825 -7.10433127637694 pleio
231 148.188563 -7.12573556221096 pleio
232 148.191302 -7.15632177676907 pleio
233 148.194041 -7.17395740622644 pleio
234 148.19678 -7.213922924894 pleio
235 148.200032 -7.31232505312808 pleio
236 148.204884 -7.41346351126242 pleio
237 148.213021 -7.52288588333466 pleio
238 148.213171 -7.69649191647077 pleio
239 148.213321 -7.87920052292126 pleio
240 148.326473 -8.05727862949457 pleio
241 148.333368 -8.20282639305211 pleio
242 148.340263 -8.25393217217182 pleio
243 148.347157 -8.28107339199086 pleio
244 148.354052 -8.26481908969974 pleio
245 148.362946 -8.24539745819014 pleio
246 148.380016 -8.22339717272401 pleio
247 148.403283 -8.21356727578321 pleio
248 148.42655 -8.21953656093597 pleio
249 148.430037 -8.20576295748738 pleio
250 148.4319 -8.19240294842707 pleio
251 148.433763 -8.17950564297468 pleio
252 148.435626 -8.219498474927 pleio
253 148.437489 -8.25159355512318 pleio
254 148.439352 -8.27563512690284 pleio
255 148.441214 -8.29096493623024 pleio
256 148.443077 -8.29308236791471 pleio
257 148.44494 -8.2808894197829 pleio
258 148.446803 -8.25513651657412 pleio
259 148.453459 -8.24269401481472 pleio
260 148.477993 -8.24276215044995 pleio
261 148.493526 -8.21609054602926 pleio
262 148.493644 -8.18798982063227 pleio
263 148.493762 -8.1608801191246 pleio
264 148.502187 -7.8203205231378 pleio
265 148.624196 -7.79215221683581 pleio
266 148.648833 -7.46476188524243 pleio
267 148.673469 -6.5953930807552 pleio
268 148.812084 -6.48851487387164 pleio
269 148.815025 -6.48428211452409 pleio
270 142.490795 -2.89229616075635 profile1
271 142.517426 -2.80969635244412 profile1
272 142.560149 -2.74233956423209 profile1
273 142.602873 -2.67636442955453 profile1
274 142.64402 -2.61171219080999 profile1
275 142.685103 -2.53469353244194 profile1
276 142.726186 -2.47369640613602 profile1
277 142.767269 -2.41471266819606 profile1
278 142.808353 -2.36037723837703 profile1
279 142.849436 -2.3161223600681 profile1
280 142.876943 -2.27509366383235 profile1
281 142.880371 -2.23683795590387 profile1
282 142.883799 -2.20138596946057 profile1
283 142.904956 -2.16716395463139 profile1
284 142.989329 -2.16788962214505 profile1
285 143.073701 -2.12872005623405 profile1
286 143.155273 -2.06689362201112 profile1
287 143.159416 -1.97606333001189 profile1
288 143.163559 -1.88442416723276 profile1
289 143.167702 -1.77739007343542 profile1
290 143.171846 -1.67441681437987 profile1
291 143.175989 -1.58064692930886 profile1
292 143.180132 -1.5000216414132 profile1
293 143.240265 -1.42514250123036 profile1
294 143.324863 -1.46110894036986 profile1
295 143.409462 -1.22525891131319 profile1
296 143.484637 -1.06987171854637 profile1
297 143.487347 -0.958836151346829 profile1
298 143.490056 -0.950859375583635 profile1
299 143.492766 -0.947257284181592 profile1
300 143.495555 -0.947922263276714 profile1
301 143.498344 -0.952725803717463 profile1
302 143.501132 -0.963329333358523 profile1
303 143.521072 -0.973072177731008 profile1
304 143.53778 -0.971668132794546 profile1
305 143.554489 -0.984700558047925 profile1
306 143.570345 -1.03594595771249 profile1
307 143.571477 -1.12983870574818 profile1
308 143.572611 -1.26705010801575 profile1
309 143.574439 -1.44311427699859 profile1
310 143.699438 -1.71321336102796 profile1
311 143.824436 -1.30022843008443 profile1
312 143.915168 -1.09315340372857 profile1
313 143.920616 -1.20524219827882 profile1
314 143.926063 -1.31483502079728 profile1
315 143.93182 -1.3323018417927 profile1
316 143.935901 -1.3176339380851 profile1
317 143.939982 -1.35419001460069 profile1
318 143.944917 -1.44340565545972 profile1
319 143.975668 -1.58386878028022 profile1
320 144.013221 -1.65142506207934 profile1
321 144.051716 -1.69912064308994 profile1
322 144.090211 -1.70831942100848 profile1
323 144.128706 -1.7052311330554 profile1
324 144.167202 -1.70024520664454 profile1
325 144.176428 -1.69437717396905 profile1
326 144.180816 -1.68855213319843 profile1
327 144.185205 -1.68277190216341 profile1
328 144.348163 -1.45725806174042 profile1
329 144.361337 -1.35640444645284 profile1
330 144.363468 -1.12990889013036 profile1
331 144.365599 -0.993943494815474 profile1
332 144.367577 -0.936389813394897 profile1
333 144.375504 -0.881122457246954 profile1
334 144.385418 -0.865525710446579 profile1
335 144.395332 -0.890957574961496 profile1
336 144.407236 -0.940855655485687 profile1
337 144.411293 -0.990822101776488 profile1
338 144.415349 -1.04291439660586 profile1
339 144.419405 -1.09678086400444 profile1
340 144.423461 -1.15206933285678 profile1
341 144.427517 -1.23161970488785 profile1
342 144.431573 -1.33617438071863 profile1
343 144.437408 -1.44862338437112 profile1
344 144.440911 -1.46160432776155 profile1
345 144.442944 -1.47128746784152 profile1
346 144.444976 -1.45619148004811 profile1
347 144.447008 -1.42487439549565 profile1
348 144.44904 -1.39738085763865 profile1
349 144.454745 -1.38242151426028 profile1
350 144.587968 -1.34396614155994 profile1
351 144.617027 -1.33761691966481 profile1
352 144.705848 -1.26983383548053 profile1
353 144.716797 -1.31375898849178 profile1
354 144.727745 -1.23142447687902 profile1
355 144.897381 -1.24675628158948 profile1
356 144.903395 -1.28423940534082 profile1
357 144.498681 -1.36521630528751 profile1
358 144.558267 -1.35382544952836 profile1
359 144.587405 -1.35107803207926 profile1
360 144.587686 -1.34808188513878 profile1
361 146.716274 -0.0983145297947736 profile1
362 146.72171 -0.120750153785469 profile1
363 146.727146 -0.148714638240896 profile1
364 146.734615 -0.200996916599429 profile1
365 146.80381 -0.224797676093709 profile1
366 147.290648 -2.26894141476961 profile1
367 147.299484 -2.44385417168253 profile1
368 147.551736 -2.87132060401884 profile1
369 144.909409 -1.31913323494848 profile1
370 144.916914 -1.34875262144023 profile1
371 144.947844 -1.37732688579524 profile1
372 144.978774 -1.4082888619212 profile1
373 145.106694 -1.43639967395653 profile1
374 145.224788 -1.50362820397634 profile1
375 145.342881 -1.4546512520903 profile1
376 145.729503 -1.53818190024251 profile1
377 145.916546 -1.73188036574106 profile1
378 146.10359 -1.79637639451732 profile1
379 146.240909 -1.78721572330204 profile1
380 146.283615 -1.66831189800217 profile1
381 146.304543 -1.59649669178528 profile1
382 146.314537 -1.522139538342 profile1
383 146.319976 -1.446096648129 profile1
384 146.322338 -1.36934027984999 profile1
385 146.3247 -1.29292596071748 profile1
386 146.327062 -1.21794998658377 profile1
387 146.329424 -1.14550225505405 profile1
388 146.331786 -1.07662679850644 profile1
389 146.334148 -1.01227839071517 profile1
390 146.33651 -1.10810464393186 profile1
391 146.643419 -1.0613234197421 profile1
392 146.654632 -1.01851286222484 profile1
393 146.665844 -0.971719647372315 profile1
394 146.677056 -0.90044464031705 profile1
395 146.688269 -0.647177059502591 profile1
396 146.69133 -0.325742084404929 profile1
397 146.694026 -0.0808328571475732 profile1
398 146.696722 0.0551318062642355 profile1
399 146.699418 0.0682489613010769 profile1
400 146.702114 -0.0302153303630892 profile1
401 146.70481 -0.063736888139025 profile1
402 146.707507 -0.0689783801692271 profile1
403 146.710838 -0.0807611888717388 profile1
404 146.862885 -0.0285064170076359 profile1
405 146.863965 0.244514455749307 profile1
406 146.865044 0.444389825023772 profile1
407 146.87452 0.565025170227594 profile1
408 146.889753 0.617913669545292 profile1
409 146.904986 0.657635673340052 profile1
410 147.064187 0.652949140235753 profile1
411 147.069549 0.513662536956315 profile1
412 147.074911 0.320237112666494 profile1
413 147.080273 0.16774929176538 profile1
414 147.089309 -0.0286345989744724 profile1
415 147.114764 -0.257705455611866 profile1
416 147.137425 -0.3084148442122 profile1
417 147.157965 -0.287572114576166 profile1
418 147.178504 -0.244584082491966 profile1
419 147.221814 0.0521910114915404 profile1
420 147.253583 0.0803159884812666 profile1
421 147.272554 -0.00202887321507731 profile1
422 147.275576 -0.151293963012033 profile1
423 147.278599 -0.333355721277123 profile1
424 147.281622 -0.617941417894952 profile1
425 147.284644 -0.910341258402675 profile1
426 147.286194 -1.20490629101507 profile1
427 147.286753 -1.49620611460595 profile1
428 147.287312 -1.77941607666127 profile1
429 147.287872 -2.05060864451288 profile1
430 147.327447 -3.22547495545673 profile1
431 147.35561 -3.20958878226848 profile1
432 147.383773 -3.18366299366793 profile1
433 147.397845 -3.15907423962032 profile1
434 147.402328 -3.13498150911422 profile1
435 147.406811 -3.11147886135946 profile1
436 147.411546 -3.0885065395083 profile1
437 147.442387 -3.06629244429043 profile1
438 147.535843 -3.05822939688828 profile1
439 147.555599 -2.75277754092873 profile1
440 147.559461 -2.74152593065283 profile1
441 147.563362 -2.78029016777879 profile1
442 147.583398 -3.11787898300166 profile1
443 147.602453 -3.24595247245999 profile1
444 147.621507 -3.29640822570988 profile1
445 147.682611 -3.30069178393742 profile1
446 147.68996 -3.29879230165659 profile1
447 147.695588 -3.30332748269676 profile1
448 147.701215 -3.30514841804759 profile1
449 147.706843 -3.10917915503925 profile1
450 147.719435 -2.89412118288558 profile1
451 147.737975 -2.90373661597977 profile1
452 147.751499 -2.89652716836157 profile1
453 147.760277 -2.89523181473416 profile1
454 147.769056 -2.90870518720496 profile1
455 147.777834 -2.92463858283572 profile1
456 147.786613 -3.14381258144919 profile1
457 147.795391 -3.39871984083521 profile1
458 147.816836 -3.58679692085296 profile1
459 147.850698 -3.5845165341843 profile1
460 147.88456 -3.58044206625104 profile1
461 147.914702 -3.5426006884912 profile1
462 147.91491 -3.59754238322436 profile1
463 147.915116 -3.65139001883448 profile1
464 147.915322 -3.70400634573954 profile1
465 147.915527 -3.75531559608225 profile1
466 147.915733 -3.80530523121616 profile1
467 147.916803 -3.85481819278228 profile1
468 147.923623 -3.91703312981358 profile1
469 147.930444 -3.965114470611 profile1
470 147.937264 -4.01200534794441 profile1
471 147.944084 -4.074977769279 profile1
472 147.989668 -6.23512263808992 profile1
473 148.006053 -6.21354264266124 profile1
474 148.013144 -6.17889425580482 profile1
475 148.040918 -6.00732248401802 profile1
476 148.046494 -6.12870562107953 profile1
477 148.05207 -6.23731888539084 profile1
478 148.180347 -6.30108516721353 profile1
479 148.183086 -6.28273216386135 profile1
480 148.185825 -6.26396646373315 profile1
481 148.188563 -6.24701633662375 profile1
482 148.191302 -6.3045889231515 profile1
483 148.194041 -6.36463813119767 profile1
484 148.19678 -6.41506309982142 profile1
485 148.200032 -6.44716335985552 profile1
486 148.204884 -6.48015709585475 profile1
487 148.213021 -6.51304142094894 profile1
488 148.213171 -6.54030701771333 profile1
489 148.213321 -6.55740503471716 profile1
490 148.326473 -6.56571377764475 profile1
491 148.333368 -6.60784657950803 profile1
492 148.340263 -6.62340656559877 profile1
493 148.347157 -6.63219374670806 profile1
494 148.354052 -6.63266786655107 profile1
495 148.362946 -6.63035787262375 profile1
496 148.380016 -6.62876235750271 profile1
497 148.403283 -6.634158777973 profile1
498 148.42655 -6.63345617556237 profile1
499 148.430037 -6.63497716266909 profile1
500 148.4319 -6.63617656396199 profile1
501 148.433763 -6.63702390932949 profile1
502 148.435626 -6.47420156806658 profile1
503 148.437489 -6.27693221010475 profile1
504 148.439352 -6.23090593565223 profile1
505 148.441214 -6.24069087608868 profile1
506 148.443077 -6.25090482510304 profile1
507 148.44494 -6.26066489032663 profile1
508 148.648833 -5.69110055537188 profile1
509 148.673469 -4.81149361692556 profile1
510 148.812084 -4.96926871775382 profile1
511 148.815025 -4.9812035793182 profile1
512 148.446803 -6.26880828364678 profile1
513 148.453459 -6.27620139300524 profile1
514 148.477993 -6.27605740859092 profile1
515 148.493526 -6.25291053530139 profile1
516 148.493644 -6.22888672305665 profile1
517 148.493762 -6.2060987936418 profile1
518 148.502187 -6.07389207845375 profile1
519 148.624196 -6.06630518926999 profile1
520 147.949324 -4.14216320349468 profile1
521 147.953121 -4.2878443688981 profile1
522 147.956917 -4.5361203329732 profile1
523 147.960714 -4.81057203875782 profile1
524 147.964511 -5.08546253484052 profile1
525 147.968307 -5.28031630909348 profile1
526 147.973733 -5.39338825517688 profile1
527 147.982072 -5.38108975673917 profile1
528 147.982175 -5.3839916532381 profile1
529 147.982278 -5.38377242674746 profile1
530 147.986316 -5.42474783228906 profile1
531 147.986987 -5.61140091808048 profile1
532 147.987657 -5.7965066128086 profile1
533 147.988327 -5.97601575106645 profile1
534 147.988998 -6.13979448658834 profile1
535 148.020236 -6.13549697010899 profile1
536 148.027327 -6.08760141790351 profile1
537 148.033269 -6.03699195350859 profile1
538 148.037078 -5.98460372394269 profile1
539 142.490795 -4.47738078731878 profile2
540 142.517426 -4.47249964274764 profile2
541 142.560149 -4.46247207897584 profile2
542 142.602873 -4.45043453882448 profile2
543 142.64402 -4.4362441439805 profile2
544 142.685103 -4.41296890863444 profile2
545 142.726186 -4.37546337880584 profile2
546 142.767269 -4.35411289136335 profile2
547 142.808353 -4.32987732290523 profile2
548 142.849436 -4.29989527907625 profile2
549 142.876943 -4.26888123657508 profile2
550 142.880371 -4.2368714081676 profile2
551 142.883799 -4.20399372702889 profile2
552 142.904956 -4.17077562375935 profile2
553 142.989329 -4.13113569801398 profile2
554 143.073701 -4.10643150166444 profile2
555 143.155273 -4.07054086312031 profile2
556 143.159416 -4.03145802917932 profile2
557 143.163559 -3.94616786423965 profile2
558 143.167702 -3.82326495316192 profile2
559 143.171846 -3.70195105731515 profile2
560 143.175989 -3.58537220536547 profile2
561 143.180132 -3.47650822959141 profile2
562 143.240265 -3.34738136379789 profile2
563 143.324863 -3.09062713070485 profile2
564 143.409462 -2.93393926271305 profile2
565 143.484637 -2.9374903227659 profile2
566 143.487347 -2.94852673108407 profile2
567 143.490056 -2.91610377348816 profile2
568 143.492766 -2.88562546084525 profile2
569 143.495555 -2.8535019968312 profile2
570 143.498344 -2.82069977743461 profile2
571 143.501132 -2.78763586202141 profile2
572 143.521072 -2.76829267452335 profile2
573 143.53778 -2.77156281743838 profile2
574 143.554489 -2.68714070399212 profile2
575 143.570345 -2.56330074630586 profile2
576 143.571477 -2.45054331138383 profile2
577 143.572611 -2.36072227158816 profile2
578 143.574439 -2.2975523582985 profile2
579 143.699438 -2.14394230448259 profile2
580 143.824436 -1.83835130366258 profile2
581 143.915168 -1.49749321881609 profile2
582 143.920616 -1.49988799269485 profile2
583 143.926063 -1.51675561919693 profile2
584 143.93182 -1.52740278355045 profile2
585 143.935901 -1.33797074514643 profile2
586 143.939982 -1.16003674015438 profile2
587 143.944917 -0.998702198712062 profile2
588 143.975668 -0.859434205508749 profile2
589 144.013221 -0.870608270632371 profile2
590 144.051716 -0.908990609304685 profile2
591 144.090211 -0.921293933526321 profile2
592 144.128706 -0.922392576174925 profile2
593 144.167202 -0.923953842476778 profile2
594 144.176428 -0.925743462188711 profile2
595 144.180816 -0.927528436838293 profile2
596 144.185205 -0.929294487728547 profile2
597 144.348163 -0.779216941514674 profile2
598 144.361337 -0.707306518147627 profile2
599 144.363468 -0.46869244800532 profile2
600 144.365599 -0.232511821869128 profile2
601 144.367577 -0.040284360269278 profile2
602 144.375504 0.155732843887441 profile2
603 144.385418 0.327336575400546 profile2
604 144.395332 0.469942934577723 profile2
605 144.407236 0.513468672824267 profile2
606 144.411293 0.510572017175051 profile2
607 144.415349 0.507329029253271 profile2
608 144.419405 0.503676930944383 profile2
609 144.423461 0.499548858719881 profile2
610 144.427517 0.52037140846843 profile2
611 144.431573 0.545881644201852 profile2
612 144.437408 0.564564609096371 profile2
613 144.440911 0.550498521784479 profile2
614 144.442944 0.535653612521002 profile2
615 144.444976 0.531275156106975 profile2
616 144.447008 0.532110123560164 profile2
617 144.44904 0.527856787124313 profile2
618 144.454745 0.538107676217543 profile2
619 144.498681 0.543652689859088 profile2
620 144.558267 0.546103965798322 profile2
621 144.587405 0.553970506971392 profile2
622 144.587686 0.554137368857046 profile2
623 144.587968 0.554707846940072 profile2
624 144.617027 0.56358609449691 profile2
625 144.705848 0.412292915618871 profile2
626 144.716797 0.246602860054433 profile2
627 144.727745 0.288463187275654 profile2
628 144.897381 0.315552778421623 profile2
629 144.903395 0.336098069168711 profile2
630 144.909409 0.350676803747626 profile2
631 144.916914 0.359211866224621 profile2
632 144.947844 0.353732262369085 profile2
633 144.978774 0.344754982083512 profile2
634 145.106694 0.657635673340052 profile2
635 145.224788 0.436191073973313 profile2
636 145.342881 0.573712090798108 profile2
637 145.729503 -0.420954396686178 profile2
638 145.916546 -0.601483380251757 profile2
639 146.10359 -0.528279601064018 profile2
640 146.240909 -0.481049478113848 profile2
641 146.283615 -0.48049665762884 profile2
642 146.304543 -0.50549423652748 profile2
643 146.314537 -0.534624056083326 profile2
644 146.319976 -0.567681621237977 profile2
645 146.322338 -0.604392178622572 profile2
646 146.3247 -0.644414896142703 profile2
647 146.327062 -0.687352192207669 profile2
648 146.329424 -0.732762208448949 profile2
649 146.331786 -0.780171924380842 profile2
650 146.334148 -0.829094090989102 profile2
651 146.33651 -0.55846815884709 profile2
652 146.643419 -0.389607750358049 profile2
653 146.654632 -0.300976157723908 profile2
654 146.665844 -0.210815276706404 profile2
655 146.677056 -0.125540252909518 profile2
656 146.688269 -0.0541934701834066 profile2
657 146.69133 0.0334100585286681 profile2
658 146.694026 0.0940446894630052 profile2
659 146.696722 0.112773675102825 profile2
660 146.699418 0.0783699099113774 profile2
661 146.702114 -0.00869216830493309 profile2
662 146.70481 -0.0476908176733773 profile2
663 146.707507 -0.0674331873587565 profile2
664 146.710838 -0.0884561680480919 profile2
665 146.716274 -0.110735255449507 profile2
666 146.72171 -0.134232025914818 profile2
667 146.727146 -0.158894936865518 profile2
668 146.734615 -0.181920639083542 profile2
669 146.80381 -0.212009123148618 profile2
670 146.862885 -0.129819735815538 profile2
671 146.863965 -0.00522238422656122 profile2
672 146.865044 0.0464902868805536 profile2
673 146.87452 0.0275977424955939 profile2
674 146.889753 -0.00977029937561887 profile2
675 146.904986 0.0017238235265178 profile2
676 147.064187 -0.0915203015321241 profile2
677 147.069549 -0.211010909661622 profile2
678 147.074911 -0.188327163908556 profile2
679 147.080273 -0.0248559736714117 profile2
680 147.089309 0.0937883140821696 profile2
681 147.114764 0.155126761175201 profile2
682 147.137425 0.162030887741207 profile2
683 147.157965 0.161151055487069 profile2
684 147.178504 0.100850389987798 profile2
685 147.221814 -0.427179114399044 profile2
686 147.253583 -0.828715282036056 profile2
687 147.272554 -0.916549085811922 profile2
688 147.275576 -0.950849219321072 profile2
689 147.278599 -1.00240749567937 profile2
690 147.281622 -1.0605674029982 profile2
691 147.284644 -1.13410534908288 profile2
692 147.286194 -1.22115302358365 profile2
693 147.286753 -1.31942866864443 profile2
694 147.287312 -1.42643375698571 profile2
695 147.287872 -1.53748177780874 profile2
696 147.290648 -1.64973951647907 profile2
697 147.299484 -1.76625536245727 profile2
698 147.327447 -1.95037702445728 profile2
699 147.35561 -1.93480082503293 profile2
700 147.383773 -1.71833792970832 profile2
701 147.397845 -1.69817439847736 profile2
702 147.402328 -1.67902924475696 profile2
703 147.406811 -1.66089145673244 profile2
704 147.411546 -1.64386514159535 profile2
705 147.442387 -1.62812351541134 profile2
706 147.535843 -1.62452679427123 profile2
707 147.551736 -1.68627918802545 profile2
708 147.555599 -1.80283670335248 profile2
709 147.559461 -1.89845027959022 profile2
710 147.563362 -1.97309158907232 profile2
711 147.583398 -2.10819494064066 profile2
712 147.602453 -2.1860671082836 profile2
713 147.621507 -2.24967832783432 profile2
714 147.682611 -2.2565050941677 profile2
715 147.68996 -2.24442208980771 profile2
716 147.695588 -2.22064838233238 profile2
717 147.701215 -2.20095463975735 profile2
718 147.706843 -2.18115079481682 profile2
719 147.719435 -2.19703245554639 profile2
720 147.737975 -2.1557732933638 profile2
721 147.751499 -2.11227632915975 profile2
722 147.760277 -2.04920533773849 profile2
723 147.769056 -1.98362326885776 profile2
724 147.777834 -1.91986706948583 profile2
725 147.786613 -1.7717972346044 profile2
726 147.795391 -1.88762642983042 profile2
727 147.816836 -2.03236834303789 profile2
728 147.850698 -2.22053868294638 profile2
729 147.88456 -2.39322602769206 profile2
730 147.914702 -2.41479801851218 profile2
731 147.91491 -2.35601908037904 profile2
732 147.915116 -2.28411886505074 profile2
733 147.915322 -2.20191735432147 profile2
734 147.915527 -2.11240860192696 profile2
735 147.915733 -2.01817454278286 profile2
736 147.916803 -1.92804244185311 profile2
737 147.923623 -1.9385255998945 profile2
738 147.930444 -1.94049916370019 profile2
739 147.937264 -1.94193628011718 profile2
740 147.944084 -1.87934213368892 profile2
741 147.949324 -1.8084077273467 profile2
742 147.953121 -1.70716551687331 profile2
743 147.956917 -1.59736762755495 profile2
744 147.960714 -1.51355053342092 profile2
745 147.964511 -1.45926143865793 profile2
746 147.968307 -1.38842891143745 profile2
747 147.973733 -1.33223061779882 profile2
748 147.982072 -1.32705174492912 profile2
749 147.982175 -1.32098924888048 profile2
750 147.982278 -1.31464806471118 profile2
751 147.986316 -1.31179655125625 profile2
752 147.986987 -1.3399451371148 profile2
753 147.987657 -1.39887555457945 profile2
754 147.988327 -1.48675228908461 profile2
755 147.988998 -1.59842053971162 profile2
756 147.989668 -1.71907212564581 profile2
757 148.006053 -1.81572107193241 profile2
758 148.013144 -1.88008874306531 profile2
759 148.020236 -1.95296915811116 profile2
760 148.027327 -2.03347220842382 profile2
761 148.033269 -2.12045130116813 profile2
762 148.037078 -2.21255310686609 profile2
763 148.040918 -2.2480680780174 profile2
764 148.046494 -2.28307304795444 profile2
765 148.05207 -2.38416104481868 profile2
766 148.180347 -2.51580716470212 profile2
767 148.183086 -2.57089458701507 profile2
768 148.185825 -2.62649441898953 profile2
769 148.188563 -2.68168391312377 profile2
770 148.191302 -2.70587454820633 profile2
771 148.194041 -2.7126699100915 profile2
772 148.19678 -2.72941120855883 profile2
773 148.200032 -2.78948291912181 profile2
774 148.204884 -2.85132056948912 profile2
775 148.213021 -2.91795296560446 profile2
776 148.213171 -3.03021381139755 profile2
777 148.213321 -3.16333102031231 profile2
778 148.326473 -3.30282360297859 profile2
779 148.333368 -3.36320371073798 profile2
780 148.340263 -3.38857632352441 profile2
781 148.347157 -3.39311815719153 profile2
782 148.354052 -3.35661622931303 profile2
783 148.362946 -3.32070752883283 profile2
784 148.380016 -3.28427400486622 profile2
785 148.403283 -3.26387452697585 profile2
786 148.42655 -3.26680493276121 profile2
787 148.430037 -3.2563336628165 profile2
788 148.4319 -3.2460383875514 profile2
789 148.433763 -3.23601813897655 profile2
790 148.435626 -3.4315336228606 profile2
791 148.437489 -3.64617423931076 profile2
792 148.439352 -3.71669209615608 profile2
793 148.441214 -3.73359776264248 profile2
794 148.443077 -3.73835008450389 profile2
795 148.44494 -3.72871603101297 profile2
796 148.446803 -3.7041442866125 profile2
797 148.453459 -3.68183114489037 profile2
798 148.477993 -3.6703791632111 profile2
799 148.493526 -3.65358531490407 profile2
800 148.493644 -3.63615326654889 profile2
801 148.493762 -3.61852764037592 profile2
802 148.502187 -3.31187701476513 profile2
803 148.624196 -3.27522062701131 profile2
804 148.648833 -3.37334270332329 profile2
805 148.673469 -3.38517000578094 profile2
806 148.812084 -3.2020118864942 profile2
807 148.815025 -3.191485787431 profile2
