marker_position lod trace
1 142.490795 -37.2561168870865 pleio
2 142.517426 -37.1317400964654 pleio
3 142.560149 -37.0174599100644 pleio
4 142.602873 -36.9084077918027 pleio
5 142.64402 -36.8037282755219 pleio
6 142.685103 -36.9284862061797 pleio
7 142.726186 -36.948239838712 pleio
8 142.767269 -36.8636971137964 pleio
9 142.808353 -36.766096975957 pleio
10 142.849436 -36.626961975792 pleio
11 142.876943 -36.5089744891224 pleio
12 142.880371 -36.4129603694919 pleio
13 142.883799 -36.3394015425898 pleio
14 142.904956 -36.2889859421638 pleio
15 142.989329 -36.2926405775231 pleio
16 143.073701 -36.3325029561492 pleio
17 143.155273 -36.298438896651 pleio
18 143.159416 -36.2930991989005 pleio
19 143.163559 -36.2020503717089 pleio
20 143.167702 -36.0858608343425 pleio
21 143.171846 -35.9886344547776 pleio
22 143.175989 -35.9116379005112 pleio
23 143.180132 -35.8559718078696 pleio
24 143.240265 -35.6948020013811 pleio
25 143.324863 -35.0753919428555 pleio
26 143.409462 -34.9217101436756 pleio
27 143.484637 -34.978089488821 pleio
28 143.487347 -35.1047915104308 pleio
29 143.490056 -35.0886932147088 pleio
30 143.492766 -35.0870538410457 pleio
31 143.495555 -35.0999740358401 pleio
32 143.498344 -35.1274510420908 pleio
33 143.501132 -35.1557721538909 pleio
34 143.521072 -35.1105016241716 pleio
35 143.53778 -34.9992953519366 pleio
36 143.554489 -34.5978617767277 pleio
37 143.570345 -34.1281836175076 pleio
38 143.571477 -33.7523176531971 pleio
39 143.572611 -33.4824620586797 pleio
40 143.574439 -33.325827815619 pleio
41 143.699438 -33.2541250671751 pleio
42 143.824436 -32.6584969107791 pleio
43 143.915168 -32.0922540086519 pleio
44 143.920616 -32.0831061526991 pleio
45 143.926063 -32.0732123713994 pleio
46 143.93182 -31.6557675800899 pleio
47 143.935901 -30.981446427991 pleio
48 143.939982 -30.4302666901471 pleio
49 143.944917 -30.016073121128 pleio
50 143.975668 -29.7468982111245 pleio
51 144.013221 -29.7265848466893 pleio
52 144.051716 -29.7451036079099 pleio
53 144.090211 -29.7620538443685 pleio
54 144.128706 -29.7687900425095 pleio
55 144.167202 -29.7749518607229 pleio
56 144.176428 -29.781025987944 pleio
57 144.180816 -29.7873901235259 pleio
58 144.185205 -29.7939751432818 pleio
59 144.348163 -29.6532270315677 pleio
60 144.361337 -29.1489778832095 pleio
61 144.363468 -28.3078645510321 pleio
62 144.365599 -27.4211186778425 pleio
63 144.367577 -26.6673245090225 pleio
64 144.375504 -26.0571665388399 pleio
65 144.385418 -25.6225657572441 pleio
66 144.395332 -25.3693647570119 pleio
67 144.407236 -25.18962054986 pleio
68 144.411293 -25.0125374341172 pleio
69 144.415349 -24.8753806009909 pleio
70 144.419405 -24.7777861518961 pleio
71 144.423461 -24.7189022660751 pleio
72 144.427517 -24.5727314068957 pleio
73 144.431573 -24.4620287971707 pleio
74 144.437408 -24.4241944178045 pleio
75 144.440911 -24.4012618146292 pleio
76 144.442944 -24.3878563142853 pleio
77 144.444976 -24.3568258968949 pleio
78 144.447008 -24.3290032689662 pleio
79 144.44904 -24.3313440587329 pleio
80 144.454745 -24.3453250170799 pleio
81 144.498681 -24.3820265983544 pleio
82 144.558267 -24.4199762637327 pleio
83 144.587405 -24.3776200262782 pleio
84 144.587686 -24.3357928478308 pleio
85 144.587968 -24.3011040630413 pleio
86 144.617027 -24.2708149207741 pleio
87 144.705848 -22.641178642206 pleio
88 144.716797 -19.9800533359162 pleio
89 144.727745 -18.9725204780251 pleio
90 144.897381 -18.7873076547979 pleio
91 144.903395 -18.7018726656877 pleio
92 144.909409 -18.638382176046 pleio
93 144.916914 -18.597455836914 pleio
94 144.947844 -18.5847172495089 pleio
95 144.978774 -18.5813853091563 pleio
96 145.106694 -17.4532658318151 pleio
97 145.224788 -17.6582342963114 pleio
98 145.342881 -17.5601980942592 pleio
99 145.729503 -15.3074451387609 pleio
100 145.916546 -15.2417260315306 pleio
101 146.10359 -15.0037507503535 pleio
102 146.240909 -14.7377501228423 pleio
103 146.283615 -14.441528600627 pleio
104 146.304543 -14.2842735937901 pleio
105 146.314537 -14.1423903267795 pleio
106 146.319976 -14.0171134209804 pleio
107 146.322338 -13.9095870834522 pleio
108 146.3247 -13.8208225338168 pleio
109 146.327062 -13.7516605255524 pleio
110 146.329424 -13.7027408680793 pleio
111 146.331786 -13.6744758229059 pleio
112 146.334148 -13.6670401989442 pleio
113 146.33651 -10.2901299763451 pleio
114 146.643419 -9.03143921203389 pleio
115 146.654632 -8.80977409887093 pleio
116 146.665844 -8.61999816614995 pleio
117 146.677056 -8.43701914121813 pleio
118 146.688269 -7.34707612077097 pleio
119 146.69133 -5.55172533010272 pleio
120 146.694026 -3.75838305419106 pleio
121 146.696722 -2.14640955641626 pleio
122 146.699418 -0.899080251554686 pleio
123 146.702114 -0.143041696285705 pleio
124 146.70481 -0.0158157386478301 pleio
125 146.707507 0 pleio
126 146.710838 -0.0150545176867784 pleio
127 146.716274 -0.0608668821183895 pleio
128 146.72171 -0.136972031719001 pleio
129 146.727146 -0.242569665909829 pleio
130 146.734615 -0.328011733185975 pleio
131 146.80381 -0.350767458417057 pleio
132 146.862885 -0.439827393618453 pleio
133 146.863965 -1.38758919495831 pleio
134 146.865044 -3.32246787391434 pleio
135 146.87452 -6.05285144854282 pleio
136 146.889753 -8.41626964699476 pleio
137 146.904986 -8.67549181676637 pleio
138 147.064187 -9.16749361984614 pleio
139 147.069549 -9.43524404945841 pleio
140 147.074911 -9.66861996930897 pleio
141 147.080273 -9.80299142295681 pleio
142 147.089309 -9.91416666018927 pleio
143 147.114764 -9.89640133268315 pleio
144 147.137425 -9.89281169763703 pleio
145 147.157965 -9.92842224493251 pleio
146 147.178504 -10.2003033266167 pleio
147 147.221814 -11.2095925399037 pleio
148 147.253583 -12.4312484592441 pleio
149 147.272554 -12.3052589573631 pleio
150 147.275576 -12.1202487198197 pleio
151 147.278599 -12.0126097284706 pleio
152 147.281622 -11.9099280454251 pleio
153 147.284644 -11.8606354565681 pleio
154 147.286194 -11.866990985645 pleio
155 147.286753 -11.9306608237466 pleio
156 147.287312 -12.0526859081948 pleio
157 147.287872 -12.2334622673019 pleio
158 147.290648 -12.4958343951593 pleio
159 147.299484 -12.8495644969845 pleio
160 147.327447 -15.3485667505641 pleio
161 147.35561 -15.5030774397666 pleio
162 147.383773 -15.9121935862335 pleio
163 147.397845 -15.9930841348163 pleio
164 147.402328 -16.0801157244871 pleio
165 147.406811 -16.1732598438162 pleio
166 147.411546 -16.2708687039743 pleio
167 147.442387 -16.3730827169845 pleio
168 147.535843 -16.4007498426361 pleio
169 147.551736 -16.6687793025247 pleio
170 147.555599 -17.4468097932277 pleio
171 147.559461 -18.0343131140356 pleio
172 147.563362 -18.5984878203728 pleio
173 147.583398 -19.2843914340294 pleio
174 147.602453 -20.1454161708354 pleio
175 147.621507 -20.9563878860639 pleio
176 147.682611 -21.1085696022858 pleio
177 147.68996 -21.1133988347555 pleio
178 147.695588 -21.1604277500581 pleio
179 147.701215 -21.2511625614701 pleio
180 147.706843 -21.4088327365782 pleio
181 147.719435 -22.0227974407712 pleio
182 147.737975 -22.0891568003799 pleio
183 147.751499 -22.0925817810399 pleio
184 147.760277 -22.0649586005102 pleio
185 147.769056 -22.0477985353464 pleio
186 147.777834 -22.0432595617188 pleio
187 147.786613 -22.3284711970346 pleio
188 147.795391 -22.9180458937168 pleio
189 147.816836 -23.1672448997048 pleio
190 147.850698 -23.6103176494812 pleio
191 147.88456 -24.0757353987183 pleio
192 147.914702 -24.7793210096678 pleio
193 147.91491 -24.9990032079509 pleio
194 147.915116 -25.2473064653953 pleio
195 147.915322 -25.5206745634899 pleio
196 147.915527 -25.8149919169937 pleio
197 147.915733 -26.1258450976245 pleio
198 147.916803 -26.4375364531897 pleio
199 147.923623 -26.5777884155103 pleio
200 147.930444 -26.7224028536712 pleio
201 147.937264 -26.8735000067295 pleio
202 147.944084 -27.2117137586208 pleio
203 147.949324 -27.6842754789929 pleio
204 147.953121 -28.3343905872691 pleio
205 147.956917 -29.2295384505788 pleio
206 147.960714 -30.3106345215419 pleio
207 147.964511 -31.5324980518745 pleio
208 147.968307 -32.308440772613 pleio
209 147.973733 -32.8038255957115 pleio
210 147.982072 -33.0222792392548 pleio
211 147.982175 -33.1289744159911 pleio
212 147.982278 -33.2429003915765 pleio
213 147.986316 -33.4308793832248 pleio
214 147.986987 -33.9785328955471 pleio
215 147.987657 -34.7454195294956 pleio
216 147.988327 -35.7116041664957 pleio
217 147.988998 -36.8333391911912 pleio
218 147.989668 -37.8535619310073 pleio
219 148.006053 -38.1489212557841 pleio
220 148.013144 -38.3381626052587 pleio
221 148.020236 -38.5676675240909 pleio
222 148.027327 -38.8368514983989 pleio
223 148.033269 -39.143944548845 pleio
224 148.037078 -39.4859802109039 pleio
225 148.040918 -39.6551418018648 pleio
226 148.046494 -40.4799212219731 pleio
227 148.05207 -41.5868331633121 pleio
228 148.180347 -42.6246039192524 pleio
229 148.183086 -42.8104632444169 pleio
230 148.185825 -43.0135609955183 pleio
231 148.188563 -43.2323631087707 pleio
232 148.191302 -43.4637033284833 pleio
233 148.194041 -43.7124202543216 pleio
234 148.19678 -43.9472668899349 pleio
235 148.200032 -44.1460976904556 pleio
236 148.204884 -44.3556348820271 pleio
237 148.213021 -44.5996742001001 pleio
238 148.213171 -45.0565091107734 pleio
239 148.213321 -45.5275270921981 pleio
240 148.326473 -45.9238601606657 pleio
241 148.333368 -45.6380043647695 pleio
242 148.340263 -45.3795887628486 pleio
243 148.347157 -45.1198317136634 pleio
244 148.354052 -44.8632921703423 pleio
245 148.362946 -44.5979979205154 pleio
246 148.380016 -44.354316698391 pleio
247 148.403283 -44.2796555028753 pleio
248 148.42655 -44.2642151791729 pleio
249 148.430037 -44.2925929314441 pleio
250 148.4319 -44.3290601636992 pleio
251 148.433763 -44.3730626916979 pleio
252 148.435626 -44.5808360381071 pleio
253 148.437489 -44.9447613339153 pleio
254 148.439352 -45.1523570164574 pleio
255 148.441214 -45.3184149124931 pleio
256 148.443077 -45.5226760037595 pleio
257 148.44494 -45.7589948577376 pleio
258 148.446803 -46.0177923140398 pleio
259 148.453459 -46.1742331286489 pleio
260 148.477993 -46.1971481962997 pleio
261 148.493526 -46.2346484988392 pleio
262 148.493644 -46.2788775952023 pleio
263 148.493762 -46.3278552790066 pleio
264 148.502187 -46.4126651980258 pleio
265 148.624196 -46.5976762170541 pleio
266 148.648833 -46.7218034661032 pleio
267 148.673469 -47.5584688915329 pleio
268 148.812084 -48.0075940690153 pleio
269 148.815025 -48.0157317540621 pleio
270 142.490795 0.201355655892268 profile1
271 142.517426 0.264704168506453 profile1
272 142.560149 0.332749331754826 profile1
273 142.602873 0.400134488456061 profile1
274 142.64402 0.467033561578729 profile1
275 142.685103 0.382345524269236 profile1
276 142.726186 0.404543164166926 profile1
277 142.767269 0.466626216676448 profile1
278 142.808353 0.527125174304468 profile1
279 142.849436 0.585648460669197 profile1
280 142.876943 0.642978108579291 profile1
281 142.880371 0.698611363201305 profile1
282 142.883799 0.75239263690788 profile1
283 142.904956 0.804093893689326 profile1
284 142.989329 0.825819583467896 profile1
285 143.073701 0.833430978600313 profile1
286 143.155273 0.87297960591698 profile1
287 143.159416 0.90550470590377 profile1
288 143.163559 0.994294825637031 profile1
289 143.409462 2.0342248515774 profile1
290 143.484637 1.97238043168588 profile1
291 143.487347 1.90654515248346 profile1
292 143.490056 1.93086038281878 profile1
293 143.492766 1.95376225495662 profile1
294 143.495555 1.97539475611174 profile1
295 143.498344 1.99589432776913 profile1
296 143.501132 2.02769774993658 profile1
297 143.521072 2.07212270443456 profile1
298 143.53778 2.13356683452219 profile1
299 143.554489 2.27686764152316 profile1
300 144.385418 3.71414938290342 profile1
301 144.395332 3.72426209144652 profile1
302 144.407236 3.74074613752206 profile1
303 144.411293 3.7668148319307 profile1
304 144.415349 3.79005691014676 profile1
305 144.419405 3.81037326411015 profile1
306 144.423461 3.82768905464944 profile1
307 144.427517 3.86048347451052 profile1
308 144.431573 3.89827183606964 profile1
309 144.437408 3.93100429613832 profile1
310 144.440911 3.91086546370551 profile1
311 144.442944 3.88200934050987 profile1
312 144.444976 3.8481364826366 profile1
313 144.447008 3.80890494583194 profile1
314 144.44904 3.76252098187816 profile1
315 144.454745 3.7668607943273 profile1
316 144.587686 3.85660539029336 profile1
317 144.587968 3.8878348783735 profile1
318 144.617027 3.91579130003322 profile1
319 144.705848 3.86376044376753 profile1
320 144.716797 3.86478968186257 profile1
321 144.727745 3.92732150677488 profile1
322 144.897381 3.87954664784348 profile1
323 144.903395 3.79969191927885 profile1
324 144.909409 3.714742045998 profile1
325 144.916914 3.62504695205067 profile1
326 144.947844 3.55754873869389 profile1
327 144.978774 3.49072844652733 profile1
328 145.106694 3.44636633890927 profile1
329 145.916546 1.33151848442491 profile1
330 146.10359 1.26384566432346 profile1
331 146.240909 1.29127111341803 profile1
332 146.283615 1.27680749674857 profile1
333 146.304543 1.21225340844763 profile1
334 146.314537 1.14464417306621 profile1
335 147.973733 0.252813244061209 profile1
336 147.982072 0.251284037468615 profile1
337 147.982175 0.247768953854055 profile1
338 147.982278 0.243764753591748 profile1
339 147.986316 0.215174037093551 profile1
340 147.986987 0.092089414012763 profile1
341 147.987657 -0.050596969689224 profile1
342 147.988327 -0.204121700829624 profile1
343 147.988998 -0.357918624911942 profile1
344 147.989668 -0.475099799808538 profile1
345 148.006053 -0.482266568880197 profile1
346 148.013144 -0.489701694745568 profile1
347 148.020236 -0.501997786035886 profile1
348 148.027327 -0.519217422413532 profile1
349 148.033269 -0.541292730464752 profile1
350 148.037078 -0.568019893278067 profile1
351 148.040918 -0.54917554791844 profile1
352 148.046494 -0.445891767515534 profile1
353 148.05207 -0.445857934677828 profile1
354 148.180347 -0.522315985171802 profile1
355 148.183086 -0.542438090245308 profile1
356 148.185825 -0.564056459782911 profile1
357 148.188563 -0.5871533837254 profile1
358 148.191302 -0.612368947148243 profile1
359 148.194041 -0.640227280432227 profile1
360 148.19678 -0.665274326431426 profile1
361 148.200032 -0.681984921953275 profile1
362 148.204884 -0.699726312922795 profile1
363 148.213021 -0.722136926145448 profile1
364 148.213171 -0.783878011480145 profile1
365 148.213321 -0.857033995588335 profile1
366 148.326473 -0.92286832734915 profile1
367 148.333368 -0.832911629284182 profile1
368 148.340263 -0.782870356663924 profile1
369 148.347157 -0.748781698717792 profile1
370 148.354052 -0.743780782758825 profile1
371 148.362946 -0.739811207999033 profile1
372 148.380016 -0.738687742781783 profile1
373 148.403283 -0.750727471172903 profile1
374 148.42655 -0.765638106516021 profile1
375 148.430037 -0.81499323710069 profile1
376 148.4319 -0.866638233671912 profile1
377 148.433763 -0.920114047643694 profile1
378 148.435626 -1.01408394113142 profile1
379 148.437489 -1.15032691968255 profile1
380 148.439352 -1.17064992390326 profile1
381 148.441214 -1.153145117037 profile1
382 148.443077 -1.15563178833786 profile1
383 148.44494 -1.1792997350418 profile1
384 148.446803 -1.22204338107519 profile1
385 148.453459 -1.25810098830384 profile1
386 148.477993 -1.26967707173907 profile1
387 148.493526 -1.2838801323574 profile1
388 148.493644 -1.29793990372454 profile1
389 148.493762 -1.31120876934382 profile1
390 148.502187 -1.2276545899991 profile1
391 148.624196 -1.21966846593468 profile1
392 148.648833 -1.32044393251896 profile1
393 148.673469 -1.55446120849363 profile1
394 148.812084 -1.75809432218725 profile1
395 148.815025 -1.77831574602651 profile1
396 143.167702 1.10777231373474 profile1
397 143.171846 1.21606621273309 profile1
398 143.175989 1.31735264489875 profile1
399 143.180132 1.41012819045487 profile1
400 143.240265 1.52363997316536 profile1
401 143.324863 1.75277541919299 profile1
402 143.570345 2.46105390267145 profile1
403 143.571477 2.64547982823073 profile1
404 143.572611 2.8224234161217 profile1
405 143.574439 2.9843866745018 profile1
406 143.699438 3.12123638047814 profile1
407 143.824436 3.43532560730048 profile1
408 143.915168 3.68011384325988 profile1
409 143.920616 3.64332448327406 profile1
410 143.926063 3.59504938961691 profile1
411 143.93182 3.53713286817651 profile1
412 143.935901 3.47269908475851 profile1
413 143.939982 3.38826289849807 profile1
414 143.944917 3.28508903045265 profile1
415 143.975668 3.16423791834004 profile1
416 144.013221 3.11100893921701 profile1
417 144.051716 3.07409397638951 profile1
418 144.090211 3.06014549113591 profile1
419 144.128706 3.05721390828463 profile1
420 144.167202 3.05500858995519 profile1
421 144.176428 3.05306374505036 profile1
422 144.180816 3.05095748551179 profile1
423 144.185205 3.04864042257507 profile1
424 144.348163 3.10690161951852 profile1
425 144.361337 3.23809093414247 profile1
426 144.363468 3.39295135527022 profile1
427 144.365599 3.54247244328304 profile1
428 144.367577 3.63269131240222 profile1
429 144.375504 3.6837440131739 profile1
430 144.498681 3.76992552976709 profile1
431 144.558267 3.77544123936698 profile1
432 144.587405 3.81757117853731 profile1
433 145.224788 2.40401610262197 profile1
434 145.342881 2.2638679782252 profile1
435 145.729503 1.58560620410939 profile1
436 146.319976 1.07413412797867 profile1
437 146.322338 1.00078026678373 profile1
438 146.3247 0.924634413193815 profile1
439 146.327062 0.845843572427297 profile1
440 146.329424 0.764586346560936 profile1
441 146.331786 0.681073531241134 profile1
442 146.334148 0.595544950446353 profile1
443 146.33651 0.744496593468403 profile1
444 146.643419 0.841100811025182 profile1
445 146.654632 0.890975000779801 profile1
446 146.665844 0.93592371423747 profile1
447 146.677056 0.985474045004768 profile1
448 146.688269 0.936985330659071 profile1
449 146.69133 0.771179482239685 profile1
450 146.694026 0.58708011960787 profile1
451 146.696722 0.396645562924778 profile1
452 146.699418 0.21562059775609 profile1
453 146.702114 0.0589539924631161 profile1
454 146.70481 0.0175349134703997 profile1
455 146.707507 0.00123620507327875 profile1
456 146.710838 -0.0150545176867784 profile1
457 146.716274 -0.031264233746064 profile1
458 146.72171 -0.047323261409288 profile1
459 146.727146 -0.0631664431745526 profile1
460 146.734615 -0.0761324278624736 profile1
461 146.80381 -0.0896729479426188 profile1
462 146.862885 -0.105390035700829 profile1
463 146.863965 -0.107659759027961 profile1
464 146.865044 -0.115744101896351 profile1
465 146.87452 -0.127511943626127 profile1
466 146.889753 -0.110568833037868 profile1
467 146.904986 -0.0322827131145337 profile1
468 147.064187 0.00144103974696578 profile1
469 147.069549 0.00712506632329602 profile1
470 147.074911 0.0163636268725489 profile1
471 147.080273 0.026770783335023 profile1
472 147.089309 0.0348031964134046 profile1
473 147.114764 0.0395026566693905 profile1
474 147.137425 0.0404773467166183 profile1
475 147.157965 0.0585058468891032 profile1
476 147.178504 0.0895486355494005 profile1
477 147.221814 0.167642763618907 profile1
478 147.253583 0.123017864083625 profile1
479 147.272554 0.119044182543014 profile1
480 147.275576 0.10618085484824 profile1
481 147.278599 0.0868981478443851 profile1
482 147.281622 -0.00304857978303967 profile1
483 147.284644 -0.0868319411120881 profile1
484 147.286194 -0.162560639538569 profile1
485 147.286753 -0.228791313001141 profile1
486 147.287312 -0.28463624459986 profile1
487 147.287872 -0.329801680476116 profile1
488 147.290648 -0.37401016232231 profile1
489 147.299484 -0.419438838563846 profile1
490 147.327447 -0.405729015167523 profile1
491 147.35561 -0.388350610162034 profile1
492 147.383773 -0.315517606666708 profile1
493 147.397845 -0.310306719503076 profile1
494 147.402328 -0.304828214495658 profile1
495 147.406811 -0.299097451427852 profile1
496 147.411546 -0.293090797009875 profile1
497 147.442387 -0.286887690233024 profile1
498 147.535843 -0.289694748674078 profile1
499 147.551736 -0.3283621602679 profile1
500 147.555599 -0.336036461190409 profile1
501 147.559461 -0.38903045117652 profile1
502 147.563362 -0.4529281954909 profile1
503 147.583398 -0.605754011071603 profile1
504 147.602453 -0.613501904778931 profile1
505 147.621507 -0.58594485196181 profile1
506 147.682611 -0.568036917064554 profile1
507 147.68996 -0.544008094832747 profile1
508 147.695588 -0.501595708981679 profile1
509 147.701215 -0.457726057829528 profile1
510 147.706843 -0.463490226288426 profile1
511 147.719435 -0.53823884438585 profile1
512 147.737975 -0.51837121514816 profile1
513 147.751499 -0.505458733085786 profile1
514 147.760277 -0.478674354568749 profile1
515 147.769056 -0.442230764273474 profile1
516 147.777834 -0.405556129439671 profile1
517 147.786613 -0.486480963275634 profile1
518 147.795391 -0.334230170798206 profile1
519 147.816836 -0.28878920451383 profile1
520 147.850698 -0.282775462373773 profile1
521 147.88456 -0.267808890624326 profile1
522 147.914702 -0.208287543794812 profile1
523 147.91491 -0.140100164313774 profile1
524 147.915116 -0.0745402008357496 profile1
525 147.915322 -0.0125631444333702 profile1
526 147.915527 0.0450199002526568 profile1
527 147.915733 0.0975863847068172 profile1
528 147.916803 0.143090693283604 profile1
529 147.923623 0.160079536388504 profile1
530 147.930444 0.178794438143394 profile1
531 147.937264 0.197521090454632 profile1
532 147.944084 0.148548675435047 profile1
533 147.949324 0.0694421918791003 profile1
534 147.953121 0.0642604318600834 profile1
535 147.956917 0.110196202209244 profile1
536 147.960714 0.148645618923004 profile1
537 147.964511 0.171770255151169 profile1
538 147.968307 0.217185728279022 profile1
539 142.490795 -33.3578002930354 profile2
540 142.517426 -33.3007014244898 profile2
541 142.560149 -33.2576380034524 profile2
542 142.602873 -33.2189736611019 profile2
543 142.64402 -33.1840317849366 profile2
544 142.685103 -33.2295108862635 profile2
545 142.726186 -33.2752628400337 profile2
546 142.767269 -33.2551520670222 profile2
547 142.808353 -33.2204994459093 profile2
548 142.849436 -33.1429383369882 profile2
549 142.876943 -33.0849074711147 profile2
550 142.880371 -33.0467610901168 profile2
551 142.883799 -33.0288274232872 profile2
552 142.904956 -33.0315494002154 profile2
553 142.989329 -33.0648410321976 profile2
554 143.073701 -33.115979580966 profile2
555 143.155273 -33.1184360108079 profile2
556 143.159416 -33.1395802235124 profile2
557 143.163559 -33.1347829192623 profile2
558 143.167702 -33.1330522120689 profile2
559 143.171846 -33.1454356844532 profile2
560 143.175989 -33.1713125644866 profile2
561 143.180132 -33.2101680733465 profile2
562 143.240265 -33.1655991155845 profile2
563 143.324863 -32.821760500741 profile2
564 143.409462 -32.9472358914779 profile2
565 143.484637 -32.9492494085246 profile2
566 143.487347 -33.0151352956212 profile2
567 143.490056 -33.024419405111 profile2
568 143.492766 -33.0464506850037 profile2
569 143.495555 -33.0814357018932 profile2
570 143.498344 -33.1294704966446 profile2
571 143.501132 -33.1892357467383 profile2
572 143.521072 -33.1907070312007 profile2
573 143.53778 -33.1461844205171 profile2
574 143.554489 -32.8932685836422 profile2
575 143.570345 -32.6125659109839 profile2
576 143.571477 -32.4248819079553 profile2
577 143.572611 -32.3348372027869 profile2
578 143.574439 -32.3421753529366 profile2
579 143.699438 -32.4051214905311 profile2
580 143.824436 -32.1128042175919 profile2
581 143.915168 -31.7584841542876 profile2
582 143.920616 -31.7085159608411 profile2
583 143.926063 -31.6472383005712 profile2
584 143.93182 -31.1754105725418 profile2
585 143.935901 -30.4390734750312 profile2
586 143.939982 -29.8018353583195 profile2
587 143.944917 -29.2794761870904 profile2
588 143.975668 -28.8819258651858 profile2
589 144.013221 -28.8055386144521 profile2
590 144.051716 -28.7858707845969 profile2
591 144.090211 -28.7883696256961 profile2
592 144.128706 -28.7916629722552 profile2
593 144.167202 -28.7950752944102 profile2
594 144.176428 -28.7986490943141 profile2
595 144.180816 -28.8023634816207 profile2
596 144.185205 -28.806093084435 profile2
597 144.348163 -28.7016018033991 profile2
598 144.361337 -28.3356565450039 profile2
599 144.363468 -27.6630217309146 profile2
600 144.365599 -26.9424060763716 profile2
601 144.367577 -26.2922101347626 profile2
602 144.375504 -25.7412225995671 profile2
603 144.385418 -25.3428442068279 profile2
604 144.395332 -25.1032781122727 profile2
605 144.407236 -24.9452948857052 profile2
606 144.411293 -24.80129377845 profile2
607 144.415349 -24.6940247004805 profile2
608 144.419405 -24.6230102308075 profile2
609 144.423461 -24.5873204325134 profile2
610 144.427517 -24.4774108664222 profile2
611 144.431573 -24.406483602742 profile2
612 144.437408 -24.4024266478564 profile2
613 144.440911 -24.3616507763956 profile2
614 144.442944 -24.3223061016849 profile2
615 144.444976 -24.2631543085629 profile2
616 144.447008 -24.2032942133744 profile2
617 144.44904 -24.1656484291914 profile2
618 144.454745 -24.1851920854452 profile2
619 144.498681 -24.2252309619175 profile2
620 144.558267 -24.2673394476132 profile2
621 144.587405 -24.2610148116253 profile2
622 144.587686 -24.2513830461638 profile2
623 144.587968 -24.2411445286486 profile2
624 144.617027 -24.2329396657168 profile2
625 144.705848 -22.5585747937855 profile2
626 144.716797 -19.907005567656 profile2
627 144.727745 -18.9550818772563 profile2
628 144.897381 -18.7272165322925 profile2
629 144.903395 -18.5698252679982 profile2
630 144.909409 -18.4284374394108 profile2
631 144.916914 -18.3039659690456 profile2
632 144.947844 -18.2270057140948 profile2
633 144.978774 -18.1594487072706 profile2
634 145.106694 -16.980736678654 profile2
635 145.224788 -16.1558913455117 profile2
636 145.342881 -15.9199706517705 profile2
637 145.729503 -12.9960012885965 profile2
638 145.916546 -12.6595038022538 profile2
639 146.10359 -12.3519680222761 profile2
640 146.240909 -12.1114302451297 profile2
641 146.283615 -11.8016586178424 profile2
642 146.304543 -11.5831144949543 profile2
643 146.314537 -11.3758596143303 profile2
644 146.319976 -11.1811775112274 profile2
645 146.322338 -11.0003026964714 profile2
646 146.3247 -10.8343820311081 profile2
647 146.327062 -10.6844394031582 profile2
648 146.329424 -10.5513448428167 profile2
649 146.331786 -10.4357871242168 profile2
650 146.334148 -10.3382584620253 profile2
651 146.33651 -7.13354911930545 profile2
652 146.643419 -5.98517626497843 profile2
653 146.654632 -5.81219415732992 profile2
654 146.665844 -5.66638792043904 profile2
655 146.677056 -5.53161228538706 profile2
656 146.688269 -4.39748340787354 profile2
657 146.69133 -2.44261604280018 profile2
658 146.694026 -0.463338034932716 profile2
659 146.696722 1.34918298970981 profile2
660 146.699418 2.79434554315011 profile2
661 146.702114 3.72790054419868 profile2
662 146.70481 3.90035536247725 profile2
663 146.707507 3.93100429613832 profile2
664 146.710838 3.93047026939791 profile2
665 146.716274 3.89880644718743 profile2
666 146.72171 3.83642593840181 profile2
667 146.727146 3.74408498672306 profile2
668 146.734615 3.66821582329627 profile2
669 146.80381 3.65622546127643 profile2
670 146.862885 3.57177839183519 profile2
671 146.863965 2.6150657626061 profile2
672 146.865044 0.678004740608052 profile2
673 146.87452 -2.05076991026912 profile2
674 146.889753 -4.43936156143519 profile2
675 146.904986 -4.77849412740875 profile2
676 147.064187 -5.30739529286844 profile2
677 147.069549 -5.58504047579013 profile2
678 147.074911 -5.82942826384191 profile2
679 147.080273 -5.97376316341489 profile2
680 147.089309 -6.09262930124798 profile2
681 147.114764 -6.08147329607877 profile2
682 147.137425 -6.07922702760605 profile2
683 147.157965 -6.132735872247 profile2
684 147.178504 -6.43578932615787 profile2
685 147.221814 -7.48859917946601 profile2
686 147.253583 -8.65306221483643 profile2
687 147.272554 -8.52458526081179 profile2
688 147.275576 -8.33203483340784 profile2
689 147.278599 -8.20937009343097 profile2
690 147.281622 -8.01703714838137 profile2
691 147.284644 -7.88348819270207 profile2
692 147.286194 -7.8129170125397 profile2
693 147.286753 -7.80850541672233 profile2
694 147.287312 -7.87227237420164 profile2
695 147.287872 -8.00500299443351 profile2
696 147.290648 -8.21829904888475 profile2
697 147.299484 -8.51987437902851 profile2
698 147.327447 -10.9996407323786 profile2
699 147.35561 -11.1726659910961 profile2
700 147.383773 -11.6553223161578 profile2
701 147.397845 -11.7410036094425 profile2
702 147.402328 -11.8331171131154 profile2
703 147.406811 -11.9316180514255 profile2
704 147.411546 -12.0348632955098 profile2
705 147.442387 -12.1429106615129 profile2
706 147.535843 -12.1677302319578 profile2
707 147.551736 -12.396945543572 profile2
708 147.555599 -13.1662368150694 profile2
709 147.559461 -13.698110007892 profile2
710 147.563362 -14.1919459342644 profile2
711 147.583398 -14.6962656770597 profile2
712 147.602453 -15.5372402890376 profile2
713 147.621507 -16.3681744101495 profile2
714 147.682611 -16.5364907747887 profile2
715 147.68996 -16.5639759235723 profile2
716 147.695588 -16.6508787316805 profile2
717 147.701215 -16.7838624486468 profile2
718 147.706843 -16.9385615947417 profile2
719 147.719435 -17.4823009758454 profile2
720 147.737975 -17.5669784964434 profile2
721 147.751499 -17.5828667985861 profile2
722 147.760277 -17.5809964777492 profile2
723 147.769056 -17.5974557565223 profile2
724 147.777834 -17.6264947003583 profile2
725 147.786613 -17.8280651456361 profile2
726 147.795391 -18.5766667753563 profile2
727 147.816836 -18.8493808704489 profile2
728 147.850698 -19.2901599741673 profile2
729 147.88456 -19.7630146218644 profile2
730 147.914702 -20.5322296838053 profile2
731 147.91491 -20.8161362107573 profile2
732 147.915116 -21.1259361673494 profile2
733 147.915322 -21.4571739758237 profile2
734 147.915527 -21.8049364337122 profile2
735 147.915733 -22.1641623214353 profile2
736 147.916803 -22.5171137830664 profile2
737 147.923623 -22.6710034043731 profile2
738 147.930444 -22.8307635082916 profile2
739 147.937264 -22.9970115157483 profile2
740 147.944084 -23.2838015489379 profile2
741 147.949324 -23.6748137141828 profile2
742 147.953121 -24.3211704002204 profile2
743 147.956917 -25.2654109150007 profile2
744 147.960714 -26.3871806045452 profile2
745 147.964511 -27.6340697482753 profile2
746 147.968307 -28.4594264417094 profile2
747 147.973733 -28.9943369529185 profile2
748 147.982072 -29.2136767957364 profile2
749 147.982175 -29.3214403663781 profile2
750 147.982278 -29.4355347525512 profile2
751 147.986316 -29.602929648629 profile2
752 147.986987 -30.0478742794075 profile2
753 147.987657 -30.6888897451222 profile2
754 147.988327 -31.513326780723 profile2
755 147.988998 -32.4868589458845 profile2
756 147.989668 -33.391000744467 profile2
757 148.006053 -33.685486685629 profile2
758 148.013144 -33.8713701482533 profile2
759 148.020236 -34.091852485153 profile2
760 148.027327 -34.3461852006125 profile2
761 148.033269 -34.632588586432 profile2
762 148.037078 -34.9482525361639 profile2
763 148.040918 -35.139793386021 profile2
764 148.046494 -36.0530586930919 profile2
765 148.05207 -37.1324297744928 profile2
766 148.180347 -38.0672490252194 profile2
767 148.183086 -38.2334644577243 profile2
768 148.185825 -38.4150173397569 profile2
769 148.188563 -38.6102588847258 profile2
770 148.191302 -38.8100633744246 profile2
771 148.194041 -39.0251411933832 profile2
772 148.19678 -39.2308448674467 profile2
773 148.200032 -39.4106687179377 profile2
774 148.204884 -39.5997844013204 profile2
775 148.213021 -39.8176697980529 profile2
776 148.213171 -40.2025023908343 profile2
777 148.213321 -40.5891137880082 profile2
778 148.326473 -40.9093088030526 profile2
779 148.333368 -40.7169645845099 profile2
780 148.340263 -40.5190444496916 profile2
781 148.347157 -40.3026189975536 profile2
782 148.354052 -40.0566824066347 profile2
783 148.362946 -39.8014163981346 profile2
784 148.380016 -39.5647925512401 profile2
785 148.403283 -39.4788048760985 profile2
786 148.42655 -39.4446300306022 profile2
787 148.430037 -39.4154010370536 profile2
788 148.4319 -39.3923252900271 profile2
789 148.433763 -39.3753982312948 profile2
790 148.435626 -39.4554307492776 profile2
791 148.437489 -39.6347718954653 profile2
792 148.439352 -39.8122815530105 profile2
793 148.441214 -40.0033766906503 profile2
794 148.443077 -40.2154089779642 profile2
795 148.44494 -40.440053086173 profile2
796 148.446803 -40.6687317506094 profile2
797 148.453459 -40.7942897305567 profile2
798 148.477993 -40.8035677904285 profile2
799 148.493526 -40.8234062009113 profile2
800 148.493644 -40.8498486291772 profile2
801 148.493762 -40.8817814301817 profile2
802 148.502187 -41.0544101518819 profile2
803 148.624196 -41.2337272040616 profile2
804 148.648833 -41.2703977395003 profile2
805 148.673469 -41.9114095981826 profile2
806 148.812084 -42.1894272717566 profile2
807 148.815025 -42.1783098019019 profile2
