marker_position lod trace
1 142.490795 -9.88533808701125 pleio
2 142.517426 -9.79095073146609 pleio
3 142.560149 -9.73538100775255 pleio
4 142.602873 -9.67929086071761 pleio
5 142.64402 -9.62238438104793 pleio
6 142.685103 -9.4967487698519 pleio
7 142.726186 -9.43194239573754 pleio
8 142.767269 -9.37209183761885 pleio
9 142.808353 -9.30414669444063 pleio
10 142.849436 -9.21409786273083 pleio
11 142.876943 -9.12488359617342 pleio
12 142.880371 -9.03665060744368 pleio
13 142.883799 -8.94974083666572 pleio
14 142.904956 -8.86573863110319 pleio
15 142.989329 -9.03312899097735 pleio
16 143.073701 -9.1439773695958 pleio
17 143.155273 -9.04837287172774 pleio
18 143.159416 -8.93465441672124 pleio
19 143.163559 -8.87344783831075 pleio
20 143.167702 -8.81700271237302 pleio
21 143.171846 -8.74346719275438 pleio
22 143.175989 -8.65563823054084 pleio
23 143.180132 -8.55631122143487 pleio
24 143.240265 -8.37809304060455 pleio
25 143.324863 -7.91785690277782 pleio
26 143.409462 -7.77659330660224 pleio
27 143.484637 -7.66569077300066 pleio
28 143.487347 -7.57495093509224 pleio
29 143.490056 -7.53059519120944 pleio
30 143.492766 -7.4905471279037 pleio
31 143.495555 -7.45489763920873 pleio
32 143.498344 -7.42370918954169 pleio
33 143.501132 -7.40490520864491 pleio
34 143.521072 -7.39424314475682 pleio
35 143.53778 -7.4031726418242 pleio
36 143.554489 -7.28510009951355 pleio
37 143.570345 -7.12052085708794 pleio
38 143.571477 -6.98054627090384 pleio
39 143.572611 -6.87388742785149 pleio
40 143.574439 -6.80689149159985 pleio
41 143.699438 -7.00679166308481 pleio
42 143.824436 -6.83318189353633 pleio
43 143.915168 -6.73386756155821 pleio
44 143.920616 -6.81583247394533 pleio
45 143.926063 -6.89770808250646 pleio
46 143.93182 -6.92131997889076 pleio
47 143.935901 -6.99599151743401 pleio
48 143.939982 -7.11665225405124 pleio
49 143.944917 -7.28265541804341 pleio
50 143.975668 -7.49068259089299 pleio
51 144.013221 -7.61993281299257 pleio
52 144.051716 -7.71764025986623 pleio
53 144.090211 -7.73687440004363 pleio
54 144.128706 -7.74375269332257 pleio
55 144.167202 -7.75061598276784 pleio
56 144.176428 -7.75747064362893 pleio
57 144.180816 -7.76426247497854 pleio
58 144.185205 -7.77075590136593 pleio
59 144.348163 -7.49062951496007 pleio
60 144.361337 -7.61331743857479 pleio
61 144.363468 -7.49803064333149 pleio
62 144.365599 -7.52665717209716 pleio
63 144.367577 -7.63984158048926 pleio
64 144.375504 -7.73740009580771 pleio
65 144.385418 -7.85645467221582 pleio
66 144.395332 -7.99345940041037 pleio
67 144.407236 -8.08210706922305 pleio
68 144.411293 -8.13708459273806 pleio
69 144.415349 -8.19336457806785 pleio
70 144.419405 -8.25075665548622 pleio
71 144.423461 -8.30906967892257 pleio
72 144.427517 -8.38521269898149 pleio
73 144.431573 -8.47348381213634 pleio
74 144.437408 -8.5635322800854 pleio
75 144.440911 -8.60874800999268 pleio
76 144.442944 -8.65465799851698 pleio
77 144.444976 -8.69756740085755 pleio
78 144.447008 -8.74264357099232 pleio
79 144.44904 -8.79350340121321 pleio
80 144.454745 -8.80517539123498 pleio
81 144.498681 -8.82234864178342 pleio
82 144.558267 -8.83724104484559 pleio
83 144.587405 -8.82618902055762 pleio
84 144.587686 -8.7971422002527 pleio
85 144.587968 -8.76595490697868 pleio
86 144.617027 -8.74478382199248 pleio
87 144.705848 -8.72139246235631 pleio
88 144.716797 -8.75622868880715 pleio
89 144.727745 -8.69225161728432 pleio
90 144.897381 -8.74685092398336 pleio
91 144.903395 -8.8307667763927 pleio
92 144.909409 -8.91870985945646 pleio
93 144.916914 -9.01023488920896 pleio
94 144.947844 -9.08235113091787 pleio
95 144.978774 -9.15358941799447 pleio
96 145.106694 -9.23827409049848 pleio
97 145.224788 -8.88511920895505 pleio
98 145.342881 -8.67553862346687 pleio
99 145.729503 -8.07451688313165 pleio
100 145.916546 -7.90864316491211 pleio
101 146.10359 -7.74940415222382 pleio
102 146.240909 -7.41018316303401 pleio
103 146.283615 -6.91280180305228 pleio
104 146.304543 -6.87122690748732 pleio
105 146.314537 -6.83164775787293 pleio
106 146.319976 -6.79458254656705 pleio
107 146.322338 -6.76056473818077 pleio
108 146.3247 -6.7301298792136 pleio
109 146.327062 -6.70379574155409 pleio
110 146.329424 -6.68203899220832 pleio
111 146.331786 -6.66528514631158 pleio
112 146.334148 -6.65388635638632 pleio
113 146.33651 -5.693276754557 pleio
114 146.643419 -5.2908907124825 pleio
115 146.654632 -5.16907972372232 pleio
116 146.665844 -5.04080107480852 pleio
117 146.677056 -4.83939032571949 pleio
118 146.688269 -4.43142059708862 pleio
119 146.69133 -4.0449170068433 pleio
120 146.694026 -3.70889107972382 pleio
121 146.696722 -3.45824391983297 pleio
122 146.699418 -3.31885525336669 pleio
123 146.702114 -3.29745858185085 pleio
124 146.70481 -3.26853076005368 pleio
125 146.707507 -3.22413090186956 pleio
126 146.710838 -3.18810016844563 pleio
127 146.716274 -3.16052948346885 pleio
128 146.72171 -3.14140586217586 pleio
129 146.727146 -3.13061592601539 pleio
130 146.734615 -3.15069068557705 pleio
131 146.80381 -3.173498470267 pleio
132 146.862885 -3.06052238783597 pleio
133 146.863965 -2.92652205892232 pleio
134 146.865044 -2.85398995593005 pleio
135 146.87452 -2.8472531534197 pleio
136 146.889753 -2.89647792772921 pleio
137 146.904986 -2.96447128158862 pleio
138 147.064187 -2.8291076529111 pleio
139 147.069549 -2.66326688832948 pleio
140 147.074911 -2.51754758971852 pleio
141 147.080273 -2.23224421346477 pleio
142 147.089309 -1.96686584478915 pleio
143 147.114764 -1.69811044652637 pleio
144 147.137425 -1.64760540591343 pleio
145 147.157965 -1.67556449230911 pleio
146 147.178504 -1.71424726316015 pleio
147 147.221814 -0.681400359319516 pleio
148 147.253583 -0.713219130429162 pleio
149 147.272554 -0.464337752753822 pleio
150 147.275576 -0.194367965536745 pleio
151 147.278599 0 pleio
152 147.281622 -0.0640452248925589 pleio
153 147.284644 -0.171616701798181 pleio
154 147.286194 -0.321553111247344 pleio
155 147.286753 -0.511269558584859 pleio
156 147.287312 -0.736987956678993 pleio
157 147.287872 -0.994062672903969 pleio
158 147.290648 -1.28183289804984 pleio
159 147.299484 -1.60157381331944 pleio
160 147.327447 -2.83466732524957 pleio
161 147.35561 -2.8402645607983 pleio
162 147.383773 -2.60171850225949 pleio
163 147.397845 -2.59410104452653 pleio
164 147.402328 -2.59041515444018 pleio
165 147.406811 -2.59054197888723 pleio
166 147.411546 -2.59458020376735 pleio
167 147.442387 -2.60189733328928 pleio
168 147.535843 -2.60256351072021 pleio
169 147.551736 -2.46721428015788 pleio
170 147.555599 -2.40829200599455 pleio
171 147.559461 -2.44451479354961 pleio
172 147.563362 -2.52946160814589 pleio
173 147.583398 -3.16239081138413 pleio
174 147.602453 -3.4697561865021 pleio
175 147.621507 -3.68141730476288 pleio
176 147.682611 -3.73768659371015 pleio
177 147.68996 -3.74242071483572 pleio
178 147.695588 -3.71428686353253 pleio
179 147.701215 -3.68803894211993 pleio
180 147.706843 -3.6729969480296 pleio
181 147.719435 -3.69946156363797 pleio
182 147.737975 -3.72582823293948 pleio
183 147.751499 -3.73453664280401 pleio
184 147.760277 -3.73102979716227 pleio
185 147.769056 -3.72656079926747 pleio
186 147.777834 -3.72308884094051 pleio
187 147.786613 -3.69882064839664 pleio
188 147.795391 -3.42115885471 pleio
189 147.816836 -3.8736612761815 pleio
190 147.850698 -3.87802260781536 pleio
191 147.88456 -3.87993743208422 pleio
192 147.914702 -3.97310319854236 pleio
193 147.91491 -4.08906389150233 pleio
194 147.915116 -4.2233834516885 pleio
195 147.915322 -4.37470287787738 pleio
196 147.915527 -4.54106342997584 pleio
197 147.915733 -4.72004910243306 pleio
198 147.916803 -4.90074611733157 pleio
199 147.923623 -4.95547716566786 pleio
200 147.930444 -4.99173886743047 pleio
201 147.937264 -5.027197831256 pleio
202 147.944084 -5.11292492056724 pleio
203 147.949324 -5.22629829070704 pleio
204 147.953121 -5.40169184941461 pleio
205 147.956917 -5.64088618240597 pleio
206 147.960714 -5.90195850559781 pleio
207 147.964511 -6.16717595651151 pleio
208 147.968307 -6.33483752432317 pleio
209 147.973733 -6.42154904870089 pleio
210 147.982072 -6.40233414757708 pleio
211 147.982175 -6.39444050034644 pleio
212 147.982278 -6.38723187461034 pleio
213 147.986316 -6.38639659519882 pleio
214 147.986987 -6.42438385093714 pleio
215 147.987657 -6.50022633837362 pleio
216 147.988327 -6.61506174485686 pleio
217 147.988998 -6.76645089723965 pleio
218 147.989668 -6.90624805903023 pleio
219 148.006053 -6.88786525483596 pleio
220 148.013144 -6.89793198285416 pleio
221 148.020236 -6.90688574759485 pleio
222 148.027327 -6.91420284429935 pleio
223 148.033269 -6.91946413603411 pleio
224 148.037078 -6.92240081449052 pleio
225 148.040918 -6.97584184441411 pleio
226 148.046494 -7.25375971414145 pleio
227 148.05207 -7.54285428312837 pleio
228 148.180347 -7.75470311697071 pleio
229 148.183086 -7.70575237816714 pleio
230 148.185825 -7.65238629916099 pleio
231 148.188563 -7.59804131769525 pleio
232 148.191302 -7.65475697963746 pleio
233 148.194041 -7.72414846533624 pleio
234 148.19678 -7.78864409145068 pleio
235 148.200032 -7.83239604863318 pleio
236 148.204884 -7.88373750586834 pleio
237 148.213021 -7.9343699534318 pleio
238 148.213171 -7.962373575338 pleio
239 148.213321 -7.99559837527438 pleio
240 148.326473 -8.01002116909735 pleio
241 148.333368 -7.92046812330224 pleio
242 148.340263 -7.82660222388353 pleio
243 148.347157 -7.75142280321058 pleio
244 148.354052 -7.71112485372836 pleio
245 148.362946 -7.6789263779992 pleio
246 148.380016 -7.65664955908896 pleio
247 148.403283 -7.65964293421836 pleio
248 148.42655 -7.65895422106423 pleio
249 148.430037 -7.68322712400753 pleio
250 148.4319 -7.70940818312828 pleio
251 148.433763 -7.73746485045058 pleio
252 148.435626 -7.93970926792683 pleio
253 148.437489 -8.69220776245206 pleio
254 148.439352 -8.98960361673535 pleio
255 148.441214 -9.01177379195467 pleio
256 148.443077 -9.04188503657116 pleio
257 148.44494 -9.07854920192839 pleio
258 148.446803 -9.11979975612327 pleio
259 148.453459 -9.15430923860924 pleio
260 148.477993 -9.17472368724601 pleio
261 148.493526 -9.18872112656276 pleio
262 148.493644 -9.20369194185015 pleio
263 148.493762 -9.22036728000954 pleio
264 148.502187 -9.37188846921477 pleio
265 148.624196 -9.41150138020273 pleio
266 148.648833 -10.339414784898 pleio
267 148.673469 -11.6975871677403 pleio
268 148.812084 -11.5687645896698 pleio
269 148.815025 -11.5824104109535 pleio
270 142.490795 -7.37810154885771 profile1
271 142.517426 -7.36680639740569 profile1
272 142.560149 -7.35462978719345 profile1
273 142.602873 -7.34295034513489 profile1
274 142.64402 -7.33171648218438 profile1
275 142.685103 -7.32120422781251 profile1
276 142.726186 -7.31063410496959 profile1
277 142.767269 -7.30048682099494 profile1
278 142.808353 -7.28775347888017 profile1
279 142.849436 -7.26705882223362 profile1
280 142.876943 -7.24758618550648 profile1
281 142.880371 -7.22896280754282 profile1
282 142.883799 -7.21124874031706 profile1
283 142.904956 -7.19501514207811 profile1
284 142.989329 -7.17668830032974 profile1
285 143.073701 -7.16012210946918 profile1
286 143.155273 -7.20133272928774 profile1
287 143.159416 -7.26844928286423 profile1
288 143.163559 -7.28804806755395 profile1
289 143.167702 -7.25798576080158 profile1
290 143.171846 -7.21501512323763 profile1
291 143.175989 -7.16083755142808 profile1
292 143.180132 -7.09781364570316 profile1
293 143.240265 -6.97911274909039 profile1
294 143.324863 -6.58952751972968 profile1
295 143.409462 -6.44253154240042 profile1
296 143.484637 -6.45278741835537 profile1
297 143.487347 -6.46192081400127 profile1
298 143.490056 -6.41987811603473 profile1
299 143.492766 -6.3786278401692 profile1
300 143.495555 -6.33825337692406 profile1
301 143.498344 -6.29883627422574 profile1
302 143.501132 -6.27468057933912 profile1
303 143.521072 -6.25753565822046 profile1
304 143.53778 -6.24997429357718 profile1
305 143.554489 -6.15459984705367 profile1
306 143.570345 -6.00612547049487 profile1
307 143.571477 -5.85117693569529 profile1
308 143.572611 -5.69846050372285 profile1
309 143.574439 -5.55642695318224 profile1
310 143.699438 -5.40127344071059 profile1
311 143.824436 -5.1835309239806 profile1
312 143.915168 -5.08507237272617 profile1
313 143.920616 -5.1460552327583 profile1
314 143.926063 -5.21163528672788 profile1
315 143.93182 -5.32746311859747 profile1
316 143.935901 -5.45067484129372 profile1
317 143.939982 -5.59249732577148 profile1
318 143.944917 -5.75174853184892 profile1
319 143.975668 -5.92572827726918 profile1
320 144.013221 -6.03617318150141 profile1
321 144.051716 -6.1187434118937 profile1
322 144.090211 -6.12439967276408 profile1
323 144.128706 -6.12610965035525 profile1
324 144.167202 -6.12759303665073 profile1
325 144.176428 -6.12900787481458 profile1
326 144.180816 -6.13045678227281 profile1
327 144.185205 -6.13196031068272 profile1
328 144.348163 -5.93078209994759 profile1
329 144.361337 -5.9321976078093 profile1
330 144.363468 -5.83499384706736 profile1
331 144.365599 -5.74238183839761 profile1
332 144.367577 -5.64519943789009 profile1
333 144.375504 -5.53354357821651 profile1
334 144.385418 -5.4274339393413 profile1
335 144.395332 -5.33062121074912 profile1
336 144.407236 -5.310729691621 profile1
337 144.411293 -5.33195528816825 profile1
338 144.415349 -5.3533706472067 profile1
339 144.419405 -5.37490632081431 profile1
340 144.423461 -5.39649375383085 profile1
341 144.427517 -5.38172084137423 profile1
342 144.431573 -5.35744735587246 profile1
343 144.437408 -5.33884274922567 profile1
344 144.440911 -5.36506172449888 profile1
345 144.442944 -5.39077618291999 profile1
346 144.444976 -5.42206944534526 profile1
347 144.447008 -5.46009755128007 profile1
348 144.44904 -5.50000641749799 profile1
349 144.454745 -5.5177727158119 profile1
350 144.498681 -5.5377750428085 profile1
351 144.558267 -5.55577022685172 profile1
352 144.587405 -5.55891022046543 profile1
353 144.587686 -5.54999225914778 profile1
354 144.587968 -5.54068595090982 profile1
355 144.617027 -5.5395957951371 profile1
356 144.705848 -5.59607592823669 profile1
357 144.716797 -5.66620096258764 profile1
358 144.727745 -5.63843453800272 profile1
359 144.897381 -5.6808565001461 profile1
360 144.903395 -5.74308257451376 profile1
361 144.909409 -5.80742165442875 profile1
362 144.916914 -5.87356360109296 profile1
363 144.947844 -5.92056714028224 profile1
364 144.978774 -5.9661020460881 profile1
365 145.106694 -5.66668980640101 profile1
366 145.224788 -5.2976941177485 profile1
367 145.342881 -5.17831605039795 profile1
368 145.729503 -5.56442402843456 profile1
369 145.916546 -5.60535296389951 profile1
370 146.10359 -5.49264057029317 profile1
371 146.240909 -5.22384118257927 profile1
372 146.283615 -5.05829023514961 profile1
373 146.304543 -5.02100074401089 profile1
374 146.314537 -4.98450432342212 profile1
375 146.319976 -4.94914505400062 profile1
376 146.322338 -4.91528307110715 profile1
377 146.3247 -4.88328417973671 profile1
378 146.327062 -4.8535055520282 profile1
379 146.329424 -4.8262804273552 profile1
380 146.331786 -4.80190812670388 profile1
381 146.334148 -4.78063978880109 profile1
382 146.33651 -4.36578717559986 profile1
383 146.643419 -4.1331222785828 profile1
384 146.654632 -4.05474828062367 profile1
385 146.665844 -3.9752012145046 profile1
386 146.677056 -3.86130325124474 profile1
387 146.688269 -3.64699313965415 profile1
388 146.69133 -3.47905652877888 profile1
389 146.694026 -3.34866361210633 profile1
390 146.696722 -3.27156824289055 profile1
391 146.699418 -3.25581788346373 profile1
392 146.702114 -3.29745858185085 profile1
393 146.70481 -3.25923497231394 profile1
394 146.707507 -3.19291261497351 profile1
395 146.710838 -3.12930135820149 profile1
396 146.716274 -3.06876578153798 profile1
397 146.72171 -3.01162530968752 profile1
398 146.727146 -2.95814848373296 profile1
399 146.734615 -2.91908204669581 profile1
400 146.80381 -2.90680799798329 profile1
401 146.862885 -2.72842312899009 profile1
402 146.863965 -2.43836120679023 profile1
403 146.865044 -2.17363619094803 profile1
404 146.87452 -1.94854324716247 profile1
405 146.889753 -1.80371550330187 profile1
406 146.904986 -1.78809553840247 profile1
407 147.064187 -1.76228871609115 profile1
408 147.069549 -1.73528838073039 profile1
409 147.074911 -1.69640441181144 profile1
410 147.080273 -1.63505475516387 profile1
411 147.089309 -1.60196930030689 profile1
412 147.114764 -1.58935321549722 profile1
413 147.137425 -1.5909679632045 profile1
414 147.157965 -1.58559368032389 profile1
415 147.178504 -1.54202933042879 profile1
416 147.221814 -0.195194237937966 profile1
417 147.272554 0.280666714059331 profile1
418 147.275576 0.391107298424502 profile1
419 147.278599 0.459939085110317 profile1
420 147.281622 0.439398278178968 profile1
421 147.284644 0.398358195865892 profile1
422 147.286194 0.337851906734894 profile1
423 147.286753 0.259420396383028 profile1
424 147.287312 0.164955934934814 profile1
425 147.287872 0.056536816630182 profile1
426 147.290648 -0.0715208410580421 profile1
427 147.299484 -0.221033792494464 profile1
428 147.327447 -1.80260099553808 profile1
429 147.35561 -1.78245201207962 profile1
430 147.383773 -1.63764651222394 profile1
431 147.397845 -1.60916839015272 profile1
432 147.402328 -1.58396719430436 profile1
433 147.406811 -1.56210927128068 profile1
434 147.411546 -1.54352524213169 profile1
435 147.442387 -1.52805520680083 profile1
436 147.535843 -1.5231534619651 profile1
437 147.551736 -1.47169876427354 profile1
438 147.555599 -1.46619680946723 profile1
439 147.559461 -1.53389480148537 profile1
440 147.563362 -1.63322925961718 profile1
441 147.583398 -1.79786176736895 profile1
442 147.602453 -1.9559049747417 profile1
443 147.621507 -2.11164030148591 profile1
444 147.682611 -2.16948671055912 profile1
445 147.68996 -2.20388540181071 profile1
446 147.695588 -2.23836536809892 profile1
447 147.701215 -2.27494646414838 profile1
448 147.706843 -2.30175396821068 profile1
449 147.719435 -2.32444973638946 profile1
450 147.737975 -2.38798372445713 profile1
451 147.751499 -2.43619477857695 profile1
452 147.760277 -2.46437349317934 profile1
453 147.769056 -2.48390413385262 profile1
454 147.777834 -2.50409599092874 profile1
455 147.786613 -2.41679327642919 profile1
456 147.795391 -2.02235512644178 profile1
457 147.816836 -1.91243275204991 profile1
458 147.850698 -1.83107281050676 profile1
459 147.88456 -1.76356796845449 profile1
460 147.914702 -1.76297949673735 profile1
461 147.91491 -1.79873956477332 profile1
462 147.915116 -1.84323464583027 profile1
463 147.915322 -1.89609701634924 profile1
464 147.915527 -1.95672725613669 profile1
465 147.915733 -2.02433702557465 profile1
466 147.916803 -2.09450738578436 profile1
467 147.923623 -2.11291017252209 profile1
468 147.930444 -2.11528296183808 profile1
469 147.937264 -2.11744933862958 profile1
470 147.944084 -2.212397363948 profile1
471 147.949324 -2.34865710879382 profile1
472 147.953121 -2.54251879938462 profile1
473 147.956917 -2.78740028913801 profile1
474 147.960714 -3.05013113258288 profile1
475 147.964511 -3.32118469887305 profile1
476 147.968307 -3.48352955892639 profile1
477 147.973733 -3.57651685128934 profile1
478 147.982072 -3.57824629205578 profile1
479 147.982175 -3.55024084508281 profile1
480 147.982278 -3.52143741070984 profile1
481 147.986316 -3.50204564903167 profile1
482 147.986987 -3.53947576686326 profile1
483 147.987657 -3.62087349831648 profile1
484 147.988327 -3.7463618800908 profile1
485 147.988998 -3.91130915808619 profile1
486 147.989668 -4.08142741601882 profile1
487 148.006053 -4.16731883892449 profile1
488 148.013144 -4.25961945554798 profile1
489 148.020236 -4.36047818465144 profile1
490 148.027327 -4.46882068534988 profile1
491 148.033269 -4.5833176057878 profile1
492 148.037078 -4.70244493967701 profile1
493 148.040918 -4.8747798464111 profile1
494 148.046494 -5.06189045211877 profile1
495 148.05207 -5.24591188338419 profile1
496 148.180347 -5.4043168004051 profile1
497 148.183086 -5.46557591189306 profile1
498 148.185825 -5.52460469640354 profile1
499 148.188563 -5.58057104389704 profile1
500 148.191302 -5.6301007798885 profile1
501 148.194041 -5.68339315584617 profile1
502 148.19678 -5.72239798886972 profile1
503 148.200032 -5.73349772196961 profile1
504 148.204884 -5.74287294215603 profile1
505 148.213021 -5.75743405712238 profile1
506 148.213171 -5.80730052299207 profile1
507 148.213321 -5.85262456868727 profile1
508 148.326473 -5.86782027311548 profile1
509 148.333368 -5.68150757568692 profile1
510 148.340263 -5.48490112546723 profile1
511 148.347157 -5.31262987690256 profile1
512 148.354052 -5.19224275413875 profile1
513 148.362946 -5.07780157896243 profile1
514 148.380016 -4.98520850526302 profile1
515 148.403283 -4.96763407125131 profile1
516 148.42655 -4.97637491042362 profile1
517 148.430037 -5.01267254272394 profile1
518 148.4319 -5.04831573015316 profile1
519 148.433763 -5.08312003031239 profile1
520 148.435626 -5.44782111492153 profile1
521 148.437489 -6.05851600533484 profile1
522 148.439352 -6.2578937772909 profile1
523 148.441214 -6.27210533448025 profile1
524 148.443077 -6.28393315879829 profile1
525 148.44494 -6.29341731763741 profile1
526 148.446803 -6.30061015093393 profile1
527 148.453459 -6.30554700742934 profile1
528 148.477993 -6.30936976282304 profile1
529 148.493526 -6.30758699609328 profile1
530 148.493644 -6.30498808228265 profile1
531 148.493762 -6.30216616465851 profile1
532 148.502187 -6.32044165992868 profile1
533 148.624196 -6.32392231467248 profile1
534 148.648833 -6.75165122035582 profile1
535 148.673469 -7.52130509799446 profile1
536 148.812084 -7.47332391531743 profile1
537 148.815025 -7.47571975715117 profile1
538 147.253583 0.173202579922107 profile1
539 142.490795 -3.46159029109986 profile2
540 142.517426 -3.37388757680126 profile2
541 142.560149 -3.32402210428733 profile2
542 142.602873 -3.27352616283961 profile2
543 142.64402 -3.22214440655744 profile2
544 142.685103 -3.11282320238491 profile2
545 142.726186 -3.05326083424993 profile2
546 142.767269 -2.99924524800304 profile2
547 142.808353 -2.94019377890055 profile2
548 142.849436 -2.8674228672977 profile2
549 142.876943 -2.7945999199306 profile2
550 142.880371 -2.72220000031356 profile2
551 142.883799 -2.6505003544068 profile2
552 142.904956 -2.58059201075637 profile2
553 142.989329 -2.76265931834241 profile2
554 143.073701 -2.88588104427665 profile2
555 143.155273 -2.76149586020675 profile2
556 143.159416 -2.60334592697628 profile2
557 143.163559 -2.52458300029468 profile2
558 143.167702 -2.48053918481024 profile2
559 143.171846 -2.43296939700481 profile2
560 143.175989 -2.38356746919098 profile2
561 143.180132 -2.33338930914022 profile2
562 143.240265 -2.25820880009336 profile2
563 143.324863 -2.16435919443515 profile2
564 143.409462 -2.16005617824432 profile2
565 143.484637 -2.04531469129253 profile2
566 143.487347 -1.95226436982343 profile2
567 143.490056 -1.95055800955164 profile2
568 143.492766 -1.95267569482976 profile2
569 143.495555 -1.95860086404384 profile2
570 143.498344 -1.9682892254759 profile2
571 143.501132 -1.97549234459602 profile2
572 143.521072 -1.98115481014412 profile2
573 143.53778 -1.99186240334799 profile2
574 143.554489 -1.95230730672447 profile2
575 143.570345 -1.91610450065578 profile2
576 143.571477 -1.91487642971861 profile2
577 143.572611 -1.95022386037669 profile2
578 143.574439 -2.02084075599575 profile2
579 143.699438 -2.34063891257366 profile2
580 143.824436 -2.33745780082734 profile2
581 143.915168 -2.3092619827908 profile2
582 143.920616 -2.33027221399464 profile2
583 143.926063 -2.34818944097688 profile2
584 143.93182 -2.22642608395027 profile2
585 143.935901 -2.12453700372687 profile2
586 143.939982 -2.05791407677061 profile2
587 143.944917 -2.02880381033652 profile2
588 143.975668 -2.03761031889276 profile2
589 144.013221 -2.05800137158273 profile2
590 144.051716 -2.07899862066274 profile2
591 144.090211 -2.09559835062266 profile2
592 144.128706 -2.10213260103301 profile2
593 144.167202 -2.10884285977955 profile2
594 144.176428 -2.11559479128806 profile2
595 144.180816 -2.12224590702686 profile2
596 144.185205 -2.12854428962477 profile2
597 144.348163 -2.07545417619369 profile2
598 144.361337 -2.18497345520477 profile2
599 144.363468 -2.11144324285716 profile2
600 144.365599 -2.17969831412122 profile2
601 144.367577 -2.34715769154343 profile2
602 144.375504 -2.51415259562963 profile2
603 144.385418 -2.70038177297958 profile2
604 144.395332 -2.89932663990514 profile2
605 144.407236 -2.98720719687226 profile2
606 144.411293 -3.00683285352403 profile2
607 144.415349 -3.02751787383566 profile2
608 144.419405 -3.04922709807713 profile2
609 144.423461 -3.0719171386607 profile2
610 144.427517 -3.14545409500568 profile2
611 144.431573 -3.23870960285219 profile2
612 144.437408 -3.3294513604453 profile2
613 144.440911 -3.35099246578854 profile2
614 144.442944 -3.37354844265589 profile2
615 144.444976 -3.38497994675238 profile2
616 144.447008 -3.39093850243933 profile2
617 144.44904 -3.40218961949049 profile2
618 144.454745 -3.39665041451151 profile2
619 144.498681 -3.39606287071347 profile2
620 144.558267 -3.39468190689544 profile2
621 144.587405 -3.37696507180591 profile2
622 144.587686 -3.35649063654306 profile2
623 144.587968 -3.33447344830046 profile2
624 144.617027 -3.31280717953624 profile2
625 144.705848 -3.21103268243163 profile2
626 144.716797 -3.1671191519211 profile2
627 144.727745 -3.12370835671992 profile2
628 144.897381 -3.13408422019688 profile2
629 144.903395 -3.15388414819286 profile2
630 144.909409 -3.17692388779697 profile2
631 144.916914 -3.20306797733337 profile2
632 144.947844 -3.22907139326223 profile2
633 144.978774 -3.2563189628601 profile2
634 145.106694 -3.67855495226238 profile2
635 145.224788 -3.72585444509684 profile2
636 145.342881 -3.63474761149881 profile2
637 145.729503 -2.55423854560761 profile2
638 145.916546 -2.33922271412718 profile2
639 146.10359 -2.28630011799793 profile2
640 146.240909 -2.21733878563014 profile2
641 146.283615 -1.86527717757896 profile2
642 146.304543 -1.84790736696177 profile2
643 146.314537 -1.83214463964678 profile2
644 146.319976 -1.81824968797684 profile2
645 146.322338 -1.80648046694257 profile2
646 146.3247 -1.79708693503106 profile2
647 146.327062 -1.79030291312846 profile2
648 146.329424 -1.78633604308186 profile2
649 146.331786 -1.78536564765032 profile2
650 146.334148 -1.78753353246423 profile2
651 146.33651 -1.32167909408976 profile2
652 146.643419 -1.169204937703 profile2
653 146.654632 -1.11377191049173 profile2
654 146.665844 -1.05383833955174 profile2
655 146.677056 -0.951521851312303 profile2
656 146.688269 -0.698603143224903 profile2
657 146.69133 -0.383410741486362 profile2
658 146.694026 -0.0808753914229767 profile2
659 146.696722 0.178492285042936 profile2
660 146.699418 0.364942317917439 profile2
661 146.702114 0.459939085110317 profile2
662 146.70481 0.456261594998271 profile2
663 146.707507 0.435806714031379 profile2
664 146.710838 0.407236705894039 profile2
665 146.716274 0.370832636614305 profile2
666 146.72171 0.326973034228638 profile2
667 146.727146 0.276122685272039 profile2
668 146.734615 0.206478192439241 profile2
669 146.80381 0.165793918571424 profile2
670 146.862885 0.133107083497046 profile2
671 146.863965 0.00401226038398668 profile2
672 146.865044 -0.191370081272494 profile2
673 146.87452 -0.443026583284697 profile2
674 146.889753 -0.676617642016922 profile2
675 146.904986 -0.760058920394576 profile2
676 147.064187 -0.637701723509437 profile2
677 147.069549 -0.502007847397813 profile2
678 147.074911 -0.393206482292091 profile2
679 147.080273 -0.14559910326836 profile2
680 147.089309 0.0988690279902561 profile2
681 147.114764 0.3530730417602 profile2
682 147.137425 0.403037667655068 profile2
683 147.157965 0.368981754272663 profile2
684 147.178504 0.285204890766519 profile2
685 147.221814 -0.042441372130726 profile2
686 147.253583 -0.477305150204773 profile2
687 147.272554 -0.320049928662923 profile2
688 147.275576 -0.138374862961715 profile2
689 147.278599 0 profile2
690 147.281622 -0.0264104061196943 profile2
691 147.284644 -0.0841932232555491 profile2
692 147.286194 -0.173302182867641 profile2
693 147.286753 -0.29235075680367 profile2
694 147.287312 -0.438742080495464 profile2
695 147.287872 -0.608928292683313 profile2
696 147.290648 -0.794343763606562 profile2
697 147.299484 -0.991759509004856 profile2
698 147.327447 -0.891124860357901 profile2
699 147.35561 -0.92107611343846 profile2
700 147.383773 -0.866645198671105 profile2
701 147.397845 -0.891707223734528 profile2
702 147.402328 -0.918368288398929 profile2
703 147.406811 -0.946427283218299 profile2
704 147.411546 -0.976030169461308 profile2
705 147.442387 -1.00661516152483 profile2
706 147.535843 -1.01415651125425 profile2
707 147.551736 -0.937643084870519 profile2
708 147.555599 -0.889837539378553 profile2
709 147.559461 -0.881019768377591 profile2
710 147.563362 -0.901478870927287 profile2
711 147.583398 -1.37804963952305 profile2
712 147.602453 -1.56958501100717 profile2
713 147.621507 -1.67876158569173 profile2
714 147.682611 -1.68817100475098 profile2
715 147.68996 -1.65954571557144 profile2
716 147.695588 -1.59923827514763 profile2
717 147.701215 -1.54367635971019 profile2
718 147.706843 -1.50608273505037 profile2
719 147.719435 -1.5224745460533 profile2
720 147.737975 -1.48633155539382 profile2
721 147.751499 -1.44804022483561 profile2
722 147.760277 -1.41651039087596 profile2
723 147.769056 -1.39308870647894 profile2
724 147.777834 -1.37014614717692 profile2
725 147.786613 -1.48063722778907 profile2
726 147.795391 -1.59007621073034 profile2
727 147.816836 -2.17200387802674 profile2
728 147.850698 -2.2720087154235 profile2
729 147.88456 -2.3536121427048 profile2
730 147.914702 -2.4597854883114 profile2
731 147.91491 -2.54494799292474 profile2
732 147.915116 -2.63834040584119 profile2
733 147.915322 -2.73895738525338 profile2
734 147.915527 -2.845492164663 profile2
735 147.915733 -2.95643022558733 profile2
736 147.916803 -3.06571167555375 profile2
737 147.923623 -3.10475837141634 profile2
738 147.930444 -3.14355773878792 profile2
739 147.937264 -3.18213587095553 profile2
740 147.944084 -3.18315549391113 profile2
741 147.949324 -3.17468897530601 profile2
742 147.953121 -3.16617906820266 profile2
743 147.956917 -3.16519115638767 profile2
744 147.960714 -3.16673613332694 profile2
745 147.964511 -3.16311176594319 profile2
746 147.968307 -3.17488896165753 profile2
747 147.973733 -3.18053865347332 profile2
748 147.982072 -3.17327884891279 profile2
749 147.982175 -3.20210977009135 profile2
750 147.982278 -3.2322066104568 profile2
751 147.986316 -3.26095661536711 profile2
752 147.986987 -3.28215562104594 profile2
753 147.987657 -3.30338818169793 profile2
754 147.988327 -3.3245464796209 profile2
755 147.988998 -3.34582572009679 profile2
756 147.989668 -3.34289488967985 profile2
757 148.006053 -3.23422683359034 profile2
758 148.013144 -3.16604986160333 profile2
759 148.020236 -3.08898225739759 profile2
760 148.027327 -3.00342832127141 profile2
761 148.033269 -2.91014684190641 profile2
762 148.037078 -2.81024459686797 profile2
763 148.040918 -2.68646573232924 profile2
764 148.046494 -2.76879850413622 profile2
765 148.05207 -2.88190952055472 profile2
766 148.180347 -2.95310063713593 profile2
767 148.183086 -2.84797364052785 profile2
768 148.185825 -2.74055442349077 profile2
769 148.188563 -2.63496899115612 profile2
770 148.191302 -2.63824073543873 profile2
771 148.194041 -2.6483516370516 profile2
772 148.19678 -2.66937563084203 profile2
773 148.200032 -2.70331076422001 profile2
774 148.204884 -2.74707978620945 profile2
775 148.213021 -2.78494814832241 profile2
776 148.213171 -2.76224442289306 profile2
777 148.213321 -2.75101664888912 profile2
778 148.326473 -2.75018703922833 profile2
779 148.333368 -2.82331294108969 profile2
780 148.340263 -2.90537442569115 profile2
781 148.347157 -2.98247330787887 profile2
782 148.354052 -3.04507075411246 profile2
783 148.362946 -3.11064286719989 profile2
784 148.380016 -3.16750769775857 profile2
785 148.403283 -3.18481619701987 profile2
786 148.42655 -3.17129634052138 profile2
787 148.430037 -3.14931717969644 profile2
788 148.4319 -3.12947933283819 profile2
789 148.433763 -3.11200340697697 profile2
790 148.435626 -2.91772063300118 profile2
791 148.437489 -3.02573360575016 profile2
792 148.439352 -3.11494443462779 profile2
793 148.441214 -3.12151349868846 profile2
794 148.443077 -3.13982088450699 profile2
795 148.44494 -3.16840728099242 profile2
796 148.446803 -3.20518493683098 profile2
797 148.453459 -3.23625660771629 profile2
798 148.477993 -3.25120091272271 profile2
799 148.493526 -3.26630718097651 profile2
800 148.493644 -3.28372593011498 profile2
801 148.493762 -3.30343483370141 profile2
802 148.502187 -3.41379221040968 profile2
803 148.624196 -3.44601100621639 profile2
804 148.648833 -3.97129811289905 profile2
805 148.673469 -4.73571584066372 profile2
806 148.812084 -4.67102246706276 profile2
807 148.815025 -4.67813077179843 profile2
