marker_position lod trace
1 142.490795 -7.37336664498391 pleio
2 142.517426 -7.32344675577832 pleio
3 142.560149 -7.27090033943379 pleio
4 142.602873 -7.21592761662301 pleio
5 142.64402 -7.15816785923621 pleio
6 142.685103 -7.07791836205801 pleio
7 142.726186 -7.00975215264831 pleio
8 142.767269 -6.9469678737416 pleio
9 142.808353 -6.87853063494133 pleio
10 142.849436 -6.79613404324482 pleio
11 142.876943 -6.71348734523499 pleio
12 142.880371 -6.63090979586131 pleio
13 142.883799 -6.54884378588944 pleio
14 142.904956 -6.4687284503376 pleio
15 142.989329 -6.41244734805767 pleio
16 143.073701 -6.37508770343682 pleio
17 143.155273 -6.20324787808096 pleio
18 143.159416 -5.96441561581707 pleio
19 143.163559 -5.8004768201366 pleio
20 143.167702 -5.71027301371119 pleio
21 143.171846 -5.62202544086611 pleio
22 143.175989 -5.53632251622599 pleio
23 143.180132 -5.45369427821373 pleio
24 143.240265 -5.30963228598479 pleio
25 143.324863 -4.90825100801456 pleio
26 143.409462 -4.60447139624297 pleio
27 143.484637 -4.58262058545239 pleio
28 143.487347 -4.57451227663266 pleio
29 143.490056 -4.5101796838787 pleio
30 143.492766 -4.4527148384353 pleio
31 143.495555 -4.40208722526395 pleio
32 143.498344 -4.35821586351226 pleio
33 143.501132 -4.32317022457464 pleio
34 143.521072 -4.313775394508 pleio
35 143.53778 -4.34764918176384 pleio
36 143.554489 -4.34851255942068 pleio
37 143.570345 -4.3268486411307 pleio
38 143.571477 -4.3012459883268 pleio
39 143.572611 -4.27560448763555 pleio
40 143.574439 -4.25524791584511 pleio
41 143.699438 -4.19469732322608 pleio
42 143.824436 -3.9255335063795 pleio
43 143.915168 -3.80371361038993 pleio
44 143.920616 -3.87328002548939 pleio
45 143.926063 -3.9496867225466 pleio
46 143.93182 -4.00659537716651 pleio
47 143.935901 -3.92351361780559 pleio
48 143.939982 -3.87178175831604 pleio
49 143.944917 -3.85439573778969 pleio
50 143.975668 -3.87339429928437 pleio
51 144.013221 -3.88812312459894 pleio
52 144.051716 -3.89806217493339 pleio
53 144.090211 -3.89772270303956 pleio
54 144.128706 -3.89903546598067 pleio
55 144.167202 -3.90031773095274 pleio
56 144.176428 -3.90175041961782 pleio
57 144.180816 -3.9034684774538 pleio
58 144.185205 -3.9052338895535 pleio
59 144.348163 -3.07223022049672 pleio
60 144.361337 -2.76766214192278 pleio
61 144.363468 -2.54063141900061 pleio
62 144.365599 -2.35341892728424 pleio
63 144.367577 -2.10835463251829 pleio
64 144.375504 -1.81847197931995 pleio
65 144.385418 -1.56757932673918 pleio
66 144.395332 -1.36172092601498 pleio
67 144.407236 -1.25660213662962 pleio
68 144.411293 -1.19556530588214 pleio
69 144.415349 -1.13927706834114 pleio
70 144.419405 -1.08784626141026 pleio
71 144.423461 -1.04134248627198 pleio
72 144.427517 -0.976758311761732 pleio
73 144.431573 -0.907454362756221 pleio
74 144.437408 -0.839780519378329 pleio
75 144.440911 -0.779952015236809 pleio
76 144.442944 -0.731027898459578 pleio
77 144.444976 -0.682562728763102 pleio
78 144.447008 -0.639988699744991 pleio
79 144.44904 -0.612929288803895 pleio
80 144.454745 -0.603370710987385 pleio
81 144.498681 -0.599736871415979 pleio
82 144.558267 -0.592080066238371 pleio
83 144.587405 -0.471299831930051 pleio
84 144.587686 -0.292328315138788 pleio
85 144.587968 -0.116793346877503 pleio
86 144.617027 0 pleio
87 144.705848 -0.0537446613632181 pleio
88 144.716797 -0.247016172884978 pleio
89 144.727745 -0.401175059905998 pleio
90 144.897381 -0.456927256248607 pleio
91 144.903395 -0.503768376259985 pleio
92 144.909409 -0.563092234113147 pleio
93 144.916914 -0.634765928893633 pleio
94 144.947844 -0.693199300372577 pleio
95 144.978774 -0.756605395829953 pleio
96 145.106694 -0.8666796807758 pleio
97 145.224788 -0.51273728216809 pleio
98 145.342881 -0.570735353011993 pleio
99 145.729503 -0.717850885173119 pleio
100 145.916546 -1.03316661860963 pleio
101 146.10359 -1.23150315004103 pleio
102 146.240909 -1.28854155863521 pleio
103 146.283615 -1.61802572741382 pleio
104 146.304543 -1.57921316688568 pleio
105 146.314537 -1.55232520227439 pleio
106 146.319976 -1.53783819131002 pleio
107 146.322338 -1.53608091469118 pleio
108 146.3247 -1.54721857413581 pleio
109 146.327062 -1.57124186328485 pleio
110 146.329424 -1.6079636984927 pleio
111 146.331786 -1.65702459200569 pleio
112 146.334148 -1.71790422291001 pleio
113 146.33651 -1.958426176789 pleio
114 146.643419 -2.24262342994431 pleio
115 146.654632 -2.14944967361038 pleio
116 146.665844 -2.07028492797854 pleio
117 146.677056 -2.01239896188323 pleio
118 146.688269 -2.1065311727452 pleio
119 146.69133 -2.41403895355815 pleio
120 146.694026 -2.79471035341434 pleio
121 146.696722 -3.22387380158509 pleio
122 146.699418 -3.66156006733447 pleio
123 146.702114 -4.06321232471966 pleio
124 146.70481 -4.16131736575453 pleio
125 146.707507 -4.191416232679 pleio
126 146.710838 -4.22329231322206 pleio
127 146.716274 -4.25687902908808 pleio
128 146.72171 -4.29210336583983 pleio
129 146.727146 -4.32888619697225 pleio
130 146.734615 -4.35301037241556 pleio
131 146.80381 -4.3644181778372 pleio
132 146.862885 -4.3403994418279 pleio
133 146.863965 -4.36556111989899 pleio
134 146.865044 -4.46354743091636 pleio
135 146.87452 -4.62492861234986 pleio
136 146.889753 -4.75492267976309 pleio
137 146.904986 -4.71694264972676 pleio
138 147.064187 -4.80043565261601 pleio
139 147.069549 -4.9940169709809 pleio
140 147.074911 -5.2367055544005 pleio
141 147.080273 -5.5178477471842 pleio
142 147.089309 -5.73340987421181 pleio
143 147.114764 -5.82408860929084 pleio
144 147.137425 -5.8422796590101 pleio
145 147.157965 -5.83827852018461 pleio
146 147.178504 -5.89508806746467 pleio
147 147.221814 -5.98508690790063 pleio
148 147.253583 -6.06089435822198 pleio
149 147.272554 -6.0674253800899 pleio
150 147.275576 -6.0697969176787 pleio
151 147.278599 -6.07644582029064 pleio
152 147.281622 -6.0541385822704 pleio
153 147.284644 -6.04173531392937 pleio
154 147.286194 -6.03938579970125 pleio
155 147.286753 -6.04688728039601 pleio
156 147.287312 -6.06371836159505 pleio
157 147.287872 -6.08910183174493 pleio
158 147.290648 -6.15866888678733 pleio
159 147.299484 -6.27446070179921 pleio
160 147.327447 -6.46646943568448 pleio
161 147.35561 -6.46901112517487 pleio
162 147.383773 -5.93951029396681 pleio
163 147.397845 -5.93875878526102 pleio
164 147.402328 -5.93888082224381 pleio
165 147.406811 -5.9395896275487 pleio
166 147.411546 -5.94088708113761 pleio
167 147.442387 -5.94267716983286 pleio
168 147.535843 -5.9422116119687 pleio
169 147.551736 -6.21192617449565 pleio
170 147.555599 -6.66415150400298 pleio
171 147.559461 -6.90110835373776 pleio
172 147.563362 -7.04191123145429 pleio
173 147.583398 -7.05049936778844 pleio
174 147.602453 -7.17357060837195 pleio
175 147.621507 -7.30200832873876 pleio
176 147.682611 -7.31911272681163 pleio
177 147.68996 -7.30713249670804 pleio
178 147.695588 -7.27990323443193 pleio
179 147.701215 -7.2521693885633 pleio
180 147.706843 -7.21132249861481 pleio
181 147.719435 -7.1569868783843 pleio
182 147.737975 -7.12845265826397 pleio
183 147.751499 -7.11416373765488 pleio
184 147.760277 -7.08576374578742 pleio
185 147.769056 -7.04612866533875 pleio
186 147.777834 -7.00827841138742 pleio
187 147.786613 -6.82871284920204 pleio
188 147.795391 -7.20613984893064 pleio
189 147.816836 -7.21224801834371 pleio
190 147.850698 -7.04627085748497 pleio
191 147.88456 -6.79533733947163 pleio
192 147.914702 -6.58719380753104 pleio
193 147.91491 -6.49197172701207 pleio
194 147.915116 -6.40718334840537 pleio
195 147.915322 -6.33425319178583 pleio
196 147.915527 -6.2742675516661 pleio
197 147.915733 -6.22791282009803 pleio
198 147.916803 -6.19568355772335 pleio
199 147.923623 -6.1752916060778 pleio
200 147.930444 -6.14990583903752 pleio
201 147.937264 -6.12423810623952 pleio
202 147.944084 -6.12775225099903 pleio
203 147.949324 -6.15205651830741 pleio
204 147.953121 -6.25580952039981 pleio
205 147.956917 -6.4292945941548 pleio
206 147.960714 -6.62628901956967 pleio
207 147.964511 -6.8387054729935 pleio
208 147.968307 -6.89457277064149 pleio
209 147.973733 -6.86649760122315 pleio
210 147.982072 -6.82734530703047 pleio
211 147.982175 -6.80967926806356 pleio
212 147.982278 -6.79710496227098 pleio
213 147.986316 -6.72417065961339 pleio
214 147.986987 -6.45914658477428 pleio
215 147.987657 -6.24539273371916 pleio
216 147.988327 -6.1002634635727 pleio
217 147.988998 -6.03382138779774 pleio
218 147.989668 -6.05092302862449 pleio
219 148.006053 -6.12343832705582 pleio
220 148.013144 -6.08639780382153 pleio
221 148.020236 -6.06471474281661 pleio
222 148.027327 -6.05964074012136 pleio
223 148.033269 -6.07188134107977 pleio
224 148.037078 -6.10151079578507 pleio
225 148.040918 -6.19598644637589 pleio
226 148.046494 -6.34662255223995 pleio
227 148.05207 -6.5182007655707 pleio
228 148.180347 -6.69084030992611 pleio
229 148.183086 -6.81765597501827 pleio
230 148.185825 -6.94594609906361 pleio
231 148.188563 -7.06957356466141 pleio
232 148.191302 -7.01504903044615 pleio
233 148.194041 -6.98000490101062 pleio
234 148.19678 -6.95844643196705 pleio
235 148.200032 -6.93271926123923 pleio
236 148.204884 -6.91158788264024 pleio
237 148.213021 -6.91005922429898 pleio
238 148.213171 -7.03334549614169 pleio
239 148.213321 -7.17507317185643 pleio
240 148.326473 -7.30242531312233 pleio
241 148.333368 -7.22789276215693 pleio
242 148.340263 -7.18076840992431 pleio
243 148.347157 -7.14628400938486 pleio
244 148.354052 -7.13525494006887 pleio
245 148.362946 -7.12193366024916 pleio
246 148.380016 -7.09621558708735 pleio
247 148.403283 -7.07434146649011 pleio
248 148.42655 -7.10823632059252 pleio
249 148.430037 -7.15819952935969 pleio
250 148.4319 -7.20647953489147 pleio
251 148.433763 -7.25278610142959 pleio
252 148.435626 -7.68863378917387 pleio
253 148.437489 -8.23645383688571 pleio
254 148.439352 -8.32902482149238 pleio
255 148.441214 -8.23843920355845 pleio
256 148.443077 -8.14942444004715 pleio
257 148.44494 -8.07103824622951 pleio
258 148.446803 -8.01150422263633 pleio
259 148.453459 -7.9969125293771 pleio
260 148.477993 -8.02386606492577 pleio
261 148.493526 -8.07459337397965 pleio
262 148.493644 -8.12785874666949 pleio
263 148.493762 -8.18167702151601 pleio
264 148.502187 -8.15021463769986 pleio
265 148.624196 -8.30132460027312 pleio
266 148.648833 -8.25405581866118 pleio
267 148.673469 -8.48078713688744 pleio
268 148.812084 -8.49190636785548 pleio
269 148.815025 -8.53536412915768 pleio
270 142.490795 -3.70469148824307 profile1
271 142.517426 -3.66931446510839 profile1
272 142.560149 -3.63056240974193 profile1
273 142.602873 -3.58990566682766 profile1
274 142.64402 -3.54694062510878 profile1
275 142.685103 -3.50774472119012 profile1
276 142.726186 -3.463308314016 profile1
277 142.767269 -3.4160312603663 profile1
278 142.808353 -3.36388458273439 profile1
279 142.849436 -3.30024499009246 profile1
280 142.876943 -3.23640873507867 profile1
281 142.880371 -3.17267326873824 profile1
282 142.883799 -3.109341249586 profile1
283 142.904956 -3.04743606117282 profile1
284 142.989329 -2.99554598246749 profile1
285 143.073701 -2.94725626437541 profile1
286 143.155273 -2.90311694948128 profile1
287 143.159416 -2.86858658624344 profile1
288 143.163559 -2.80508728421829 profile1
289 143.167702 -2.72937859189036 profile1
290 143.171846 -2.65522299212075 profile1
291 143.175989 -2.58285428345722 profile1
292 143.180132 -2.51246874473219 profile1
293 143.240265 -2.39786873605358 profile1
294 143.324863 -2.24657628674197 profile1
295 143.409462 -1.9191429266552 profile1
296 143.484637 -1.88697897694354 profile1
297 143.487347 -1.87013074448737 profile1
298 143.490056 -1.81029634148484 profile1
299 143.492766 -1.75190292298375 profile1
300 143.495555 -1.69509461460897 profile1
301 143.498344 -1.64001867581821 profile1
302 143.501132 -1.5867868096345 profile1
303 143.521072 -1.56540704665342 profile1
304 143.53778 -1.57581909929645 profile1
305 143.554489 -1.57107495164619 profile1
306 143.570345 -1.56168788677988 profile1
307 143.571477 -1.55629024096215 profile1
308 143.572611 -1.55515171948624 profile1
309 143.574439 -1.55861637893765 profile1
310 143.699438 -1.57614980036505 profile1
311 143.824436 -1.43548643440089 profile1
312 143.915168 -1.35336741390467 profile1
313 143.920616 -1.36398073646832 profile1
314 143.926063 -1.37225610762179 profile1
315 143.93182 -1.36062188948988 profile1
316 143.935901 -1.18122237720744 profile1
317 143.939982 -1.01213249892286 profile1
318 143.944917 -0.857928028406473 profile1
319 143.975668 -0.722989164087257 profile1
320 144.013221 -0.702351889653225 profile1
321 144.051716 -0.700955234000045 profile1
322 144.090211 -0.693482826210317 profile1
323 144.128706 -0.685916679649853 profile1
324 144.167202 -0.679344863091025 profile1
325 144.176428 -0.673420088310569 profile1
326 144.180816 -0.667793374113773 profile1
327 144.185205 -0.662263414547193 profile1
328 144.348163 -0.232610553736285 profile1
329 144.361337 -0.164001906696478 profile1
330 144.363468 -0.0946777757705266 profile1
331 144.365599 -0.0471050536147567 profile1
332 144.367577 0.0126379445963681 profile1
333 144.375504 0.0877667300133315 profile1
334 144.385418 0.143321476008034 profile1
335 144.395332 0.176506117448299 profile1
336 144.407236 0.159693843678296 profile1
337 144.411293 0.119928943229806 profile1
338 144.415349 0.076710626388647 profile1
339 144.419405 0.0302790945017687 profile1
340 144.423461 -0.0191113184622036 profile1
341 144.427517 -0.0374317730588628 profile1
342 144.431573 -0.0465983723513658 profile1
343 144.437408 -0.0527480630174522 profile1
344 144.440911 -0.0347091717406898 profile1
345 144.442944 -0.0233099538995244 profile1
346 144.444976 -0.0311151314773499 profile1
347 144.447008 -0.0575054488758754 profile1
348 144.44904 -0.0920246644263828 profile1
349 144.454745 -0.118417694428488 profile1
350 144.498681 -0.146193349946908 profile1
351 144.558267 -0.169655935329913 profile1
352 144.587405 -0.124099939418779 profile1
353 144.587686 -0.0511052379290396 profile1
354 144.587968 0.0178287878185326 profile1
355 144.617027 0.0590986267880631 profile1
356 144.705848 -0.000488786953338072 profile1
357 144.716797 -0.219156771534728 profile1
358 144.727745 -0.401175059905998 profile1
359 144.897381 -0.454580710344474 profile1
360 144.903395 -0.487697564490532 profile1
361 144.909409 -0.526188703146433 profile1
362 144.916914 -0.569888559613513 profile1
363 144.947844 -0.6038062805438 profile1
364 144.978774 -0.638441389449001 profile1
365 145.106694 -0.446806074755735 profile1
366 145.224788 -0.149193695334676 profile1
367 145.729503 0.28325854972764 profile1
368 145.916546 0.171708921227167 profile1
369 146.10359 0.0525520111286595 profile1
370 146.240909 -0.0421448331555051 profile1
371 146.283615 0.0167750320463436 profile1
372 146.304543 -0.00877655645412639 profile1
373 146.314537 -0.0391975838736069 profile1
374 146.319976 -0.0742000593856486 profile1
375 146.322338 -0.113461475602333 profile1
376 146.3247 -0.156634718465652 profile1
377 146.327062 -0.203357701414628 profile1
378 146.329424 -0.253263726797069 profile1
379 146.331786 -0.305990370464977 profile1
380 146.334148 -0.361187634845031 profile1
381 146.33651 -0.311757492461473 profile1
382 146.643419 -0.21860619278145 profile1
383 146.654632 -0.184840717512118 profile1
384 146.665844 -0.162648575596497 profile1
385 146.677056 -0.138037993108245 profile1
386 146.688269 -0.100728048918741 profile1
387 146.69133 -0.12182433890474 profile1
388 146.694026 -0.165077029539356 profile1
389 146.696722 -0.237849857792055 profile1
390 146.699418 -0.343085014524172 profile1
391 146.702114 -0.477436761250267 profile1
392 146.70481 -0.533793357061346 profile1
393 146.707507 -0.566678803296363 profile1
394 146.710838 -0.599939617396983 profile1
395 146.716274 -0.633529455488847 profile1
396 146.72171 -0.667402046766771 profile1
397 146.727146 -0.701511238903124 profile1
398 146.734615 -0.729404928530432 profile1
399 146.80381 -0.74307144098501 profile1
400 146.862885 -0.774009852075852 profile1
401 146.863965 -0.896270435557691 profile1
402 146.865044 -1.08768160370725 profile1
403 146.87452 -1.33242519259838 profile1
404 146.889753 -1.52439022366387 profile1
405 146.904986 -1.52209286036936 profile1
406 147.064187 -1.49818642983101 profile1
407 147.069549 -1.47604274821477 profile1
408 147.074911 -1.44847462903574 profile1
409 147.080273 -1.42156471685843 profile1
410 147.089309 -1.40817070968058 profile1
411 147.114764 -1.4096010120307 profile1
412 147.137425 -1.41130806135973 profile1
413 147.157965 -1.42545484491793 profile1
414 147.178504 -1.51236344858961 profile1
415 147.221814 -1.71411376694145 profile1
416 147.253583 -1.73189863009829 profile1
417 147.272554 -1.72509964033481 profile1
418 147.275576 -1.7129655070721 profile1
419 147.278599 -1.70008351280925 profile1
420 147.281622 -1.66160243495726 profile1
421 147.284644 -1.63063851373541 profile1
422 147.286194 -1.60762941101885 profile1
423 147.286753 -1.59272405903594 profile1
424 147.287312 -1.58579834051154 profile1
425 147.287872 -1.58649551007781 profile1
426 147.290648 -1.62095571535395 profile1
427 147.299484 -1.69095469868918 profile1
428 147.327447 -1.83055532938456 profile1
429 147.35561 -1.85941074079128 profile1
430 147.383773 -2.01460740286204 profile1
431 147.397845 -2.02989907877635 profile1
432 147.402328 -2.04538486575907 profile1
433 147.406811 -2.0611478479449 profile1
434 147.411546 -2.07663522198576 profile1
435 147.442387 -2.09187345976431 profile1
436 147.535843 -2.09939292193781 profile1
437 147.551736 -2.19158395559413 profile1
438 147.555599 -2.37410473084826 profile1
439 147.559461 -2.45161407233642 profile1
440 147.563362 -2.48291930209708 profile1
441 147.583398 -2.50491899711283 profile1
442 147.602453 -2.57549303140983 profile1
443 147.621507 -2.64924202219559 profile1
444 147.682611 -2.65657042381044 profile1
445 147.68996 -2.65190764570729 profile1
446 147.695588 -2.6599131255138 profile1
447 147.701215 -2.67889896246394 profile1
448 147.706843 -2.69606637223927 profile1
449 147.719435 -2.70195294485776 profile1
450 147.737975 -2.66582530998785 profile1
451 147.751499 -2.64892083939129 profile1
452 147.760277 -2.62674184216566 profile1
453 147.769056 -2.60104005765487 profile1
454 147.777834 -2.57657429618936 profile1
455 147.786613 -2.46240858053306 profile1
456 147.795391 -2.9239137931693 profile1
457 147.816836 -3.09873180546544 profile1
458 147.850698 -3.15986423236048 profile1
459 147.88456 -3.22526422897968 profile1
460 147.914702 -3.15237210465887 profile1
461 147.91491 -3.13926829049655 profile1
462 147.915116 -3.13182334998951 profile1
463 147.915322 -3.13039272838601 profile1
464 147.915527 -3.13514473687181 profile1
465 147.915733 -3.14604790490601 profile1
466 147.916803 -3.16272942713673 profile1
467 147.923623 -3.18075751606019 profile1
468 147.930444 -3.17533252340417 profile1
469 147.937264 -3.16778975768634 profile1
470 147.944084 -3.16892213501435 profile1
471 147.949324 -3.18313288022825 profile1
472 147.953121 -3.23017163564603 profile1
473 147.956917 -3.30079444805364 profile1
474 147.960714 -3.37614328471472 profile1
475 147.964511 -3.4517309198534 profile1
476 147.968307 -3.47054708736681 profile1
477 147.973733 -3.46636353271101 profile1
478 147.982072 -3.46467663222721 profile1
479 147.982175 -3.47316115671277 profile1
480 147.982278 -3.48280237517288 profile1
481 147.986316 -3.48362754714124 profile1
482 147.986987 -3.45856479877605 profile1
483 147.987657 -3.44690670431925 profile1
484 147.988327 -3.45195675304419 profile1
485 147.988998 -3.47511327089319 profile1
486 147.989668 -3.52479664516926 profile1
487 148.006053 -3.61616750702236 profile1
488 148.013144 -3.62659987529108 profile1
489 148.020236 -3.64414577758348 profile1
490 148.027327 -3.66831000152171 profile1
491 148.033269 -3.69832551815547 profile1
492 148.037078 -3.73318412462597 profile1
493 148.040918 -3.76184353137223 profile1
494 148.046494 -3.83202838905339 profile1
495 148.05207 -3.91742871945007 profile1
496 148.180347 -3.99793007371249 profile1
497 148.183086 -4.03030663717412 profile1
498 148.185825 -4.05860096123463 profile1
499 148.188563 -4.08139634534296 profile1
500 148.191302 -4.050579834461 profile1
501 148.194041 -4.01804327775344 profile1
502 148.19678 -3.99413103958235 profile1
503 148.200032 -3.98783395063202 profile1
504 148.204884 -3.98296439412912 profile1
505 148.213021 -3.98690925485817 profile1
506 148.213171 -4.05501422244507 profile1
507 148.213321 -4.1389588085738 profile1
508 148.326473 -4.23529816903661 profile1
509 148.333368 -4.3339445824872 profile1
510 148.340263 -4.40202270487638 profile1
511 148.347157 -4.45087598277282 profile1
512 148.354052 -4.45433355592568 profile1
513 148.362946 -4.45614648180121 profile1
514 148.380016 -4.45536964708219 profile1
515 148.403283 -4.44678216320185 profile1
516 148.42655 -4.4338188532388 profile1
517 148.430037 -4.43893491318012 profile1
518 148.4319 -4.44321269775504 profile1
519 148.433763 -4.44659220734188 profile1
520 148.435626 -4.63894303717752 profile1
521 148.437489 -4.8464220919196 profile1
522 148.439352 -4.87143519819137 profile1
523 148.441214 -4.82126742474004 profile1
524 148.443077 -4.77007622873709 profile1
525 148.44494 -4.71922248426865 profile1
526 148.446803 -4.66999861759953 profile1
527 148.453459 -4.63852411865069 profile1
528 148.477993 -4.6287423459948 profile1
529 148.493526 -4.624181926445 profile1
530 148.493644 -4.62078106899616 profile1
531 148.493762 -4.61827332466647 profile1
532 148.502187 -4.58059281051413 profile1
533 148.624196 -4.56194000658869 profile1
534 148.648833 -4.58054774823615 profile1
535 148.673469 -5.00438062700267 profile1
536 148.812084 -4.9984114068937 profile1
537 148.815025 -4.99371247055949 profile1
538 145.342881 -0.245028635918134 profile1
539 142.490795 -3.86418140392958 profile2
540 142.517426 -3.8426624899034 profile2
541 142.560149 -3.82142093948631 profile2
542 142.602873 -3.79953424623188 profile2
543 142.64402 -3.7770060537404 profile2
544 142.685103 -3.71799001750285 profile2
545 142.726186 -3.68370849106105 profile2
546 142.767269 -3.66040849025211 profile2
547 142.808353 -3.63626506096008 profile2
548 142.849436 -3.60949601580339 profile2
549 142.876943 -3.58281631259757 profile2
550 142.880371 -3.55627045584125 profile2
551 142.883799 -3.53003044316984 profile2
552 142.904956 -3.50455735733838 profile2
553 142.989329 -3.49259481036808 profile2
554 143.073701 -3.49890712439063 profile2
555 143.155273 -3.36718055210981 profile2
556 143.159416 -3.16181799462073 profile2
557 143.163559 -3.05478541151242 profile2
558 143.167702 -3.02916678399216 profile2
559 143.171846 -3.00418795474462 profile2
560 143.175989 -2.98033419421555 profile2
561 143.180132 -2.95808638321062 profile2
562 143.240265 -2.91660643338967 profile2
563 143.324863 -2.6379406934308 profile2
564 143.409462 -2.64180314853231 profile2
565 143.484637 -2.64302046837117 profile2
566 143.487347 -2.64650445998736 profile2
567 143.490056 -2.6386610895018 profile2
568 143.492766 -2.6362947391806 profile2
569 143.495555 -2.63921913567454 profile2
570 143.498344 -2.64719795039929 profile2
571 143.501132 -2.66286076989537 profile2
572 143.521072 -2.67215803598183 profile2
573 143.53778 -2.69404229652625 profile2
574 143.554489 -2.69456655368556 profile2
575 143.570345 -2.6749562340308 profile2
576 143.571477 -2.64739448808828 profile2
577 143.572611 -2.61617633506327 profile2
578 143.574439 -2.58695411816859 profile2
579 143.699438 -2.51063668291592 profile2
580 143.824436 -2.37063650240061 profile2
581 143.915168 -2.32038072944968 profile2
582 143.920616 -2.37595556824277 profile2
583 143.926063 -2.44141595615838 profile2
584 143.93182 -2.50070039699955 profile2
585 143.935901 -2.58493917685239 profile2
586 143.939982 -2.69368761775046 profile2
587 143.944917 -2.82546773912411 profile2
588 143.975668 -2.97788212462694 profile2
589 144.013221 -3.01473610667162 profile2
590 144.051716 -3.0272975492977 profile2
591 144.090211 -3.03378683845332 profile2
592 144.128706 -3.04232458785253 profile2
593 144.167202 -3.04991067532348 profile2
594 144.176428 -3.05705181940675 profile2
595 144.180816 -3.06420987550784 profile2
596 144.185205 -3.07133060689531 profile2
597 144.348163 -2.65602516333095 profile2
598 144.361337 -2.4014254469857 profile2
599 144.363468 -2.22946079726196 profile2
600 144.365599 -2.07351887092264 profile2
601 144.367577 -1.87188151416283 profile2
602 144.375504 -1.64590287895965 profile2
603 144.385418 -1.44374607140162 profile2
604 144.395332 -1.26898087619871 profile2
605 144.407236 -1.14861121609853 profile2
606 144.411293 -1.0498478567557 profile2
607 144.415349 -0.952701326100397 profile2
608 144.419405 -0.857513472305537 profile2
609 144.423461 -0.764599801078894 profile2
610 144.427517 -0.684692973895251 profile2
611 144.431573 -0.609119726821236 profile2
612 144.437408 -0.537356228703132 profile2
613 144.440911 -0.490839650873998 profile2
614 144.442944 -0.449622318898917 profile2
615 144.444976 -0.389648988488169 profile2
616 144.447008 -0.317478499339687 profile2
617 144.44904 -0.254204388252052 profile2
618 144.454745 -0.217406361186361 profile2
619 144.498681 -0.185527016937257 profile2
620 144.558267 -0.154231688356805 profile2
621 144.587405 -0.0753460580841478 profile2
622 144.587686 0.03565292734272 profile2
623 144.587968 0.145358364034571 profile2
624 144.617027 0.221559417795005 profile2
625 144.705848 0.230782091130355 profile2
626 144.716797 0.257345046296066 profile2
627 144.727745 0.28325854972764 profile2
628 144.897381 0.283244778476576 profile2
629 144.903395 0.271937032376981 profile2
630 144.909409 0.252312306784273 profile2
631 144.916914 0.224318416893926 profile2
632 144.947844 0.199333265512058 profile2
633 144.978774 0.169509528357566 profile2
634 145.106694 -0.120497638972957 profile2
635 145.224788 -0.060567573857352 profile2
636 145.342881 -0.0272497707779573 profile2
637 145.729503 -0.717850885173119 profile2
638 145.916546 -0.948423503463786 profile2
639 146.10359 -1.03897595863283 profile2
640 146.240909 -1.01349224509481 profile2
641 146.283615 -1.41230619733566 profile2
642 146.304543 -1.34987263743115 profile2
643 146.314537 -1.29538722735564 profile2
644 146.319976 -1.24962072827072 profile2
645 146.322338 -1.2132193775074 profile2
646 146.3247 -1.18667845727108 profile2
647 146.327062 -1.17032183811079 profile2
648 146.329424 -1.16428898109547 profile2
649 146.331786 -1.16853252932149 profile2
650 146.334148 -1.18282338542183 profile2
651 146.33651 -1.47855228519062 profile2
652 146.643419 -1.85720139634044 profile2
653 146.654632 -1.79787361695189 profile2
654 146.665844 -1.74186073883829 profile2
655 146.677056 -1.71251234994119 profile2
656 146.688269 -1.8592716649954 profile2
657 146.69133 -2.17195342178361 profile2
658 146.694026 -2.5447874963936 profile2
659 146.696722 -2.94435402327609 profile2
660 146.699418 -3.32466593061754 profile2
661 146.702114 -3.64056584401665 profile2
662 146.70481 -3.69407666067369 profile2
663 146.707507 -3.69344449927057 profile2
664 146.710838 -3.69418324937931 profile2
665 146.716274 -3.6962708780654 profile2
666 146.72171 -3.6996792437812 profile2
667 146.727146 -3.70437438036377 profile2
668 146.734615 -3.70234889436345 profile2
669 146.80381 -3.70136354044062 profile2
670 146.862885 -3.64581533598827 profile2
671 146.863965 -3.55255554854562 profile2
672 146.865044 -3.46897055995068 profile2
673 146.87452 -3.40063262349372 profile2
674 146.889753 -3.35318159750696 profile2
675 146.904986 -3.3227222289089 profile2
676 147.064187 -3.43187930484612 profile2
677 147.069549 -3.64321107191876 profile2
678 147.074911 -3.90746378319252 profile2
679 147.080273 -4.20964312306675 profile2
680 147.089309 -4.4351560697796 profile2
681 147.114764 -4.52361245842415 profile2
682 147.137425 -4.54016364341691 profile2
683 147.157965 -4.52298694312287 profile2
684 147.178504 -4.49427511699284 profile2
685 147.221814 -4.38693198127157 profile2
686 147.253583 -4.44609068338413 profile2
687 147.272554 -4.45938831478195 profile2
688 147.275576 -4.47043648244955 profile2
689 147.278599 -4.48610166593836 profile2
690 147.281622 -4.50139710567621 profile2
691 147.284644 -4.51936377642575 profile2
692 147.286194 -4.5397370760273 profile2
693 147.286753 -4.56218683272154 profile2
694 147.287312 -4.58633407336509 profile2
695 147.287872 -4.61177150353254 profile2
696 147.290648 -4.64646203149634 profile2
697 147.299484 -4.69161752500892 profile2
698 147.327447 -4.73879307788316 profile2
699 147.35561 -4.71227948384085 profile2
700 147.383773 -4.03095583407988 profile2
701 147.397845 -4.01600577419568 profile2
702 147.402328 -4.00176132150173 profile2
703 147.406811 -3.9878551381976 profile2
704 147.411546 -3.97485088104513 profile2
705 147.442387 -3.96263010424605 profile2
706 147.535843 -3.95509364475587 profile2
707 147.551736 -4.12870909503324 profile2
708 147.555599 -4.39555552307786 profile2
709 147.559461 -4.55585453773361 profile2
710 147.563362 -4.66742691551154 profile2
711 147.583398 -4.66206201983675 profile2
712 147.602453 -4.70678416749173 profile2
713 147.621507 -4.74992892587504 profile2
714 147.682611 -4.75696028859205 profile2
715 147.68996 -4.7484660767353 profile2
716 147.695588 -4.71210945221451 profile2
717 147.701215 -4.66570820236203 profile2
718 147.706843 -4.61404491712697 profile2
719 147.719435 -4.56354254045788 profile2
720 147.737975 -4.56900120681818 profile2
721 147.751499 -4.56911315839258 profile2
722 147.760277 -4.56076138923543 profile2
723 147.769056 -4.54532054441181 profile2
724 147.777834 -4.53047237648743 profile2
725 147.786613 -4.45244033124073 profile2
726 147.795391 -4.40987411238212 profile2
727 147.816836 -4.25447047724724 profile2
728 147.850698 -4.02913413630238 profile2
729 147.88456 -3.71309316750116 profile2
730 147.914702 -3.5875601693328 profile2
731 147.91491 -3.50479648425402 profile2
732 147.915116 -3.42799103308261 profile2
733 147.915322 -3.35826046554043 profile2
734 147.915527 -3.29652668635128 profile2
735 147.915733 -3.24346812546637 profile2
736 147.916803 -3.19978636750967 profile2
737 147.923623 -3.16581168741543 profile2
738 147.930444 -3.15111411436558 profile2
739 147.937264 -3.13845005352712 profile2
740 147.944084 -3.1461849815338 profile2
741 147.949324 -3.16270329091952 profile2
742 147.953121 -3.21947874061597 profile2
743 147.956917 -3.31898445908588 profile2
744 147.960714 -3.438972701912 profile2
745 147.964511 -3.57594137670179 profile2
746 147.968307 -3.61496945501398 profile2
747 147.973733 -3.59348386601729 profile2
748 147.982072 -3.55716186917164 profile2
749 147.982175 -3.52976928492222 profile2
750 147.982278 -3.50649519004239 profile2
751 147.986316 -3.43439355504024 profile2
752 147.986987 -3.20742608298906 profile2
753 147.987657 -3.02275434249704 profile2
754 147.988327 -2.89336442513594 profile2
755 147.988998 -2.82635156975032 profile2
756 147.989668 -2.8123371116555 profile2
757 148.006053 -2.79524643566122 profile2
758 148.013144 -2.74576878591339 profile2
759 148.020236 -2.70436933331369 profile2
760 148.027327 -2.67277622001406 profile2
761 148.033269 -2.65245536829283 profile2
762 148.037078 -2.64449626613629 profile2
763 148.040918 -2.69733786789532 profile2
764 148.046494 -2.7649485889513 profile2
765 148.05207 -2.83976862143131 profile2
766 148.180347 -2.92326697471759 profile2
767 148.183086 -3.01179789883957 profile2
768 148.185825 -3.10662487574528 profile2
769 148.188563 -3.20330800015083 profile2
770 148.191302 -3.18661786881973 profile2
771 148.194041 -3.1926211814689 profile2
772 148.19678 -3.20140779926174 profile2
773 148.200032 -3.18320941668277 profile2
774 148.204884 -3.16845230221095 profile2
775 148.213021 -3.16534987532996 profile2
776 148.213171 -3.22806527136672 profile2
777 148.213321 -3.29342557567738 profile2
778 148.326473 -3.33105038668525 profile2
779 148.333368 -3.15942250185651 profile2
780 148.340263 -3.04421912803993 profile2
781 148.347157 -2.96060923745446 profile2
782 148.354052 -2.94500945823709 profile2
783 148.362946 -2.92904877484129 profile2
784 148.380016 -2.90399214725461 profile2
785 148.403283 -2.89055835797657 profile2
786 148.42655 -2.93448631297825 profile2
787 148.430037 -2.97649191521818 profile2
788 148.4319 -3.01763952793856 profile2
789 148.433763 -3.05771993181529 profile2
790 148.435626 -3.29704947770214 profile2
791 148.437489 -3.64364215690881 profile2
792 148.439352 -3.70454710232661 profile2
793 148.441214 -3.65171315460293 profile2
794 148.443077 -3.60308534494157 profile2
795 148.44494 -3.56654085253288 profile2
796 148.446803 -3.5490887453538 profile2
797 148.453459 -3.56323251909169 profile2
798 148.477993 -3.6013111784489 profile2
799 148.493526 -3.65750460041275 profile2
800 148.493644 -3.71514525975879 profile2
801 148.493762 -3.77261738696894 profile2
802 148.502187 -3.76978751893633 profile2
803 148.624196 -3.95956261271949 profile2
804 148.648833 -3.91376431628345 profile2
805 148.673469 -3.84091357033383 profile2
806 148.812084 -3.85815706128875 profile2
807 148.815025 -3.90147807455441 profile2
