marker_position lod trace
1 142.490795 -4.38807763639468 pleio
2 142.517426 -4.34258547443225 pleio
3 142.560149 -4.28733621783474 pleio
4 142.602873 -4.2319154498739 pleio
5 142.64402 -4.17588836368348 pleio
6 142.685103 -4.13461058553045 pleio
7 142.726186 -4.08298910626907 pleio
8 142.767269 -4.02769131536288 pleio
9 142.808353 -3.9744426079358 pleio
10 142.849436 -3.92853097539039 pleio
11 142.876943 -3.88448479673702 pleio
12 142.880371 -3.84215680452864 pleio
13 142.883799 -3.80156082943139 pleio
14 142.904956 -3.76153326917231 pleio
15 142.989329 -4.00243599822491 pleio
16 143.073701 -4.00453488582794 pleio
17 143.155273 -3.88416446599724 pleio
18 143.159416 -3.71343820666047 pleio
19 143.163559 -3.53473436460156 pleio
20 143.167702 -3.35052112951477 pleio
21 143.171846 -3.16381069578216 pleio
22 143.175989 -2.97959782653972 pleio
23 143.180132 -2.80272964330916 pleio
24 143.240265 -2.62815067551055 pleio
25 143.324863 -2.50772578931166 pleio
26 143.409462 -2.37225095269462 pleio
27 143.484637 -2.23134436744703 pleio
28 143.487347 -2.11193593260952 pleio
29 143.490056 -2.07056657716238 pleio
30 143.492766 -2.03290537985825 pleio
31 143.495555 -1.99896287120452 pleio
32 143.498344 -1.96872527684614 pleio
33 143.501132 -1.93261038789637 pleio
34 143.521072 -1.94253213155365 pleio
35 143.53778 -2.00940028995137 pleio
36 143.554489 -2.10411917504932 pleio
37 143.570345 -2.24218956023604 pleio
38 143.571477 -2.42096697510466 pleio
39 143.572611 -2.64163855651924 pleio
40 143.574439 -2.90188869871433 pleio
41 143.699438 -2.8959803771734 pleio
42 143.824436 -3.06460883236309 pleio
43 143.915168 -2.90130754392035 pleio
44 143.920616 -2.78011142187777 pleio
45 143.926063 -2.67838290220461 pleio
46 143.93182 -2.64013666447492 pleio
47 143.935901 -2.53309481265217 pleio
48 143.939982 -2.46556724082545 pleio
49 143.944917 -2.43852780339867 pleio
50 143.975668 -2.45205479173241 pleio
51 144.013221 -2.48014967317421 pleio
52 144.051716 -2.50792417339113 pleio
53 144.090211 -2.51102430046296 pleio
54 144.128706 -2.50300478300235 pleio
55 144.167202 -2.49543684487721 pleio
56 144.176428 -2.48824948069891 pleio
57 144.180816 -2.48136567586586 pleio
58 144.185205 -2.47476429181947 pleio
59 144.348163 -1.94715854484969 pleio
60 144.361337 -1.84000885048301 pleio
61 144.363468 -1.47467880836576 pleio
62 144.365599 -1.17631354088396 pleio
63 144.367577 -1.08239356277881 pleio
64 144.375504 -1.05723132623403 pleio
65 144.385418 -1.06971057790536 pleio
66 144.395332 -1.12165383351838 pleio
67 144.407236 -1.16542675626094 pleio
68 144.411293 -1.19176433165247 pleio
69 144.415349 -1.22251750840851 pleio
70 144.419405 -1.2575558842995 pleio
71 144.423461 -1.29671080019088 pleio
72 144.427517 -1.3793073286125 pleio
73 144.431573 -1.47681692419321 pleio
74 144.437408 -1.5710291906216 pleio
75 144.440911 -1.60588229858495 pleio
76 144.442944 -1.64519576245429 pleio
77 144.444976 -1.68369567844217 pleio
78 144.447008 -1.72694290571754 pleio
79 144.44904 -1.78043233656361 pleio
80 144.454745 -1.79018924263245 pleio
81 144.498681 -1.80489254856814 pleio
82 144.558267 -1.81135963573649 pleio
83 144.587405 -1.78454342894588 pleio
84 144.587686 -1.77203205297646 pleio
85 144.587968 -1.76287929463539 pleio
86 144.617027 -1.74307345928115 pleio
87 144.705848 -1.7700115580284 pleio
88 144.716797 -1.81151328001342 pleio
89 144.727745 -1.78092711622358 pleio
90 144.897381 -1.78114029705439 pleio
91 144.903395 -1.79693586861572 pleio
92 144.909409 -1.82044677770416 pleio
93 144.916914 -1.85159294708744 pleio
94 144.947844 -1.88218520700341 pleio
95 144.978774 -1.91620693900559 pleio
96 145.106694 -1.9224012578386 pleio
97 145.224788 -1.88383010429586 pleio
98 145.342881 -1.81234455712541 pleio
99 145.729503 -3.02013995811811 pleio
100 145.916546 -3.2913313430319 pleio
101 146.10359 -3.27420180728355 pleio
102 146.240909 -3.25035090646249 pleio
103 146.283615 -3.15279110273861 pleio
104 146.304543 -3.13374504186726 pleio
105 146.314537 -3.12190707484084 pleio
106 146.319976 -3.11730891661147 pleio
107 146.322338 -3.11990211882269 pleio
108 146.3247 -3.12955966562113 pleio
109 146.327062 -3.14608438165652 pleio
110 146.329424 -3.16921480120855 pleio
111 146.331786 -3.19863899483853 pleio
112 146.334148 -3.23400352127742 pleio
113 146.33651 -3.16194681103656 pleio
114 146.643419 -3.22441320150689 pleio
115 146.654632 -3.1338005929407 pleio
116 146.665844 -3.05244544260921 pleio
117 146.677056 -2.95906946037528 pleio
118 146.688269 -2.77700749589517 pleio
119 146.69133 -2.48295223352553 pleio
120 146.694026 -2.16509084888318 pleio
121 146.696722 -1.8465673988414 pleio
122 146.699418 -1.55718134746668 pleio
123 146.702114 -1.32464478939631 pleio
124 146.70481 -1.29333833859917 pleio
125 146.707507 -1.30515948046263 pleio
126 146.710838 -1.32437162726679 pleio
127 146.716274 -1.35083152902012 pleio
128 146.72171 -1.38430316047349 pleio
129 146.727146 -1.42446700361343 pleio
130 146.734615 -1.48521310624484 pleio
131 146.80381 -1.55311258711009 pleio
132 146.862885 -1.67441413045695 pleio
133 146.863965 -1.77163027798973 pleio
134 146.865044 -1.905994729053 pleio
135 146.87452 -2.07613643066255 pleio
136 146.889753 -2.21937150389686 pleio
137 146.904986 -2.23178353583202 pleio
138 147.064187 -2.02315761532343 pleio
139 147.069549 -1.69453600912456 pleio
140 147.074911 -1.45362337591078 pleio
141 147.080273 -1.20704624942955 pleio
142 147.089309 -1.07523050174902 pleio
143 147.114764 -1.12199497973364 pleio
144 147.137425 -1.13789492586336 pleio
145 147.157965 -1.20810123600723 pleio
146 147.178504 -1.49315997651783 pleio
147 147.221814 -0.835420223869691 pleio
148 147.253583 -0.0462790107788938 pleio
149 147.272554 0 pleio
150 147.275576 -0.0653537833176787 pleio
151 147.278599 -0.205634598362589 pleio
152 147.281622 -0.473039923739853 pleio
153 147.284644 -0.786562003615182 pleio
154 147.286194 -1.13840138681592 pleio
155 147.286753 -1.51919364027474 pleio
156 147.287312 -1.91877884979832 pleio
157 147.287872 -2.32700632751511 pleio
158 147.290648 -2.71223165895958 pleio
159 147.299484 -3.07857178565319 pleio
160 147.327447 -3.56454073227136 pleio
161 147.35561 -3.59470567231644 pleio
162 147.383773 -3.47084178495068 pleio
163 147.397845 -3.4518534811921 pleio
164 147.402328 -3.43280949117704 pleio
165 147.406811 -3.41363758285596 pleio
166 147.411546 -3.39376588845951 pleio
167 147.442387 -3.37284086435128 pleio
168 147.535843 -3.35907525588517 pleio
169 147.551736 -3.2102260966024 pleio
170 147.555599 -2.99609893456277 pleio
171 147.559461 -2.96346811577636 pleio
172 147.563362 -3.03205504699589 pleio
173 147.583398 -3.2732999500595 pleio
174 147.602453 -3.40031568733829 pleio
175 147.621507 -3.5154839442063 pleio
176 147.682611 -3.52736619386768 pleio
177 147.68996 -3.52935837517834 pleio
178 147.695588 -3.57444885553298 pleio
179 147.701215 -3.62939516067309 pleio
180 147.706843 -3.72646824394112 pleio
181 147.719435 -3.83044048601148 pleio
182 147.737975 -3.84242645819368 pleio
183 147.751499 -3.81537979822719 pleio
184 147.760277 -3.78820199200404 pleio
185 147.769056 -3.76034389582984 pleio
186 147.777834 -3.73365112851401 pleio
187 147.786613 -4.05781436432674 pleio
188 147.795391 -4.10510699269118 pleio
189 147.816836 -3.88333253455826 pleio
190 147.850698 -3.76171643523899 pleio
191 147.88456 -3.66484652796831 pleio
192 147.914702 -4.21917765707138 pleio
193 147.91491 -4.26074846477097 pleio
194 147.915116 -4.31148221075159 pleio
195 147.915322 -4.37076235822562 pleio
196 147.915527 -4.43777279794074 pleio
197 147.915733 -4.51155099119963 pleio
198 147.916803 -4.5870258282855 pleio
199 147.923623 -4.60220011485682 pleio
200 147.930444 -4.6228960667784 pleio
201 147.937264 -4.64664680944076 pleio
202 147.944084 -4.65954529983499 pleio
203 147.949324 -4.67972873926096 pleio
204 147.953121 -4.70165562306557 pleio
205 147.956917 -4.72677762283353 pleio
206 147.960714 -4.76198592553636 pleio
207 147.964511 -4.8076619559403 pleio
208 147.968307 -4.8589137671753 pleio
209 147.973733 -4.9135202671937 pleio
210 147.982072 -4.95861351072788 pleio
211 147.982175 -4.99437356744161 pleio
212 147.982278 -5.03179131839471 pleio
213 147.986316 -5.04256684364897 pleio
214 147.986987 -4.97272672839426 pleio
215 147.987657 -4.92508097626888 pleio
216 147.988327 -4.9038767207882 pleio
217 147.988998 -4.91053130068197 pleio
218 147.989668 -4.93055764970895 pleio
219 148.006053 -4.91539856262619 pleio
220 148.013144 -4.87230183796344 pleio
221 148.020236 -4.83971852161027 pleio
222 148.027327 -4.81839491011156 pleio
223 148.033269 -4.80873105237419 pleio
224 148.037078 -4.81073087338529 pleio
225 148.040918 -4.94439106250941 pleio
226 148.046494 -5.09037382462494 pleio
227 148.05207 -5.27641494977127 pleio
228 148.180347 -5.48936713545209 pleio
229 148.183086 -5.61071179618442 pleio
230 148.185825 -5.73434021645784 pleio
231 148.188563 -5.85220598226138 pleio
232 148.191302 -5.67551288979117 pleio
233 148.194041 -5.49189711404342 pleio
234 148.19678 -5.40338207796433 pleio
235 148.200032 -5.48455566949316 pleio
236 148.204884 -5.56905827657946 pleio
237 148.213021 -5.66439379005713 pleio
238 148.213171 -5.82734966827574 pleio
239 148.213321 -5.99748008085241 pleio
240 148.326473 -6.15015517642957 pleio
241 148.333368 -6.14910699286002 pleio
242 148.340263 -6.19638024230073 pleio
243 148.347157 -6.23584928031505 pleio
244 148.354052 -6.25548068119797 pleio
245 148.362946 -6.27171152447595 pleio
246 148.380016 -6.27485906407437 pleio
247 148.403283 -6.25695576755147 pleio
248 148.42655 -6.26906991123987 pleio
249 148.430037 -6.34782685053291 pleio
250 148.4319 -6.43012297991974 pleio
251 148.433763 -6.51523303148237 pleio
252 148.435626 -6.5463046602695 pleio
253 148.437489 -6.67254383067263 pleio
254 148.439352 -6.78248434928153 pleio
255 148.441214 -6.85128434658508 pleio
256 148.443077 -6.92118400850271 pleio
257 148.44494 -6.99085635012532 pleio
258 148.446803 -7.05930383061761 pleio
259 148.453459 -7.10120571623893 pleio
260 148.477993 -7.11626458208772 pleio
261 148.493526 -7.11667166705121 pleio
262 148.493644 -7.11471699389562 pleio
263 148.493762 -7.11204016910495 pleio
264 148.502187 -7.14999018035316 pleio
265 148.624196 -7.29432617185555 pleio
266 148.648833 -7.50045874835698 pleio
267 148.673469 -8.02543738317045 pleio
268 148.812084 -8.02419673618118 pleio
269 148.815025 -8.048969232153 pleio
270 142.602873 -0.0376243554956904 profile1
271 142.64402 -0.0155426963633096 profile1
272 142.685103 0.0162858014969398 profile1
273 142.726186 0.0355310874964325 profile1
274 142.767269 0.0505885957531062 profile1
275 142.808353 0.0668538090970847 profile1
276 142.849436 0.0911911679519541 profile1
277 142.876943 0.112215406962866 profile1
278 142.880371 0.130136986731447 profile1
279 142.883799 0.144949585165584 profile1
280 142.904956 0.156065066304778 profile1
281 143.073701 -0.0953967259691685 profile1
282 143.155273 -0.0321928474417027 profile1
283 143.159416 0.0815153057272775 profile1
284 143.163559 0.136258450339204 profile1
285 143.824436 -0.933828162954332 profile1
286 143.939982 -0.893866013313004 profile1
287 143.944917 -1.0367664149283 profile1
288 143.975668 -1.20321609713665 profile1
289 144.013221 -1.22492506483964 profile1
290 144.051716 -1.21800065901459 profile1
291 144.090211 -1.21843426529216 profile1
292 144.128706 -1.22055520238747 profile1
293 144.167202 -1.22239165178245 profile1
294 144.176428 -1.22414879799159 profile1
295 144.180816 -1.22600373612932 profile1
296 144.185205 -1.22790568355672 profile1
297 144.348163 -0.916599100409243 profile1
298 144.361337 -0.872518013069149 profile1
299 144.363468 -0.707826370712423 profile1
300 144.365599 -0.617970698794234 profile1
301 144.367577 -0.672559896876306 profile1
302 144.375504 -0.77164068378655 profile1
303 144.385418 -0.893888214256322 profile1
304 144.395332 -1.03864621675309 profile1
305 144.407236 -1.11142383009439 profile1
306 144.411293 -1.13334058207526 profile1
307 144.415349 -1.15589960830449 profile1
308 144.419405 -1.17894958754603 profile1
309 144.423461 -1.20233406920363 profile1
310 144.427517 -1.25437714322221 profile1
311 144.431573 -1.31293307910808 profile1
312 144.437408 -1.36559195269982 profile1
313 144.440911 -1.37887831352287 profile1
314 144.442944 -1.39088100879967 profile1
315 144.444976 -1.41453458020749 profile1
316 144.447008 -1.45200114299621 profile1
317 144.44904 -1.49389778957696 profile1
318 144.454745 -1.53316627295529 profile1
319 144.498681 -1.57618748682264 profile1
320 144.558267 -1.61152690226928 profile1
321 144.587405 -1.63319733603509 profile1
322 144.587686 -1.67621133440848 profile1
323 144.587968 -1.72019720160693 profile1
324 144.617027 -1.74307345928115 profile1
325 144.705848 -1.75932664077938 profile1
326 144.716797 -1.76066120549023 profile1
327 144.727745 -1.77222948011015 profile1
328 144.897381 -1.77368608236186 profile1
329 144.903395 -1.77461030393094 profile1
330 144.909409 -1.77853606518839 profile1
331 144.916914 -1.78546173152345 profile1
332 144.947844 -1.79028969310882 profile1
333 144.978774 -1.79704476663314 profile1
334 145.224788 -1.8320854638734 profile1
335 145.342881 -1.79180206923594 profile1
336 145.729503 -2.06992445551074 profile1
337 145.916546 -2.12109699559807 profile1
338 146.10359 -2.11507603719353 profile1
339 146.240909 -2.14709409843365 profile1
340 146.283615 -2.03540257820007 profile1
341 146.304543 -2.00767227121168 profile1
342 146.314537 -1.98408184205714 profile1
343 146.319976 -1.96500604238707 profile1
344 146.322338 -1.95077126540049 profile1
345 146.3247 -1.9416428916478 profile1
346 146.327062 -1.93781710512595 profile1
347 146.329424 -1.93941136922603 profile1
348 146.331786 -1.94646429018102 profile1
349 146.334148 -1.95893332957691 profile1
350 146.33651 -1.87873943838825 profile1
351 146.643419 -1.89883037619674 profile1
352 146.654632 -1.83076937926247 profile1
353 146.665844 -1.76403975902791 profile1
354 146.677056 -1.67040307174094 profile1
355 146.688269 -1.39599319316039 profile1
356 146.69133 -0.983564223282831 profile1
357 146.694026 -0.530203739091616 profile1
358 146.696722 -0.067016348452715 profile1
359 146.699418 0.365800122142882 profile1
360 146.702114 0.731087079576557 profile1
361 146.70481 0.801669288384113 profile1
362 146.707507 0.8041130287137 profile1
363 146.710838 0.798753004038256 profile1
364 146.716274 0.785751639391979 profile1
365 146.72171 0.765368143507871 profile1
366 146.727146 0.737948549804892 profile1
367 146.734615 0.695820222057765 profile1
368 146.80381 0.661454769435532 profile1
369 146.862885 0.616474570768656 profile1
370 146.863965 0.574826846821616 profile1
371 146.865044 0.504693724550438 profile1
372 146.87452 0.404510371264157 profile1
373 146.889753 0.306599920260387 profile1
374 146.904986 0.295733789184533 profile1
375 147.064187 0.418034121537662 profile1
376 147.069549 0.53218033245973 profile1
377 147.074911 0.59505452258298 profile1
378 147.080273 0.686344768359312 profile1
379 147.089309 0.672384939801742 profile1
380 147.114764 0.513104339383032 profile1
381 147.137425 0.473955223886374 profile1
382 147.157965 0.439236479051494 profile1
383 147.178504 0.356237872631343 profile1
384 142.989329 -0.0714762775008225 profile1
385 143.167702 0.133167041620206 profile1
386 143.171846 0.134576955611353 profile1
387 143.175989 0.139239311237433 profile1
388 143.180132 0.147019334411168 profile1
389 143.240265 0.17505841518569 profile1
390 143.324863 0.282085990714627 profile1
391 143.409462 0.29719547836461 profile1
392 143.484637 0.315288878425399 profile1
393 143.487347 0.331607838020444 profile1
394 143.490056 0.317011858755237 profile1
395 143.492766 0.300154092249145 profile1
396 143.495555 0.281102389219039 profile1
397 143.498344 0.259934498735905 profile1
398 143.501132 0.239599828656829 profile1
399 143.521072 0.192152467222029 profile1
400 143.53778 0.110792346320462 profile1
401 143.554489 -0.0247807390913878 profile1
402 143.570345 -0.204317893596803 profile1
403 143.571477 -0.407872112251468 profile1
404 143.572611 -0.633356526383651 profile1
405 143.574439 -0.877602323103059 profile1
406 143.699438 -0.952126854824389 profile1
407 143.915168 -0.629191101219506 profile1
408 143.920616 -0.643178963918416 profile1
409 143.926063 -0.663938935784354 profile1
410 143.93182 -0.696285287129641 profile1
411 143.935901 -0.778972347164341 profile1
412 145.106694 -1.88787080968914 profile1
413 142.490795 -0.111240405766781 profile1
414 142.517426 -0.0880024820837211 profile1
415 142.560149 -0.0618877193839748 profile1
416 147.221814 0.938288471581381 profile1
417 147.253583 1.07022505457228 profile1
418 147.272554 1.16440956095204 profile1
419 147.275576 1.22736736788871 profile1
420 147.278599 1.22898370921015 profile1
421 147.281622 1.05660589322906 profile1
422 147.284644 0.847990151495749 profile1
423 147.286194 0.607984981616878 profile1
424 147.286753 0.342735693662678 profile1
425 147.287312 0.0591655546354659 profile1
426 147.287872 -0.235592160624122 profile1
427 147.290648 -0.530487234203494 profile1
428 147.299484 -0.822028608103389 profile1
429 147.327447 -1.02179346229275 profile1
430 147.35561 -1.05873228373825 profile1
431 147.383773 -0.989435760427299 profile1
432 147.397845 -0.99974527460381 profile1
433 147.402328 -1.0102662498717 profile1
434 147.406811 -1.02094751628854 profile1
435 147.411546 -1.03202558558705 profile1
436 147.442387 -1.04337986839145 profile1
437 147.535843 -1.04402145163303 profile1
438 147.551736 -0.803416703854395 profile1
439 147.555599 -0.465245834429307 profile1
440 147.559461 -0.345834746799752 profile1
441 147.563362 -0.336817081754507 profile1
442 147.583398 -0.34868540589859 profile1
443 147.602453 -0.371904043276175 profile1
444 147.621507 -0.417453069177884 profile1
445 147.682611 -0.438328155759205 profile1
446 147.68996 -0.475722178907497 profile1
447 147.695588 -0.575187729537736 profile1
448 147.701215 -0.683744919783486 profile1
449 147.706843 -0.77525491477734 profile1
450 147.719435 -0.821920544548367 profile1
451 147.737975 -0.858979627981106 profile1
452 147.751499 -0.853260524787342 profile1
453 147.760277 -0.853869281249227 profile1
454 147.769056 -0.860231990003981 profile1
455 147.777834 -0.866953699602609 profile1
456 147.786613 -1.01355972482562 profile1
457 147.795391 -0.701832945596314 profile1
458 147.816836 -0.534240179828547 profile1
459 147.850698 -0.521632855866692 profile1
460 147.88456 -0.552173837701566 profile1
461 147.914702 -1.12704011343382 profile1
462 147.91491 -1.18091314572969 profile1
463 147.915116 -1.23946588535504 profile1
464 147.915322 -1.30203244418736 profile1
465 147.915527 -1.36782607197363 profile1
466 147.915733 -1.43599445626211 profile1
467 147.916803 -1.50318852750283 profile1
468 147.923623 -1.53145883937627 profile1
469 147.930444 -1.55953411149602 profile1
470 147.937264 -1.58815090487338 profile1
471 147.944084 -1.53940985627278 profile1
472 147.949324 -1.46978981352718 profile1
473 147.953121 -1.38303015814475 profile1
474 147.956917 -1.29491958212912 profile1
475 147.960714 -1.22574886990551 profile1
476 147.964511 -1.1786032551094 profile1
477 147.968307 -1.18050461436866 profile1
478 147.973733 -1.2041879985734 profile1
479 147.982072 -1.23178254340078 profile1
480 147.982175 -1.26117407331157 profile1
481 147.982278 -1.29293389971139 profile1
482 147.986316 -1.29570427410711 profile1
483 147.986987 -1.19533322240607 profile1
484 147.987657 -1.09701869406017 profile1
485 147.988327 -1.00671915895022 profile1
486 147.988998 -0.930762362828588 profile1
487 147.989668 -0.877568697332116 profile1
488 148.006053 -0.851031553743229 profile1
489 148.013144 -0.868714161351984 profile1
490 148.020236 -0.891014619689693 profile1
491 148.027327 -0.917250436735367 profile1
492 148.033269 -0.946560856537681 profile1
493 148.037078 -0.977952687262298 profile1
494 148.040918 -1.10595093821116 profile1
495 148.046494 -1.25009809497302 profile1
496 148.05207 -1.41074993289567 profile1
497 148.180347 -1.577637289406 profile1
498 148.183086 -1.66138490301827 profile1
499 148.185825 -1.74598577448784 profile1
500 148.188563 -1.82973932587629 profile1
501 148.191302 -1.87563338922953 profile1
502 148.194041 -1.9386433663955 profile1
503 148.19678 -2.00933215418727 profile1
504 148.200032 -2.07145146441752 profile1
505 148.204884 -2.13588644201027 profile1
506 148.213021 -2.20614838411413 profile1
507 148.213171 -2.30787353751763 profile1
508 148.213321 -2.40912830902897 profile1
509 148.326473 -2.50322309343935 profile1
510 148.333368 -2.59512982526958 profile1
511 148.340263 -2.61222399860799 profile1
512 148.347157 -2.6282196606093 profile1
513 148.354052 -2.64231291183309 profile1
514 148.362946 -2.65553784494107 profile1
515 148.380016 -2.66575312225702 profile1
516 148.403283 -2.66940424231712 profile1
517 148.42655 -2.69698549899192 profile1
518 148.430037 -2.76871209442575 profile1
519 148.4319 -2.84277359159373 profile1
520 148.433763 -2.91860312114299 profile1
521 148.435626 -2.90713284204619 profile1
522 148.437489 -2.95611900349506 profile1
523 148.439352 -3.02956279481914 profile1
524 148.441214 -3.09012282333561 profile1
525 148.443077 -3.15397781016277 profile1
526 148.44494 -3.21973467656792 profile1
527 148.446803 -3.28591448318612 profile1
528 148.453459 -3.33113786801357 profile1
529 148.477993 -3.3542893685057 profile1
530 148.493526 -3.35930441460414 profile1
531 148.493644 -3.36118824824705 profile1
532 148.493762 -3.36190705705604 profile1
533 148.502187 -3.42105545421962 profile1
534 148.624196 -3.45181295097835 profile1
535 148.648833 -3.50428934579536 profile1
536 148.673469 -3.88698003406763 profile1
537 148.812084 -3.81610536323175 profile1
538 148.815025 -3.83604475189959 profile1
539 142.490795 -3.91393563897178 profile2
540 142.517426 -3.88545332429643 profile2
541 142.560149 -3.85190718984643 profile2
542 142.602873 -3.81565648185463 profile2
543 142.64402 -3.77641336925467 profile2
544 142.685103 -3.75244420858078 profile2
545 142.726186 -3.71281356100332 profile2
546 142.767269 -3.66786134145697 profile2
547 142.808353 -3.6250631668685 profile2
548 142.849436 -3.59444790078673 profile2
549 142.876943 -3.56324907716592 profile2
550 142.880371 -3.53150268952816 profile2
551 142.883799 -3.49923521554151 profile2
552 142.904956 -3.46487245007666 profile2
553 142.989329 -3.52421634255746 profile2
554 143.073701 -3.51142439384699 profile2
555 143.155273 -3.45151373977597 profile2
556 143.159416 -3.39195150549964 profile2
557 143.163559 -3.25801495171671 profile2
558 143.167702 -3.04988058700395 profile2
559 143.171846 -2.84291060117824 profile2
560 143.175989 -2.64284979020084 profile2
561 143.180132 -2.45515600760706 profile2
562 143.240265 -2.28186367242983 profile2
563 143.324863 -2.19294117134484 profile2
564 143.409462 -2.04939209289348 profile2
565 143.484637 -1.92673287067957 profile2
566 143.487347 -1.82714121369478 profile2
567 143.490056 -1.76919462281259 profile2
568 143.492766 -1.71336476002171 profile2
569 143.495555 -1.65971400919928 profile2
570 143.498344 -1.60828461942321 profile2
571 143.501132 -1.55101723129557 profile2
572 143.521072 -1.51068771190576 profile2
573 143.53778 -1.4909798697769 profile2
574 143.554489 -1.43202318611976 profile2
575 143.570345 -1.36889570665317 profile2
576 143.571477 -1.32689123291645 profile2
577 143.572611 -1.31080650927404 profile2
578 143.574439 -1.32241209911684 profile2
579 143.699438 -1.2382302347009 profile2
580 143.824436 -1.36100778210058 profile2
581 143.915168 -1.44648850995093 profile2
582 143.920616 -1.28139825153936 profile2
583 143.926063 -1.13075942057038 profile2
584 143.93182 -1.04475726877177 profile2
585 143.935901 -0.845009626805683 profile2
586 143.939982 -0.658743565080221 profile2
587 143.944917 -0.49182410881023 profile2
588 143.975668 -0.350500862409734 profile2
589 144.013221 -0.363754001179069 profile2
590 144.051716 -0.403370928067059 profile2
591 144.090211 -0.406720353420913 profile2
592 144.128706 -0.39507794993537 profile2
593 144.167202 -0.384208894596542 profile2
594 144.176428 -0.373834167165256 profile2
595 144.180816 -0.363699774206176 profile2
596 144.185205 -0.353877300604662 profile2
597 144.348163 -0.109760487406116 profile2
598 144.361337 -0.0412813582353578 profile2
599 144.363468 0.25366228994582 profile2
600 144.365599 0.549971218152443 profile2
601 144.367577 0.741336765833434 profile2
602 144.375504 0.891951905857434 profile2
603 144.385418 1.02064239935585 profile2
604 144.395332 1.12415740596238 profile2
605 144.407236 1.15324484885164 profile2
606 144.411293 1.14559910230295 profile2
607 144.415349 1.13352311015311 profile2
608 144.419405 1.11703642939007 profile2
609 144.423461 1.09619592661564 profile2
610 144.427517 1.07001239171635 profile2
611 144.431573 1.03641673535921 profile2
612 144.437408 0.997203174330142 profile2
613 144.440911 0.965790754594401 profile2
614 144.442944 0.928036354061133 profile2
615 144.444976 0.906215891433485 profile2
616 144.447008 0.895433528937295 profile2
617 144.44904 0.877355145229868 profile2
618 144.454745 0.910102521219897 profile2
619 144.498681 0.940326122392042 profile2
620 144.558267 0.970752270567449 profile2
621 144.587405 1.02600889716786 profile2
622 144.587686 1.0882673610958 profile2
623 144.587968 1.147257100916 profile2
624 144.617027 1.19500879358944 profile2
625 144.705848 1.1814160405604 profile2
626 144.716797 1.08582160893316 profile2
627 144.727745 1.08260964354573 profile2
628 144.897381 1.07643419362755 profile2
629 144.903395 1.06021543740257 profile2
630 144.909409 1.03759019933513 profile2
631 144.916914 1.0085779182736 profile2
632 144.947844 0.97868955316051 profile2
633 144.978774 0.94641218322024 profile2
634 145.106694 1.10052036485437 profile2
635 145.224788 1.18852554308981 profile2
636 145.342881 1.22898370921015 profile2
637 145.729503 0.249017234242362 profile2
638 145.916546 -0.00622114104279494 profile2
639 146.10359 -0.00375272998506416 profile2
640 146.240909 0.0435433476969915 profile2
641 146.283615 0.0415384436039787 profile2
642 146.304543 0.0395806451668691 profile2
643 146.314537 0.0324678196358867 profile2
644 146.319976 0.0204409436546016 profile2
645 146.322338 0.00380992496013379 profile2
646 146.3247 -0.017057368246568 profile2
647 146.327062 -0.0417502421690147 profile2
648 146.329424 -0.0698314055524192 profile2
649 146.331786 -0.10085411093523 profile2
650 146.334148 -0.134378028045892 profile2
651 146.33651 -0.0872143004812065 profile2
652 146.643419 -0.139806417269753 profile2
653 146.654632 -0.110028372615071 profile2
654 146.665844 -0.0886712057881623 profile2
655 146.677056 -0.0814819978446343 profile2
656 146.688269 -0.148073705660212 profile2
657 146.69133 -0.228131097727597 profile2
658 146.694026 -0.339166684952171 profile2
659 146.696722 -0.479974189313133 profile2
660 146.699418 -0.643530965201997 profile2
661 146.702114 -0.818236399655787 profile2
662 146.70481 -0.868910865507901 profile2
663 146.707507 -0.884442945591674 profile2
664 146.710838 -0.900423400591107 profile2
665 146.716274 -0.916871870699033 profile2
666 146.72171 -0.933800697028729 profile2
667 146.727146 -0.951215084616008 profile2
668 146.734615 -0.974739231713494 profile2
669 146.80381 -1.01422657318584 profile2
670 146.862885 -1.07761915719467 profile2
671 146.863965 -1.12251842005707 profile2
672 146.865044 -1.19064266963212 profile2
673 146.87452 -1.28217241317275 profile2
674 146.889753 -1.35323211065649 profile2
675 146.904986 -1.35784887730402 profile2
676 147.064187 -1.26590272927299 profile2
677 147.069549 -1.07957286473612 profile2
678 147.074911 -0.917758944548317 profile2
679 147.080273 -0.75541415533227 profile2
680 147.089309 -0.605742848820454 profile2
681 147.114764 -0.484047414779203 profile2
682 147.137425 -0.460228320352031 profile2
683 147.157965 -0.47738962124547 profile2
684 147.178504 -0.660293704937722 profile2
685 147.221814 -0.552196145895972 profile2
686 147.253583 0.118232857822942 profile2
687 147.272554 0.0703284450345468 profile2
688 147.275576 -0.0594572174828595 profile2
689 147.278599 -0.205634598362589 profile2
690 147.281622 -0.301742796782128 profile2
691 147.284644 -0.416962036682757 profile2
692 147.286194 -0.547696987315591 profile2
693 147.286753 -0.689716815310037 profile2
694 147.287312 -0.838524661927761 profile2
695 147.287872 -0.989728087865508 profile2
696 147.290648 -1.11295198001554 profile2
697 147.299484 -1.21568820818643 profile2
698 147.327447 -1.53265433942647 profile2
699 147.35561 -1.52627510396575 profile2
700 147.383773 -1.53114079448582 profile2
701 147.397845 -1.50238949390229 profile2
702 147.402328 -1.47336053829701 profile2
703 147.406811 -1.44409070308282 profile2
704 147.411546 -1.41370569405168 profile2
705 147.442387 -1.38195893514317 profile2
706 147.535843 -1.36749981792492 profile2
707 147.551736 -1.49328257189186 profile2
708 147.555599 -1.66105252048261 profile2
709 147.559461 -1.79006506782543 profile2
710 147.563362 -1.9165518830217 profile2
711 147.583398 -2.21129422844632 profile2
712 147.602453 -2.37870420387708 profile2
713 147.621507 -2.50649616741683 profile2
714 147.682611 -2.50900387942575 profile2
715 147.68996 -2.4760461441961 profile2
716 147.695588 -2.42812947544615 profile2
717 147.701215 -2.38474684394724 profile2
718 147.706843 -2.39571654041571 profile2
719 147.719435 -2.46622885416075 profile2
720 147.737975 -2.44716594213245 profile2
721 147.751499 -2.42999239401693 profile2
722 147.760277 -2.40694623728962 profile2
723 147.769056 -2.37807861742006 profile2
724 147.777834 -2.35033980678012 profile2
725 147.786613 -2.56128421533013 profile2
726 147.795391 -2.98842756308504 profile2
727 147.816836 -3.00165210689242 profile2
728 147.850698 -2.88561649864457 profile2
729 147.88456 -2.74128415277266 profile2
730 147.914702 -2.65729125952489 profile2
731 147.91491 -2.65091812708775 profile2
732 147.915116 -2.64905288140354 profile2
733 147.915322 -2.65173456925429 profile2
734 147.915527 -2.65893793001753 profile2
735 147.915733 -2.67056886051795 profile2
736 147.916803 -2.68472728841129 profile2
737 147.923623 -2.67467985646456 profile2
738 147.930444 -2.67006239451299 profile2
739 147.937264 -2.66823777317027 profile2
740 147.944084 -2.74157863726742 profile2
741 147.949324 -2.84711586694448 profile2
742 147.953121 -2.97185253517255 profile2
743 147.956917 -3.10020825751884 profile2
744 147.960714 -3.21858303419109 profile2
745 147.964511 -3.32385892450668 profile2
746 147.968307 -3.38581433510637 profile2
747 147.973733 -3.43073683775227 profile2
748 147.982072 -3.45970689898363 profile2
749 147.982175 -3.47549546234429 profile2
750 147.982278 -3.49051385310669 profile2
751 147.986316 -3.51166571012362 profile2
752 147.986987 -3.57363736207322 profile2
753 147.987657 -3.66409152956276 profile2
754 147.988327 -3.77944179943326 profile2
755 147.988998 -3.91182877080373 profile2
756 147.989668 -4.02379032945093 profile2
757 148.006053 -4.03009636259165 profile2
758 148.013144 -3.97717730685238 profile2
759 148.020236 -3.93067850248152 profile2
760 148.027327 -3.89199366432405 profile2
761 148.033269 -3.86232380303784 profile2
762 148.037078 -3.84258381926444 profile2
763 148.040918 -3.84020348067022 profile2
764 148.046494 -3.82997098158536 profile2
765 148.05207 -3.85430721742147 profile2
766 148.180347 -3.91050064197664 profile2
767 148.183086 -3.96659039602165 profile2
768 148.185825 -4.02484157428454 profile2
769 148.188563 -4.07930153892026 profile2
770 148.191302 -3.90548749090263 profile2
771 148.194041 -3.71007879427334 profile2
772 148.19678 -3.58366447823646 profile2
773 148.200032 -3.60165654946593 profile2
774 148.204884 -3.6205832568049 profile2
775 148.213021 -3.64723261074093 profile2
776 148.213171 -3.72897979230744 profile2
777 148.213321 -3.81820627539436 profile2
778 148.326473 -3.89775242562474 profile2
779 148.333368 -3.8337356364675 profile2
780 148.340263 -3.85407900326658 profile2
781 148.347157 -3.86643537486953 profile2
782 148.354052 -3.86009586431832 profile2
783 148.362946 -3.85145764138647 profile2
784 148.380016 -3.83521790010016 profile2
785 148.403283 -3.81329906973091 profile2
786 148.42655 -3.7967884884253 profile2
787 148.430037 -3.79219831337182 profile2
788 148.4319 -3.78849411486327 profile2
789 148.433763 -3.78562207673872 profile2
790 148.435626 -3.80609543283766 profile2
791 148.437489 -3.83615878393561 profile2
792 148.439352 -3.86525196825057 profile2
793 148.441214 -3.89073018763489 profile2
794 148.443077 -3.91196459182568 profile2
795 148.44494 -3.92843010093574 profile2
796 148.446803 -3.94049313803887 profile2
797 148.453459 -3.94356628127388 profile2
798 148.477993 -3.93914295838726 profile2
799 148.493526 -3.93727566125645 profile2
800 148.493644 -3.93602604789077 profile2
801 148.493762 -3.93507274280894 profile2
802 148.502187 -3.87738281995745 profile2
803 148.624196 -4.00091450313993 profile2
804 148.648833 -4.23796102169538 profile2
805 148.673469 -4.3257132424907 profile2
806 148.812084 -4.29350459774609 profile2
807 148.815025 -4.30307326843226 profile2
