marker_position lod trace
1 142.490795 -7.61637129425804 pleio
2 142.517426 -7.58632831801682 pleio
3 142.560149 -7.5548006272603 pleio
4 142.602873 -7.52200904315809 pleio
5 142.64402 -7.48780893673039 pleio
6 142.685103 -7.36521003875396 pleio
7 142.726186 -7.29854841074857 pleio
8 142.767269 -7.26223222962542 pleio
9 142.808353 -7.22019100959062 pleio
10 142.849436 -7.16199315679124 pleio
11 142.876943 -7.10261907104873 pleio
12 142.880371 -7.0419350286218 pleio
13 142.883799 -6.98027859355024 pleio
14 142.904956 -6.9198023250175 pleio
15 142.989329 -6.81311065901037 pleio
16 143.073701 -6.73979864845372 pleio
17 143.155273 -6.67747545973653 pleio
18 143.159416 -6.60644114579318 pleio
19 143.163559 -6.51992700431433 pleio
20 143.167702 -6.42019768419163 pleio
21 143.171846 -6.32886805927105 pleio
22 143.175989 -6.24809252760256 pleio
23 143.180132 -6.17931207263022 pleio
24 143.240265 -6.08581434244399 pleio
25 143.324863 -5.97087495023181 pleio
26 143.409462 -5.99998642499062 pleio
27 143.484637 -5.98290036118425 pleio
28 143.487347 -5.97773090982966 pleio
29 143.490056 -5.92590444600933 pleio
30 143.492766 -5.87568611259246 pleio
31 143.495555 -5.82720009881657 pleio
32 143.498344 -5.78057245503069 pleio
33 143.501132 -5.74551328825986 pleio
34 143.521072 -5.73183871974868 pleio
35 143.53778 -5.73384501573446 pleio
36 143.554489 -5.68807742286972 pleio
37 143.570345 -5.62254674153228 pleio
38 143.571477 -5.56653239740123 pleio
39 143.572611 -5.52523886553558 pleio
40 143.574439 -5.50310673498762 pleio
41 143.699438 -5.37630836383469 pleio
42 143.824436 -5.26033825062258 pleio
43 143.915168 -5.31295098272281 pleio
44 143.920616 -5.26838566799335 pleio
45 143.926063 -5.22822345869942 pleio
46 143.93182 -5.25122185768248 pleio
47 143.935901 -5.33332443515624 pleio
48 143.939982 -5.44516356429576 pleio
49 143.944917 -5.58373920861762 pleio
50 143.975668 -5.74490320247815 pleio
51 144.013221 -5.82212934326595 pleio
52 144.051716 -5.87449412983115 pleio
53 144.090211 -5.88927007454263 pleio
54 144.128706 -5.89418069410306 pleio
55 144.167202 -5.90087460544453 pleio
56 144.176428 -5.90835671798233 pleio
57 144.180816 -5.91567426675599 pleio
58 144.185205 -5.92251778754148 pleio
59 144.348163 -5.82751238072389 pleio
60 144.361337 -5.64736680314315 pleio
61 144.363468 -5.18919555194921 pleio
62 144.365599 -4.57831502964859 pleio
63 144.367577 -4.0541389446832 pleio
64 144.375504 -3.63393500688921 pleio
65 144.385418 -3.22758947422442 pleio
66 144.395332 -2.85031399375396 pleio
67 144.407236 -2.69523826419744 pleio
68 144.411293 -2.65850517453897 pleio
69 144.415349 -2.62456589118304 pleio
70 144.419405 -2.59356013748739 pleio
71 144.423461 -2.56559138860895 pleio
72 144.427517 -2.55024213984885 pleio
73 144.431573 -2.54032389830652 pleio
74 144.437408 -2.53298099769014 pleio
75 144.440911 -2.52940913748826 pleio
76 144.442944 -2.52584212800336 pleio
77 144.444976 -2.50016175724903 pleio
78 144.447008 -2.46183876869378 pleio
79 144.44904 -2.43131434926166 pleio
80 144.454745 -2.41471637168925 pleio
81 144.498681 -2.40612118740224 pleio
82 144.558267 -2.40340501288981 pleio
83 144.587405 -2.40827122979115 pleio
84 144.587686 -2.40263090133603 pleio
85 144.587968 -2.39223589000616 pleio
86 144.617027 -2.38678906595928 pleio
87 144.705848 -2.5603536570351 pleio
88 144.716797 -2.66751811085189 pleio
89 144.727745 -2.51223970589318 pleio
90 144.897381 -2.48063934869656 pleio
91 144.903395 -2.48206924954721 pleio
92 144.909409 -2.49244906939815 pleio
93 144.916914 -2.51178181509895 pleio
94 144.947844 -2.53618129543099 pleio
95 144.978774 -2.56540398937761 pleio
96 145.106694 -1.62934381454026 pleio
97 145.224788 -1.72460301371361 pleio
98 145.342881 -1.73936498613504 pleio
99 145.729503 -2.33140911798787 pleio
100 145.916546 -2.54308412882464 pleio
101 146.10359 -2.56156541928926 pleio
102 146.240909 -2.59471740035044 pleio
103 146.283615 -2.6889901625073 pleio
104 146.304543 -2.67059250544227 pleio
105 146.314537 -2.66049220613167 pleio
106 146.319976 -2.65880694348726 pleio
107 146.322338 -2.66550377324613 pleio
108 146.3247 -2.6803951500803 pleio
109 146.327062 -2.70314081595165 pleio
110 146.329424 -2.73325833297154 pleio
111 146.331786 -2.7701411457131 pleio
112 146.334148 -2.81308134715101 pleio
113 146.33651 -2.95459644254835 pleio
114 146.643419 -2.7309163823026 pleio
115 146.654632 -2.67029279986804 pleio
116 146.665844 -2.6118195368404 pleio
117 146.677056 -2.50205209981115 pleio
118 146.688269 -2.30971410881937 pleio
119 146.69133 -2.2026603335564 pleio
120 146.694026 -2.17051628717508 pleio
121 146.696722 -2.22990709277423 pleio
122 146.699418 -2.38277465611288 pleio
123 146.702114 -2.61297138314951 pleio
124 146.70481 -2.72008430785438 pleio
125 146.707507 -2.79077006045371 pleio
126 146.710838 -2.8667045888717 pleio
127 146.716274 -2.94745961284126 pleio
128 146.72171 -3.03255824075589 pleio
129 146.727146 -3.12148634166379 pleio
130 146.734615 -3.21206732177798 pleio
131 146.80381 -3.26199463830098 pleio
132 146.862885 -3.13776655022608 pleio
133 146.863965 -2.94454367628295 pleio
134 146.865044 -2.80922501098712 pleio
135 146.87452 -2.73393189966733 pleio
136 146.889753 -2.74348507202512 pleio
137 146.904986 -2.8700073269692 pleio
138 147.064187 -2.74362393376052 pleio
139 147.069549 -2.67224177236801 pleio
140 147.074911 -2.41363552085685 pleio
141 147.080273 -1.95674792976418 pleio
142 147.089309 -1.59237854093195 pleio
143 147.114764 -1.34980223876576 pleio
144 147.137425 -1.31088936433342 pleio
145 147.157965 -1.32249053801471 pleio
146 147.178504 -1.37271999983334 pleio
147 147.221814 -0.420041712597574 pleio
148 147.253583 -0.0231575337791462 pleio
149 147.272554 0 pleio
150 147.275576 -0.0291222394059101 pleio
151 147.278599 -0.101529787802243 pleio
152 147.281622 -0.20500408181623 pleio
153 147.284644 -0.355128576204819 pleio
154 147.286194 -0.549472531960762 pleio
155 147.286753 -0.784160592538894 pleio
156 147.287312 -1.05416282389192 pleio
157 147.287872 -1.35366077833688 pleio
158 147.290648 -1.65585179633757 pleio
159 147.299484 -1.95963730572986 pleio
160 147.327447 -2.56892514474568 pleio
161 147.35561 -2.52000482878681 pleio
162 147.383773 -2.31177294797631 pleio
163 147.397845 -2.25008142746475 pleio
164 147.402328 -2.18986653522757 pleio
165 147.406811 -2.13126921716869 pleio
166 147.411546 -2.07457032923352 pleio
167 147.442387 -2.0201205435174 pleio
168 147.535843 -2.00214414912122 pleio
169 147.551736 -1.9068723235762 pleio
170 147.555599 -1.82299661089185 pleio
171 147.559461 -1.88235818949121 pleio
172 147.563362 -2.01333153665548 pleio
173 147.583398 -2.02854484150025 pleio
174 147.602453 -2.21625721465555 pleio
175 147.621507 -2.45293585143419 pleio
176 147.682611 -2.50704498049574 pleio
177 147.68996 -2.54284841279365 pleio
178 147.695588 -2.64125323567424 pleio
179 147.701215 -2.75686202617839 pleio
180 147.706843 -2.96347702748305 pleio
181 147.719435 -3.27543559937945 pleio
182 147.737975 -3.27639976289614 pleio
183 147.751499 -3.24870472722534 pleio
184 147.760277 -3.21101459546069 pleio
185 147.769056 -3.17457692064108 pleio
186 147.777834 -3.14302360216185 pleio
187 147.786613 -2.81216651087892 pleio
188 147.795391 -2.24798043185118 pleio
189 147.816836 -2.11264722855936 pleio
190 147.850698 -2.14546066665304 pleio
191 147.88456 -2.1519253327462 pleio
192 147.914702 -2.17306902983397 pleio
193 147.91491 -2.25208379152294 pleio
194 147.915116 -2.32935016076935 pleio
195 147.915322 -2.40426934999517 pleio
196 147.915527 -2.47635341554356 pleio
197 147.915733 -2.54524928188519 pleio
198 147.916803 -2.60866754910817 pleio
199 147.923623 -2.63877474755251 pleio
200 147.930444 -2.66732715361083 pleio
201 147.937264 -2.69662198921538 pleio
202 147.944084 -2.71594485362834 pleio
203 147.949324 -2.75147276161607 pleio
204 147.953121 -2.78795321247344 pleio
205 147.956917 -2.85678879942705 pleio
206 147.960714 -2.97568969250528 pleio
207 147.964511 -3.1393452068264 pleio
208 147.968307 -3.22588802635976 pleio
209 147.973733 -3.26010630435867 pleio
210 147.982072 -3.2502745742047 pleio
211 147.982175 -3.24448287866941 pleio
212 147.982278 -3.24124063970454 pleio
213 147.986316 -3.1705807717914 pleio
214 147.986987 -2.89477849946505 pleio
215 147.987657 -2.6686197244836 pleio
216 147.988327 -2.50222060976097 pleio
217 147.988998 -2.40057400511478 pleio
218 147.989668 -2.36557490079671 pleio
219 148.006053 -2.37851153518533 pleio
220 148.013144 -2.43922182321186 pleio
221 148.020236 -2.51582748535557 pleio
222 148.027327 -2.60908604049657 pleio
223 148.033269 -2.7194152477235 pleio
224 148.037078 -2.84682742292197 pleio
225 148.040918 -2.95770643442881 pleio
226 148.046494 -2.98212295238383 pleio
227 148.05207 -3.14965420043785 pleio
228 148.180347 -3.4084698355989 pleio
229 148.183086 -3.49542802946892 pleio
230 148.185825 -3.58943377525932 pleio
231 148.188563 -3.68659724881684 pleio
232 148.191302 -3.65959140223593 pleio
233 148.194041 -3.62776096456518 pleio
234 148.19678 -3.64331931655178 pleio
235 148.200032 -3.75431293102094 pleio
236 148.204884 -3.87433454563376 pleio
237 148.213021 -4.00747529218269 pleio
238 148.213171 -4.20304598040789 pleio
239 148.213321 -4.44325588897996 pleio
240 148.326473 -4.68394644317968 pleio
241 148.333368 -4.63466893106358 pleio
242 148.340263 -4.60011264983585 pleio
243 148.347157 -4.5597369739541 pleio
244 148.354052 -4.50326221634337 pleio
245 148.362946 -4.44950181519552 pleio
246 148.380016 -4.41151259515494 pleio
247 148.403283 -4.41807256948138 pleio
248 148.42655 -4.44707265356934 pleio
249 148.430037 -4.53524268775258 pleio
250 148.4319 -4.62701168452263 pleio
251 148.433763 -4.72191269058869 pleio
252 148.435626 -4.90953425695578 pleio
253 148.437489 -5.00150507941807 pleio
254 148.439352 -5.08086695356629 pleio
255 148.441214 -5.18328475102933 pleio
256 148.443077 -5.28785882096887 pleio
257 148.44494 -5.3880001194381 pleio
258 148.446803 -5.47845596884905 pleio
259 148.453459 -5.5465190003639 pleio
260 148.477993 -5.58581049456322 pleio
261 148.493526 -5.58929426151121 pleio
262 148.493644 -5.59159831813931 pleio
263 148.493762 -5.59581066341868 pleio
264 148.502187 -5.62067623360799 pleio
265 148.624196 -5.61852938910561 pleio
266 148.648833 -6.45308477930088 pleio
267 148.673469 -7.6854993298041 pleio
268 148.812084 -7.21565003459346 pleio
269 148.815025 -7.20414787818718 pleio
270 142.490795 -4.3597760753867 profile1
271 142.517426 -4.35725341632931 profile1
272 142.560149 -4.34814703119064 profile1
273 142.602873 -4.33934154029979 profile1
274 142.64402 -4.33110075411861 profile1
275 142.685103 -4.31690829439235 profile1
276 142.726186 -4.2994571684814 profile1
277 142.767269 -4.29113229103992 profile1
278 142.808353 -4.27968599231312 profile1
279 142.849436 -4.25892241212036 profile1
280 142.876943 -4.23928631893026 profile1
281 142.880371 -4.22030069039494 profile1
282 142.883799 -4.20202569484846 profile1
283 142.904956 -4.18521712272063 profile1
284 143.324863 -3.65587112331313 profile1
285 143.409462 -3.62600860021991 profile1
286 143.484637 -3.74670694322093 profile1
287 143.487347 -3.87221747989944 profile1
288 143.490056 -3.86473620221671 profile1
289 143.492766 -3.85789238924291 profile1
290 143.495555 -3.85167281939057 profile1
291 143.498344 -3.84606857184859 profile1
292 143.501132 -3.85481443350595 profile1
293 143.521072 -3.87625808647064 profile1
294 143.53778 -3.90910134864076 profile1
295 143.554489 -3.99810766905735 profile1
296 143.570345 -4.1188272260508 profile1
297 143.571477 -4.2465931471529 profile1
298 143.572611 -4.37671001597195 profile1
299 143.699438 -4.3901751811401 profile1
300 143.824436 -4.27755032438295 profile1
301 143.915168 -4.21664717825813 profile1
302 143.920616 -4.15385343045303 profile1
303 143.926063 -4.09915201594568 profile1
304 143.93182 -4.11260426431771 profile1
305 143.935901 -4.08822121602685 profile1
306 143.939982 -4.06703913947491 profile1
307 143.944917 -4.05011675676266 profile1
308 143.975668 -4.03851832998783 profile1
309 144.013221 -4.01978804701855 profile1
310 144.051716 -4.00199979957293 profile1
311 144.090211 -4.00002448960461 profile1
312 144.128706 -4.00056356439179 profile1
313 144.167202 -4.0026727069074 profile1
314 144.176428 -4.00543771417276 profile1
315 144.180816 -4.00800687931184 profile1
316 144.185205 -4.01013856182171 profile1
317 144.348163 -4.06514935919397 profile1
318 144.361337 -4.09394048921598 profile1
319 144.363468 -3.91359105509022 profile1
320 144.365599 -3.7045442757328 profile1
321 142.989329 -4.12344941354492 profile1
322 143.073701 -4.09104807318465 profile1
323 143.155273 -4.04932331848827 profile1
324 143.159416 -3.99199983717353 profile1
325 143.163559 -3.94805653752826 profile1
326 143.167702 -3.90529069933516 profile1
327 143.171846 -3.86533768456701 profile1
328 143.175989 -3.83023393921468 profile1
329 143.180132 -3.80109975045317 profile1
330 143.240265 -3.74616928115229 profile1
331 143.574439 -4.50290938438212 profile1
332 144.367577 -3.45956626551034 profile1
333 146.283615 -1.19659743903431 profile1
334 146.707507 -0.758834910114728 profile1
335 146.710838 -0.816581064633629 profile1
336 146.716274 -0.879115936326011 profile1
337 146.72171 -0.946092505001855 profile1
338 146.727146 -1.01711806806793 profile1
339 146.734615 -1.09741141609404 profile1
340 146.80381 -1.14489043788905 profile1
341 146.862885 -1.0420717020628 profile1
342 147.287872 0.224401518643585 profile1
343 147.290648 0.0695951281872769 profile1
344 147.299484 -0.100293596059729 profile1
345 147.327447 -0.710385111791452 profile1
346 147.35561 -0.70252748671546 profile1
347 148.180347 -0.776695420675929 profile1
348 148.183086 -0.823664645219703 profile1
349 148.185825 -0.868980788210627 profile1
350 148.188563 -0.911758751110394 profile1
351 148.213171 -1.49858235757274 profile1
352 148.213321 -1.76336408861482 profile1
353 148.326473 -2.00650537642444 profile1
354 148.333368 -1.97382440179904 profile1
355 148.340263 -1.95330870390157 profile1
356 148.347157 -1.92725998041628 profile1
357 148.354052 -1.89544013913394 profile1
358 148.362946 -1.86367572174668 profile1
359 148.380016 -1.84401228400469 profile1
360 148.403283 -1.8522866379243 profile1
361 148.42655 -1.85118301132321 profile1
362 148.430037 -1.89448529696343 profile1
363 148.4319 -1.94114935773998 profile1
364 148.433763 -1.9909054092888 profile1
365 148.435626 -1.98765941173819 profile1
366 148.437489 -2.02278142885684 profile1
367 148.439352 -1.98797963987773 profile1
368 148.441214 -1.91972568869449 profile1
369 148.443077 -1.86091183542584 profile1
370 148.44494 -1.81253944033868 profile1
371 148.446803 -1.77501732005351 profile1
372 148.453459 -1.76917607355236 profile1
373 148.477993 -1.78507891221636 profile1
374 148.493526 -1.77706209511602 profile1
375 148.493644 -1.7703110680245 profile1
376 148.493762 -1.76744147617225 profile1
377 148.502187 -1.87971026933927 profile1
378 148.624196 -1.89121206375851 profile1
379 148.648833 -2.73461050816652 profile1
380 148.673469 -3.85879183782497 profile1
381 148.812084 -3.48210775624953 profile1
382 148.815025 -3.47160881614122 profile1
383 144.375504 -3.19434515509456 profile1
384 144.385418 -2.92926719562495 profile1
385 144.395332 -2.67558711370092 profile1
386 144.407236 -2.57703204838794 profile1
387 144.411293 -2.56321704235323 profile1
388 144.415349 -2.54973980945704 profile1
389 144.419405 -2.53675794233379 profile1
390 144.423461 -2.52441890588653 profile1
391 144.427517 -2.46029458466219 profile1
392 144.431573 -2.37390283649817 profile1
393 144.437408 -2.28869673729189 profile1
394 144.440911 -2.28552444838354 profile1
395 144.442944 -2.28284530980762 profile1
396 144.444976 -2.28700521270013 profile1
397 144.447008 -2.29981459920707 profile1
398 144.44904 -2.31667347953851 profile1
399 144.454745 -2.34062741313857 profile1
400 144.498681 -2.36770917695666 profile1
401 144.558267 -2.39286533777858 profile1
402 144.587405 -2.39822392945741 profile1
403 144.587686 -2.3970432696346 profile1
404 144.587968 -2.39162877136639 profile1
405 144.617027 -2.38678906595928 profile1
406 144.705848 -2.44143987123491 profile1
407 144.716797 -2.40694319982965 profile1
408 144.727745 -2.3132910250425 profile1
409 144.897381 -2.21897680010293 profile1
410 144.903395 -2.12334145685198 profile1
411 144.909409 -2.03024959485976 profile1
412 144.916914 -1.9402305792977 profile1
413 144.947844 -1.86796825432816 profile1
414 144.978774 -1.79905523687593 profile1
415 145.106694 -0.861240403074499 profile1
416 145.224788 -0.898716660935793 profile1
417 145.342881 -0.875877006754767 profile1
418 145.729503 -1.15781428126869 profile1
419 145.916546 -1.24148365141266 profile1
420 146.10359 -1.22966024026751 profile1
421 146.240909 -1.21878346862492 profile1
422 146.304543 -1.17599213017434 profile1
423 146.314537 -1.16056567857833 profile1
424 146.319976 -1.15052981423493 profile1
425 146.322338 -1.14595430530841 profile1
426 146.3247 -1.14679422556934 profile1
427 146.327062 -1.15288740674409 profile1
428 146.329424 -1.16395963426805 profile1
429 146.331786 -1.17964030957445 profile1
430 146.334148 -1.19947576172444 profile1
431 146.33651 -1.10963773000305 profile1
432 146.643419 -1.06096120058243 profile1
433 146.654632 -1.04321125685487 profile1
434 146.665844 -1.02723313618023 profile1
435 146.677056 -0.971836279275279 profile1
436 146.688269 -0.801704973702374 profile1
437 146.69133 -0.640844696510622 profile1
438 146.694026 -0.525885327809859 profile1
439 146.696722 -0.480247062705001 profile1
440 146.699418 -0.517469035387344 profile1
441 146.702114 -0.635208825535869 profile1
442 146.70481 -0.706127329764137 profile1
443 146.863965 -0.88488334864984 profile1
444 146.865044 -0.784111991594167 profile1
445 146.87452 -0.734498653864515 profile1
446 146.889753 -0.738504150540401 profile1
447 146.904986 -0.790866509701118 profile1
448 147.064187 -0.695002596310023 profile1
449 147.069549 -0.693456608728121 profile1
450 147.074911 -0.491880765091894 profile1
451 147.080273 -0.0970986671669529 profile1
452 147.089309 0.238708807056859 profile1
453 147.114764 0.499230874483375 profile1
454 147.137425 0.54408052737727 profile1
455 147.157965 0.547955929888584 profile1
456 147.178504 0.558725285077471 profile1
457 147.221814 0.734536715913291 profile1
458 147.253583 0.459799396083983 profile1
459 147.272554 0.530189700779821 profile1
460 147.275576 0.613399410234149 profile1
461 147.278599 0.66477680293618 profile1
462 147.281622 0.659641050394849 profile1
463 147.284644 0.625960458454007 profile1
464 147.286194 0.564039622765911 profile1
465 147.286753 0.475049230145833 profile1
466 147.287312 0.360954815881457 profile1
467 147.383773 -0.572086727563593 profile1
468 147.397845 -0.569888554342638 profile1
469 147.402328 -0.568405837984835 profile1
470 147.406811 -0.567546327692395 profile1
471 147.411546 -0.567191583941336 profile1
472 147.442387 -0.567405357784023 profile1
473 147.535843 -0.565116967623234 profile1
474 147.551736 -0.487918899045474 profile1
475 147.555599 -0.397384181579903 profile1
476 147.559461 -0.46930113969906 profile1
477 147.563362 -0.619603788855059 profile1
478 147.583398 -0.725692229873302 profile1
479 147.602453 -0.929041418177455 profile1
480 147.621507 -1.14940090892365 profile1
481 147.682611 -1.20105686899254 profile1
482 147.68996 -1.23309073364115 profile1
483 147.695588 -1.31195736068604 profile1
484 147.701215 -1.40439861986899 profile1
485 147.706843 -1.48128796627131 profile1
486 147.719435 -1.55119310223095 profile1
487 147.737975 -1.53025724478266 profile1
488 147.751499 -1.49665304705381 profile1
489 147.760277 -1.45520643480002 profile1
490 147.769056 -1.4168433357719 profile1
491 147.777834 -1.38215700602763 profile1
492 147.786613 -0.982367460784616 profile1
493 147.795391 -0.234773679188287 profile1
494 147.816836 -0.110674083550787 profile1
495 147.850698 -0.185215355885303 profile1
496 147.88456 -0.237129032158198 profile1
497 147.914702 -0.251629523895361 profile1
498 147.91491 -0.264881514579777 profile1
499 147.915116 -0.280902817821237 profile1
500 147.915322 -0.299330357243429 profile1
501 147.915527 -0.319733155519512 profile1
502 147.915733 -0.341647155879842 profile1
503 147.916803 -0.363309411505001 profile1
504 147.923623 -0.365430017068168 profile1
505 147.930444 -0.363486855000566 profile1
506 147.937264 -0.361616803269314 profile1
507 147.944084 -0.309471379207771 profile1
508 147.949324 -0.252499938722858 profile1
509 147.953121 -0.167828817571055 profile1
510 147.956917 -0.0902877078438659 profile1
511 147.960714 -0.0529285266939194 profile1
512 147.964511 -0.0549105669436951 profile1
513 147.968307 -0.0317406970532081 profile1
514 147.973733 0.00336681002684521 profile1
515 147.982072 0.0221543573460415 profile1
516 147.982175 0.0210303834252849 profile1
517 147.982278 0.0161849915548853 profile1
518 147.986316 0.0379686359228673 profile1
519 147.986987 0.1457247739234 profile1
520 147.987657 0.233099509798482 profile1
521 147.988327 0.300323484596873 profile1
522 147.988998 0.347859372847185 profile1
523 147.989668 0.363311733363659 profile1
524 148.006053 0.312221839615921 profile1
525 148.013144 0.201739218784279 profile1
526 148.020236 0.0854302694231317 profile1
527 148.027327 -0.0357885970144513 profile1
528 148.033269 -0.160967779894413 profile1
529 148.037078 -0.2891700197138 profile1
530 148.040918 -0.367129465926344 profile1
531 148.046494 -0.461811504200882 profile1
532 148.05207 -0.608161843793505 profile1
533 148.191302 -0.923024044645024 profile1
534 148.194041 -0.933965113500942 profile1
535 148.19678 -0.968452205319387 profile1
536 148.200032 -1.05115516675055 profile1
537 148.204884 -1.14044766951425 profile1
538 148.213021 -1.25276964329613 profile1
539 142.490795 -3.34970965314493 profile2
540 142.517426 -3.31913065793665 profile2
541 142.560149 -3.29289019261312 profile2
542 142.602873 -3.26541005506116 profile2
543 142.64402 -3.23633179938274 profile2
544 142.685103 -3.13596896011036 profile2
545 142.726186 -3.08510907056545 profile2
546 142.767269 -3.05471728561667 profile2
547 142.808353 -3.02248411899702 profile2
548 142.849436 -2.98541925385731 profile2
549 142.876943 -2.94698773150939 profile2
550 142.880371 -2.90739545151253 profile2
551 142.883799 -2.86686983960304 profile2
552 142.904956 -2.8263623625608 profile2
553 142.989329 -2.74944393685488 profile2
554 143.073701 -2.70644266759353 profile2
555 143.155273 -2.67831467951746 profile2
556 143.159416 -2.65286962989446 profile2
557 143.163559 -2.60832102624445 profile2
558 143.167702 -2.55632137929563 profile2
559 143.171846 -2.50964797402766 profile2
560 143.175989 -2.46844277596006 profile2
561 143.180132 -2.43293958358525 profile2
562 143.240265 -2.39750830394058 profile2
563 143.324863 -2.36501732207092 profile2
564 143.409462 -2.38353794085978 profile2
565 143.484637 -2.2375580140404 profile2
566 143.487347 -2.10510998405362 profile2
567 143.490056 -2.05698143374859 profile2
568 143.492766 -2.01051056974302 profile2
569 143.495555 -1.96580963682394 profile2
570 143.498344 -1.92298594151887 profile2
571 143.501132 -1.87956805539769 profile2
572 143.521072 -1.84364090387258 profile2
573 143.53778 -1.81198437116313 profile2
574 143.554489 -1.63504181726563 profile2
575 143.570345 -1.38589814041519 profile2
576 143.571477 -1.14053521745932 profile2
577 143.572611 -0.912810167013089 profile2
578 143.574439 -0.715764248618818 profile2
579 143.699438 -0.662855569969039 profile2
580 143.824436 -0.648269170074045 profile2
581 143.915168 -0.785048626209912 profile2
582 143.920616 -0.799261586680992 profile2
583 143.926063 -0.813698537706664 profile2
584 143.93182 -0.823540980994418 profile2
585 143.935901 -0.9330238666419 profile2
586 143.939982 -1.07713911701473 profile2
587 143.944917 -1.25163032119491 profile2
588 143.975668 -1.45069758054738 profile2
589 144.013221 -1.55863880069141 profile2
590 144.051716 -1.63650178673482 profile2
591 144.090211 -1.65355443870384 profile2
592 144.128706 -1.65735240722321 profile2
593 144.167202 -1.6614184466552 profile2
594 144.176428 -1.66562174997687 profile2
595 144.180816 -1.66981149498277 profile2
596 144.185205 -1.67391763338527 profile2
597 144.348163 -1.52980607031569 profile2
598 144.361337 -1.28000018342225 profile2
599 144.363468 -0.912076143271338 profile2
600 144.365599 -0.409448894644691 profile2
601 144.367577 -0.0438718915620014 profile2
602 144.375504 0.179346764372835 profile2
603 144.385418 0.375640069960102 profile2
604 144.395332 0.538139909743628 profile2
605 144.407236 0.603436465333492 profile2
606 144.411293 0.624044543539564 profile2
607 144.415349 0.64189914901488 profile2
608 144.419405 0.657021426311069 profile2
609 144.423461 0.669456603807631 profile2
610 144.427517 0.616665392032649 profile2
611 144.431573 0.536388892092842 profile2
612 144.437408 0.455407236586161 profile2
613 144.440911 0.456492521163674 profile2
614 144.442944 0.457946479152324 profile2
615 144.444976 0.495255858714118 profile2
616 144.447008 0.557567507772711 profile2
617 144.44904 0.613261062669393 profile2
618 144.454745 0.658028416021163 profile2
619 144.498681 0.695191563769262 profile2
620 144.558267 0.722219568549021 profile2
621 144.587405 0.722801348825362 profile2
622 144.587686 0.728205081704537 profile2
623 144.587968 0.733759012290065 profile2
624 144.617027 0.734536715913291 profile2
625 144.705848 0.635246566300184 profile2
626 144.716797 0.489750651694938 profile2
627 144.727745 0.554730032365032 profile2
628 144.897381 0.498331746323022 profile2
629 144.903395 0.408120806804087 profile2
630 144.909409 0.309554381839008 profile2
631 144.916914 0.203079238406018 profile2
632 144.947844 0.109612797785639 profile2
633 144.978774 0.0136712492996732 profile2
634 145.106694 0.0586779333270523 profile2
635 145.224788 0.0392205055158613 profile2
636 145.342881 0.0244323403618715 profile2
637 145.729503 -0.373879407499872 profile2
638 145.916546 -0.55532099833007 profile2
639 146.10359 -0.600092137334764 profile2
640 146.240909 -0.642338759183587 profile2
641 146.283615 -0.737032573710353 profile2
642 146.304543 -0.726981501853713 profile2
643 146.314537 -0.723085916666494 profile2
644 146.319976 -0.725439574444232 profile2
645 146.322338 -0.73403601436314 profile2
646 146.3247 -0.74876196654951 profile2
647 146.327062 -0.769399519120295 profile2
648 146.329424 -0.795633499410747 profile2
649 146.331786 -0.827060259112455 profile2
650 146.334148 -0.863206200666365 profile2
651 146.33651 -1.13972638748769 profile2
652 146.643419 -0.975217251546458 profile2
653 146.654632 -0.937027997470703 profile2
654 146.665844 -0.900756270476704 profile2
655 146.677056 -0.861105926910677 profile2
656 146.688269 -0.823553643859428 profile2
657 146.69133 -0.831304059018995 profile2
658 146.694026 -0.897215108167661 profile2
659 146.696722 -1.02310083851176 profile2
660 146.699418 -1.19845559931152 profile2
661 146.702114 -1.40170738305301 profile2
662 146.70481 -1.46702366461093 profile2
663 146.707507 -1.49599512093649 profile2
664 146.710838 -1.52665534465209 profile2
665 146.716274 -1.55878501332935 profile2
666 146.72171 -1.59215198037575 profile2
667 146.727146 -1.62651676187184 profile2
668 146.734615 -1.65174056910044 profile2
669 146.80381 -1.66304294848431 profile2
670 146.862885 -1.60058806564967 profile2
671 146.863965 -1.50339861575435 profile2
672 146.865044 -1.41535150551506 profile2
673 146.87452 -1.34666455960571 profile2
674 146.889753 -1.32377300370528 profile2
675 146.904986 -1.38767341533138 profile2
676 147.064187 -1.39574145826823 profile2
677 147.069549 -1.34657889208319 profile2
678 147.074911 -1.28257755008441 profile2
679 147.080273 -1.18355447566632 profile2
680 147.089309 -1.13304384117633 profile2
681 147.114764 -1.14192815560492 profile2
682 147.137425 -1.14852082463513 profile2
683 147.157965 -1.14861342674579 profile2
684 147.178504 -1.18090057418193 profile2
685 147.221814 -0.420041712597574 profile2
686 147.253583 0.206713774093953 profile2
687 147.272554 0.15563031455755 profile2
688 147.275576 0.0380672310913076 profile2
689 147.278599 -0.101529787802243 profile2
690 147.281622 -0.200500164259892 profile2
691 147.284644 -0.322839564322048 profile2
692 147.286194 -0.465218289541004 profile2
693 147.286753 -0.62908887393369 profile2
694 147.287312 -0.810734826042883 profile2
695 147.287872 -1.00607430548587 profile2
696 147.290648 -1.18747158525635 profile2
697 147.299484 -1.35534864798715 profile2
698 147.327447 -1.40737700458684 profile2
699 147.35561 -1.3709964541109 profile2
700 147.383773 -1.34936510998531 profile2
701 147.397845 -1.29024622332064 profile2
702 147.402328 -1.23254401496315 profile2
703 147.406811 -1.17652530770584 profile2
704 147.411546 -1.12253499284022 profile2
705 147.442387 -1.07084708765734 profile2
706 147.535843 -1.05551102365546 profile2
707 147.551736 -1.06675372384335 profile2
708 147.555599 -1.12235223940562 profile2
709 147.559461 -1.14350747251512 profile2
710 147.563362 -1.15791344064833 profile2
711 147.583398 -1.17901449137124 profile2
712 147.602453 -1.20347019943591 profile2
713 147.621507 -1.24791763225025 profile2
714 147.682611 -1.25206934065013 profile2
715 147.68996 -1.23974570710578 profile2
716 147.695588 -1.22006687554635 profile2
717 147.701215 -1.20966914108365 profile2
718 147.706843 -1.30359171601211 profile2
719 147.719435 -1.52267289127374 profile2
720 147.737975 -1.55456078037618 profile2
721 147.751499 -1.56383623040202 profile2
722 147.760277 -1.57274341648332 profile2
723 147.769056 -1.57958023179845 profile2
724 147.777834 -1.5876634496615 profile2
725 147.786613 -1.63028158005522 profile2
726 147.795391 -1.87251013123556 profile2
727 147.816836 -1.85767430389665 profile2
728 147.850698 -1.80936200400152 profile2
729 147.88456 -1.75851148101727 profile2
730 147.914702 -1.75819441487413 profile2
731 147.91491 -1.81390823542191 profile2
732 147.915116 -1.86587713882995 profile2
733 147.915322 -1.91371973411808 profile2
734 147.915527 -1.95724684271917 profile2
735 147.915733 -1.99646310434051 profile2
736 147.916803 -2.03087739443475 profile2
737 147.923623 -2.05347498383549 profile2
738 147.930444 -2.07876039012094 profile2
739 147.937264 -2.10518081864623 profile2
740 147.944084 -2.15552963153626 profile2
741 147.949324 -2.22472481119616 profile2
742 147.953121 -2.32183694978486 profile2
743 147.956917 -2.45131621114499 profile2
744 147.960714 -2.60236398787835 profile2
745 147.964511 -2.7698038381012 profile2
746 147.968307 -2.88997395131919 profile2
747 147.973733 -2.97060623591321 profile2
748 147.982072 -2.98833159941013 profile2
749 147.982175 -2.98864454894592 profile2
750 147.982278 -2.98796063610863 profile2
751 147.986316 -2.94021082372472 profile2
752 147.986987 -2.75128546690906 profile2
753 147.987657 -2.59116069855708 profile2
754 147.988327 -2.47187593713239 profile2
755 147.988998 -2.40057400511478 profile2
756 147.989668 -2.36423614758982 profile2
757 148.006053 -2.29738380910781 profile2
758 148.013144 -2.22908009181578 profile2
759 148.020236 -2.17177028091567 profile2
760 148.027327 -2.12743324539088 profile2
761 148.033269 -2.09770173393478 profile2
762 148.037078 -2.08374607230935 profile2
763 148.040918 -2.08458253322647 profile2
764 148.046494 -2.01662667174027 profile2
765 148.05207 -2.06698173093207 profile2
766 148.180347 -2.1939539945564 profile2
767 148.183086 -2.23569379709152 profile2
768 148.185825 -2.28739214481636 profile2
769 148.188563 -2.34592747138711 profile2
770 148.191302 -2.31000137686445 profile2
771 148.194041 -2.27515472168114 profile2
772 148.19678 -2.26434373178999 profile2
773 148.200032 -2.29260000162645 profile2
774 148.204884 -2.32367473218851 profile2
775 148.213021 -2.34272789866465 profile2
776 148.213171 -2.27409444106355 profile2
777 148.213321 -2.23284635857472 profile2
778 148.326473 -2.22017723119591 profile2
779 148.333368 -2.21844139161834 profile2
780 148.340263 -2.22282849296336 profile2
781 148.347157 -2.22288499619052 profile2
782 148.354052 -2.20394977110509 profile2
783 148.362946 -2.18829700120705 profile2
784 148.380016 -2.17853527860477 profile2
785 148.403283 -2.18538406051242 profile2
786 148.42655 -2.2238202985812 profile2
787 148.430037 -2.27982728245845 profile2
788 148.4319 -2.33682206612108 profile2
789 148.433763 -2.39455124232334 profile2
790 148.435626 -2.58220636405211 profile2
791 148.437489 -2.64924054925902 profile2
792 148.439352 -2.77350431529582 profile2
793 148.441214 -2.9511023896635 profile2
794 148.443077 -3.12360369788995 profile2
795 148.44494 -3.2832358357458 profile2
796 148.446803 -3.424092224583 profile2
797 148.453459 -3.50874992835979 profile2
798 148.477993 -3.53978821697945 profile2
799 148.493526 -3.55051474067147 profile2
800 148.493644 -3.55798752594078 profile2
801 148.493762 -3.56366814048073 profile2
802 148.502187 -3.46477056388812 profile2
803 148.624196 -3.44806216164831 profile2
804 148.648833 -3.48368185476827 profile2
805 148.673469 -3.70396762983652 profile2
806 148.812084 -3.63158781781681 profile2
807 148.815025 -3.63288490100641 profile2
