marker_position lod trace
1 142.490795 -10.7682145975447 pleio
2 142.517426 -10.6853490558209 pleio
3 142.560149 -10.5953432493442 pleio
4 142.602873 -10.5050714197333 pleio
5 142.64402 -10.4143031568414 pleio
6 142.685103 -9.95320783076112 pleio
7 142.726186 -9.78025801357708 pleio
8 142.767269 -9.69180171610355 pleio
9 142.808353 -9.59516798210486 pleio
10 142.849436 -9.47400290403217 pleio
11 142.876943 -9.35719059181934 pleio
12 142.880371 -9.24459438004386 pleio
13 142.883799 -9.13659428764285 pleio
14 142.904956 -9.03459084629676 pleio
15 142.989329 -9.02749017981591 pleio
16 143.073701 -8.95313865473336 pleio
17 143.155273 -8.77211668302914 pleio
18 143.159416 -8.51987000534406 pleio
19 143.163559 -8.28921651136805 pleio
20 143.167702 -8.04739229737952 pleio
21 143.171846 -7.80988862185276 pleio
22 143.175989 -7.58475084312917 pleio
23 143.180132 -7.37836949845167 pleio
24 143.240265 -7.18418947085794 pleio
25 143.324863 -6.80962866307545 pleio
26 143.409462 -6.78367724019436 pleio
27 143.484637 -6.79858451500794 pleio
28 143.487347 -6.82392404006811 pleio
29 143.490056 -6.77958611395 pleio
30 143.492766 -6.74471962252945 pleio
31 143.495555 -6.719295275392 pleio
32 143.498344 -6.70319425891229 pleio
33 143.501132 -6.70571597551742 pleio
34 143.521072 -6.70151578300218 pleio
35 143.53778 -6.69492756778764 pleio
36 143.554489 -6.61525765277308 pleio
37 143.570345 -6.53667306920463 pleio
38 143.571477 -6.50634467112583 pleio
39 143.572611 -6.52428966866023 pleio
40 143.574439 -6.58581117904545 pleio
41 143.699438 -6.75063939116938 pleio
42 143.824436 -6.39206234187132 pleio
43 143.915168 -6.23000476033327 pleio
44 143.920616 -6.3257341415646 pleio
45 143.926063 -6.45030842448622 pleio
46 143.93182 -6.48645575515357 pleio
47 143.935901 -6.5436370954746 pleio
48 143.939982 -6.6442432198624 pleio
49 143.944917 -6.78794105179881 pleio
50 143.975668 -6.97079759980423 pleio
51 144.013221 -7.10009973396352 pleio
52 144.051716 -7.20020087290349 pleio
53 144.090211 -7.21167382041073 pleio
54 144.128706 -7.20785298578419 pleio
55 144.167202 -7.20392442528633 pleio
56 144.176428 -7.19996150867218 pleio
57 144.180816 -7.19601138719146 pleio
58 144.185205 -7.19206661095213 pleio
59 144.348163 -6.94269890303154 pleio
60 144.361337 -6.92454378596278 pleio
61 144.363468 -6.50650780227593 pleio
62 144.365599 -6.13981700597926 pleio
63 144.367577 -5.89958833104867 pleio
64 144.375504 -5.72521447050953 pleio
65 144.385418 -5.61823488845769 pleio
66 144.395332 -5.58009027924454 pleio
67 144.407236 -5.62579181139876 pleio
68 144.411293 -5.69587183738904 pleio
69 144.415349 -5.76792148084774 pleio
70 144.419405 -5.84164062320873 pleio
71 144.423461 -5.91672590026942 pleio
72 144.427517 -5.89347000049759 pleio
73 144.431573 -5.8484697347442 pleio
74 144.437408 -5.81644134066076 pleio
75 144.440911 -5.84289682253802 pleio
76 144.442944 -5.86970850415834 pleio
77 144.444976 -5.87171430830781 pleio
78 144.447008 -5.85774886484303 pleio
79 144.44904 -5.85030561921661 pleio
80 144.454745 -5.82262386742996 pleio
81 144.498681 -5.80192107693371 pleio
82 144.558267 -5.78900653070334 pleio
83 144.587405 -5.74126120687661 pleio
84 144.587686 -5.66305451440962 pleio
85 144.587968 -5.5859926748547 pleio
86 144.617027 -5.53491310518771 pleio
87 144.705848 -5.71244531040029 pleio
88 144.716797 -5.8206295402813 pleio
89 144.727745 -5.70502612600608 pleio
90 144.897381 -5.64426478494904 pleio
91 144.903395 -5.59456155133398 pleio
92 144.909409 -5.55229963285006 pleio
93 144.916914 -5.51775296787099 pleio
94 144.947844 -5.49846665362796 pleio
95 144.978774 -5.48480565544695 pleio
96 145.106694 -5.3693109428324 pleio
97 145.224788 -5.01853034361515 pleio
98 145.342881 -4.71805509883491 pleio
99 145.729503 -4.8957045112827 pleio
100 145.916546 -4.89305127021415 pleio
101 146.10359 -4.75278583882989 pleio
102 146.240909 -4.90043909489003 pleio
103 146.283615 -4.64304773073533 pleio
104 146.304543 -4.48655722865666 pleio
105 146.314537 -4.33598087254051 pleio
106 146.319976 -4.19276095965248 pleio
107 146.322338 -4.05827635393453 pleio
108 146.3247 -3.93379883635393 pleio
109 146.327062 -3.82044556989075 pleio
110 146.329424 -3.71913958716581 pleio
111 146.331786 -3.63058612743069 pleio
112 146.334148 -3.55525103675478 pleio
113 146.33651 -3.57505069976155 pleio
114 146.643419 -3.72658901421061 pleio
115 146.654632 -3.63029222154084 pleio
116 146.665844 -3.5336399230404 pleio
117 146.677056 -3.4012960301551 pleio
118 146.688269 -3.03057515666805 pleio
119 146.69133 -2.51548643683179 pleio
120 146.694026 -2.07196052567709 pleio
121 146.696722 -1.76007573305327 pleio
122 146.699418 -1.62607669602733 pleio
123 146.702114 -1.68458230515619 pleio
124 146.70481 -1.77798135558354 pleio
125 146.707507 -1.86406372853833 pleio
126 146.710838 -1.96238587491411 pleio
127 146.716274 -2.07232270547867 pleio
128 146.72171 -2.1931134070413 pleio
129 146.727146 -2.32388101508103 pleio
130 146.734615 -2.47176099212887 pleio
131 146.80381 -2.54388877204987 pleio
132 146.862885 -2.25333062328469 pleio
133 146.863965 -1.88380008203253 pleio
134 146.865044 -1.67157884220583 pleio
135 146.87452 -1.62024669652725 pleio
136 146.889753 -1.66622125989175 pleio
137 146.904986 -1.6246713857534 pleio
138 147.064187 -1.37678191852206 pleio
139 147.069549 -1.20374818413528 pleio
140 147.074911 -1.05481998333294 pleio
141 147.080273 -0.813866927401435 pleio
142 147.089309 -0.697421277095718 pleio
143 147.114764 -0.707039988521978 pleio
144 147.137425 -0.724837908425009 pleio
145 147.157965 -0.776914345467267 pleio
146 147.178504 -0.82645118901289 pleio
147 147.221814 -0.145841278714759 pleio
148 147.253583 -0.0813322464153319 pleio
149 147.272554 -0.0293402684260158 pleio
150 147.275576 0 pleio
151 147.278599 -0.0527867126824685 pleio
152 147.281622 -0.225355390335031 pleio
153 147.284644 -0.449133172439856 pleio
154 147.286194 -0.720129713291596 pleio
155 147.286753 -1.03286476563183 pleio
156 147.287312 -1.38076618691373 pleio
157 147.287872 -1.75664396182864 pleio
158 147.290648 -2.13622446862784 pleio
159 147.299484 -2.51332246219829 pleio
160 147.327447 -3.29432202978499 pleio
161 147.35561 -3.29847866475406 pleio
162 147.383773 -3.2795441362902 pleio
163 147.397845 -3.27313491816282 pleio
164 147.402328 -3.26830859759562 pleio
165 147.406811 -3.26516922151853 pleio
166 147.411546 -3.2634782079016 pleio
167 147.442387 -3.26309581835689 pleio
168 147.535843 -3.26528956846439 pleio
169 147.551736 -3.20154260596421 pleio
170 147.555599 -3.24322924504781 pleio
171 147.559461 -3.35475078742478 pleio
172 147.563362 -3.49665936914448 pleio
173 147.583398 -4.11851298333075 pleio
174 147.602453 -4.4570994564106 pleio
175 147.621507 -4.7056415799871 pleio
176 147.682611 -4.75533828588766 pleio
177 147.68996 -4.73724939258922 pleio
178 147.695588 -4.67624904675331 pleio
179 147.701215 -4.62069410516142 pleio
180 147.706843 -4.5063060329338 pleio
181 147.719435 -4.3975173523593 pleio
182 147.737975 -4.34502058858831 pleio
183 147.751499 -4.32332583729261 pleio
184 147.760277 -4.31143750978275 pleio
185 147.769056 -4.30592420753116 pleio
186 147.777834 -4.30163730096631 pleio
187 147.786613 -4.26799623442883 pleio
188 147.795391 -4.32821026055264 pleio
189 147.816836 -4.54741192959505 pleio
190 147.850698 -4.7448519085235 pleio
191 147.88456 -4.94830675443189 pleio
192 147.914702 -4.91846412976657 pleio
193 147.91491 -4.82105129989042 pleio
194 147.915116 -4.71913138454244 pleio
195 147.915322 -4.61422044468026 pleio
196 147.915527 -4.50792069900051 pleio
197 147.915733 -4.40185902739453 pleio
198 147.916803 -4.3048258445412 pleio
199 147.923623 -4.32713060808553 pleio
200 147.930444 -4.36225256750199 pleio
201 147.937264 -4.40027404864635 pleio
202 147.944084 -4.46419483445455 pleio
203 147.949324 -4.558209425157 pleio
204 147.953121 -4.83769816502378 pleio
205 147.956917 -5.27599016345229 pleio
206 147.960714 -5.7501128471781 pleio
207 147.964511 -6.22816007187758 pleio
208 147.968307 -6.45678577861208 pleio
209 147.973733 -6.55600569843423 pleio
210 147.982072 -6.57938116379905 pleio
211 147.982175 -6.59141515102526 pleio
212 147.982278 -6.59980264619042 pleio
213 147.986316 -6.62982763017756 pleio
214 147.986987 -6.7580841417568 pleio
215 147.987657 -6.90705490495714 pleio
216 147.988327 -7.06497473688195 pleio
217 147.988998 -7.2198585148241 pleio
218 147.989668 -7.33021222905119 pleio
219 148.006053 -7.3148036775843 pleio
220 148.013144 -7.35494610326635 pleio
221 148.020236 -7.40179526013498 pleio
222 148.027327 -7.4545809426525 pleio
223 148.033269 -7.51239655861369 pleio
224 148.037078 -7.57425231969479 pleio
225 148.040918 -7.74596014748825 pleio
226 148.046494 -8.11626844228811 pleio
227 148.05207 -8.54677339393767 pleio
228 148.180347 -8.93518749246183 pleio
229 148.183086 -9.01906669023955 pleio
230 148.185825 -9.1002817845105 pleio
231 148.188563 -9.17677293581329 pleio
232 148.191302 -9.17786821088769 pleio
233 148.194041 -9.1845173320063 pleio
234 148.19678 -9.23734113957421 pleio
235 148.200032 -9.36578435215749 pleio
236 148.204884 -9.50127458270519 pleio
237 148.213021 -9.65209477610373 pleio
238 148.213171 -9.90020441710705 pleio
239 148.213321 -10.1617978685954 pleio
240 148.326473 -10.3789514925784 pleio
241 148.333368 -10.2670580167496 pleio
242 148.340263 -10.1202007524259 pleio
243 148.347157 -9.99670209746002 pleio
244 148.354052 -9.92535231891911 pleio
245 148.362946 -9.8584912270084 pleio
246 148.380016 -9.80628073930149 pleio
247 148.403283 -9.7944606882579 pleio
248 148.42655 -9.80027821933787 pleio
249 148.430037 -9.81413789960796 pleio
250 148.4319 -9.83322778282544 pleio
251 148.433763 -9.85756089233253 pleio
252 148.435626 -10.0378509597632 pleio
253 148.437489 -10.240218870778 pleio
254 148.439352 -10.3374390672674 pleio
255 148.441214 -10.3942858809568 pleio
256 148.443077 -10.4534062392982 pleio
257 148.44494 -10.5119102162055 pleio
258 148.446803 -10.5672476035961 pleio
259 148.453459 -10.6004769985916 pleio
260 148.477993 -10.6151046171632 pleio
261 148.493526 -10.6824724348172 pleio
262 148.493644 -10.7555773005581 pleio
263 148.493762 -10.8286672234188 pleio
264 148.502187 -10.9009624444117 pleio
265 148.624196 -10.8997889104851 pleio
266 148.648833 -11.2955224614806 pleio
267 148.673469 -12.1862373132743 pleio
268 148.812084 -12.1386107059968 pleio
269 148.815025 -12.1360361860957 pleio
270 143.554489 -6.44730073842463 profile1
271 143.570345 -6.34272368957403 profile1
272 143.571477 -6.29360958159715 profile1
273 143.572611 -6.30539258619615 profile1
274 143.574439 -6.37626658081088 profile1
275 143.699438 -6.21903876515638 profile1
276 143.824436 -6.1252051195082 profile1
277 143.915168 -6.23000476033327 profile1
278 143.920616 -6.27362762531925 profile1
279 143.926063 -6.35029046466231 profile1
280 146.10359 -3.67445336559139 profile1
281 146.283615 -3.65187831817847 profile1
282 146.304543 -3.45391473536505 profile1
283 146.314537 -3.26301365235905 profile1
284 146.319976 -3.08118887923663 profile1
285 146.322338 -2.91037745363774 profile1
286 146.3247 -2.75236367290019 profile1
287 146.327062 -2.60870705196949 profile1
288 145.729503 -3.66771416455536 profile1
289 145.916546 -3.72349514014828 profile1
290 146.240909 -3.7743624609211 profile1
291 144.367577 -4.93990659938014 profile1
292 144.375504 -4.69697846051685 profile1
293 144.385418 -4.52234089756443 profile1
294 144.395332 -4.41926632059671 profile1
295 144.947844 -4.39571337315173 profile1
296 144.978774 -4.36472596150108 profile1
297 145.106694 -4.11271176284998 profile1
298 145.224788 -3.83192010595436 profile1
299 145.342881 -3.5444849781457 profile1
300 146.329424 -2.48044957902421 profile1
301 146.331786 -2.36783005185342 profile1
302 146.334148 -2.27214024470622 profile1
303 146.33651 -2.19842880355634 profile1
304 146.643419 -2.19522564550723 profile1
305 146.654632 -2.12498778142763 profile1
306 146.665844 -2.06179809771268 profile1
307 146.677056 -1.97564834188588 profile1
308 146.688269 -1.68410836435497 profile1
309 143.939982 -6.25406723565022 profile1
310 143.944917 -6.29788519647223 profile1
311 143.975668 -6.38246680499847 profile1
312 144.013221 -6.4933764777163 profile1
313 144.051716 -6.58872426852722 profile1
314 144.090211 -6.59642150261129 profile1
315 144.128706 -6.59880147402323 profile1
316 144.167202 -6.60042970207292 profile1
317 144.176428 -6.60170655520794 profile1
318 144.180816 -6.60296494088707 profile1
319 144.185205 -6.60425082622056 profile1
320 144.348163 -6.44715991877864 profile1
321 144.361337 -6.19188196055969 profile1
322 144.363468 -5.75626922555976 profile1
323 144.365599 -5.29229283183546 profile1
324 144.407236 -4.41176846856327 profile1
325 144.411293 -4.43340582451585 profile1
326 144.415349 -4.45621731649897 profile1
327 144.419405 -4.4801050251557 profile1
328 144.423461 -4.50496568248769 profile1
329 144.427517 -4.5201173991532 profile1
330 144.431573 -4.53171415817157 profile1
331 144.437408 -4.543203363187 profile1
332 144.440911 -4.55699969950221 profile1
333 144.442944 -4.57027838039238 profile1
334 144.444976 -4.56619739736402 profile1
335 144.447008 -4.5536695249774 profile1
336 144.44904 -4.54877925624576 profile1
337 144.454745 -4.54236549524742 profile1
338 144.498681 -4.54458246471311 profile1
339 144.558267 -4.55346192671269 profile1
340 144.587405 -4.54653014572145 profile1
341 144.587686 -4.5343473226328 profile1
342 144.587968 -4.52313230466313 profile1
343 144.617027 -4.51405819685023 profile1
344 144.705848 -4.5964824160465 profile1
345 144.716797 -4.62136122374307 profile1
346 144.727745 -4.68350637458931 profile1
347 144.897381 -4.63745812259425 profile1
348 144.903395 -4.56150703681874 profile1
349 144.909409 -4.49332868906945 profile1
350 144.916914 -4.43337608316689 profile1
351 146.69133 -1.31520850919484 profile1
352 146.694026 -1.07201693550833 profile1
353 143.163559 -7.78084145486503 profile1
354 143.167702 -7.58385363746331 profile1
355 143.171846 -7.39727441100727 profile1
356 143.175989 -7.22721386746915 profile1
357 143.180132 -7.0789492072729 profile1
358 143.240265 -6.94125412349975 profile1
359 143.324863 -6.55229812038244 profile1
360 143.409462 -6.54654388879668 profile1
361 143.484637 -6.55071204127047 profile1
362 143.487347 -6.56804649749045 profile1
363 143.490056 -6.55673753799996 profile1
364 143.492766 -6.5518796438737 profile1
365 143.495555 -6.55334045778284 profile1
366 143.498344 -6.56093139748644 profile1
367 143.501132 -6.57748756406463 profile1
368 143.521072 -6.57322250892687 profile1
369 143.53778 -6.54781255269963 profile1
370 143.93182 -6.29183131280363 profile1
371 143.935901 -6.25305001002887 profile1
372 146.696722 -1.01474483353489 profile1
373 146.699418 -1.17030542300405 profile1
374 142.490795 -9.36259867798566 profile1
375 142.517426 -9.30119178943253 profile1
376 142.560149 -9.22805978766633 profile1
377 142.602873 -9.15490797144487 profile1
378 142.64402 -9.08143067802797 profile1
379 142.685103 -8.7296012428905 profile1
380 142.726186 -8.58509129713917 profile1
381 142.767269 -8.51554037682836 profile1
382 142.808353 -8.44653908538992 profile1
383 142.849436 -8.37623682964368 profile1
384 142.876943 -8.30870870272605 profile1
385 142.880371 -8.24391593617955 profile1
386 142.883799 -8.18201668089081 profile1
387 142.904956 -8.12322877510619 profile1
388 142.989329 -8.077089388624 profile1
389 143.073701 -8.01403395067276 profile1
390 143.155273 -7.95832862379145 profile1
391 143.159416 -7.90267276949438 profile1
392 146.702114 -1.52681913086535 profile1
393 146.70481 -1.69763961532755 profile1
394 146.707507 -1.80305904657412 profile1
395 146.710838 -1.91714720240644 profile1
396 146.716274 -2.04269259131242 profile1
397 146.72171 -2.17865965417394 profile1
398 146.727146 -2.32388101508103 profile1
399 146.734615 -2.46985305964398 profile1
400 147.287312 -0.648653403046076 profile1
401 147.287872 -0.893694696894777 profile1
402 147.290648 -1.16723174728974 profile1
403 147.299484 -1.45784819228072 profile1
404 147.327447 -2.11780961375647 profile1
405 147.35561 -2.13458931449293 profile1
406 147.383773 -2.11931929487566 profile1
407 147.397845 -2.15493286221449 profile1
408 147.402328 -2.19310086439085 profile1
409 147.406811 -2.23366148600011 profile1
410 147.411546 -2.27640706762467 profile1
411 147.442387 -2.32055510586943 profile1
412 147.535843 -2.33362661063019 profile1
413 147.551736 -2.37108208032482 profile1
414 147.555599 -2.51585884885573 profile1
415 147.559461 -2.65692038413797 profile1
416 147.563362 -2.79902413243023 profile1
417 147.583398 -3.11858355672293 profile1
418 147.602453 -3.32817626121054 profile1
419 147.621507 -3.51664561558883 profile1
420 147.682611 -3.54729159748556 profile1
421 147.68996 -3.52665981999729 profile1
422 147.695588 -3.47486696678948 profile1
423 147.701215 -3.42323070190225 profile1
424 147.706843 -3.41084579736427 profile1
425 147.719435 -3.45612122832634 profile1
426 147.737975 -3.40649974509656 profile1
427 147.751499 -3.38061107703324 profile1
428 147.760277 -3.3663841024207 profile1
429 147.769056 -3.36060686254109 profile1
430 147.777834 -3.35629098175479 profile1
431 147.786613 -3.28246332694754 profile1
432 147.795391 -3.21730508115176 profile1
433 147.816836 -3.20807126573248 profile1
434 147.850698 -3.2323189018464 profile1
435 147.88456 -3.27108192268349 profile1
436 147.914702 -3.20008626495955 profile1
437 147.91491 -3.15349891542512 profile1
438 147.915116 -3.11148956318304 profile1
439 147.915322 -3.07474152129489 profile1
440 147.915527 -3.04383796980284 profile1
441 147.915733 -3.01923748500573 profile1
442 147.916803 -3.00281405916532 profile1
443 147.923623 -3.0162334150037 profile1
444 147.930444 -3.03029888692978 profile1
445 147.937264 -3.04619353654281 profile1
446 147.944084 -3.0706432983985 profile1
447 147.949324 -3.12520731821844 profile1
448 147.953121 -3.22785149531368 profile1
449 147.956917 -3.38607388197479 profile1
450 147.960714 -3.58752838269994 profile1
451 147.964511 -3.82476090864466 profile1
452 147.968307 -3.95670393786255 profile1
453 147.973733 -4.04347331034345 profile1
454 147.982072 -4.11049846013223 profile1
455 147.982175 -4.13995759160686 profile1
456 147.986987 -4.49008876088958 profile1
457 147.987657 -4.76448558766832 profile1
458 147.988327 -5.04536816387223 profile1
459 147.988998 -5.31531362972146 profile1
460 147.989668 -5.51625807768333 profile1
461 148.006053 -5.5377056163817 profile1
462 148.013144 -5.61295767552975 profile1
463 148.020236 -5.696916912991 profile1
464 148.027327 -5.78846870289278 profile1
465 148.033269 -5.8862841665924 profile1
466 148.037078 -5.98889539316016 profile1
467 148.040918 -6.1461706221965 profile1
468 148.046494 -6.32710189287558 profile1
469 148.05207 -6.55294278794114 profile1
470 148.180347 -6.78653210506164 profile1
471 148.183086 -6.89157670188706 profile1
472 148.185825 -6.99601220820317 profile1
473 148.188563 -7.09717520323401 profile1
474 148.191302 -7.11263926109674 profile1
475 148.194041 -7.12949815316664 profile1
476 148.19678 -7.17825267016742 profile1
477 148.200032 -7.28333510044482 profile1
478 148.204884 -7.39174159082483 profile1
479 148.213021 -7.51398378737497 profile1
480 148.213171 -7.73464673426978 profile1
481 148.213321 -7.97848051792474 profile1
482 148.326473 -8.19185861962935 profile1
483 148.333368 -8.05250729829201 profile1
484 148.340263 -7.89170309793266 profile1
485 148.347157 -7.75323176597007 profile1
486 148.354052 -7.66612895381549 profile1
487 148.362946 -7.58252504724879 profile1
488 148.430037 -7.53051221708892 profile1
489 148.4319 -7.55137010288411 profile1
490 148.433763 -7.57598223353638 profile1
491 148.673469 -9.91923116864085 profile1
492 148.812084 -9.94225172897501 profile1
493 148.815025 -9.9369105931584 profile1
494 146.80381 -2.54388877204987 profile1
495 147.982278 -4.16713418403855 profile1
496 147.986316 -4.23973501573748 profile1
497 148.380016 -7.51624778157433 profile1
498 148.403283 -7.50256826596733 profile1
499 148.42655 -7.51339760876853 profile1
500 148.435626 -7.74732204940746 profile1
501 148.437489 -7.89719581756394 profile1
502 148.439352 -7.96252711579436 profile1
503 148.441214 -7.99641291962936 profile1
504 148.443077 -8.02961223478451 profile1
505 148.44494 -8.06217790786105 profile1
506 148.446803 -8.09418289126536 profile1
507 148.453459 -8.11664635716289 profile1
508 148.477993 -8.12798704785705 profile1
509 148.493526 -8.20156456196288 profile1
510 148.493644 -8.28109296342517 profile1
511 148.493762 -8.35936295525761 profile1
512 148.502187 -8.35497684657926 profile1
513 148.624196 -8.33899198692167 profile1
514 148.648833 -8.93490058291199 profile1
515 146.862885 -2.25333062328469 profile1
516 146.863965 -1.83979156438152 profile1
517 147.281622 -0.0753956550048958 profile1
518 147.284644 -0.145143818075119 profile1
519 147.286194 -0.266383776954284 profile1
520 147.286753 -0.436814931454352 profile1
521 146.865044 -1.55359617683303 profile1
522 146.87452 -1.36770111228319 profile1
523 146.889753 -1.29497535373276 profile1
524 146.904986 -1.22663910051571 profile1
525 147.064187 -1.06068536015769 profile1
526 147.069549 -0.972863434428027 profile1
527 147.074911 -0.85059874559651 profile1
528 147.080273 -0.635224459177504 profile1
529 147.089309 -0.54589422575398 profile1
530 147.114764 -0.530119236828607 profile1
531 147.137425 -0.530127446212256 profile1
532 147.157965 -0.610862481222504 profile1
533 147.178504 -0.752116582959497 profile1
534 147.221814 -0.145841278714759 profile1
535 147.253583 -0.0356584374116846 profile1
536 147.272554 0.00770271319797143 profile1
537 147.275576 0 profile1
538 147.278599 -0.0392831179662399 profile1
539 142.490795 -4.52833928040045 profile2
540 142.517426 -4.49982603705287 profile2
541 142.560149 -4.4806503007279 profile2
542 142.602873 -4.46169662034591 profile2
543 142.64402 -4.44295550986839 profile2
544 142.685103 -4.29684915466674 profile2
545 142.726186 -4.25600700969285 profile2
546 142.767269 -4.23736474645389 profile2
547 142.808353 -4.21005501491361 profile2
548 142.849436 -4.15871898673911 profile2
549 142.876943 -4.11011542325445 profile2
550 142.880371 -4.06412729218141 profile2
551 142.883799 -4.02092085746758 profile2
552 142.904956 -3.98110357217365 profile2
553 142.989329 -4.02092091885882 profile2
554 143.073701 -4.05053461062032 profile2
555 143.155273 -3.93150641957628 profile2
556 143.159416 -3.74056079173023 profile2
557 143.163559 -3.65382113850052 profile2
558 143.167702 -3.64930274521458 profile2
559 143.171846 -3.64086269430321 profile2
560 143.175989 -3.62946447422564 profile2
561 143.180132 -3.6155025205373 profile2
562 143.240265 -3.59681623517002 profile2
563 143.324863 -3.62806284105103 profile2
564 143.409462 -3.6004561138916 profile2
565 143.484637 -3.62657519457313 profile2
566 143.487347 -3.65122752375331 profile2
567 143.490056 -3.62904334638463 profile2
568 143.492766 -3.60974328183436 profile2
569 143.495555 -3.59341414153561 profile2
570 143.498344 -3.58011432504662 profile2
571 143.501132 -3.5741588029101 profile2
572 143.521072 -3.57754171666139 profile2
573 143.53778 -3.58989821309855 profile2
574 143.554489 -3.57836469920996 profile2
575 143.570345 -3.56017286626236 profile2
576 143.571477 -3.54825265867874 profile2
577 143.572611 -3.54202050710907 profile2
578 143.574439 -3.54065226542354 profile2
579 143.699438 -3.80698644866527 profile2
580 143.824436 -3.53732277791195 profile2
581 143.915168 -3.22413869985246 profile2
582 143.920616 -3.2327767957566 profile2
583 143.926063 -3.24278671481466 profile2
584 143.93182 -3.2650118557715 profile2
585 143.935901 -3.2696285212913 profile2
586 143.939982 -3.28650862515587 profile2
587 143.944917 -3.31734482602179 profile2
588 143.975668 -3.36322965497051 profile2
589 144.013221 -3.38825837276442 profile2
590 144.051716 -3.4034784604014 profile2
591 144.090211 -3.39962035556735 profile2
592 144.128706 -3.39363999244855 profile2
593 144.167202 -3.38838752890089 profile2
594 144.176428 -3.38350474117678 profile2
595 144.180816 -3.3786549223092 profile2
596 144.185205 -3.37372804351749 profile2
597 144.348163 -3.28439890379444 profile2
598 144.361337 -3.49681418586241 profile2
599 144.363468 -3.43127122764818 profile2
600 144.365599 -3.4729343373506 profile2
601 144.367577 -3.54967031889117 profile2
602 144.375504 -3.58599960107546 profile2
603 144.385418 -3.63432875719589 profile2
604 144.395332 -3.6937118496101 profile2
605 144.407236 -3.75009720587725 profile2
606 144.411293 -3.80124215921361 profile2
607 144.415349 -3.85293616445144 profile2
608 144.419405 -3.90494906444147 profile2
609 144.423461 -3.9570576860424 profile2
610 144.427517 -3.91519709353316 profile2
611 144.431573 -3.85706745564923 profile2
612 144.437408 -3.81558417838871 profile2
613 144.440911 -3.82550380133475 profile2
614 144.442944 -3.83592155788124 profile2
615 144.444976 -3.83389247458628 profile2
616 144.447008 -3.8222536522092 profile2
617 144.44904 -3.81214302687224 profile2
618 144.454745 -3.79019729473659 profile2
619 144.498681 -3.76949025162941 profile2
620 144.558267 -3.75247472429059 profile2
621 144.587405 -3.71811259017363 profile2
622 144.587686 -3.65566942867522 profile2
623 144.587968 -3.58996668216468 profile2
624 144.617027 -3.54720748644541 profile2
625 144.705848 -3.58892721725931 profile2
626 144.716797 -3.66457223716134 profile2
627 144.727745 -3.4892749211864 profile2
628 144.897381 -3.47214194036373 profile2
629 144.903395 -3.49485645543383 profile2
630 144.909409 -3.51964899224098 profile2
631 144.916914 -3.54639661812584 profile2
632 144.947844 -3.56466623585124 profile2
633 144.978774 -3.58269471891949 profile2
634 145.106694 -3.61919167063848 profile2
635 145.224788 -3.48140736346858 profile2
636 145.342881 -3.43247893997424 profile2
637 145.729503 -3.25920665418883 profile2
638 145.916546 -3.17264017303993 profile2
639 146.10359 -3.05344096387784 profile2
640 146.240909 -3.1011775267661 profile2
641 146.283615 -2.93864002030087 profile2
642 146.304543 -2.94009997486536 profile2
643 146.314537 -2.94142613809814 profile2
644 146.319976 -2.94270979788165 profile2
645 146.322338 -2.9440677608795 profile2
646 146.3247 -2.94564324104817 profile2
647 146.327062 -2.94759874334053 profile2
648 146.329424 -2.9501091347571 profile2
649 146.331786 -2.95335853794015 profile2
650 146.334148 -2.95752806784998 profile2
651 146.33651 -2.96349427789998 profile2
652 146.643419 -3.10710156463363 profile2
653 146.654632 -3.11180460912747 profile2
654 146.665844 -3.11071486652253 profile2
655 146.677056 -3.09399052295267 profile2
656 146.688269 -2.87188317292145 profile2
657 146.69133 -2.41606658409675 profile2
658 146.694026 -1.88571575902253 profile2
659 146.696722 -1.3262828644555 profile2
660 146.699418 -0.803103270969064 profile2
661 146.702114 -0.381782517853039 profile2
662 146.70481 -0.267640654818271 profile2
663 146.707507 -0.221720888535927 profile2
664 146.710838 -0.183328574787769 profile2
665 146.716274 -0.152803493564414 profile2
666 146.72171 -0.130360982243391 profile2
667 146.727146 -0.11608765943043 profile2
668 146.734615 -0.126887644998593 profile2
669 146.80381 -0.131470730625321 profile2
670 146.862885 -0.0574063252901499 profile2
671 146.863965 -0.0410547968117109 profile2
672 146.865044 -0.130585965281367 profile2
673 146.87452 -0.333693698134138 profile2
674 146.889753 -0.557960096431353 profile2
675 146.904986 -0.58722366868924 profile2
676 147.064187 -0.468328283116652 profile2
677 147.069549 -0.431422646803551 profile2
678 147.074911 -0.434272345849143 profile2
679 147.080273 -0.349871098628566 profile2
680 147.089309 -0.326821476530809 profile2
681 147.114764 -0.364018410281835 profile2
682 147.137425 -0.379239451640006 profile2
683 147.157965 -0.354596277899961 profile2
684 147.178504 -0.279580410342731 profile2
685 147.221814 0.00770271319797143 profile2
686 147.253583 -0.020595505968711 profile2
687 147.272554 -0.0160832308235962 profile2
688 147.275576 0 profile2
689 147.278599 -0.0366980648200751 profile2
690 147.281622 -0.194055334865761 profile2
691 147.284644 -0.359151779497195 profile2
692 147.286194 -0.540413843558042 profile2
693 147.286753 -0.726855080167778 profile2
694 147.287312 -0.916729038010977 profile2
695 147.287872 -1.10956857479987 profile2
696 147.290648 -1.2763197797691 profile2
697 147.299484 -1.41936029359082 profile2
698 147.327447 -1.78396703756881 profile2
699 147.35561 -1.77252217680191 profile2
700 147.383773 -1.76998529551593 profile2
701 147.397845 -1.72958497461732 profile2
702 147.402328 -1.6887008746193 profile2
703 147.406811 -1.64759902858863 profile2
704 147.411546 -1.60624914367002 profile2
705 147.442387 -1.56522804475815 profile2
706 147.535843 -1.55568563280361 profile2
707 147.551736 -1.49418522728991 profile2
708 147.555599 -1.44331490161183 profile2
709 147.559461 -1.52449711379526 profile2
710 147.563362 -1.6731240211487 profile2
711 147.583398 -2.16122378046638 profile2
712 147.602453 -2.4876900891665 profile2
713 147.621507 -2.73133536682781 profile2
714 147.682611 -2.78009342764021 profile2
715 147.68996 -2.77425406890256 profile2
716 147.695588 -2.74493274329026 profile2
717 147.701215 -2.71990069732641 profile2
718 147.706843 -2.58016543349847 profile2
719 147.719435 -2.41964681373776 profile2
720 147.737975 -2.40852042813604 profile2
721 147.751499 -2.41179442090049 profile2
722 147.760277 -2.41636560526912 profile2
723 147.769056 -2.42015369610166 profile2
724 147.777834 -2.4241573532104 profile2
725 147.786613 -2.51222800038641 profile2
726 147.795391 -2.71592370813047 profile2
727 147.816836 -3.0460823849521 profile2
728 147.850698 -3.28270460090713 profile2
729 147.88456 -3.50613678019714 profile2
730 147.914702 -3.48587947737438 profile2
731 147.91491 -3.4068443394508 profile2
732 147.915116 -3.3154512857285 profile2
733 147.915322 -3.21316651716242 profile2
734 147.915527 -3.10173869034627 profile2
735 147.915733 -2.98311967092767 profile2
736 147.916803 -2.86718116575997 profile2
737 147.923623 -2.87590187018413 profile2
738 147.930444 -2.90242796494633 profile2
739 147.937264 -2.93132594256609 profile2
740 147.944084 -2.98747940388658 profile2
741 147.949324 -3.05371511774288 profile2
742 147.953121 -3.28833287650015 profile2
743 147.956917 -3.64440316516064 profile2
744 147.960714 -3.98822729395609 profile2
745 147.964511 -4.29047874981173 profile2
746 147.968307 -4.44247244303027 profile2
747 147.973733 -4.51823818879071 profile2
748 147.982072 -4.5357638984256 profile2
749 147.982175 -4.55523053310132 profile2
750 147.982278 -4.57137146784029 profile2
751 147.986316 -4.57119339645313 profile2
752 147.986987 -4.52410492202582 profile2
753 147.987657 -4.47286872382575 profile2
754 147.988327 -4.41937419612357 profile2
755 147.988998 -4.36606297919236 profile2
756 147.989668 -4.31948140756848 profile2
757 148.006053 -4.28909372396621 profile2
758 148.013144 -4.2634425756103 profile2
759 148.020236 -4.23600756270417 profile2
760 148.027327 -4.20697745561504 profile2
761 148.033269 -4.17665947577223 profile2
762 148.037078 -4.14546948250547 profile2
763 148.040918 -4.16279628321604 profile2
764 148.046494 -4.38815836554896 profile2
765 148.05207 -4.66261587329398 profile2
766 148.180347 -4.88559176656591 profile2
767 148.183086 -4.85125076173106 profile2
768 148.185825 -4.81599085337582 profile2
769 148.188563 -4.78138142893836 profile2
770 148.191302 -4.78513785365073 profile2
771 148.194041 -4.78968116681918 profile2
772 148.19678 -4.80058779004063 profile2
773 148.200032 -4.82306395048284 profile2
774 148.204884 -4.85059748851488 profile2
775 148.213021 -4.87879879935361 profile2
776 148.213171 -4.89455223131445 profile2
777 148.213321 -4.90184348489553 profile2
778 148.326473 -4.89394928427603 profile2
779 148.333368 -4.89019678077206 profile2
780 148.340263 -4.87389525292913 profile2
781 148.347157 -4.86479868226693 profile2
782 148.354052 -4.86751314439635 profile2
783 148.362946 -4.87237718628564 profile2
784 148.380016 -4.87797360701791 profile2
785 148.403283 -4.87767412956991 profile2
786 148.42655 -4.86388120167007 profile2
787 148.430037 -4.85752226327102 profile2
788 148.4319 -4.85219328445489 profile2
789 148.433763 -4.84788688934698 profile2
790 148.435626 -4.83712908453183 profile2
791 148.437489 -4.86509086458245 profile2
792 148.439352 -4.89963573181265 profile2
793 148.441214 -4.93386376644932 profile2
794 148.443077 -4.97515837767801 profile2
795 148.44494 -5.0190527476995 profile2
796 148.446803 -5.06137454687121 profile2
797 148.453459 -5.08301954991988 profile2
798 148.477993 -5.08597170301973 profile2
799 148.493526 -5.06184281047044 profile2
800 148.493644 -5.03545651975543 profile2
801 148.493762 -5.01011631252775 profile2
802 148.502187 -5.0945650716047 profile2
803 148.624196 -5.18403745629624 profile2
804 148.648833 -4.92966574416025 profile2
805 148.673469 -4.9685150468275 profile2
806 148.812084 -4.90847545017597 profile2
807 148.815025 -4.9157066613232 profile2
