marker_position lod trace
1 142.490795 -6.39529974847833 pleio
2 142.517426 -6.31834464371706 pleio
3 142.560149 -6.23759162733013 pleio
4 142.602873 -6.15764745742273 pleio
5 142.64402 -6.07825193227002 pleio
6 142.685103 -6.14327546854069 pleio
7 142.726186 -6.10792064193552 pleio
8 142.767269 -6.03559884828752 pleio
9 142.808353 -5.96473064452775 pleio
10 142.849436 -5.89484926939885 pleio
11 142.876943 -5.82608409413147 pleio
12 142.880371 -5.75835139789197 pleio
13 142.883799 -5.69183306921053 pleio
14 142.904956 -5.62693708287504 pleio
15 142.989329 -5.5991479147518 pleio
16 143.073701 -5.58446231585908 pleio
17 143.155273 -5.53484755952096 pleio
18 143.159416 -5.49259292539892 pleio
19 143.163559 -5.37712912760446 pleio
20 143.167702 -5.21708595258662 pleio
21 143.171846 -5.06013216836597 pleio
22 143.175989 -4.91000702119603 pleio
23 143.180132 -4.76985718800976 pleio
24 143.240265 -4.61583268239762 pleio
25 143.324863 -4.08508069321052 pleio
26 143.409462 -3.99623759672517 pleio
27 143.484637 -4.00422325836162 pleio
28 143.487347 -4.02109367438472 pleio
29 143.490056 -3.9667030789304 pleio
30 143.492766 -3.91503855903536 pleio
31 143.495555 -3.865984239851 pleio
32 143.498344 -3.81942604918271 pleio
33 143.501132 -3.78109813945722 pleio
34 143.521072 -3.718679750515 pleio
35 143.53778 -3.63344984762385 pleio
36 143.554489 -3.38199837087999 pleio
37 143.570345 -3.04817913410585 pleio
38 143.571477 -2.72067813049926 pleio
39 143.572611 -2.41483669626197 pleio
40 143.574439 -2.14463660214809 pleio
41 143.699438 -1.9711533877857 pleio
42 143.824436 -1.57106050447559 pleio
43 143.915168 -1.32045294971439 pleio
44 143.920616 -1.36320586124963 pleio
45 143.926063 -1.43305122898652 pleio
46 143.93182 -1.59370093939267 pleio
47 143.935901 -1.71880987209598 pleio
48 143.939982 -1.86902840655877 pleio
49 143.944917 -2.04174657896865 pleio
50 143.975668 -2.23562672401695 pleio
51 144.013221 -2.33961261668083 pleio
52 144.051716 -2.41761254202568 pleio
53 144.090211 -2.43435702864047 pleio
54 144.128706 -2.43778935618447 pleio
55 144.167202 -2.43968985047997 pleio
56 144.176428 -2.44095816252649 pleio
57 144.180816 -2.44241426538551 pleio
58 144.185205 -2.44423336764588 pleio
59 144.348163 -2.28091047893493 pleio
60 144.361337 -2.06521857251345 pleio
61 144.363468 -1.72520596197832 pleio
62 144.365599 -1.37472348403891 pleio
63 144.367577 -1.11920851624957 pleio
64 144.375504 -0.928279552797504 pleio
65 144.385418 -0.761302903511735 pleio
66 144.395332 -0.620878859900626 pleio
67 144.407236 -0.558462983650142 pleio
68 144.411293 -0.533143074898929 pleio
69 144.415349 -0.510566634312587 pleio
70 144.419405 -0.490871675300413 pleio
71 144.423461 -0.474173209564289 pleio
72 144.427517 -0.449266200425383 pleio
73 144.431573 -0.424517194496955 pleio
74 144.437408 -0.407033715165206 pleio
75 144.440911 -0.429736369488217 pleio
76 144.442944 -0.460090400884978 pleio
77 144.444976 -0.479692110024261 pleio
78 144.447008 -0.493926288879412 pleio
79 144.44904 -0.517918492739942 pleio
80 144.454745 -0.495967846855589 pleio
81 144.498681 -0.478602229441133 pleio
82 144.558267 -0.462430445683112 pleio
83 144.587405 -0.402843246327216 pleio
84 144.587686 -0.332673999243074 pleio
85 144.587968 -0.270848832980473 pleio
86 144.617027 -0.225118283639578 pleio
87 144.705848 -0.229842149656958 pleio
88 144.716797 -0.180271801862663 pleio
89 144.727745 0 pleio
90 144.897381 -0.0257299584577291 pleio
91 144.903395 -0.10639691195106 pleio
92 144.909409 -0.195502369257423 pleio
93 144.916914 -0.292702521827724 pleio
94 144.947844 -0.367425482990777 pleio
95 144.978774 -0.442782807953697 pleio
96 145.106694 -0.527213712776437 pleio
97 145.224788 -1.34104910672511 pleio
98 145.342881 -1.41568540808681 pleio
99 145.729503 -2.74788838872016 pleio
100 145.916546 -3.12737979138852 pleio
101 146.10359 -3.14468238128571 pleio
102 146.240909 -3.13875203460943 pleio
103 146.283615 -3.13600306442141 pleio
104 146.304543 -3.17447355316187 pleio
105 146.314537 -3.21826172290009 pleio
106 146.319976 -3.26745655005541 pleio
107 146.322338 -3.32210242306675 pleio
108 146.3247 -3.38219380021294 pleio
109 146.327062 -3.44766904369161 pleio
110 146.329424 -3.51840632303045 pleio
111 146.331786 -3.59422395217404 pleio
112 146.334148 -3.67488142632988 pleio
113 146.33651 -3.41787900122285 pleio
114 146.643419 -3.2942073794437 pleio
115 146.654632 -3.22607586596786 pleio
116 146.665844 -3.16459503431958 pleio
117 146.677056 -3.0790858913533 pleio
118 146.688269 -2.918342858792 pleio
119 146.69133 -2.76118555034322 pleio
120 146.694026 -2.60684915843529 pleio
121 146.696722 -2.46970538763723 pleio
122 146.699418 -2.36419108364538 pleio
123 146.702114 -2.30002406541253 pleio
124 146.70481 -2.27051120763806 pleio
125 146.707507 -2.24789340296746 pleio
126 146.710838 -2.23194855655295 pleio
127 146.716274 -2.22272189934971 pleio
128 146.72171 -2.22017113832033 pleio
129 146.727146 -2.2241700948141 pleio
130 146.734615 -2.24607320669413 pleio
131 146.80381 -2.25178453670687 pleio
132 146.862885 -2.07051373526353 pleio
133 146.863965 -1.82798267963377 pleio
134 146.865044 -1.66342920574866 pleio
135 146.87452 -1.58644518269154 pleio
136 146.889753 -1.53819743226935 pleio
137 146.904986 -1.38510205137351 pleio
138 147.064187 -1.15906688350809 pleio
139 147.069549 -0.884791279727531 pleio
140 147.074911 -0.744670063442404 pleio
141 147.080273 -0.707796608400479 pleio
142 147.089309 -0.717756981660667 pleio
143 147.114764 -0.777973763221898 pleio
144 147.137425 -0.794848597156069 pleio
145 147.157965 -0.772008060810325 pleio
146 147.178504 -0.692967624256621 pleio
147 147.221814 -0.188267950720582 pleio
148 147.253583 -0.198380305503613 pleio
149 147.272554 -0.242386266858768 pleio
150 147.275576 -0.327900184398061 pleio
151 147.278599 -0.443551933554378 pleio
152 147.281622 -0.615913443297889 pleio
153 147.284644 -0.800949158800821 pleio
154 147.286194 -0.996252754234168 pleio
155 147.286753 -1.19929531746892 pleio
156 147.287312 -1.40759693527276 pleio
157 147.287872 -1.6188653743225 pleio
158 147.290648 -1.81577374885433 pleio
159 147.299484 -2.00302010353142 pleio
160 147.327447 -2.40919799162118 pleio
161 147.35561 -2.38310932102331 pleio
162 147.383773 -2.36080056158023 pleio
163 147.397845 -2.34769035578605 pleio
164 147.402328 -2.3363225105399 pleio
165 147.406811 -2.32682667279471 pleio
166 147.411546 -2.31965972246661 pleio
167 147.442387 -2.31486412434799 pleio
168 147.535843 -2.31737385603023 pleio
169 147.551736 -2.4684956599048 pleio
170 147.555599 -2.64052538196222 pleio
171 147.559461 -2.83489644410363 pleio
172 147.563362 -3.05483547437314 pleio
173 147.583398 -3.43085551163943 pleio
174 147.602453 -3.64953070107897 pleio
175 147.621507 -3.82197859880172 pleio
176 147.682611 -3.85769292740549 pleio
177 147.68996 -3.83876190186073 pleio
178 147.695588 -3.76969655969904 pleio
179 147.701215 -3.70532248828077 pleio
180 147.706843 -3.72578804423197 pleio
181 147.719435 -3.86287407301017 pleio
182 147.737975 -3.86101780489569 pleio
183 147.751499 -3.86492116753293 pleio
184 147.760277 -3.86294963675961 pleio
185 147.769056 -3.85639710901029 pleio
186 147.777834 -3.85030128748864 pleio
187 147.786613 -4.16984509243957 pleio
188 147.795391 -3.95282642261802 pleio
189 147.816836 -3.91164692351527 pleio
190 147.850698 -3.91435353312434 pleio
191 147.88456 -3.91006809217864 pleio
192 147.914702 -3.90015990186288 pleio
193 147.91491 -3.91187305025671 pleio
194 147.915116 -3.92813850686642 pleio
195 147.915322 -3.94916460151799 pleio
196 147.915527 -3.97497909482904 pleio
197 147.915733 -4.00543530333637 pleio
198 147.916803 -4.03909616561632 pleio
199 147.923623 -4.05683991229679 pleio
200 147.930444 -4.07278284414728 pleio
201 147.937264 -4.0888544619363 pleio
202 147.944084 -4.20500378249405 pleio
203 147.949324 -4.3662992859293 pleio
204 147.953121 -4.41916972990871 pleio
205 147.956917 -4.39683670738841 pleio
206 147.960714 -4.38454982412927 pleio
207 147.964511 -4.39088469744009 pleio
208 147.968307 -4.34939326478216 pleio
209 147.973733 -4.30512298313469 pleio
210 147.982072 -4.30005554942338 pleio
211 147.982175 -4.28331170613126 pleio
212 147.982278 -4.26572690480207 pleio
213 147.986316 -4.26238936855223 pleio
214 147.986987 -4.34166929241177 pleio
215 147.987657 -4.47717611410855 pleio
216 147.988327 -4.66343399249512 pleio
217 147.988998 -4.88777309275493 pleio
218 147.989668 -5.09611575829914 pleio
219 148.006053 -5.16746333782796 pleio
220 148.013144 -5.21909921518038 pleio
221 148.020236 -5.28575839328052 pleio
222 148.027327 -5.36750652124869 pleio
223 148.033269 -5.46392944403546 pleio
224 148.037078 -5.57412410551492 pleio
225 148.040918 -5.66496025692603 pleio
226 148.046494 -5.78143198351482 pleio
227 148.05207 -5.98418600942089 pleio
228 148.180347 -6.21462175354872 pleio
229 148.183086 -6.30031276415296 pleio
230 148.185825 -6.3873938245046 pleio
231 148.188563 -6.47243980408653 pleio
232 148.191302 -6.44201321287579 pleio
233 148.194041 -6.41864010467036 pleio
234 148.19678 -6.41360934233878 pleio
235 148.200032 -6.42820712420835 pleio
236 148.204884 -6.44296237323855 pleio
237 148.213021 -6.47338800266915 pleio
238 148.213171 -6.62038917027588 pleio
239 148.213321 -6.77404615372259 pleio
240 148.326473 -6.89132439399033 pleio
241 148.333368 -6.65766642023642 pleio
242 148.340263 -6.50874402037097 pleio
243 148.347157 -6.38746764015132 pleio
244 148.354052 -6.32219920258493 pleio
245 148.362946 -6.26089061273885 pleio
246 148.380016 -6.20457935289325 pleio
247 148.403283 -6.1935555464515 pleio
248 148.42655 -6.21312349147052 pleio
249 148.430037 -6.2588041811119 pleio
250 148.4319 -6.30674566836799 pleio
251 148.433763 -6.35653197607556 pleio
252 148.435626 -6.41654663866251 pleio
253 148.437489 -6.53974125197895 pleio
254 148.439352 -6.58463618359314 pleio
255 148.441214 -6.60375515365066 pleio
256 148.443077 -6.64124072590702 pleio
257 148.44494 -6.69645221971491 pleio
258 148.446803 -6.7660015940771 pleio
259 148.453459 -6.81702903897352 pleio
260 148.477993 -6.8343254754467 pleio
261 148.493526 -6.85540846668499 pleio
262 148.493644 -6.87643322990147 pleio
263 148.493762 -6.8965987947609 pleio
264 148.502187 -6.75954749895177 pleio
265 148.624196 -6.8320623079617 pleio
266 148.648833 -7.13574223099747 pleio
267 148.673469 -7.70419708028674 pleio
268 148.812084 -8.15856110563715 pleio
269 148.815025 -8.1820683821764 pleio
270 142.490795 -0.194701732943422 profile1
271 142.517426 -0.131518408112587 profile1
272 142.560149 -0.0636048988743876 profile1
273 142.602873 0.00349691254744945 profile1
274 142.64402 0.0699601209454892 profile1
275 142.685103 -0.0154006997199751 profile1
276 142.726186 0.00827325156074048 profile1
277 142.767269 0.0696487122757028 profile1
278 142.808353 0.128604442357648 profile1
279 142.849436 0.183520958779199 profile1
280 142.876943 0.237132373299719 profile1
281 142.880371 0.288895979249173 profile1
282 142.883799 0.338672797793321 profile1
283 142.904956 0.386398721904088 profile1
284 142.989329 0.404837632930829 profile1
285 143.073701 0.412143770919946 profile1
286 143.155273 0.45289051933239 profile1
287 143.159416 0.489000515313058 profile1
288 143.163559 0.575095444244956 profile1
289 143.167702 0.679835399482385 profile1
290 143.171846 0.779287862837326 profile1
291 143.175989 0.871945579059947 profile1
292 143.180132 0.956530026743151 profile1
293 143.240265 1.06746775089473 profile1
294 143.324863 1.29045690795013 profile1
295 143.409462 1.61862302352435 profile1
296 143.484637 1.54631992822792 profile1
297 143.487347 1.46943339031106 profile1
298 143.490056 1.48980385443852 profile1
299 143.492766 1.50853249199401 profile1
300 143.495555 1.52575950686607 profile1
301 143.498344 1.54161901085811 profile1
302 143.501132 1.56850062983429 profile1
303 143.521072 1.60915988422467 profile1
304 143.53778 1.66704416947611 profile1
305 143.554489 1.80573228344225 profile1
306 143.570345 1.98521672930539 profile1
307 143.571477 2.16526818011802 profile1
308 143.572611 2.33838648170352 profile1
309 143.574439 2.49706408653957 profile1
310 143.699438 2.6456765457503 profile1
311 143.824436 2.94472512985508 profile1
312 143.915168 3.16755347572329 profile1
313 143.920616 3.12659883358647 profile1
314 143.926063 3.07559940290535 profile1
315 143.93182 3.0277861435227 profile1
316 143.935901 2.96254408908347 profile1
317 143.939982 2.87332412884479 profile1
318 143.944917 2.76129613562188 profile1
319 143.975668 2.62796149441485 profile1
320 144.013221 2.57446907363576 profile1
321 144.051716 2.53939818933357 profile1
322 144.090211 2.52495433863156 profile1
323 144.128706 2.52131648184096 profile1
324 144.167202 2.51834356585075 profile1
325 144.176428 2.515616106237 profile1
326 144.180816 2.51275865741997 profile1
327 144.185205 2.50968473623851 profile1
328 144.348163 2.54812235417384 profile1
329 144.361337 2.64220140353219 profile1
330 144.363468 2.75756884767753 profile1
331 144.365599 2.86637578806166 profile1
332 144.367577 2.91833710693041 profile1
333 144.375504 2.93469778798068 profile1
334 144.385418 2.93279983359147 profile1
335 144.395332 2.9140491971099 profile1
336 144.407236 2.92337375905383 profile1
337 144.411293 2.95418101380711 profile1
338 144.415349 2.9828721346368 profile1
339 144.419405 3.00933119488228 profile1
340 144.423461 3.03346086331554 profile1
341 144.427517 3.07170849423327 profile1
342 144.431573 3.11462394924847 profile1
343 144.437408 3.15245824564437 profile1
344 144.440911 3.13623035992369 profile1
345 144.442944 3.11226691815187 profile1
346 144.444976 3.08507379354629 profile1
347 144.447008 3.05410701326563 profile1
348 144.44904 3.01675518806939 profile1
349 144.454745 3.02235787619072 profile1
350 144.498681 3.02661352980634 profile1
351 144.558267 3.03242709505093 profile1
352 144.587405 3.07210959419191 profile1
353 144.587686 3.1085066199944 profile1
354 144.587968 3.13753905171461 profile1
355 144.617027 3.16423808014921 profile1
356 144.705848 3.116412116074 profile1
357 144.716797 3.1238183447073 profile1
358 144.727745 3.18520887770082 profile1
359 144.897381 3.13610410915773 profile1
360 144.903395 3.0549512307428 profile1
361 144.909409 2.96864495449454 profile1
362 144.916914 2.8775428603122 profile1
363 144.947844 2.80940784605652 profile1
364 144.978774 2.74192758106768 profile1
365 145.106694 2.76786143116561 profile1
366 145.224788 1.83859988899204 profile1
367 145.342881 1.69370547496008 profile1
368 145.729503 1.1709236011159 profile1
369 145.916546 0.927090739562205 profile1
370 146.10359 0.84201450614208 profile1
371 146.240909 0.87403186119652 profile1
372 146.283615 0.881154698498521 profile1
373 146.304543 0.826025872077576 profile1
374 146.314537 0.767744676385673 profile1
375 146.319976 0.706320249909986 profile1
376 146.322338 0.641787000426464 profile1
377 146.3247 0.574209192663737 profile1
378 146.327062 0.503684521900958 profile1
379 146.329424 0.430345753505016 profile1
380 146.331786 0.354362773780741 profile1
381 146.334148 0.275940171906674 profile1
382 146.33651 0.461753474258027 profile1
383 146.643419 0.588860899413445 profile1
384 146.654632 0.63855748771846 profile1
385 146.665844 0.683335381227924 profile1
386 146.677056 0.732510206588391 profile1
387 146.688269 0.681410735008329 profile1
388 146.69133 0.507557128728927 profile1
389 146.694026 0.312039853291948 profile1
390 146.696722 0.107317982579125 profile1
391 146.699418 -0.0895466921935374 profile1
392 146.702114 -0.261770203036765 profile1
393 146.70481 -0.305119841651888 profile1
394 146.707507 -0.319958766327324 profile1
395 146.710838 -0.334772452930916 profile1
396 146.716274 -0.349497351937051 profile1
397 146.72171 -0.364072858738178 profile1
398 146.727146 -0.378442324026352 profile1
399 146.734615 -0.389792366702685 profile1
400 146.80381 -0.401198514578313 profile1
401 146.862885 -0.409934889731854 profile1
402 146.863965 -0.404373454967446 profile1
403 146.865044 -0.405617114826239 profile1
404 146.87452 -0.411452160880436 profile1
405 146.889753 -0.389259800695535 profile1
406 146.904986 -0.306308010759937 profile1
407 147.064187 -0.269903406849205 profile1
408 147.069549 -0.268180286583867 profile1
409 147.074911 -0.261108998695747 profile1
410 147.080273 -0.252316090907307 profile1
411 147.089309 -0.245266848290218 profile1
412 147.114764 -0.240588904771802 profile1
413 147.137425 -0.23959350233982 profile1
414 147.157965 -0.216171376028937 profile1
415 147.178504 -0.173093843855713 profile1
416 147.221814 -0.112445137817682 profile1
417 147.253583 -0.198380305503613 profile1
418 147.272554 -0.207584325411464 profile1
419 147.275576 -0.225337613185094 profile1
420 147.278599 -0.249307807011272 profile1
421 147.281622 -0.340219533955905 profile1
422 147.284644 -0.424195261695839 profile1
423 147.286194 -0.499288063689538 profile1
424 147.286753 -0.564042484023277 profile1
425 147.287312 -0.617602828675172 profile1
426 147.287872 -0.659744457895285 profile1
427 147.290648 -0.703669613922425 profile1
428 147.299484 -0.7510967403602 profile1
429 147.327447 -0.716050976695227 profile1
430 147.35561 -0.697543388184184 profile1
431 147.383773 -0.637180051645541 profile1
432 147.397845 -0.631716390126779 profile1
433 147.402328 -0.626015935290786 profile1
434 147.406811 -0.62010625128669 profile1
435 147.411546 -0.614071622016585 profile1
436 147.442387 -0.608052489409153 profile1
437 147.535843 -0.610928478062932 profile1
438 147.551736 -0.638363336681408 profile1
439 147.555599 -0.635368312940189 profile1
440 147.559461 -0.683912779947895 profile1
441 147.563362 -0.743920233563082 profile1
442 147.583398 -0.923619753268303 profile1
443 147.602453 -0.94010613843027 profile1
444 147.621507 -0.915280968616207 profile1
445 147.682611 -0.898626959941778 profile1
446 147.68996 -0.876236593474514 profile1
447 147.695588 -0.836307038055836 profile1
448 147.701215 -0.793405594779133 profile1
449 147.706843 -0.793436881580267 profile1
450 147.719435 -0.862978348659367 profile1
451 147.737975 -0.843327781273509 profile1
452 147.751499 -0.832991620022562 profile1
453 147.760277 -0.808427552827025 profile1
454 147.769056 -0.773622220673657 profile1
455 147.777834 -0.738575402049321 profile1
456 147.786613 -0.822496356488766 profile1
457 147.795391 -0.671849043123971 profile1
458 147.816836 -0.627542514399235 profile1
459 147.850698 -0.620517633781132 profile1
460 147.88456 -0.604772734449078 profile1
461 147.914702 -0.54703825605222 profile1
462 147.91491 -0.480008446523652 profile1
463 147.915116 -0.415515341380849 profile1
464 147.915322 -0.354472426299869 profile1
465 147.915527 -0.297647196996524 profile1
466 147.915733 -0.245619477984504 profile1
467 147.916803 -0.200261477102757 profile1
468 147.923623 -0.181005435918062 profile1
469 147.930444 -0.159556404779963 profile1
470 147.937264 -0.137891164899837 profile1
471 147.944084 -0.182833692064031 profile1
472 147.949324 -0.257918330412222 profile1
473 147.953121 -0.267011709531891 profile1
474 147.956917 -0.232630776129078 profile1
475 147.960714 -0.208195980086236 profile1
476 147.964511 -0.200162339962803 profile1
477 147.968307 -0.165986737029846 profile1
478 147.973733 -0.134647370128024 profile1
479 147.982072 -0.127319663054149 profile1
480 147.982175 -0.127516635172802 profile1
481 147.982278 -0.128094959129509 profile1
482 147.986316 -0.152609817096403 profile1
483 147.986987 -0.268253814184915 profile1
484 147.987657 -0.400906908477539 profile1
485 147.988327 -0.541920019212586 profile1
486 147.988998 -0.681261063238585 profile1
487 147.989668 -0.78503118970144 profile1
488 148.006053 -0.78693014665705 profile1
489 148.013144 -0.793993866830066 profile1
490 148.020236 -0.805769364394074 profile1
491 148.027327 -0.82233560985163 profile1
492 148.033269 -0.843653986594212 profile1
493 148.037078 -0.869561529167768 profile1
494 148.040918 -0.856658619297578 profile1
495 148.046494 -0.725832132475908 profile1
496 148.05207 -0.705303529630638 profile1
497 148.180347 -0.774933035637935 profile1
498 148.183086 -0.796282550671049 profile1
499 148.185825 -0.819228611122615 profile1
500 148.188563 -0.843796183085548 profile1
501 148.191302 -0.871804851764591 profile1
502 148.194041 -0.903254279958133 profile1
503 148.19678 -0.932697892043379 profile1
504 148.200032 -0.954144524675591 profile1
505 148.204884 -0.976755149725341 profile1
506 148.213021 -1.00231119478137 profile1
507 148.213171 -1.0552993546085 profile1
508 148.213321 -1.12139216463181 profile1
509 148.326473 -1.18322788462509 profile1
510 148.333368 -1.09625595115622 profile1
511 148.340263 -1.06161360692128 profile1
512 148.347157 -1.03965052530681 profile1
513 148.354052 -1.03845033933236 profile1
514 148.362946 -1.03857406114752 profile1
515 148.380016 -1.0423961172548 profile1
516 148.403283 -1.05689724124561 profile1
517 148.42655 -1.07085988822853 profile1
518 148.430037 -1.11875602138047 profile1
519 148.4319 -1.16917135425611 profile1
520 148.433763 -1.22165116262848 profile1
521 148.435626 -1.29680384138679 profile1
522 148.437489 -1.42556533513525 profile1
523 148.439352 -1.45940406893283 profile1
524 148.441214 -1.46240975342159 profile1
525 148.443077 -1.48887305284261 profile1
526 148.44494 -1.53801798230512 profile1
527 148.446803 -1.6056702053166 profile1
528 148.453459 -1.65151886919504 profile1
529 148.477993 -1.6610746616103 profile1
530 148.493526 -1.67359273880058 profile1
531 148.493644 -1.68583771171338 profile1
532 148.493762 -1.6973487182778 profile1
533 148.502187 -1.59986472450588 profile1
534 148.624196 -1.59380558524392 profile1
535 148.648833 -1.69610708998183 profile1
536 148.673469 -1.93792166631244 profile1
537 148.812084 -2.14302182870458 profile1
538 148.815025 -2.16316419332602 profile1
539 142.490795 -3.40310611058065 profile2
540 142.517426 -3.38051043255795 profile2
541 142.560149 -3.35874726106987 profile2
542 142.602873 -3.33718354286751 profile2
543 142.64402 -3.31569458405842 profile2
544 142.685103 -3.28528267320805 profile2
545 142.726186 -3.26472945216806 profile2
546 142.767269 -3.24613773758888 profile2
547 142.808353 -3.22666198694212 profile2
548 142.849436 -3.20365782952767 profile2
549 142.876943 -3.18072772725611 profile2
550 142.880371 -3.15721417865805 profile2
551 142.883799 -3.13318505528181 profile2
552 142.904956 -3.10912491314414 profile2
553 142.989329 -3.08996146697092 profile2
554 143.073701 -3.07611252848793 profile2
555 143.155273 -3.06203407675029 profile2
556 143.159416 -3.05100245410417 profile2
557 143.163559 -3.01248923510384 profile2
558 143.167702 -2.94328528276828 profile2
559 143.171846 -2.87208023330947 profile2
560 143.175989 -2.80159008072673 profile2
561 143.180132 -2.7341497912141 profile2
562 143.240265 -2.67430635254544 profile2
563 143.324863 -2.3165637537929 profile2
564 143.409462 -2.54452572077767 profile2
565 143.484637 -2.47477305585342 profile2
566 143.487347 -2.41294694847668 profile2
567 143.490056 -2.37807691288191 profile2
568 143.492766 -2.34483417181437 profile2
569 143.495555 -2.3132195891008 profile2
570 143.498344 -2.28322875982026 profile2
571 143.501132 -2.27398925060607 profile2
572 143.521072 -2.25089359389027 profile2
573 143.53778 -2.21940259450784 profile2
574 143.554489 -2.09147469341687 profile2
575 143.570345 -1.91920846545271 profile2
576 143.571477 -1.75819811307802 profile2
577 143.572611 -1.61748359418493 profile2
578 143.574439 -1.50420153018628 profile2
579 143.699438 -1.47300310077562 profile2
580 143.824436 -1.35092224225288 profile2
581 143.915168 -1.32045294971439 profile2
582 143.920616 -1.31865511486708 profile2
583 143.926063 -1.33571800851138 profile2
584 143.93182 -1.44150704174964 profile2
585 143.935901 -1.49359397464299 profile2
586 143.939982 -1.55612656804765 profile2
587 143.944917 -1.62785152098029 profile2
588 143.975668 -1.70841189781841 profile2
589 144.013221 -1.76831842271163 profile2
590 144.051716 -1.81703581979625 profile2
591 144.090211 -1.8204689860193 profile2
592 144.128706 -1.8204482889131 profile2
593 144.167202 -1.81957970636047 profile2
594 144.176428 -1.81833857032108 profile2
595 144.180816 -1.81716071265168 profile2
596 144.185205 -1.81613287298074 profile2
597 144.348163 -1.69527723488479 profile2
598 144.361337 -1.57559088523017 profile2
599 144.363468 -1.34228432033378 profile2
600 144.365599 -1.09197623878946 profile2
601 144.367577 -0.879328576020357 profile2
602 144.375504 -0.696791184018439 profile2
603 144.385418 -0.522521784125507 profile2
604 144.395332 -0.360717123563024 profile2
605 144.407236 -0.307417177772518 profile2
606 144.411293 -0.312997578968197 profile2
607 144.415349 -0.31922989630887 profile2
608 144.419405 -0.326134333458259 profile2
609 144.423461 -0.333727416224565 profile2
610 144.427517 -0.347874674315513 profile2
611 144.431573 -0.367247421847105 profile2
612 144.437408 -0.389049776152064 profile2
613 144.440911 -0.397194193696285 profile2
614 144.442944 -0.405266414722959 profile2
615 144.444976 -0.39791790639038 profile2
616 144.447008 -0.380611065104448 profile2
617 144.44904 -0.367172279565236 profile2
618 144.454745 -0.349788216130918 profile2
619 144.498681 -0.33617850820273 profile2
620 144.558267 -0.325951654423002 profile2
621 144.587405 -0.305400693074773 profile2
622 144.587686 -0.269940688709328 profile2
623 144.587968 -0.23642075809284 profile2
624 144.617027 -0.217980272464171 profile2
625 144.705848 -0.1644353029432 profile2
626 144.716797 -0.118433499620604 profile2
627 144.727745 0 profile2
628 144.897381 0.0251227855782803 profile2
629 144.903395 0.0267220895634987 profile2
630 144.909409 0.0237892135193284 profile2
631 144.916914 0.0162992066435529 profile2
632 144.947844 0.0080124414566481 profile2
633 144.978774 -0.0021528223298395 profile2
634 145.106694 -0.126069866462721 profile2
635 145.224788 -0.0320324461229936 profile2
636 145.342881 0.0383837810130733 profile2
637 145.729503 -0.846354718883804 profile2
638 145.916546 -1.01465462888176 profile2
639 146.10359 -0.950644935808504 profile2
640 146.240909 -0.977521721273356 profile2
641 146.283615 -0.979756189436735 profile2
642 146.304543 -0.958373523691259 profile2
643 146.314537 -0.94006567481968 profile2
644 146.319976 -0.924972389367451 profile2
645 146.322338 -0.913202684421182 profile2
646 146.3247 -0.904832804073425 profile2
647 146.327062 -0.899902751497033 profile2
648 146.329424 -0.89841350689737 profile2
649 146.331786 -0.900329862448033 profile2
650 146.334148 -0.905579841486929 profile2
651 146.33651 -0.820335934137019 profile2
652 146.643419 -0.813451395687717 profile2
653 146.654632 -0.794920930506135 profile2
654 146.665844 -0.774650832109519 profile2
655 146.677056 -0.733228048934115 profile2
656 146.688269 -0.496786823561321 profile2
657 146.69133 -0.13358457989837 profile2
658 146.694026 0.236717863483045 profile2
659 146.696722 0.582419499708278 profile2
660 146.699418 0.869671458008281 profile2
661 146.702114 1.0734562389267 profile2
662 146.70481 1.13720113633688 profile2
663 146.707507 1.17382462370858 profile2
664 146.710838 1.20330904794585 profile2
665 146.716274 1.22555144389447 profile2
666 146.72171 1.24054508442297 profile2
667 146.727146 1.24837635123096 profile2
668 146.734615 1.23458366448015 profile2
669 146.80381 1.23772773829196 profile2
670 146.862885 1.44630661672521 profile2
671 146.863965 1.71005811287984 profile2
672 146.865044 1.8927622617521 profile2
673 146.87452 1.98236257306165 profile2
674 146.889753 2.00718161506483 profile2
675 146.904986 2.07543399291163 profile2
676 147.064187 2.27057766175676 profile2
677 147.069549 2.5509285306379 profile2
678 147.074911 2.69109819608264 profile2
679 147.080273 2.72501608189235 profile2
680 147.089309 2.70780433667762 profile2
681 147.114764 2.63674393709081 profile2
682 147.137425 2.61690719932045 profile2
683 147.157965 2.62045732656661 profile2
684 147.178504 2.66367734023855 profile2
685 147.221814 3.1234455512698 profile2
686 147.253583 3.18520887770082 profile2
687 147.272554 3.14646325332782 profile2
688 147.275576 3.07436806313366 profile2
689 147.278599 2.97644762034786 profile2
690 147.281622 2.88992192957605 profile2
691 147.284644 2.7824489124958 profile2
692 147.286194 2.6546175114638 profile2
693 147.286753 2.50766311923285 profile2
694 147.287312 2.3433912985856 profile2
695 147.287872 2.16405758220063 profile2
696 147.290648 2.00089258111037 profile2
697 147.299484 1.85043686546681 profile2
698 147.327447 1.38620793457444 profile2
699 147.35561 1.39918771778956 profile2
700 147.383773 1.34835442014659 profile2
701 147.397845 1.35694271344474 profile2
702 147.402328 1.36341190092628 profile2
703 147.406811 1.3676346594482 profile2
704 147.411546 1.3692909114384 profile2
705 147.442387 1.368498488004 profile2
706 147.535843 1.36963948342421 profile2
707 147.551736 1.23650268920877 profile2
708 147.555599 1.03593657076143 profile2
709 147.559461 0.873070519749347 profile2
710 147.563362 0.697844070298574 profile2
711 147.583398 0.472175789944819 profile2
712 147.602453 0.243453767168848 profile2
713 147.621507 0.0221347745568433 profile2
714 147.682611 -0.0343052804636768 profile2
715 147.68996 -0.0386870280940571 profile2
716 147.695588 -0.01220509785216 profile2
717 147.701215 0.00811761969895997 profile2
718 147.706843 -0.0128847999019294 profile2
719 147.719435 -0.0846668321234718 profile2
720 147.737975 -0.102533141911557 profile2
721 147.751499 -0.118178750022927 profile2
722 147.760277 -0.142923515933794 profile2
723 147.769056 -0.17372625197558 profile2
724 147.777834 -0.205266677330443 profile2
725 147.786613 -0.467760153886936 profile2
726 147.795391 -0.423940726569035 profile2
727 147.816836 -0.423017749283639 profile2
728 147.850698 -0.427058808113253 profile2
729 147.88456 -0.432942859485042 profile2
730 147.914702 -0.47705312970836 profile2
731 147.91491 -0.554704104546145 profile2
732 147.915116 -0.635588686963059 profile2
733 147.915322 -0.718989772898686 profile2
734 147.915527 -0.80410877309819 profile2
735 147.915733 -0.890117698180953 profile2
736 147.916803 -0.973227786090971 profile2
737 147.923623 -1.00921580083042 profile2
738 147.930444 -1.04513574417458 profile2
739 147.937264 -1.08136430546762 profile2
740 147.944084 -1.15321206371993 profile2
741 147.949324 -1.24202749771743 profile2
742 147.953121 -1.29695206852543 profile2
743 147.956917 -1.32826916085481 profile2
744 147.960714 -1.36243595706341 profile2
745 147.964511 -1.39973476623682 profile2
746 147.968307 -1.4021341976181 profile2
747 147.973733 -1.3882539263502 profile2
748 147.982072 -1.37933299012953 profile2
749 147.982175 -1.35821573210151 profile2
750 147.982278 -1.33556533392215 profile2
751 147.986316 -1.30535354430651 profile2
752 147.986987 -1.27799476139203 profile2
753 147.987657 -1.29558262792834 profile2
754 147.988327 -1.36064190420353 profile2
755 147.988998 -1.4691708071634 profile2
756 147.989668 -1.59591382975903 profile2
757 148.006053 -1.67515013982441 profile2
758 148.013144 -1.72624871392842 profile2
759 148.020236 -1.7886371481074 profile2
760 148.027327 -1.8622805150089 profile2
761 148.033269 -1.94674650237044 profile2
762 148.037078 -2.04120243006855 profile2
763 148.040918 -2.15338433530484 profile2
764 148.046494 -2.37523741100962 profile2
765 148.05207 -2.57567424854385 profile2
766 148.180347 -2.72745560571474 profile2
767 148.183086 -2.80437343818566 profile2
768 148.185825 -2.88130622560991 profile2
769 148.188563 -2.95426010361679 profile2
770 148.191302 -2.89119975211177 profile2
771 148.194041 -2.83479881330146 profile2
772 148.19678 -2.8035083659591 profile2
773 148.200032 -2.80371511376289 profile2
774 148.204884 -2.80327384982673 profile2
775 148.213021 -2.81593634200779 profile2
776 148.213171 -2.91964426711954 profile2
777 148.213321 -3.01790970076896 profile2
778 148.326473 -3.08271721498849 profile2
779 148.333368 -2.92644028165171 profile2
780 148.340263 -2.81526542112963 profile2
781 148.347157 -2.71716037253808 profile2
782 148.354052 -2.64985687299708 profile2
783 148.362946 -2.58517237265882 profile2
784 148.380016 -2.5224055831372 profile2
785 148.403283 -2.49567487418099 profile2
786 148.42655 -2.49891459739983 profile2
787 148.430037 -2.49373477671001 profile2
788 148.4319 -2.4889223426181 profile2
789 148.433763 -2.48453404508815 profile2
790 148.435626 -2.47000474795129 profile2
791 148.437489 -2.47614297347342 profile2
792 148.439352 -2.49678850795011 profile2
793 148.441214 -2.52334895575874 profile2
794 148.443077 -2.54835890070165 profile2
795 148.44494 -2.57096317673257 profile2
796 148.446803 -2.59071731433325 profile2
797 148.453459 -2.60412347779221 profile2
798 148.477993 -2.61111266998715 profile2
799 148.493526 -2.61878934447607 profile2
800 148.493644 -2.62671356101987 profile2
801 148.493762 -2.63470095468374 profile2
802 148.502187 -2.58213728079836 profile2
803 148.624196 -2.67015910160204 profile2
804 148.648833 -2.87156384983088 profile2
805 148.673469 -3.22509906282576 profile2
806 148.812084 -3.49966120775499 profile2
807 148.815025 -3.50482367969158 profile2
