marker_position lod trace
1 142.490795 -7.68365056665289 pleio
2 142.517426 -7.61460856843268 pleio
3 142.560149 -7.54833847513098 pleio
4 142.602873 -7.48050395455795 pleio
5 142.64402 -7.41082546398546 pleio
6 142.685103 -7.3969900352968 pleio
7 142.726186 -7.36044331220361 pleio
8 142.767269 -7.28490249336928 pleio
9 142.808353 -7.20026413952331 pleio
10 142.849436 -7.09233250753576 pleio
11 142.876943 -6.98503374267132 pleio
12 142.880371 -6.8784460510094 pleio
13 142.883799 -6.77308021236326 pleio
14 142.904956 -6.67074237787273 pleio
15 142.989329 -6.53170464277986 pleio
16 143.073701 -6.41441041926589 pleio
17 143.155273 -6.33766389885326 pleio
18 143.159416 -6.26314040181387 pleio
19 143.163559 -6.2114178713266 pleio
20 143.167702 -6.16621463450192 pleio
21 143.171846 -6.12193286139874 pleio
22 143.175989 -6.07930434270496 pleio
23 143.180132 -6.03822999962286 pleio
24 143.240265 -5.99576932235094 pleio
25 143.324863 -6.13433472507904 pleio
26 143.409462 -6.04757967811207 pleio
27 143.484637 -6.14086411782318 pleio
28 143.487347 -6.23066984373109 pleio
29 143.490056 -6.19429606145066 pleio
30 143.492766 -6.15792807200832 pleio
31 143.495555 -6.12149144089924 pleio
32 143.498344 -6.08492774467971 pleio
33 143.501132 -6.05070415868629 pleio
34 143.521072 -6.05402525892705 pleio
35 143.53778 -6.09498766293568 pleio
36 143.554489 -6.09382277322458 pleio
37 143.570345 -6.07525849511868 pleio
38 143.571477 -6.06071460412073 pleio
39 143.572611 -6.05187497397163 pleio
40 143.574439 -6.0503421055522 pleio
41 143.699438 -6.35023732871049 pleio
42 143.824436 -6.28847844971598 pleio
43 143.915168 -6.13452747504176 pleio
44 143.920616 -6.1033481170327 pleio
45 143.926063 -6.08026064606089 pleio
46 143.93182 -6.10425629352583 pleio
47 143.935901 -6.1658460737938 pleio
48 143.939982 -6.22357748594274 pleio
49 143.944917 -6.27207062066413 pleio
50 143.975668 -6.30920153510605 pleio
51 144.013221 -6.26629673360759 pleio
52 144.051716 -6.2140416695329 pleio
53 144.090211 -6.22112819112788 pleio
54 144.128706 -6.22249178703139 pleio
55 144.167202 -6.2246524459905 pleio
56 144.176428 -6.22719804746719 pleio
57 144.180816 -6.22978634937209 pleio
58 144.185205 -6.23254336654408 pleio
59 144.348163 -6.13926323568607 pleio
60 144.361337 -6.00475778929652 pleio
61 144.363468 -5.71550826624474 pleio
62 144.365599 -5.42824578730169 pleio
63 144.367577 -5.15890412850094 pleio
64 144.375504 -4.8975532289922 pleio
65 144.385418 -4.66967525388823 pleio
66 144.395332 -4.48334544314677 pleio
67 144.407236 -4.39675072294314 pleio
68 144.411293 -4.35222392451132 pleio
69 144.415349 -4.30975982166068 pleio
70 144.419405 -4.26974575455965 pleio
71 144.423461 -4.23253977949841 pleio
72 144.427517 -4.01731310369259 pleio
73 144.431573 -3.75994979504875 pleio
74 144.437408 -3.5331017943292 pleio
75 144.440911 -3.49227891691 pleio
76 144.442944 -3.45463654602792 pleio
77 144.444976 -3.4297172673804 pleio
78 144.447008 -3.4200183186417 pleio
79 144.44904 -3.41869406456555 pleio
80 144.454745 -3.44798506572943 pleio
81 144.498681 -3.48184682996761 pleio
82 144.558267 -3.50696895880301 pleio
83 144.587405 -3.46526791068283 pleio
84 144.587686 -3.40119911458814 pleio
85 144.587968 -3.33951335186809 pleio
86 144.617027 -3.30298651608362 pleio
87 144.705848 -3.27675816595771 pleio
88 144.716797 -3.30191234010542 pleio
89 144.727745 -3.16577673786768 pleio
90 144.897381 -3.15452665595625 pleio
91 144.903395 -3.16694879338576 pleio
92 144.909409 -3.18456808208829 pleio
93 144.916914 -3.20730309694649 pleio
94 144.947844 -3.23299665366386 pleio
95 144.978774 -3.26159234108096 pleio
96 145.106694 -3.49078887515297 pleio
97 145.224788 -3.72949899696342 pleio
98 145.342881 -3.47118899595353 pleio
99 145.729503 -2.64575175158651 pleio
100 145.916546 -2.47522714148378 pleio
101 146.10359 -2.36666648777903 pleio
102 146.240909 -2.20192545738887 pleio
103 146.283615 -2.11536534961971 pleio
104 146.304543 -2.08759513963159 pleio
105 146.314537 -2.06381017603382 pleio
106 146.319976 -2.04455668654776 pleio
107 146.322338 -2.03033765125869 pleio
108 146.3247 -2.02159690197363 pleio
109 146.327062 -2.01869861646685 pleio
110 146.329424 -2.02191095862154 pleio
111 146.331786 -2.03140090540035 pleio
112 146.334148 -2.04722364771892 pleio
113 146.33651 -2.00297002178591 pleio
114 146.643419 -2.06472836062901 pleio
115 146.654632 -1.98214566630379 pleio
116 146.665844 -1.89690181344995 pleio
117 146.677056 -1.79958227721424 pleio
118 146.688269 -1.65730017405081 pleio
119 146.69133 -1.56018425413106 pleio
120 146.694026 -1.54956932420701 pleio
121 146.696722 -1.63900177337825 pleio
122 146.699418 -1.82418642050873 pleio
123 146.702114 -2.08141505343496 pleio
124 146.70481 -2.12076788137357 pleio
125 146.707507 -2.10164976177173 pleio
126 146.710838 -2.08881287076268 pleio
127 146.716274 -2.08228424253079 pleio
128 146.72171 -2.08200880988722 pleio
129 146.727146 -2.08785238972919 pleio
130 146.734615 -2.10022458792262 pleio
131 146.80381 -2.08479164432485 pleio
132 146.862885 -1.85910774757431 pleio
133 146.863965 -1.67831469016408 pleio
134 146.865044 -1.61598169083742 pleio
135 146.87452 -1.67868229941129 pleio
136 146.889753 -1.788859010853 pleio
137 146.904986 -1.76507897154327 pleio
138 147.064187 -1.58599175268211 pleio
139 147.069549 -1.26942484288014 pleio
140 147.074911 -1.11235712530414 pleio
141 147.080273 -1.04079723009268 pleio
142 147.089309 -0.996953369566079 pleio
143 147.114764 -0.973728670647109 pleio
144 147.137425 -0.973861655145288 pleio
145 147.157965 -0.973200662599589 pleio
146 147.178504 -1.09689848804453 pleio
147 147.221814 -0.304654112187827 pleio
148 147.253583 -0.42902258310093 pleio
149 147.272554 -0.319656351105813 pleio
150 147.275576 -0.162295087055296 pleio
151 147.278599 -0.0348632965405693 pleio
152 147.281622 -0.0364534147014106 pleio
153 147.284644 -0.0633746924935712 pleio
154 147.286194 -0.114661105552666 pleio
155 147.286753 -0.188895023045461 pleio
156 147.287312 -0.284340449376735 pleio
157 147.287872 -0.399068891931893 pleio
158 147.290648 -0.558007219215589 pleio
159 147.299484 -0.754241201680587 pleio
160 147.327447 -0.166927019765433 pleio
161 147.35561 -0.179094209749479 pleio
162 147.383773 -0.142517367676816 pleio
163 147.397845 -0.157795856243659 pleio
164 147.402328 -0.175279280369095 pleio
165 147.406811 -0.195171003471066 pleio
166 147.411546 -0.217078060119764 pleio
167 147.442387 -0.240909597760207 pleio
168 147.535843 -0.254278512562075 pleio
169 147.551736 -0.276506488480503 pleio
170 147.555599 -0.370188522775656 pleio
171 147.559461 -0.346760981848243 pleio
172 147.563362 -0.29906799924209 pleio
173 147.583398 -0.719407860169434 pleio
174 147.602453 -0.981359869276712 pleio
175 147.621507 -1.15622738518102 pleio
176 147.682611 -1.19515080164014 pleio
177 147.68996 -1.20704628005647 pleio
178 147.695588 -1.24794395442534 pleio
179 147.701215 -1.31486514786509 pleio
180 147.706843 -1.11516989505928 pleio
181 147.719435 -1.01976533389841 pleio
182 147.737975 -1.01289630448163 pleio
183 147.751499 -0.943014337647377 pleio
184 147.760277 -0.83072499080431 pleio
185 147.769056 -0.719359144742515 pleio
186 147.777834 -0.614984646228232 pleio
187 147.786613 -0.261497260918324 pleio
188 147.795391 0 pleio
189 147.816836 -0.0805024631015321 pleio
190 147.850698 -0.276760532340175 pleio
191 147.88456 -0.39982077217031 pleio
192 147.914702 -0.0951890282493119 pleio
193 147.91491 -0.104746138681556 pleio
194 147.915116 -0.119987255655867 pleio
195 147.915322 -0.141002239613059 pleio
196 147.915527 -0.167820603411155 pleio
197 147.915733 -0.200391726191311 pleio
198 147.916803 -0.237898130503831 pleio
199 147.923623 -0.268716186404167 pleio
200 147.930444 -0.278213312193376 pleio
201 147.937264 -0.286916714254182 pleio
202 147.944084 -0.348328927824585 pleio
203 147.949324 -0.444453335737168 pleio
204 147.953121 -0.495377223809817 pleio
205 147.956917 -0.579229131613815 pleio
206 147.960714 -0.746093370869742 pleio
207 147.964511 -0.980195080189626 pleio
208 147.968307 -1.25654542904659 pleio
209 147.973733 -1.50588689366493 pleio
210 147.982072 -1.55452440456296 pleio
211 147.982175 -1.57338669287449 pleio
212 147.982278 -1.59658258417472 pleio
213 147.986316 -1.69888882934675 pleio
214 147.986987 -2.06358656941272 pleio
215 147.987657 -2.44597337539422 pleio
216 147.988327 -2.83889270187934 pleio
217 147.988998 -3.23668935722434 pleio
218 147.989668 -3.60151147231228 pleio
219 148.006053 -3.83422772130217 pleio
220 148.013144 -3.94154694644338 pleio
221 148.020236 -4.05381773903978 pleio
222 148.027327 -4.1703017184979 pleio
223 148.033269 -4.29019047295295 pleio
224 148.037078 -4.41263088527059 pleio
225 148.040918 -4.46928985628225 pleio
226 148.046494 -4.35911700167588 pleio
227 148.05207 -4.44811991325756 pleio
228 148.180347 -4.66954412560621 pleio
229 148.183086 -4.68982902512186 pleio
230 148.185825 -4.70893326377399 pleio
231 148.188563 -4.72606939862614 pleio
232 148.191302 -4.71093170109089 pleio
233 148.194041 -4.70852706618843 pleio
234 148.19678 -4.71165332078105 pleio
235 148.200032 -4.71061342111729 pleio
236 148.204884 -4.71521074606394 pleio
237 148.213021 -4.72040312113458 pleio
238 148.213171 -4.71431570745565 pleio
239 148.213321 -4.75167187664718 pleio
240 148.326473 -4.84629564145663 pleio
241 148.333368 -5.08969105206345 pleio
242 148.340263 -5.15515196895698 pleio
243 148.347157 -5.20648865613953 pleio
244 148.354052 -5.22797121539378 pleio
245 148.362946 -5.25339344110495 pleio
246 148.380016 -5.28090343184733 pleio
247 148.403283 -5.28809721220267 pleio
248 148.42655 -5.2692647071633 pleio
249 148.430037 -5.2396037581804 pleio
250 148.4319 -5.2151623365173 pleio
251 148.433763 -5.19613645221667 pleio
252 148.435626 -5.48376565852348 pleio
253 148.437489 -5.75212044086513 pleio
254 148.439352 -5.93287757477191 pleio
255 148.441214 -6.10660779772987 pleio
256 148.443077 -6.29606305024826 pleio
257 148.44494 -6.48699374310108 pleio
258 148.446803 -6.66584920080204 pleio
259 148.453459 -6.75373798118235 pleio
260 148.477993 -6.75746678173953 pleio
261 148.493526 -6.75637045016866 pleio
262 148.493644 -6.75787385898662 pleio
263 148.493762 -6.76273343730857 pleio
264 148.502187 -6.97392827136962 pleio
265 148.624196 -7.13409454034584 pleio
266 148.648833 -7.59801509908768 pleio
267 148.673469 -7.99552268297612 pleio
268 148.812084 -7.76771294633435 pleio
269 148.815025 -7.81966968323568 pleio
270 147.956917 2.36098145099376 profile1
271 147.960714 2.37923615845393 profile1
272 147.964511 2.34107694404406 profile1
273 147.968307 2.26113236544444 profile1
274 147.973733 2.17643834046077 profile1
275 147.982072 2.19082196973685 profile1
276 147.982175 2.20753811111985 profile1
277 147.982278 2.22152858641672 profile1
278 147.986316 2.19411194170162 profile1
279 147.986987 2.01332449663241 profile1
280 147.987657 1.79295234113884 profile1
281 147.988327 1.53693457618607 profile1
282 147.988998 1.25118736345136 profile1
283 147.989668 0.981678141281569 profile1
284 148.006053 0.851744137161694 profile1
285 148.013144 0.798413836232216 profile1
286 148.020236 0.738056976847961 profile1
287 148.027327 0.670686305844946 profile1
288 148.033269 0.596424488718922 profile1
289 148.037078 0.515519626385505 profile1
290 148.040918 0.488680614511379 profile1
291 148.046494 0.683586998244837 profile1
292 148.05207 0.704849623473789 profile1
293 148.180347 0.590320314237961 profile1
294 148.183086 0.591529813561159 profile1
295 148.185825 0.588721133018239 profile1
296 148.188563 0.582335198530424 profile1
297 148.191302 0.584643883988915 profile1
298 148.194041 0.575120000985187 profile1
299 148.19678 0.567020834791565 profile1
300 148.200032 0.573849460050829 profile1
301 148.204884 0.575562961047521 profile1
302 148.213021 0.578413351285616 profile1
303 148.213171 0.601421372380451 profile1
304 148.213321 0.578686783757335 profile1
305 148.326473 0.524560419035231 profile1
306 148.333368 0.527268704112817 profile1
307 148.340263 0.492723854922684 profile1
308 148.347157 0.463888219502846 profile1
309 148.354052 0.448295667804751 profile1
310 148.362946 0.431286707117759 profile1
311 148.380016 0.413058354184157 profile1
312 148.403283 0.409138290290789 profile1
313 148.42655 0.423524096817518 profile1
314 148.430037 0.457488289073556 profile1
315 148.4319 0.48648216060481 profile1
316 148.433763 0.510226018085384 profile1
317 148.435626 0.195039635303823 profile1
318 148.437489 -0.311282327061162 profile1
319 148.439352 -0.614449842120039 profile1
320 148.441214 -0.823543808454392 profile1
321 148.443077 -1.04151196237954 profile1
322 148.44494 -1.2540002715696 profile1
323 148.446803 -1.44786065163176 profile1
324 148.453459 -1.53183455026265 profile1
325 148.477993 -1.52612414859665 profile1
326 148.493526 -1.52079973143428 profile1
327 148.493644 -1.51719711992664 profile1
328 148.493762 -1.51604723309184 profile1
329 148.502187 -1.57799923765236 profile1
330 148.624196 -1.63522731225105 profile1
331 148.648833 -1.70452241595984 profile1
332 142.490795 -3.38711858105684 profile1
333 142.517426 -3.3724407081061 profile1
334 142.560149 -3.35437295643776 profile1
335 142.602873 -3.33639340527695 profile1
336 142.64402 -3.3184335060433 profile1
337 142.685103 -3.31817037653496 profile1
338 142.726186 -3.30430873858505 profile1
339 142.767269 -3.28665902697818 profile1
340 142.808353 -3.26489986467636 profile1
341 142.849436 -3.23036745795653 profile1
342 142.876943 -3.19540406107845 profile1
343 142.880371 -3.1600621362753 profile1
344 142.883799 -3.12454823862535 profile1
345 142.904956 -3.09037412447832 profile1
346 142.989329 -2.95609492089976 profile1
347 143.073701 -2.85451340238854 profile1
348 143.155273 -2.84318970925334 profile1
349 143.159416 -2.83574505704111 profile1
350 143.163559 -2.83294644263627 profile1
351 143.167702 -2.8272220639364 profile1
352 143.171846 -2.82186764124133 profile1
353 143.175989 -2.81705142294723 profile1
354 143.180132 -2.8127982902556 profile1
355 143.240265 -2.81453573174579 profile1
356 143.324863 -2.94002879212084 profile1
357 143.409462 -2.87142702152305 profile1
358 143.484637 -2.92115968019295 profile1
359 143.487347 -2.96865078305727 profile1
360 143.490056 -2.9760887029303 profile1
361 143.492766 -2.98195974367145 profile1
362 143.495555 -2.98617759060994 profile1
363 143.498344 -2.98867938191641 profile1
364 143.501132 -2.99123991723078 profile1
365 143.521072 -2.99413955907476 profile1
366 143.53778 -2.9976374600973 profile1
367 143.554489 -2.97258453797647 profile1
368 143.570345 -2.93072251265804 profile1
369 143.571477 -2.8853959712596 profile1
370 143.572611 -2.8384096248724 profile1
371 143.574439 -2.79158231768532 profile1
372 143.699438 -2.7506871518722 profile1
373 143.824436 -2.82787760454167 profile1
374 143.915168 -2.77902073921108 profile1
375 143.920616 -2.75773918157319 profile1
376 143.926063 -2.7407845709984 profile1
377 143.93182 -2.74785906658823 profile1
378 143.935901 -2.77832854493623 profile1
379 143.939982 -2.7878497438861 profile1
380 143.944917 -2.77138238622987 profile1
381 143.975668 -2.72762268591416 profile1
382 144.013221 -2.67518650746664 profile1
383 144.051716 -2.62442786296286 profile1
384 144.090211 -2.62959180048222 profile1
385 144.128706 -2.63287214037997 profile1
386 144.167202 -2.63713114051597 profile1
387 144.176428 -2.64184669999363 profile1
388 144.180816 -2.64657604209783 profile1
389 144.185205 -2.65099018716806 profile1
390 144.348163 -2.60323629628387 profile1
391 144.361337 -2.45426424469533 profile1
392 144.363468 -2.35500858496676 profile1
393 144.365599 -2.25280579583684 profile1
394 144.367577 -2.15331859596544 profile1
395 144.375504 -2.05768973185048 profile1
396 144.385418 -1.96763933404685 profile1
397 144.395332 -1.88489452591489 profile1
398 144.407236 -1.80698849718748 profile1
399 144.411293 -1.72837683630116 profile1
400 144.415349 -1.65002756881852 profile1
401 144.419405 -1.5724538378642 profile1
402 144.423461 -1.49614206554945 profile1
403 144.427517 -1.36370105227841 profile1
404 144.431573 -1.21612655809421 profile1
405 144.437408 -1.08109940613748 profile1
406 144.440911 -1.04835078874151 profile1
407 144.442944 -1.01879706657126 profile1
408 144.444976 -1.0087790997002 profile1
409 144.447008 -1.01658111655373 profile1
410 144.44904 -1.02874652272677 profile1
411 144.454745 -1.05879179646588 profile1
412 144.498681 -1.08941619405237 profile1
413 144.558267 -1.1122592299747 profile1
414 144.587405 -1.12876959977512 profile1
415 144.587686 -1.15937559463831 profile1
416 144.587968 -1.19400282670476 profile1
417 144.617027 -1.22182861523989 profile1
418 144.705848 -1.27284657482432 profile1
419 144.716797 -1.30092535953476 profile1
420 144.727745 -1.25238526309607 profile1
421 144.897381 -1.23399288903709 profile1
422 144.903395 -1.21500626231223 profile1
423 144.909409 -1.19624251520433 profile1
424 144.916914 -1.17775707475336 profile1
425 144.947844 -1.17397034596599 profile1
426 144.978774 -1.17132847013325 profile1
427 145.106694 -1.46275263208997 profile1
428 145.224788 -2.07467365692149 profile1
429 145.342881 -2.02541464316686 profile1
430 145.729503 -1.75844150597081 profile1
431 145.916546 -1.74042495067876 profile1
432 146.10359 -1.74715981495432 profile1
433 146.240909 -1.74890843772931 profile1
434 146.283615 -1.81210966851377 profile1
435 146.304543 -1.79274055073461 profile1
436 146.314537 -1.77367042405571 profile1
437 146.319976 -1.75488300755642 profile1
438 146.322338 -1.73635903384865 profile1
439 146.3247 -1.71807703780555 profile1
440 146.327062 -1.70001396381243 profile1
441 146.329424 -1.68214579175775 profile1
442 146.331786 -1.6644488158583 profile1
443 146.334148 -1.64690006887475 profile1
444 146.33651 -1.60217397896036 profile1
445 146.643419 -1.60908493608144 profile1
446 146.654632 -1.60360919330025 profile1
447 146.665844 -1.59938568229092 profile1
448 146.677056 -1.58326197893785 profile1
449 146.688269 -1.55614681416464 profile1
450 146.69133 -1.55607762346932 profile1
451 146.694026 -1.54956932420701 profile1
452 146.696722 -1.53084539813288 profile1
453 146.699418 -1.49537659013026 profile1
454 146.702114 -1.44174058398629 profile1
455 146.70481 -1.42763566097951 profile1
456 146.707507 -1.4272869026513 profile1
457 146.710838 -1.42729912687098 profile1
458 146.716274 -1.42766391516906 profile1
459 146.72171 -1.42837464292005 profile1
460 146.727146 -1.42942654149153 profile1
461 146.734615 -1.4287176389852 profile1
462 146.80381 -1.39939368362854 profile1
463 146.862885 -1.14500387672803 profile1
464 146.863965 -0.84845189059075 profile1
465 146.865044 -0.575936577719921 profile1
466 146.87452 -0.354021772484108 profile1
467 146.889753 -0.21797216297001 profile1
468 146.904986 -0.183855275213466 profile1
469 147.064187 -0.193918471973327 profile1
470 147.069549 -0.127231850572431 profile1
471 147.074911 -0.110953473001193 profile1
472 147.080273 -0.165515529434309 profile1
473 147.089309 -0.246682885752458 profile1
474 147.114764 -0.349523109501168 profile1
475 147.137425 -0.374014592201773 profile1
476 147.157965 -0.377948466526203 profile1
477 147.178504 -0.502673751553456 profile1
478 147.221814 0.373535844720345 profile1
479 147.253583 0.531362511369225 profile1
480 147.272554 0.595314219095563 profile1
481 147.275576 0.690766882763364 profile1
482 147.278599 0.776579083847122 profile1
483 147.281622 0.778553792516602 profile1
484 147.284644 0.766357087613875 profile1
485 147.286194 0.740049297591055 profile1
486 147.286753 0.700063363150888 profile1
487 147.287312 0.647172012471472 profile1
488 147.287872 0.58243723593691 profile1
489 147.290648 0.501663679215761 profile1
490 147.299484 0.407910568814689 profile1
491 147.327447 0.800903440459035 profile1
492 147.35561 0.769698307568231 profile1
493 147.383773 0.795427349001086 profile1
494 147.397845 0.751312581166264 profile1
495 147.402328 0.706011182432954 profile1
496 147.406811 0.65949715349364 profile1
497 147.411546 0.611987979531629 profile1
498 147.442387 0.56380890682239 profile1
499 147.535843 0.545882223291919 profile1
500 147.551736 0.544411870140041 profile1
501 147.555599 0.54834287197225 profile1
502 147.559461 0.637712635283941 profile1
503 147.563362 0.745493687448542 profile1
504 147.583398 0.704850986210238 profile1
505 147.602453 0.680508798962103 profile1
506 147.621507 0.658073909420685 profile1
507 147.682611 0.646630111672589 profile1
508 147.68996 0.636448287741447 profile1
509 147.695588 0.60172874307163 profile1
510 147.701215 0.543999091114178 profile1
511 147.706843 0.786781519018009 profile1
512 147.719435 1.02680706191164 profile1
513 147.737975 1.02345031073286 profile1
514 147.751499 1.08774264119631 profile1
515 147.760277 1.20013759859278 profile1
516 147.769056 1.31308810100364 profile1
517 147.777834 1.41924565999008 profile1
518 147.786613 1.82262144743913 profile1
519 147.795391 2.00382380512281 profile1
520 147.816836 1.97491597985066 profile1
521 147.850698 1.85716652338611 profile1
522 147.88456 1.82529589765415 profile1
523 147.914702 1.97229750918049 profile1
524 147.91491 1.98457500587344 profile1
525 147.915116 1.99411358399564 profile1
526 147.915322 2.00095442595198 profile1
527 147.915527 2.00516669314459 profile1
528 147.915733 2.00685420265543 profile1
529 147.916803 2.00821353629434 profile1
530 147.923623 2.04101068846948 profile1
531 147.930444 2.07559798605785 profile1
532 147.937264 2.10929351295815 profile1
533 147.944084 2.15891389773134 profile1
534 147.949324 2.19784291770029 profile1
535 147.953121 2.28345625940689 profile1
536 148.673469 -1.78389331781611 profile1
537 148.812084 -1.51005675304764 profile1
538 148.815025 -1.49271785145053 profile1
539 142.490795 -1.94398515977796 profile2
540 142.517426 -1.89114840573256 profile2
541 142.560149 -1.84396651979609 profile2
542 142.602873 -1.79520700279424 profile2
543 142.64402 -1.74465827522701 profile2
544 142.685103 -1.7392462541106 profile2
545 142.726186 -1.7197679426223 profile2
546 142.767269 -1.66323951141554 profile2
547 142.808353 -1.60196491162518 profile2
548 142.849436 -1.53067601712389 profile2
549 142.876943 -1.46036132855095 profile2
550 142.880371 -1.3910320076574 profile2
551 142.883799 -1.32298571187214 profile2
552 142.904956 -1.25652991236437 profile2
553 142.989329 -1.24945055321456 profile2
554 143.073701 -1.23445032925161 profile2
555 143.155273 -1.17087848580364 profile2
556 143.159416 -1.10571752994721 profile2
557 143.163559 -1.0575397033109 profile2
558 143.167702 -1.01781610237237 profile2
559 143.171846 -0.978431505023838 profile2
560 143.175989 -0.93997429489438 profile2
561 143.180132 -0.902389431840364 profile2
562 143.240265 -0.857209705586185 profile2
563 143.324863 -0.862894042201208 profile2
564 143.409462 -0.851982985140878 profile2
565 143.484637 -0.894566607654977 profile2
566 143.487347 -0.936384693991561 profile2
567 143.490056 -0.892721457156708 profile2
568 143.492766 -0.850690930117249 profile2
569 143.495555 -0.81031152010038 profile2
570 143.498344 -0.771593559555571 profile2
571 143.501132 -0.735532624246533 profile2
572 143.521072 -0.735154012675081 profile2
573 143.53778 -0.770199194439051 profile2
574 143.554489 -0.790405139839864 profile2
575 143.570345 -0.809388232368021 profile2
576 143.571477 -0.835946832405503 profile2
577 143.572611 -0.870110707364149 profile2
578 143.574439 -0.911775884728083 profile2
579 143.699438 -1.2468077585872 profile2
580 143.824436 -1.09815815340672 profile2
581 143.915168 -0.986316029368715 profile2
582 143.920616 -0.977981275678255 profile2
583 143.926063 -0.97307260338082 profile2
584 143.93182 -0.987007680608738 profile2
585 143.935901 -1.017121978811 profile2
586 143.939982 -1.06542602080995 profile2
587 143.944917 -1.13152621699707 profile2
588 143.975668 -1.21438658385151 profile2
589 144.013221 -1.22818119994053 profile2
590 144.051716 -1.23015390136055 profile2
591 144.090211 -1.23220141167544 profile2
592 144.128706 -1.23028198038834 profile2
593 144.167202 -1.22815633600705 profile2
594 144.176428 -1.22595069436277 profile2
595 144.180816 -1.22377858047642 profile2
596 144.185205 -1.22209373984078 profile2
597 144.348163 -1.17133267643197 profile2
598 144.361337 -1.18628831174205 profile2
599 144.363468 -0.995034649429268 profile2
600 144.365599 -0.809172143518443 profile2
601 144.367577 -0.637854935934444 profile2
602 144.375504 -0.469450040526586 profile2
603 144.385418 -0.328778146051694 profile2
604 144.395332 -0.222233753625547 profile2
605 144.407236 -0.21228184728548 profile2
606 144.411293 -0.246318908563821 profile2
607 144.415349 -0.282374476616046 profile2
608 144.419405 -0.320316379738487 profile2
609 144.423461 -0.360007540072719 profile2
610 144.427517 -0.275839553040074 profile2
611 144.431573 -0.165200830481281 profile2
612 144.437408 -0.0735682902311722 profile2
613 144.440911 -0.0639290852146246 profile2
614 144.442944 -0.0543607924377215 profile2
615 144.444976 -0.0371141012086639 profile2
616 144.447008 -0.0166698869052061 profile2
617 144.44904 -0.000509393584208408 profile2
618 144.454745 0.00178540765822672 profile2
619 144.498681 -2.80139892719103e-05 profile2
620 144.558267 -0.00158077849909632 profile2
621 144.587405 0.0542631206984503 profile2
622 144.587686 0.146465745145863 profile2
623 144.587968 0.240298753179261 profile2
624 144.617027 0.302260932390094 profile2
625 144.705848 0.387175119796003 profile2
626 144.716797 0.385024653199582 profile2
627 144.727745 0.465344142998809 profile2
628 144.897381 0.457988465034638 profile2
629 144.903395 0.427870227065096 profile2
630 144.909409 0.39283121546016 profile2
631 144.916914 0.353005640954469 profile2
632 144.947844 0.324621982266567 profile2
633 144.978774 0.294547488446638 profile2
634 145.106694 0.352824533170502 profile2
635 145.224788 0.733313455466733 profile2
636 145.342881 0.94160395989837 profile2
637 145.729503 1.51207738744605 profile2
638 145.916546 1.66280165927274 profile2
639 146.10359 1.77689353138891 profile2
640 146.240909 1.94254886198917 profile2
641 146.283615 2.0926490191568 profile2
642 146.304543 2.10029566857318 profile2
643 146.314537 2.10440401763548 profile2
644 146.319976 2.10443765959849 profile2
645 146.322338 2.09989773588468 profile2
646 146.3247 2.09033873640715 profile2
647 146.327062 2.07538875345517 profile2
648 146.329424 2.05476580928169 profile2
649 146.331786 2.02828404080118 profile2
650 146.334148 1.99586452284651 profile2
651 146.33651 1.99400639543126 profile2
652 146.643419 1.93765043221149 profile2
653 146.654632 2.01422546783428 profile2
654 146.665844 2.0946082628799 profile2
655 146.677056 2.17551090105452 profile2
656 146.688269 2.28752261254133 profile2
657 146.69133 2.37923615845393 profile2
658 146.694026 2.378691018706 profile2
659 146.696722 2.26715032418502 profile2
660 146.699418 2.04487142472226 profile2
661 146.702114 1.73437358166286 profile2
662 146.70481 1.68104458296569 profile2
663 146.707507 1.69965222988295 profile2
664 146.710838 1.71240700183011 profile2
665 146.716274 1.71927712768285 profile2
666 146.72171 1.72031379975181 profile2
667 146.727146 1.71564820875759 profile2
668 146.734615 1.70266245949233 profile2
669 146.80381 1.68804361038816 profile2
670 146.862885 1.65642666618599 profile2
671 146.863965 1.54179775015917 profile2
672 146.865044 1.33616169419781 profile2
673 146.87452 1.05936476898417 profile2
674 146.889753 0.820834631062167 profile2
675 146.904986 0.811539316201515 profile2
676 147.064187 0.995479667927522 profile2
677 147.069549 1.2389988300668 profile2
678 147.074911 1.37613648480025 profile2
679 147.080273 1.50117285615362 profile2
680 147.089309 1.62515332415036 profile2
681 147.114764 1.75013805529384 profile2
682 147.137425 1.77427889655738 profile2
683 147.157965 1.78024366145039 profile2
684 147.178504 1.7852412572444 profile2
685 147.221814 1.70015405219103 profile2
686 147.253583 1.41532114419111 profile2
687 147.272554 1.46293149319942 profile2
688 147.275576 1.52832369519637 profile2
689 147.278599 1.57377962583792 profile2
690 147.281622 1.57245893622334 profile2
691 147.284644 1.55952014936078 profile2
692 147.286194 1.53581434194611 profile2
693 147.286753 1.5022922829914 profile2
694 147.287312 1.45990668421352 profile2
695 147.287872 1.40953724639195 profile2
696 147.290648 1.33060063321559 profile2
697 147.299484 1.2271139171493 profile2
698 147.327447 1.41942779120118 profile2
699 147.35561 1.43936235246115 profile2
700 147.383773 1.45409098708277 profile2
701 147.397845 1.4835943976418 profile2
702 147.402328 1.51200716892743 profile2
703 147.406811 1.53914423099929 profile2
704 147.411546 1.56517505350278 profile2
705 147.442387 1.58986143035986 profile2
706 147.535843 1.59470945473417 profile2
707 147.551736 1.57325178453111 profile2
708 147.555599 1.47713727776718 profile2
709 147.559461 1.41374176577093 profile2
710 147.563362 1.35590092046828 profile2
711 147.583398 0.981670139417883 profile2
712 147.602453 0.750713131148428 profile2
713 147.621507 0.605566021707008 profile2
714 147.682611 0.579659428790106 profile2
715 147.68996 0.578310570264392 profile2
716 147.695588 0.573120849572031 profile2
717 147.701215 0.565247599446046 profile2
718 147.706843 0.526403931814972 profile2
719 147.719435 0.374376351643273 profile2
720 147.737975 0.38420791697781 profile2
721 147.751499 0.389173247630846 profile2
722 147.760277 0.388354353956789 profile2
723 147.769056 0.385977048099221 profile2
724 147.777834 0.383361419622592 profile2
725 147.786613 0.324137669337301 profile2
726 147.795391 0.39010813587837 profile2
727 147.816836 0.336476062792357 profile2
728 147.850698 0.253985848057195 profile2
729 147.88456 0.156829073189254 profile2
730 147.914702 0.312401555310953 profile2
731 147.91491 0.290642893765969 profile2
732 147.915116 0.265647763768716 profile2
733 147.915322 0.237281797682715 profile2
734 147.915527 0.205448212718081 profile2
735 147.915733 0.170100828997868 profile2
736 147.916803 0.129934440218318 profile2
737 147.923623 0.0658761146162098 profile2
738 147.930444 0.0217810576503077 profile2
739 147.937264 -0.0205768851378875 profile2
740 147.944084 -0.129947818193127 profile2
741 147.949324 -0.263629655877555 profile2
742 147.953121 -0.397201097083489 profile2
743 147.956917 -0.557683159359468 profile2
744 147.960714 -0.746093370869742 profile2
745 147.964511 -0.949423584436804 profile2
746 147.968307 -1.15627537262857 profile2
747 147.973733 -1.32953799122266 profile2
748 147.982072 -1.39019382823105 profile2
749 147.982175 -1.42351633477467 profile2
750 147.982278 -1.45846902529755 profile2
751 147.986316 -1.53070238430402 profile2
752 147.986987 -1.71125548340641 profile2
753 147.987657 -1.87130907010334 profile2
754 147.988327 -2.00766717281393 profile2
755 147.988998 -2.12053455079557 profile2
756 147.989668 -2.21662578335241 profile2
757 148.006053 -2.31613846531434 profile2
758 148.013144 -2.36902332307537 profile2
759 148.020236 -2.42027977098643 profile2
760 148.027327 -2.46922698062466 profile2
761 148.033269 -2.51521230200914 profile2
762 148.037078 -2.55764921446464 profile2
763 148.040918 -2.58644458128269 profile2
764 148.046494 -2.67199621637223 profile2
765 148.05207 -2.79496800502034 profile2
766 148.180347 -2.91863496840095 profile2
767 148.183086 -2.93887744960533 profile2
768 148.185825 -2.95425512467606 profile2
769 148.188563 -2.96439792836035 profile2
770 148.191302 -2.95106449039987 profile2
771 148.194041 -2.9394168366265 profile2
772 148.19678 -2.93448290494127 profile2
773 148.200032 -2.93890782223538 profile2
774 148.204884 -2.94406820851764 profile2
775 148.213021 -2.95179856341693 profile2
776 148.213171 -2.97327725985182 profile2
777 148.213321 -2.99243049238179 profile2
778 148.326473 -3.03665206518097 profile2
779 148.333368 -3.28194696838532 profile2
780 148.340263 -3.31484913584186 profile2
781 148.347157 -3.33871707644881 profile2
782 148.354052 -3.34495155812113 profile2
783 148.362946 -3.35383352517106 profile2
784 148.380016 -3.36338168728054 profile2
785 148.403283 -3.36628939990826 profile2
786 148.42655 -3.36118713616859 profile2
787 148.430037 -3.3647140107099 profile2
788 148.4319 -3.36840428249289 profile2
789 148.433763 -3.37217951086343 profile2
790 148.435626 -3.3387396741937 profile2
791 148.437489 -3.09409273789613 profile2
792 148.439352 -2.97711238605008 profile2
793 148.441214 -2.952596873642 profile2
794 148.443077 -2.93579247160592 profile2
795 148.44494 -2.92574536332074 profile2
796 148.446803 -2.9210224651908 profile2
797 148.453459 -2.92957983116752 profile2
798 148.477993 -2.93880245295598 profile2
799 148.493526 -2.94231695652267 profile2
800 148.493644 -2.94667408381192 profile2
801 148.493762 -2.95194305840331 profile2
802 148.502187 -3.0972123689686 profile2
803 148.624196 -3.20237171676457 profile2
804 148.648833 -3.61256983341782 profile2
805 148.673469 -3.92366377125679 profile2
806 148.812084 -3.97369345601652 profile2
807 148.815025 -4.04281703646665 profile2
