marker_position lod trace
1 142.490795 -5.74971972319817 pleio
2 142.517426 -5.69007615052541 pleio
3 142.560149 -5.62165773347803 pleio
4 142.602873 -5.55369915229554 pleio
5 142.64402 -5.48608913717047 pleio
6 142.685103 -5.50216593365698 pleio
7 142.726186 -5.46324706677997 pleio
8 142.767269 -5.39730785910023 pleio
9 142.808353 -5.32974802864003 pleio
10 142.849436 -5.25629320214767 pleio
11 142.876943 -5.18460431678354 pleio
12 142.880371 -5.11480988641969 pleio
13 142.883799 -5.04715112236689 pleio
14 142.904956 -4.98189623929105 pleio
15 142.989329 -4.90509164220437 pleio
16 143.073701 -4.82653519281808 pleio
17 143.155273 -4.76255736261737 pleio
18 143.159416 -4.68542141078462 pleio
19 143.163559 -4.59358113489877 pleio
20 143.167702 -4.50518210713321 pleio
21 143.171846 -4.41161522416138 pleio
22 143.175989 -4.31480881988805 pleio
23 143.180132 -4.21626086988177 pleio
24 143.240265 -4.11094546364935 pleio
25 143.324863 -4.0339618466039 pleio
26 143.409462 -3.95245257966187 pleio
27 143.484637 -4.02930495999108 pleio
28 143.487347 -4.11670748204131 pleio
29 143.490056 -4.08312314263247 pleio
30 143.492766 -4.05305730862185 pleio
31 143.495555 -4.02654232160396 pleio
32 143.498344 -4.0035897190217 pleio
33 143.501132 -3.98394038206585 pleio
34 143.521072 -3.91511840706532 pleio
35 143.53778 -3.80292151175341 pleio
36 143.554489 -3.68175099787251 pleio
37 143.570345 -3.53168611209787 pleio
38 143.571477 -3.35625912565476 pleio
39 143.572611 -3.16221903737115 pleio
40 143.574439 -2.95895240819277 pleio
41 143.699438 -2.84158282634798 pleio
42 143.824436 -2.69635968308862 pleio
43 143.915168 -2.4735034107373 pleio
44 143.920616 -2.56794821883087 pleio
45 143.926063 -2.65601190724086 pleio
46 143.93182 -2.65117031840737 pleio
47 143.935901 -2.62231562723351 pleio
48 143.939982 -2.59925390560348 pleio
49 143.944917 -2.57879434323598 pleio
50 143.975668 -2.55842850361335 pleio
51 144.013221 -2.49848663647884 pleio
52 144.051716 -2.45035945515571 pleio
53 144.090211 -2.45607355634942 pleio
54 144.128706 -2.44965427803732 pleio
55 144.167202 -2.44330155622708 pleio
56 144.176428 -2.43712019487781 pleio
57 144.180816 -2.43120184478537 pleio
58 144.185205 -2.42492294527134 pleio
59 144.348163 -2.24599035765211 pleio
60 144.361337 -2.00065655083277 pleio
61 144.363468 -1.70847450788385 pleio
62 144.365599 -1.33620325336562 pleio
63 144.367577 -1.11929928529016 pleio
64 144.375504 -1.07017452996251 pleio
65 144.385418 -1.07972633417641 pleio
66 144.395332 -1.1469068843082 pleio
67 144.407236 -1.19365150892715 pleio
68 144.411293 -1.20662162452609 pleio
69 144.415349 -1.21993250306998 pleio
70 144.419405 -1.2332427787959 pleio
71 144.423461 -1.24622905787423 pleio
72 144.427517 -1.19567840264358 pleio
73 144.431573 -1.12547816649341 pleio
74 144.437408 -1.06138333271348 pleio
75 144.440911 -1.07348212324209 pleio
76 144.442944 -1.08723352014905 pleio
77 144.444976 -1.06749009967243 pleio
78 144.447008 -1.02242924307299 pleio
79 144.44904 -0.982384421078968 pleio
80 144.454745 -0.928319165769633 pleio
81 144.498681 -0.879622914019061 pleio
82 144.558267 -0.842937458396263 pleio
83 144.587405 -0.846750970224825 pleio
84 144.587686 -0.853649168144671 pleio
85 144.587968 -0.854778686991686 pleio
86 144.617027 -0.85717933523097 pleio
87 144.705848 -0.864886609574893 pleio
88 144.716797 -1.02595721538483 pleio
89 144.727745 -1.17110299048182 pleio
90 144.897381 -1.1891640085553 pleio
91 144.903395 -1.17712518838318 pleio
92 144.909409 -1.17300035991577 pleio
93 144.916914 -1.17668372264234 pleio
94 144.947844 -1.18990744401142 pleio
95 144.978774 -1.20742567435003 pleio
96 145.106694 -1.03742189830398 pleio
97 145.224788 -0.923649386305193 pleio
98 145.342881 -0.968064660481496 pleio
99 145.729503 -0.635100250691351 pleio
100 145.916546 -0.658111536969141 pleio
101 146.10359 -0.686360911095492 pleio
102 146.240909 -0.693526358157427 pleio
103 146.283615 -0.655181904526296 pleio
104 146.304543 -0.627749078176638 pleio
105 146.314537 -0.604434022457086 pleio
106 146.319976 -0.585794788457057 pleio
107 146.322338 -0.572345455349229 pleio
108 146.3247 -0.564538735139699 pleio
109 146.327062 -0.562742974877517 pleio
110 146.329424 -0.567222584020494 pleio
111 146.331786 -0.578132533129949 pleio
112 146.334148 -0.595505435422097 pleio
113 146.33651 -0.30691890966889 pleio
114 146.643419 -0.0533857071255207 pleio
115 146.654632 -0.0371292345216356 pleio
116 146.665844 -0.025405619526708 pleio
117 146.677056 -0.00749725022649645 pleio
118 146.688269 0 pleio
119 146.69133 -0.075833524864803 pleio
120 146.694026 -0.258087590642903 pleio
121 146.696722 -0.556207553299907 pleio
122 146.699418 -0.957828649253022 pleio
123 146.702114 -1.42870540136622 pleio
124 146.70481 -1.50767918037255 pleio
125 146.707507 -1.48003114548781 pleio
126 146.710838 -1.45969774017238 pleio
127 146.716274 -1.44676404235942 pleio
128 146.72171 -1.44122381091713 pleio
129 146.727146 -1.44298257909058 pleio
130 146.734615 -1.46323649683014 pleio
131 146.80381 -1.476342612388 pleio
132 146.862885 -1.42477058497845 pleio
133 146.863965 -1.38615269315557 pleio
134 146.865044 -1.45710772418591 pleio
135 146.87452 -1.62353771619583 pleio
136 146.889753 -1.76533100661327 pleio
137 146.904986 -1.68891852428403 pleio
138 147.064187 -1.55466556032208 pleio
139 147.069549 -1.37266503975285 pleio
140 147.074911 -1.21099551570001 pleio
141 147.080273 -1.03057515638229 pleio
142 147.089309 -0.93005240937129 pleio
143 147.114764 -0.913272206436336 pleio
144 147.137425 -0.918186951521516 pleio
145 147.157965 -0.926052866758928 pleio
146 147.178504 -0.876462335552172 pleio
147 147.221814 -0.426649065889606 pleio
148 147.253583 -0.307564233548037 pleio
149 147.272554 -0.301368298232267 pleio
150 147.275576 -0.270556590458675 pleio
151 147.278599 -0.277581438574061 pleio
152 147.281622 -0.370410802755789 pleio
153 147.284644 -0.485961639660666 pleio
154 147.286194 -0.622002241127762 pleio
155 147.286753 -0.775710927519409 pleio
156 147.287312 -0.943910289502329 pleio
157 147.287872 -1.12331859341608 pleio
158 147.290648 -1.29895565038698 pleio
159 147.299484 -1.47627492548634 pleio
160 147.327447 -1.58903189559649 pleio
161 147.35561 -1.63067625156136 pleio
162 147.383773 -2.12237271205746 pleio
163 147.397845 -2.11159606935058 pleio
164 147.402328 -2.10084169237654 pleio
165 147.406811 -2.09040235833233 pleio
166 147.411546 -2.07897088907511 pleio
167 147.442387 -2.06565255826988 pleio
168 147.535843 -2.06192232997542 pleio
169 147.551736 -2.19235542732882 pleio
170 147.555599 -2.35401544453223 pleio
171 147.559461 -2.49918191613524 pleio
172 147.563362 -2.64088356243229 pleio
173 147.583398 -2.73036974188002 pleio
174 147.602453 -2.85133626499707 pleio
175 147.621507 -2.97512677692089 pleio
176 147.682611 -3.00787519870585 pleio
177 147.68996 -3.03590427552613 pleio
178 147.695588 -3.10465562496801 pleio
179 147.701215 -3.18299800027481 pleio
180 147.706843 -3.08202362162279 pleio
181 147.719435 -2.89861687609665 pleio
182 147.737975 -2.87467390942546 pleio
183 147.751499 -2.91111904849357 pleio
184 147.760277 -2.95934390130782 pleio
185 147.769056 -3.01625897006786 pleio
186 147.777834 -3.08050688827326 pleio
187 147.786613 -3.32088830152211 pleio
188 147.795391 -3.81244942095625 pleio
189 147.816836 -3.96827880571223 pleio
190 147.850698 -4.17980885483915 pleio
191 147.88456 -4.39828994748378 pleio
192 147.914702 -4.46686044054834 pleio
193 147.91491 -4.51979629607457 pleio
194 147.915116 -4.57659374654137 pleio
195 147.915322 -4.63674803024817 pleio
196 147.915527 -4.69968296533168 pleio
197 147.915733 -4.76479088663666 pleio
198 147.916803 -4.82901141719908 pleio
199 147.923623 -4.85532503833705 pleio
200 147.930444 -4.89174147775673 pleio
201 147.937264 -4.92886098905852 pleio
202 147.944084 -5.04109716244778 pleio
203 147.949324 -5.18830262806996 pleio
204 147.953121 -5.32485158510232 pleio
205 147.956917 -5.46993984777186 pleio
206 147.960714 -5.63817228489794 pleio
207 147.964511 -5.82549121320334 pleio
208 147.968307 -5.98022527231498 pleio
209 147.973733 -6.11327660205832 pleio
210 147.982072 -6.20657517262097 pleio
211 147.982175 -6.27923632898348 pleio
212 147.982278 -6.35172136049791 pleio
213 147.986316 -6.42679063620037 pleio
214 147.986987 -6.51367743865213 pleio
215 147.987657 -6.60319654014369 pleio
216 147.988327 -6.69439466318719 pleio
217 147.988998 -6.78697102072957 pleio
218 147.989668 -6.85941291362746 pleio
219 148.006053 -6.85061575763122 pleio
220 148.013144 -6.89651474498821 pleio
221 148.020236 -6.94510981936506 pleio
222 148.027327 -6.99613761980854 pleio
223 148.033269 -7.04931854158175 pleio
224 148.037078 -7.10436482767911 pleio
225 148.040918 -7.10871028925298 pleio
226 148.046494 -7.270790771435 pleio
227 148.05207 -7.37748555449293 pleio
228 148.180347 -7.41335639057 pleio
229 148.183086 -7.41261650033185 pleio
230 148.185825 -7.41198067027848 pleio
231 148.188563 -7.41082990874557 pleio
232 148.191302 -7.38548264521695 pleio
233 148.194041 -7.36110768134683 pleio
234 148.19678 -7.33482974049724 pleio
235 148.200032 -7.30659944909933 pleio
236 148.204884 -7.28372690981049 pleio
237 148.213021 -7.25537373225002 pleio
238 148.213171 -7.15791262428166 pleio
239 148.213321 -7.06716847407332 pleio
240 148.326473 -7.0017797729945 pleio
241 148.333368 -7.05847681300466 pleio
242 148.340263 -7.08252613618065 pleio
243 148.347157 -7.09430454143307 pleio
244 148.354052 -7.07648680321318 pleio
245 148.362946 -7.05974061233388 pleio
246 148.380016 -7.04600013723572 pleio
247 148.403283 -7.04024583183594 pleio
248 148.42655 -7.01563086725626 pleio
249 148.430037 -6.95761927986372 pleio
250 148.4319 -6.89859444280605 pleio
251 148.433763 -6.83879070530735 pleio
252 148.435626 -6.65620292259001 pleio
253 148.437489 -6.31186028798591 pleio
254 148.439352 -6.13044075164326 pleio
255 148.441214 -6.01475253427199 pleio
256 148.443077 -5.88528610010527 pleio
257 148.44494 -5.74584045725176 pleio
258 148.446803 -5.60168124779003 pleio
259 148.453459 -5.5090904820758 pleio
260 148.477993 -5.4802197116375 pleio
261 148.493526 -5.42447733253998 pleio
262 148.493644 -5.36701830321832 pleio
263 148.493762 -5.31152078586919 pleio
264 148.502187 -5.21640870360867 pleio
265 148.624196 -5.29106530868301 pleio
266 148.648833 -5.41275536723741 pleio
267 148.673469 -5.57568842182736 pleio
268 148.812084 -5.13511459012493 pleio
269 148.815025 -5.15644615596038 pleio
270 143.571477 -0.23836038257646 profile1
271 143.572611 -0.242024369987675 profile1
272 143.574439 -0.253394065069984 profile1
273 143.699438 -0.216463793253125 profile1
274 143.824436 -0.153507748484365 profile1
275 143.915168 -0.068604645332799 profile1
276 143.920616 -0.0674920843789514 profile1
277 143.926063 -0.0671408194074134 profile1
278 143.93182 -0.0636955837341254 profile1
279 143.935901 -0.0931479470460146 profile1
280 143.939982 -0.154929246039893 profile1
281 143.944917 -0.247334777684113 profile1
282 142.808353 -1.83691634033528 profile1
283 142.849436 -1.7295983897996 profile1
284 142.876943 -1.62377917911906 profile1
285 142.880371 -1.51964412055505 profile1
286 142.883799 -1.41769088425816 profile1
287 142.904956 -1.32153474397348 profile1
288 142.989329 -1.28457839438444 profile1
289 143.073701 -1.24465932316676 profile1
290 143.155273 -1.19760439050374 profile1
291 143.159416 -1.14028927044069 profile1
292 143.163559 -1.04577014021213 profile1
293 143.167702 -0.959604063643517 profile1
294 143.171846 -0.874359852774397 profile1
295 143.175989 -0.790971622245728 profile1
296 143.180132 -0.709971219419911 profile1
297 143.240265 -0.617025544360962 profile1
298 143.324863 -0.384103119104812 profile1
299 143.409462 -0.391133527149749 profile1
300 143.484637 -0.430191634123984 profile1
301 143.487347 -0.48759260316975 profile1
302 143.490056 -0.470438577092658 profile1
303 143.492766 -0.458065803974861 profile1
304 143.495555 -0.450396720257565 profile1
305 143.498344 -0.447323548731399 profile1
306 143.501132 -0.448177974619597 profile1
307 143.521072 -0.394190650441334 profile1
308 143.53778 -0.289744211134361 profile1
309 143.554489 -0.247810548341494 profile1
310 143.570345 -0.242283505052749 profile1
311 143.975668 -0.350896317603134 profile1
312 144.013221 -0.402432596536942 profile1
313 144.051716 -0.436376619022338 profile1
314 144.090211 -0.432493570991819 profile1
315 144.128706 -0.429585187478445 profile1
316 144.167202 -0.426231849662279 profile1
317 144.176428 -0.422839559695424 profile1
318 144.180816 -0.41972972735908 profile1
319 144.185205 -0.417248455635168 profile1
320 144.348163 -0.259084560944184 profile1
321 144.361337 -0.0547610627571669 profile1
322 144.363468 0.256708586177769 profile1
323 144.365599 0.629946838072412 profile1
324 144.367577 0.805823077212619 profile1
325 144.375504 0.797909069874158 profile1
326 144.385418 0.728731356365284 profile1
327 144.395332 0.600183013418868 profile1
328 144.407236 0.490717034631146 profile1
329 144.411293 0.414582853898299 profile1
330 144.415349 0.338390874365738 profile1
331 144.419405 0.262568336542578 profile1
332 144.423461 0.187498034869606 profile1
333 144.427517 0.188569668329299 profile1
334 144.431573 0.209352078296877 profile1
335 144.437408 0.227338184965995 profile1
336 144.440911 0.237443550698635 profile1
337 144.442944 0.245201925588116 profile1
338 144.444976 0.255973435740813 profile1
339 144.447008 0.265604713362491 profile1
340 144.44904 0.268531422117664 profile1
341 144.454745 0.266957749572281 profile1
342 144.498681 0.260567577858338 profile1
343 144.558267 0.251053932469751 profile1
344 144.587405 0.24246174718377 profile1
345 144.587686 0.223939280263678 profile1
346 144.587968 0.212842410501159 profile1
347 144.617027 0.208620455624981 profile1
348 144.705848 0.0401648297837674 profile1
349 144.716797 -0.249464517437769 profile1
350 144.727745 -0.416615765483763 profile1
351 144.897381 -0.416518260023455 profile1
352 144.903395 -0.381556599889901 profile1
353 144.909409 -0.353674606194446 profile1
354 144.916914 -0.332951410394463 profile1
355 144.947844 -0.324977399759732 profile1
356 144.978774 -0.321238939881286 profile1
357 145.106694 -0.60155186567881 profile1
358 145.224788 -0.554986226689593 profile1
359 145.342881 -0.495208365127734 profile1
360 145.729503 0.592465028532185 profile1
361 145.916546 0.741245423735987 profile1
362 146.10359 0.748853726888314 profile1
363 146.240909 0.755399142834786 profile1
364 146.283615 0.746772668911665 profile1
365 146.304543 0.694829602639163 profile1
366 146.314537 0.636980729837683 profile1
367 146.319976 0.57324797540708 profile1
368 146.322338 0.503752627774793 profile1
369 146.3247 0.428721189198496 profile1
370 146.327062 0.348489397593128 profile1
371 146.329424 0.263498603690174 profile1
372 146.331786 0.174282749134251 profile1
373 146.334148 0.0814550484968317 profile1
374 146.33651 -0.0352926302742671 profile1
375 146.643419 -0.0533857071255207 profile1
376 146.654632 -0.0300754777519599 profile1
377 146.665844 -0.00941823748786169 profile1
378 146.677056 0.0284657813442885 profile1
379 146.688269 0.282852945150847 profile1
380 146.69133 0.637930563154742 profile1
381 146.694026 0.880690372895042 profile1
382 146.696722 0.954306259439733 profile1
383 146.699418 0.837998368251081 profile1
384 146.702114 0.553815796948754 profile1
385 146.70481 0.469522036932625 profile1
386 146.707507 0.453099960772118 profile1
387 146.710838 0.428646962226708 profile1
388 146.716274 0.396117822022368 profile1
389 146.72171 0.355875356022554 profile1
390 146.727146 0.308389679180399 profile1
391 146.734615 0.255050364407611 profile1
392 146.80381 0.231563061726525 profile1
393 146.862885 0.116077368419505 profile1
394 146.863965 -0.143691339301579 profile1
395 146.865044 -0.512970668531108 profile1
396 142.490795 -2.00854908306392 profile1
397 142.517426 -1.97534070762414 profile1
398 142.560149 -1.93238496266439 profile1
399 142.602873 -1.89104778253556 profile1
400 142.64402 -1.85130425216362 profile1
401 142.685103 -1.92977520246486 profile1
402 142.726186 -1.93057110206841 profile1
403 142.767269 -1.89658911960046 profile1
404 146.87452 -0.817377804657431 profile1
405 146.889753 -1.01936925148973 profile1
406 146.904986 -0.891242512050053 profile1
407 147.064187 -0.836011749252295 profile1
408 147.069549 -0.947838236477297 profile1
409 147.074911 -0.908011095304455 profile1
410 147.080273 -0.701461848724952 profile1
411 147.089309 -0.517901531766753 profile1
412 147.114764 -0.375031241854012 profile1
413 147.137425 -0.348633100153166 profile1
414 147.157965 -0.343008524697211 profile1
415 147.178504 -0.324881146660724 profile1
416 147.221814 -0.400622370354208 profile1
417 147.253583 -0.307564233548037 profile1
418 147.272554 -0.15202311082281 profile1
419 147.275576 0.0416031374297787 profile1
420 147.278599 0.202587580425273 profile1
421 147.281622 0.264401142774623 profile1
422 147.284644 0.307553941846573 profile1
423 147.286194 0.331708177526567 profile1
424 147.286753 0.337219337828132 profile1
425 147.287312 0.324980513981577 profile1
426 147.287872 0.296239405580077 profile1
427 147.290648 0.278181933913046 profile1
428 147.299484 0.260637937554353 profile1
429 147.327447 -0.0126452836994679 profile1
430 147.35561 -0.0653415109538331 profile1
431 147.383773 -0.545909664658468 profile1
432 147.397845 -0.555801171127561 profile1
433 147.402328 -0.566288888991649 profile1
434 147.406811 -0.577549423530671 profile1
435 147.411546 -0.587984713602373 profile1
436 147.442387 -0.596403299660874 profile1
437 147.535843 -0.597354294103548 profile1
438 147.551736 -0.643139924505775 profile1
439 147.555599 -0.714634186823581 profile1
440 147.559461 -0.7952946354562 profile1
441 147.563362 -0.87829348890677 profile1
442 147.583398 -0.980771278722926 profile1
443 147.602453 -1.10107700671398 profile1
444 147.621507 -1.22387459851494 profile1
445 147.682611 -1.2485343901799 profile1
446 147.68996 -1.24563223856883 profile1
447 147.695588 -1.23515684137623 profile1
448 147.701215 -1.2313691593777 profile1
449 147.706843 -1.02176734179357 profile1
450 147.719435 -0.706611020548499 profile1
451 147.737975 -0.63474802882766 profile1
452 147.751499 -0.60674038249195 profile1
453 147.760277 -0.590077481221224 profile1
454 147.769056 -0.583188898632036 profile1
455 147.777834 -0.585121772219404 profile1
456 147.786613 -0.67914233120279 profile1
457 147.795391 -1.16907540884576 profile1
458 147.816836 -1.25896108461805 profile1
459 147.850698 -1.42909311879223 profile1
460 147.88456 -1.67024238866501 profile1
461 147.914702 -1.76016505297529 profile1
462 147.91491 -1.79520830319948 profile1
463 147.915116 -1.83104308155688 profile1
464 147.915322 -1.8674312175899 profile1
465 147.915527 -1.90413908922693 profile1
466 147.915733 -1.94094975441397 profile1
467 147.916803 -1.97590157484166 profile1
468 147.923623 -1.98295129353669 profile1
469 147.930444 -1.99882211516456 profile1
470 147.937264 -2.01523450293397 profile1
471 147.944084 -2.06482407249064 profile1
472 147.949324 -2.13816465868206 profile1
473 147.953121 -2.19985348424706 profile1
474 147.956917 -2.26663962162423 profile1
475 147.960714 -2.35611977469738 profile1
476 147.964511 -2.46588018630866 profile1
477 147.968307 -2.52587989263688 profile1
478 147.973733 -2.56752040078024 profile1
479 147.982072 -2.63039741620155 profile1
480 147.982175 -2.70293914072733 profile1
481 147.982278 -2.77692763637247 profile1
482 147.986316 -2.84873504258206 profile1
483 147.986987 -2.91530723442978 profile1
484 147.987657 -2.99010585117524 profile1
485 147.988327 -3.07246343078461 profile1
486 147.988998 -3.16166256330124 profile1
487 147.989668 -3.23927281551772 profile1
488 148.006053 -3.25088465540652 profile1
489 148.013144 -3.27625378038735 profile1
490 148.020236 -3.30264294982301 profile1
491 148.027327 -3.32988645976521 profile1
492 148.033269 -3.35783041433648 profile1
493 148.037078 -3.38633693918645 profile1
494 148.040918 -3.39228240678981 profile1
495 148.046494 -3.43587762081469 profile1
496 148.05207 -3.52806969251864 profile1
497 148.180347 -3.62786455573247 profile1
498 148.183086 -3.59973552294542 profile1
499 148.185825 -3.57250508892981 profile1
500 148.188563 -3.54632546931187 profile1
501 148.191302 -3.52249028451397 profile1
502 148.194041 -3.50057640984042 profile1
503 148.19678 -3.4770270880275 profile1
504 148.200032 -3.45042981812899 profile1
505 148.204884 -3.42838973142127 profile1
506 148.213021 -3.39737594362682 profile1
507 148.213171 -3.28000617609654 profile1
508 148.213321 -3.1832385540841 profile1
509 148.326473 -3.12017456229788 profile1
510 148.333368 -3.13572330151503 profile1
511 148.340263 -3.1401440503672 profile1
512 148.347157 -3.13516976611747 profile1
513 148.354052 -3.10834865107717 profile1
514 148.362946 -3.08362727329633 profile1
515 148.380016 -3.06447166548955 profile1
516 148.403283 -3.05755862998874 profile1
517 148.42655 -3.04282372520525 profile1
518 148.430037 -3.01821790430333 profile1
519 148.4319 -2.99380136888769 profile1
520 148.433763 -2.96970366912076 profile1
521 148.435626 -2.83475258603739 profile1
522 148.437489 -2.5895742521203 profile1
523 148.439352 -2.53689626863553 profile1
524 148.441214 -2.54132294643978 profile1
525 148.443077 -2.53052293543169 profile1
526 148.44494 -2.50381775945263 profile1
527 148.446803 -2.46323171517181 profile1
528 148.453459 -2.43175339701425 profile1
529 148.477993 -2.42066138662538 profile1
530 148.493526 -2.40823841680307 profile1
531 148.493644 -2.39656191394427 profile1
532 148.493762 -2.38598558905949 profile1
533 148.502187 -2.59891022776602 profile1
534 148.624196 -2.62637652718153 profile1
535 148.648833 -2.81155295768531 profile1
536 148.673469 -2.90734454473195 profile1
537 148.812084 -2.85189813786713 profile1
538 148.815025 -2.86294474723966 profile1
539 142.490795 -4.49749061420329 profile2
540 142.517426 -4.44564866977283 profile2
541 142.560149 -4.4037920262059 profile2
542 142.602873 -4.36053551708074 profile2
543 142.64402 -4.31563272043948 profile2
544 142.685103 -4.21221498490534 profile2
545 142.726186 -4.14625081073863 profile2
546 142.767269 -4.09767223580804 profile2
547 142.808353 -4.06168899718232 profile2
548 142.849436 -4.06413490184444 profile2
549 142.876943 -4.06589413959487 profile2
550 142.880371 -4.06688705961049 profile2
551 142.883799 -4.0670214799927 profile2
552 142.904956 -4.06241112270348 profile2
553 142.989329 -3.92977385551881 profile2
554 143.073701 -3.82001900991873 profile2
555 143.155273 -3.80144851238994 profile2
556 143.159416 -3.80938474708683 profile2
557 143.163559 -3.83475263670054 profile2
558 143.167702 -3.85310216109408 profile2
559 143.171846 -3.86645751942113 profile2
560 143.175989 -3.87357016525593 profile2
561 143.180132 -3.87347449121109 profile2
562 143.240265 -3.86170928858193 profile2
563 143.324863 -4.0339618466039 profile2
564 143.409462 -3.90090241530547 profile2
565 143.484637 -3.92525818497922 profile2
566 143.487347 -3.9200694942861 profile2
567 143.490056 -3.88330317694307 profile2
568 143.492766 -3.84776696007611 profile2
569 143.495555 -3.81352043974659 profile2
570 143.498344 -3.78061012300036 profile2
571 143.501132 -3.74902000534997 profile2
572 143.521072 -3.72869695402229 profile2
573 143.53778 -3.71707914476055 profile2
574 143.554489 -3.67075614664664 profile2
575 143.570345 -3.52670948455099 profile2
576 143.571477 -3.3196921133424 profile2
577 143.572611 -3.0741135783 profile2
578 143.574439 -2.8079798017477 profile2
579 143.699438 -2.69856993747335 profile2
580 143.824436 -2.55806361550404 profile2
581 143.915168 -2.36482963004806 profile2
582 143.920616 -2.47312159026827 profile2
583 143.926063 -2.5739551395081 profile2
584 143.93182 -2.57701322736918 profile2
585 143.935901 -2.50331460979882 profile2
586 143.939982 -2.41364622672887 profile2
587 143.944917 -2.31393159664016 profile2
588 143.975668 -2.20374946486342 profile2
589 144.013221 -2.10365829120817 profile2
590 144.051716 -2.02819940174243 profile2
591 144.090211 -2.03361271387831 profile2
592 144.128706 -2.02643952459761 profile2
593 144.167202 -2.02011423732565 profile2
594 144.176428 -2.01423108194214 profile2
595 144.180816 -2.0084513213513 profile2
596 144.185205 -2.00176272975129 profile2
597 144.348163 -1.94358464872964 profile2
598 144.361337 -1.80857975488544 profile2
599 144.363468 -1.57117759379601 profile2
600 144.365599 -1.31561893074212 profile2
601 144.367577 -1.11929928529016 profile2
602 144.375504 -0.984682554365153 profile2
603 144.385418 -0.899938994041364 profile2
604 144.395332 -0.867107176994366 profile2
605 144.407236 -0.824120630832972 profile2
606 144.411293 -0.755083980967 profile2
607 144.415349 -0.686637707471822 profile2
608 144.419405 -0.618831158210835 profile2
609 144.423461 -0.55170822472298 profile2
610 144.427517 -0.483996607125343 profile2
611 144.431573 -0.416881229266635 profile2
612 144.437408 -0.358504029086836 profile2
613 144.440911 -0.372242035773057 profile2
614 144.442944 -0.386914749261414 profile2
615 144.444976 -0.369955216178943 profile2
616 144.447008 -0.327821661012348 profile2
617 144.44904 -0.289018985247106 profile2
618 144.454745 -0.239946726946624 profile2
619 144.498681 -0.196381388440904 profile2
620 144.558267 -0.16268907952485 profile2
621 144.587405 -0.164041527279147 profile2
622 144.587686 -0.159644135872615 profile2
623 144.587968 -0.150978673844431 profile2
624 144.617027 -0.15055195832188 profile2
625 144.705848 0.029474778477632 profile2
626 144.716797 0.173105708006664 profile2
627 144.727745 0.188055742958784 profile2
628 144.897381 0.186107481960595 profile2
629 144.903395 0.176803877290112 profile2
630 144.909409 0.158914204770255 profile2
631 144.916914 0.132562513714253 profile2
632 144.947844 0.104349031632742 profile2
633 144.978774 0.0713907543771692 profile2
634 145.106694 0.569596302263254 profile2
635 145.224788 0.628685447007168 profile2
636 145.342881 0.553118627331726 profile2
637 145.729503 -0.24207815752625 profile2
638 145.916546 -0.455583634118376 profile2
639 146.10359 -0.519423052180961 profile2
640 146.240909 -0.555402598634171 profile2
641 146.283615 -0.510837393831303 profile2
642 146.304543 -0.391292577188651 profile2
643 146.314537 -0.270890194828604 profile2
644 146.319976 -0.15092930470794 profile2
645 146.322338 -0.0328006121001762 profile2
646 146.3247 0.0820628199289635 profile2
647 146.327062 0.192247822282077 profile2
648 146.329424 0.296425204438955 profile2
649 146.331786 0.393404479784873 profile2
650 146.334148 0.482187738518928 profile2
651 146.33651 0.721875601399246 profile2
652 146.643419 0.954306259439733 profile2
653 146.654632 0.953915290375718 profile2
654 146.665844 0.948365787910818 profile2
655 146.677056 0.926620897693527 profile2
656 146.688269 0.798205748359525 profile2
657 146.69133 0.518022329493274 profile2
658 146.694026 0.15595925281051 profile2
659 146.696722 -0.345965366709907 profile2
660 146.699418 -0.853867372437777 profile2
661 146.702114 -1.390658700543 profile2
662 146.70481 -1.48657586562303 profile2
663 146.707507 -1.4688311141061 profile2
664 146.710838 -1.45480301520473 profile2
665 146.716274 -1.44676404235942 profile2
666 146.72171 -1.44122381091713 profile2
667 146.727146 -1.44129345096296 profile2
668 146.734615 -1.45474259651833 profile2
669 146.80381 -1.46515231228988 profile2
670 146.862885 -1.31225615876079 profile2
671 146.863965 -1.09808047270193 profile2
672 146.865044 -0.943840680677486 profile2
673 146.87452 -0.853335045785284 profile2
674 146.889753 -0.832055297008925 profile2
675 146.904986 -0.87715440923702 profile2
676 147.064187 -0.76758910392681 profile2
677 147.069549 -0.510552820635657 profile2
678 147.074911 -0.403441987828599 profile2
679 147.080273 -0.377760851205921 profile2
680 147.089309 -0.444713913244809 profile2
681 147.114764 -0.593885569333707 profile2
682 147.137425 -0.634340735258779 profile2
683 147.157965 -0.65020876300218 profile2
684 147.178504 -0.655238511683434 profile2
685 147.221814 0.0606785149213939 profile2
686 147.253583 0.337219337828132 profile2
687 147.272554 0.269841849928058 profile2
688 147.275576 0.218383038047028 profile2
689 147.278599 0.162660465078408 profile2
690 147.281622 0.0742740662552622 profile2
691 147.284644 -0.0529305004241042 profile2
692 147.286194 -0.217491261825569 profile2
693 147.286753 -0.416112651938275 profile2
694 147.287312 -0.643886270209095 profile2
695 147.287872 -0.894698054390278 profile2
696 147.290648 -1.17610710636492 profile2
697 147.299484 -1.47627492548634 profile2
698 147.327447 -1.41913826742518 profile2
699 147.35561 -1.41549301184437 profile2
700 147.383773 -1.51786877438258 profile2
701 147.397845 -1.49941628104127 profile2
702 147.402328 -1.4809732255326 profile2
703 147.406811 -1.46271527988846 profile2
704 147.411546 -1.44475716808939 profile2
705 147.442387 -1.42711914649493 profile2
706 147.535843 -1.42445947294978 profile2
707 147.551736 -1.52495058296583 profile2
708 147.555599 -1.66427356479442 profile2
709 147.559461 -1.75846392629881 profile2
710 147.563362 -1.83787266182518 profile2
711 147.583398 -1.91284787921351 profile2
712 147.602453 -1.97820572745028 profile2
713 147.621507 -2.02533896152282 profile2
714 147.682611 -2.04321208594942 profile2
715 147.68996 -2.07448198217734 profile2
716 147.695588 -2.15634037782565 profile2
717 147.701215 -2.24936426148183 profile2
718 147.706843 -2.38878430570785 profile2
719 147.719435 -2.61280381527878 profile2
720 147.737975 -2.66907683428064 profile2
721 147.751499 -2.73385750660025 profile2
722 147.760277 -2.80664367111899 profile2
723 147.769056 -2.88672752534244 profile2
724 147.777834 -2.95002304010712 profile2
725 147.786613 -3.09999794825865 profile2
726 147.795391 -3.18180727637744 profile2
727 147.816836 -3.25600787675138 profile2
728 147.850698 -3.41184894115458 profile2
729 147.88456 -3.52020388246381 profile2
730 147.914702 -3.55913253959432 profile2
731 147.91491 -3.56599456250591 profile2
732 147.915116 -3.57489675987743 profile2
733 147.915322 -3.58578340617521 profile2
734 147.915527 -3.59857319262046 profile2
735 147.915733 -3.61317174363046 profile2
736 147.916803 -3.62937794908264 profile2
737 147.923623 -3.64502775969057 profile2
738 147.930444 -3.66497724147693 profile2
739 147.937264 -3.68554909531352 profile2
740 147.944084 -3.74670447890462 profile2
741 147.949324 -3.79220395070772 profile2
742 147.953121 -3.86080124896734 profile2
743 147.956917 -3.96258273201871 profile2
744 147.960714 -4.08350191535257 profile2
745 147.964511 -4.21596247520027 profile2
746 147.968307 -4.34139277852818 profile2
747 147.973733 -4.436411696062 profile2
748 147.982072 -4.44028882028018 profile2
749 147.982175 -4.42612189263749 profile2
750 147.982278 -4.41198628511895 profile2
751 147.986316 -4.40407137578814 profile2
752 147.986987 -4.41739880945055 profile2
753 147.987657 -4.43286812523895 profile2
754 147.988327 -4.45049682176476 profile2
755 147.988998 -4.47044381911049 profile2
756 147.989668 -4.48902301813434 profile2
757 148.006053 -4.49383265531489 profile2
758 148.013144 -4.50825507724505 profile2
759 148.020236 -4.52373414026846 profile2
760 148.027327 -4.54018646085433 profile2
761 148.033269 -4.55752258710239 profile2
762 148.037078 -4.57565038698179 profile2
763 148.040918 -4.5768335651983 profile2
764 148.046494 -4.70263759056713 profile2
765 148.05207 -4.78645468288994 profile2
766 148.180347 -4.81424269180712 profile2
767 148.183086 -4.83172319274355 profile2
768 148.185825 -4.84875058677068 profile2
769 148.188563 -4.86462565613182 profile2
770 148.191302 -4.85725603344863 profile2
771 148.194041 -4.85115865719752 profile2
772 148.19678 -4.84519713562628 profile2
773 148.200032 -4.83859913336746 profile2
774 148.204884 -4.83377193286214 profile2
775 148.213021 -4.8287396240178 profile2
776 148.213171 -4.81004897077359 profile2
777 148.213321 -4.78437557048158 profile2
778 148.326473 -4.76057143843442 profile2
779 148.333368 -4.80678684766223 profile2
780 148.340263 -4.83086829428802 profile2
781 148.347157 -4.84689411829911 profile2
782 148.354052 -4.84564411584242 profile2
783 148.362946 -4.8445620148421 profile2
784 148.380016 -4.8424923898527 profile2
785 148.403283 -4.83865544990453 profile2
786 148.42655 -4.83117803449322 profile2
787 148.430037 -4.81664973194498 profile2
788 148.4319 -4.80070401837685 profile2
789 148.433763 -4.78332687749671 profile2
790 148.435626 -4.67927559651671 profile2
791 148.437489 -4.55223636161782 profile2
792 148.439352 -4.47212737675669 profile2
793 148.441214 -4.41080063647527 profile2
794 148.443077 -4.34718885349273 profile2
795 148.44494 -4.28261898321117 profile2
796 148.446803 -4.21841110586888 profile2
797 148.453459 -4.17550813602085 profile2
798 148.477993 -4.15463116703913 profile2
799 148.493526 -4.10985586043067 profile2
800 148.493644 -4.06261725904128 profile2
801 148.493762 -4.01566293194327 profile2
802 148.502187 -3.72767081934166 profile2
803 148.624196 -3.69482739137027 profile2
804 148.648833 -3.63727988573366 profile2
805 148.673469 -3.64163730210094 profile2
806 148.812084 -3.03780427952459 profile2
807 148.815025 -3.04917431463777 profile2
