marker_position lod trace
1 142.490795 -7.92244004464021 pleio
2 142.517426 -7.87043153914833 pleio
3 142.560149 -7.82527647727231 pleio
4 142.602873 -7.78207631624174 pleio
5 142.64402 -7.74080278304742 pleio
6 142.685103 -7.63968637581562 pleio
7 142.726186 -7.56932685156991 pleio
8 142.767269 -7.53290208643574 pleio
9 142.808353 -7.48489585740718 pleio
10 142.849436 -7.40147949721651 pleio
11 142.876943 -7.32522378663494 pleio
12 142.880371 -7.25543326140566 pleio
13 142.883799 -7.1923557638691 pleio
14 142.904956 -7.13765199234892 pleio
15 142.989329 -6.99550248080245 pleio
16 143.073701 -6.9318285651302 pleio
17 143.155273 -6.94039363673305 pleio
18 143.159416 -6.96460227731672 pleio
19 143.163559 -6.99961558909212 pleio
20 143.167702 -7.02715142386319 pleio
21 143.171846 -7.05819531411351 pleio
22 143.175989 -7.09381722023265 pleio
23 143.180132 -7.13371873913591 pleio
24 143.240265 -7.11691194455511 pleio
25 143.324863 -6.76679606948398 pleio
26 143.409462 -6.55474272085964 pleio
27 143.484637 -6.48979191178146 pleio
28 143.487347 -6.44381727510412 pleio
29 143.490056 -6.38802118673614 pleio
30 143.492766 -6.33556602341016 pleio
31 143.495555 -6.28659739206747 pleio
32 143.498344 -6.24125233806566 pleio
33 143.501132 -6.20941906464892 pleio
34 143.521072 -6.16685900512765 pleio
35 143.53778 -6.11253145502349 pleio
36 143.554489 -6.04102269863207 pleio
37 143.570345 -5.95813805228854 pleio
38 143.571477 -5.87757954811726 pleio
39 143.572611 -5.80372380575803 pleio
40 143.574439 -5.74044698671262 pleio
41 143.699438 -5.75576415960087 pleio
42 143.824436 -5.60731284798922 pleio
43 143.915168 -5.35458042990425 pleio
44 143.920616 -5.32737189627916 pleio
45 143.926063 -5.3016789541002 pleio
46 143.93182 -5.31280355376459 pleio
47 143.935901 -5.33572337136869 pleio
48 143.939982 -5.38229532154389 pleio
49 143.944917 -5.45404723715999 pleio
50 143.975668 -5.55202806990364 pleio
51 144.013221 -5.62789296337481 pleio
52 144.051716 -5.68901610451678 pleio
53 144.090211 -5.69937038592408 pleio
54 144.128706 -5.70402561869548 pleio
55 144.167202 -5.70871671522526 pleio
56 144.176428 -5.71347630791343 pleio
57 144.180816 -5.71828400230883 pleio
58 144.185205 -5.72342422409541 pleio
59 144.348163 -5.32037340961065 pleio
60 144.361337 -4.86535236460309 pleio
61 144.363468 -4.48103962248301 pleio
62 144.365599 -4.14775287065199 pleio
63 144.367577 -3.9977419812437 pleio
64 144.375504 -3.91759648877472 pleio
65 144.385418 -3.86299951949999 pleio
66 144.395332 -3.83581026584135 pleio
67 144.407236 -3.83151817546223 pleio
68 144.411293 -3.83259467637274 pleio
69 144.415349 -3.83754393351686 pleio
70 144.419405 -3.84628945145431 pleio
71 144.423461 -3.85872256042083 pleio
72 144.427517 -3.85603421557267 pleio
73 144.431573 -3.8593121419172 pleio
74 144.437408 -3.87360022135901 pleio
75 144.440911 -3.88138041149682 pleio
76 144.442944 -3.8907233522024 pleio
77 144.444976 -3.86851034291277 pleio
78 144.447008 -3.82354064998567 pleio
79 144.44904 -3.7847246933972 pleio
80 144.454745 -3.73627970657274 pleio
81 144.498681 -3.69288468802842 pleio
82 144.558267 -3.66176100359717 pleio
83 144.587405 -3.63209719207922 pleio
84 144.587686 -3.58078146001753 pleio
85 144.587968 -3.52564113062848 pleio
86 144.617027 -3.48951566752381 pleio
87 144.705848 -3.53822607205474 pleio
88 144.716797 -3.84698527976159 pleio
89 144.727745 -3.88076141933074 pleio
90 144.897381 -3.91770150049278 pleio
91 144.903395 -3.9637032999509 pleio
92 144.909409 -4.01664439594204 pleio
93 144.916914 -4.07628245298662 pleio
94 144.947844 -4.11938165710297 pleio
95 144.978774 -4.16301050262771 pleio
96 145.106694 -4.36386056192936 pleio
97 145.224788 -4.40616777370431 pleio
98 145.342881 -4.39080470206913 pleio
99 145.729503 -3.90212816538374 pleio
100 145.916546 -3.84756493325477 pleio
101 146.10359 -3.71075744532607 pleio
102 146.240909 -3.60632515656116 pleio
103 146.283615 -3.73572130956402 pleio
104 146.304543 -3.64254701538961 pleio
105 146.314537 -3.55279633902324 pleio
106 146.319976 -3.46686573720723 pleio
107 146.322338 -3.3851313049423 pleio
108 146.3247 -3.30794299820306 pleio
109 146.327062 -3.23561269375245 pleio
110 146.329424 -3.16840470149539 pleio
111 146.331786 -3.10653344828494 pleio
112 146.334148 -3.05015395559852 pleio
113 146.33651 -2.64295825678744 pleio
114 146.643419 -2.47522342296992 pleio
115 146.654632 -2.42794526708596 pleio
116 146.665844 -2.3845775001949 pleio
117 146.677056 -2.31439151284615 pleio
118 146.688269 -2.0050586477542 pleio
119 146.69133 -1.56061676569235 pleio
120 146.694026 -1.14605803675439 pleio
121 146.696722 -0.815300649803146 pleio
122 146.699418 -0.61760026666324 pleio
123 146.702114 -0.579956071826635 pleio
124 146.70481 -0.515406563299994 pleio
125 146.707507 -0.423887960368251 pleio
126 146.710838 -0.336109061886141 pleio
127 146.716274 -0.252697377655793 pleio
128 146.72171 -0.174219885387627 pleio
129 146.727146 -0.101170455071181 pleio
130 146.734615 -0.0312069349644537 pleio
131 146.80381 0 pleio
132 146.862885 -0.0231146668223325 pleio
133 146.863965 -0.173346870434225 pleio
134 146.865044 -0.484810229243519 pleio
135 146.87452 -0.935973996304187 pleio
136 146.889753 -1.33396557115672 pleio
137 146.904986 -1.3666859511311 pleio
138 147.064187 -1.39359118072897 pleio
139 147.069549 -1.61897792819047 pleio
140 147.074911 -1.81441101397333 pleio
141 147.080273 -1.88944153870747 pleio
142 147.089309 -2.00125670605142 pleio
143 147.114764 -2.13976005173639 pleio
144 147.137425 -2.17248038144285 pleio
145 147.157965 -2.1090799573998 pleio
146 147.178504 -1.97272377985792 pleio
147 147.221814 -2.36699081076051 pleio
148 147.253583 -2.84413627306167 pleio
149 147.272554 -2.6800733601652 pleio
150 147.275576 -2.49310092699572 pleio
151 147.278599 -2.36118006282425 pleio
152 147.281622 -2.42196116470258 pleio
153 147.284644 -2.51559705502668 pleio
154 147.286194 -2.64002944169678 pleio
155 147.286753 -2.79215205417293 pleio
156 147.287312 -2.96812090472563 pleio
157 147.287872 -3.16372135586232 pleio
158 147.290648 -3.33320121230447 pleio
159 147.299484 -3.47924743731061 pleio
160 147.327447 -4.89517419201657 pleio
161 147.35561 -4.91419234564593 pleio
162 147.383773 -5.01515722879417 pleio
163 147.397845 -4.97944014895852 pleio
164 147.402328 -4.94349839237035 pleio
165 147.406811 -4.90754599562189 pleio
166 147.411546 -4.87105171577141 pleio
167 147.442387 -4.83371426608063 pleio
168 147.535843 -4.8262973017861 pleio
169 147.551736 -4.84903669709081 pleio
170 147.555599 -4.90793421977513 pleio
171 147.559461 -5.00993076512365 pleio
172 147.563362 -5.1465527611043 pleio
173 147.583398 -5.52672349512609 pleio
174 147.602453 -5.78570620544038 pleio
175 147.621507 -5.99507750471455 pleio
176 147.682611 -6.0527195429015 pleio
177 147.68996 -6.07522187586806 pleio
178 147.695588 -6.09454960996985 pleio
179 147.701215 -6.1099333677066 pleio
180 147.706843 -6.06376400469157 pleio
181 147.719435 -6.03891249755579 pleio
182 147.737975 -6.03351341034478 pleio
183 147.751499 -6.03052832537142 pleio
184 147.760277 -6.01956047729266 pleio
185 147.769056 -6.00960181105485 pleio
186 147.777834 -5.99900968376183 pleio
187 147.786613 -6.08785706690903 pleio
188 147.795391 -6.03746927440436 pleio
189 147.816836 -6.1946921128949 pleio
190 147.850698 -6.25423961628175 pleio
191 147.88456 -6.32382305856435 pleio
192 147.914702 -6.4127025187536 pleio
193 147.91491 -6.43962256745946 pleio
194 147.915116 -6.46639968626713 pleio
195 147.915322 -6.49293593349556 pleio
196 147.915527 -6.51916348179174 pleio
197 147.915733 -6.54504562022828 pleio
198 147.916803 -6.57075719757451 pleio
199 147.923623 -6.5993163492947 pleio
200 147.930444 -6.63107414943989 pleio
201 147.937264 -6.66343466480533 pleio
202 147.944084 -6.74519814988436 pleio
203 147.949324 -6.8556338241599 pleio
204 147.953121 -7.0164954325887 pleio
205 147.956917 -7.22805721328228 pleio
206 147.960714 -7.4634617649639 pleio
207 147.964511 -7.71238973484644 pleio
208 147.968307 -7.85547260139978 pleio
209 147.973733 -7.93969366163395 pleio
210 147.982072 -7.97865298561366 pleio
211 147.982175 -8.00986767629418 pleio
212 147.982278 -8.04270978503598 pleio
213 147.986316 -8.05626165043503 pleio
214 147.986987 -8.01051366566808 pleio
215 147.987657 -7.98182428157254 pleio
216 147.988327 -7.97366428379896 pleio
217 147.988998 -7.98802398551654 pleio
218 147.989668 -8.00783850633123 pleio
219 148.006053 -7.97136198589857 pleio
220 148.013144 -7.8896082429194 pleio
221 148.020236 -7.81216486674507 pleio
222 148.027327 -7.74005819989298 pleio
223 148.033269 -7.67422830379925 pleio
224 148.037078 -7.61546875603091 pleio
225 148.040918 -7.48729471808899 pleio
226 148.046494 -7.77817538775603 pleio
227 148.05207 -8.05770686635272 pleio
228 148.180347 -8.23014187997767 pleio
229 148.183086 -8.22516248191596 pleio
230 148.185825 -8.22451941066751 pleio
231 148.188563 -8.22849127120371 pleio
232 148.191302 -8.24904137460604 pleio
233 148.194041 -8.27127960631906 pleio
234 148.19678 -8.29983285097298 pleio
235 148.200032 -8.3411079912787 pleio
236 148.204884 -8.38980816909731 pleio
237 148.213021 -8.44883420385603 pleio
238 148.213171 -8.54854019114631 pleio
239 148.213321 -8.64166341797537 pleio
240 148.326473 -8.70679625012835 pleio
241 148.333368 -8.6248151282112 pleio
242 148.340263 -8.6056980293568 pleio
243 148.347157 -8.57750947602075 pleio
244 148.354052 -8.54220729218675 pleio
245 148.362946 -8.50793319172923 pleio
246 148.380016 -8.46972675840177 pleio
247 148.403283 -8.4510751183331 pleio
248 148.42655 -8.45016087346953 pleio
249 148.430037 -8.43605050277749 pleio
250 148.4319 -8.42326069198505 pleio
251 148.433763 -8.41195638665518 pleio
252 148.435626 -8.39180757766997 pleio
253 148.437489 -8.3690588100159 pleio
254 148.439352 -8.40000577869599 pleio
255 148.441214 -8.44329138133629 pleio
256 148.443077 -8.49117488686715 pleio
257 148.44494 -8.54272664499793 pleio
258 148.446803 -8.59667296009677 pleio
259 148.453459 -8.63115244806108 pleio
260 148.477993 -8.64356267569668 pleio
261 148.493526 -8.6532714109908 pleio
262 148.493644 -8.6631879674574 pleio
263 148.493762 -8.67377550555876 pleio
264 148.502187 -8.73044411360461 pleio
265 148.624196 -8.6857532216349 pleio
266 148.648833 -8.00009391696469 pleio
267 148.673469 -7.44021171537321 pleio
268 148.812084 -7.27749820424647 pleio
269 148.815025 -7.268448765934 pleio
270 142.490795 -3.22568290511029 profile1
271 142.517426 -3.17202595150514 profile1
272 142.560149 -3.12480396120755 profile1
273 142.602873 -3.07823559094009 profile1
274 142.64402 -3.03240985400135 profile1
275 142.685103 -3.11331933006984 profile1
276 142.726186 -3.10380101549878 profile1
277 142.767269 -3.05904070195944 profile1
278 142.808353 -3.01360694375395 profile1
279 142.849436 -2.96666755920773 profile1
280 142.876943 -2.92293241455082 profile1
281 142.880371 -2.88163641542358 profile1
282 142.883799 -2.84287421467313 profile1
283 142.904956 -2.80578790875886 profile1
284 142.989329 -2.73193489209965 profile1
285 143.073701 -2.66838483287627 profile1
286 143.155273 -2.65542539124909 profile1
287 143.159416 -2.6539176761738 profile1
288 143.163559 -2.64109245782284 profile1
289 143.167702 -2.59934494830955 profile1
290 143.171846 -2.55341622471282 profile1
291 143.175989 -2.50591554744872 profile1
292 143.180132 -2.4586637833275 profile1
293 143.240265 -2.37037369655743 profile1
294 143.324863 -2.20879192142959 profile1
295 143.409462 -2.05012330983158 profile1
296 143.484637 -1.96420633856653 profile1
297 143.487347 -1.90417126047606 profile1
298 143.490056 -1.86222706877275 profile1
299 143.492766 -1.82241300481707 profile1
300 143.495555 -1.78473542671895 profile1
301 143.498344 -1.74919429543694 profile1
302 143.501132 -1.72871869735106 profile1
303 143.521072 -1.70548423731225 profile1
304 143.53778 -1.68287398259945 profile1
305 143.554489 -1.62818530728421 profile1
306 143.570345 -1.55352837424117 profile1
307 143.571477 -1.48113143850529 profile1
308 143.572611 -1.41767099462093 profile1
309 143.574439 -1.36886052060964 profile1
310 143.699438 -1.40050843227549 profile1
311 143.824436 -1.396905431633 profile1
312 143.915168 -1.48892960719146 profile1
313 143.920616 -1.47828046970152 profile1
314 143.926063 -1.47529137131009 profile1
315 143.93182 -1.51825599982184 profile1
316 143.935901 -1.53661654078102 profile1
317 143.939982 -1.57789287458754 profile1
318 143.944917 -1.64357091159214 profile1
319 143.975668 -1.73448124324541 profile1
320 144.013221 -1.79976339819576 profile1
321 144.051716 -1.85240408735636 profile1
322 144.090211 -1.85474744559675 profile1
323 144.128706 -1.85048907293894 profile1
324 144.167202 -1.84613619389877 profile1
325 144.176428 -1.84181821395969 profile1
326 144.180816 -1.8376162154067 profile1
327 144.185205 -1.83371856990564 profile1
328 144.348163 -1.7412237483807 profile1
329 144.361337 -1.75662891946736 profile1
330 144.363468 -1.41553011661331 profile1
331 144.365599 -1.02376230566324 profile1
332 144.367577 -0.820663071123291 profile1
333 144.375504 -0.728735984757539 profile1
334 144.385418 -0.65115311419359 profile1
335 144.395332 -0.590508401156181 profile1
336 144.407236 -0.57747067868506 profile1
337 144.411293 -0.586126458891747 profile1
338 144.415349 -0.595855584651907 profile1
339 144.419405 -0.606672011281261 profile1
340 144.423461 -0.618582770780709 profile1
341 144.427517 -0.629963518442737 profile1
342 144.431573 -0.649332383144648 profile1
343 144.437408 -0.675592546166451 profile1
344 144.440911 -0.681092559781982 profile1
345 144.442944 -0.687005079639657 profile1
346 144.444976 -0.675937593842604 profile1
347 144.447008 -0.653647746734454 profile1
348 144.44904 -0.635651364086588 profile1
349 144.454745 -0.613373896093563 profile1
350 144.498681 -0.59512317076718 profile1
351 144.558267 -0.584372505142106 profile1
352 144.587405 -0.574305735973458 profile1
353 144.587686 -0.562899703691717 profile1
354 144.587968 -0.551199302619596 profile1
355 144.617027 -0.539904448228182 profile1
356 144.705848 -0.591219916153335 profile1
357 144.716797 -0.700633041551047 profile1
358 144.727745 -0.569934764286458 profile1
359 144.897381 -0.542430329989193 profile1
360 144.903395 -0.541581479127503 profile1
361 144.909409 -0.545361160652062 profile1
362 144.916914 -0.553738719472226 profile1
363 144.947844 -0.561647648771487 profile1
364 144.978774 -0.57064704281382 profile1
365 145.106694 -0.755893465157486 profile1
366 145.224788 -0.691730715452867 profile1
367 145.342881 -0.729645501164477 profile1
368 145.729503 -0.451943779874875 profile1
369 145.916546 -0.470527645108617 profile1
370 146.10359 -0.409131283325892 profile1
371 146.240909 -0.383103453822809 profile1
372 146.283615 -0.260767822781448 profile1
373 146.304543 -0.227667604427704 profile1
374 146.314537 -0.195956629785687 profile1
375 146.319976 -0.165760630319809 profile1
376 146.322338 -0.137206681615964 profile1
377 146.3247 -0.110423623640529 profile1
378 146.327062 -0.0855374406288049 profile1
379 146.329424 -0.0626654351557143 profile1
380 146.331786 -0.0419173129315155 profile1
381 146.334148 -0.0233876295101468 profile1
382 146.33651 -0.00860360438558105 profile1
383 146.643419 -0.0145513263811822 profile1
384 146.654632 0.0147596195378054 profile1
385 146.665844 0.0409729597793819 profile1
386 146.677056 0.0932017519983996 profile1
387 146.688269 0.196004603592757 profile1
388 146.69133 0.274919911946153 profile1
389 146.694026 0.316113762297272 profile1
390 146.696722 0.304913673146617 profile1
391 146.699418 0.234152383988661 profile1
392 146.702114 0.107973337374929 profile1
393 146.70481 0.0785731651348992 profile1
394 146.707507 0.0794097344854025 profile1
395 146.710838 0.0765875229028544 profile1
396 146.716274 0.0701822910822249 profile1
397 146.72171 0.0603106849248714 profile1
398 146.727146 0.0471265271246339 profile1
399 146.734615 0.017711403119075 profile1
400 146.80381 0 profile1
401 146.862885 0.0205044832372656 profile1
402 146.863965 0.0198313997997201 profile1
403 146.865044 -0.0313192237606639 profile1
404 146.87452 -0.129120252610911 profile1
405 146.889753 -0.218397844644941 profile1
406 146.904986 -0.226454198303269 profile1
407 147.064187 -0.111038379750824 profile1
408 147.069549 -0.0276871439338628 profile1
409 147.074911 0.00236322254166849 profile1
410 147.080273 0.00371184482587852 profile1
411 147.089309 -0.0212717495208804 profile1
412 147.114764 -0.0714496011259395 profile1
413 147.137425 -0.0851817984369834 profile1
414 147.157965 -0.147030579044038 profile1
415 147.178504 -0.254720395521447 profile1
416 147.221814 -0.43540103361896 profile1
417 147.253583 -0.341762113986618 profile1
418 147.272554 -0.207821536024746 profile1
419 147.275576 -0.0630647442153223 profile1
420 147.278599 0.0472957269565819 profile1
421 147.281622 0.0030986635674401 profile1
422 147.284644 -0.061404036969074 profile1
423 147.286194 -0.144727444733467 profile1
424 147.286753 -0.244775125980258 profile1
425 147.287312 -0.359030321589214 profile1
426 147.287872 -0.484777108049835 profile1
427 147.290648 -0.594828409026409 profile1
428 147.299484 -0.692153128757285 profile1
429 147.327447 -2.04521003075897 profile1
430 147.35561 -2.05310256481023 profile1
431 147.383773 -2.17768759023857 profile1
432 147.397845 -2.14538618149685 profile1
433 147.402328 -2.11337399847945 profile1
434 147.406811 -2.08186435830855 profile1
435 147.411546 -2.05082658583971 profile1
436 147.442387 -2.02018916885897 profile1
437 147.535843 -2.01313051762699 profile1
438 147.551736 -2.04025435088983 profile1
439 147.555599 -2.08574992713232 profile1
440 147.559461 -2.14241571143425 profile1
441 147.563362 -2.21015970218593 profile1
442 147.583398 -2.49668967291668 profile1
443 147.602453 -2.60870476104401 profile1
444 147.621507 -2.66881850379091 profile1
445 147.682611 -2.68845384636193 profile1
446 147.68996 -2.6946919808403 profile1
447 147.695588 -2.69100052306198 profile1
448 147.701215 -2.68397519533819 profile1
449 147.706843 -2.55425624500712 profile1
450 147.719435 -2.40069628996334 profile1
451 147.737975 -2.37022606977207 profile1
452 147.751499 -2.3661817259175 profile1
453 147.760277 -2.35918440818061 profile1
454 147.769056 -2.35442110617983 profile1
455 147.777834 -2.34970251507885 profile1
456 147.786613 -2.21891278338978 profile1
457 147.795391 -2.10293987157105 profile1
458 147.816836 -2.2356023054251 profile1
459 147.850698 -2.37622049611844 profile1
460 147.88456 -2.53301439446495 profile1
461 147.914702 -2.55364292755105 profile1
462 147.91491 -2.57376024741524 profile1
463 147.915116 -2.595078415287 profile1
464 147.915322 -2.61761249395227 profile1
465 147.915527 -2.64135157772959 profile1
466 147.915733 -2.66625831090512 profile1
467 147.916803 -2.69174674993483 profile1
468 147.923623 -2.70967881586232 profile1
469 147.930444 -2.72880166686231 profile1
470 147.937264 -2.74818878036527 profile1
471 147.944084 -2.85228574640892 profile1
472 147.949324 -2.99158333930725 profile1
473 147.953121 -3.17297577974694 profile1
474 147.956917 -3.38373518944136 profile1
475 147.960714 -3.5952250953242 profile1
476 147.964511 -3.79883866816273 profile1
477 147.968307 -3.92999969218738 profile1
478 147.973733 -4.01193978424579 profile1
479 147.982072 -4.0450649764871 profile1
480 147.982175 -4.08088760938326 profile1
481 147.982278 -4.11695225369853 profile1
482 147.986316 -4.13900617465433 profile1
483 147.986987 -4.11739522137807 profile1
484 147.987657 -4.10153821537863 profile1
485 147.988327 -4.09279621343207 profile1
486 147.988998 -4.092129588553 profile1
487 147.989668 -4.09665892425532 profile1
488 148.006053 -4.09155660214592 profile1
489 148.013144 -4.07107092216691 profile1
490 148.020236 -4.05192565426021 profile1
491 148.027327 -4.03442458151821 profile1
492 148.033269 -4.01882223016174 profile1
493 148.037078 -4.00530609894873 profile1
494 148.040918 -4.02944059577753 profile1
495 148.046494 -4.16932143174162 profile1
496 148.05207 -4.31571543813468 profile1
497 148.180347 -4.42286813770302 profile1
498 148.183086 -4.43544557897677 profile1
499 148.185825 -4.44920682266631 profile1
500 148.188563 -4.46391161704385 profile1
501 148.191302 -4.47198512782598 profile1
502 148.194041 -4.48025098457686 profile1
503 148.19678 -4.50346171071797 profile1
504 148.200032 -4.55414897449011 profile1
505 148.204884 -4.60925496881917 profile1
506 148.213021 -4.67596549875553 profile1
507 148.213171 -4.81276667094729 profile1
508 148.213321 -4.9397527282452 profile1
509 148.326473 -5.02853555152859 profile1
510 148.333368 -4.93732707975024 profile1
511 148.340263 -4.89459984601626 profile1
512 148.347157 -4.84061734954409 profile1
513 148.354052 -4.77955229065705 profile1
514 148.362946 -4.71647583868264 profile1
515 148.380016 -4.65521204432096 profile1
516 148.403283 -4.62989135567976 profile1
517 148.42655 -4.6234086705518 profile1
518 148.430037 -4.6077762228561 profile1
519 148.4319 -4.59250005139986 profile1
520 148.433763 -4.57771692076217 profile1
521 148.435626 -4.50853525193532 profile1
522 148.437489 -4.48089367126463 profile1
523 148.439352 -4.45055746515634 profile1
524 148.441214 -4.40109624148201 profile1
525 148.443077 -4.34970873660164 profile1
526 148.44494 -4.29705376453206 profile1
527 148.446803 -4.24389262745887 profile1
528 148.453459 -4.21013386583616 profile1
529 148.477993 -4.20321158827838 profile1
530 148.493526 -4.20043284343522 profile1
531 148.493644 -4.19741147647506 profile1
532 148.493762 -4.19411765516804 profile1
533 148.502187 -4.22923832688481 profile1
534 148.624196 -4.2225866757748 profile1
535 148.648833 -3.97969575908196 profile1
536 148.673469 -3.65177311934012 profile1
537 148.812084 -3.48984733326574 profile1
538 148.815025 -3.4956275198331 profile1
539 142.490795 -4.88071372407644 profile2
540 142.517426 -4.87899865745567 profile2
541 142.560149 -4.87774493148684 profile2
542 142.602873 -4.87781528010575 profile2
543 142.64402 -4.87909090351478 profile2
544 142.685103 -4.7114983382777 profile2
545 142.726186 -4.65066463878334 profile2
546 142.767269 -4.65578386335776 profile2
547 142.808353 -4.65011478876983 profile2
548 142.849436 -4.61079131615073 profile2
549 142.876943 -4.57549519611513 profile2
550 142.880371 -4.54428339973499 profile2
551 142.883799 -4.5173125957075 profile2
552 142.904956 -4.49709587961635 profile2
553 142.989329 -4.42294263537758 profile2
554 143.073701 -4.42324712445265 profile2
555 143.155273 -4.4411343505511 profile2
556 143.159416 -4.46171972471277 profile2
557 143.163559 -4.5041111925803 profile2
558 143.167702 -4.56892401107621 profile2
559 143.171846 -4.64141851478259 profile2
560 143.175989 -4.72005497625214 profile2
561 143.180132 -4.8027515683241 profile2
562 143.240265 -4.86904250926791 profile2
563 143.324863 -4.66607017924269 profile2
564 143.409462 -4.60659701288219 profile2
565 143.484637 -4.6259535417021 profile2
566 143.487347 -4.63948867594123 profile2
567 143.490056 -4.62553482611194 profile2
568 143.492766 -4.61293924437089 profile2
569 143.495555 -4.60183471503962 profile2
570 143.498344 -4.59235136733019 profile2
571 143.501132 -4.58207671186478 profile2
572 143.521072 -4.56233681547074 profile2
573 143.53778 -4.52902049354476 profile2
574 143.554489 -4.50505216452614 profile2
575 143.570345 -4.48746198756861 profile2
576 143.571477 -4.47088158372644 profile2
577 143.572611 -4.4535286940904 profile2
578 143.574439 -4.43400427668127 profile2
579 143.699438 -4.41292819499004 profile2
580 143.824436 -4.26707913549615 profile2
581 143.915168 -3.92011914068701 profile2
582 143.920616 -3.9041530344101 profile2
583 143.926063 -3.88239796949173 profile2
584 143.93182 -3.85045241687681 profile2
585 143.935901 -3.85089910145253 profile2
586 143.939982 -3.85379835694074 profile2
587 143.944917 -3.85925265404472 profile2
588 143.975668 -3.86744251003805 profile2
589 144.013221 -3.87970189753924 profile2
590 144.051716 -3.8892938053462 profile2
591 144.090211 -3.89717231932352 profile2
592 144.128706 -3.90536074948202 profile2
593 144.167202 -3.91366198240559 profile2
594 144.176428 -3.92199203583904 profile2
595 144.180816 -3.93026131259218 profile2
596 144.185205 -3.93857322141243 profile2
597 144.348163 -3.623760288686 profile2
598 144.361337 -3.14737956759698 profile2
599 144.363468 -3.08284631339043 profile2
600 144.365599 -3.12311069655855 profile2
601 144.367577 -3.1660347494772 profile2
602 144.375504 -3.16956485152948 profile2
603 144.385418 -3.18590875080529 profile2
604 144.395332 -3.21448205724745 profile2
605 144.407236 -3.22179927517986 profile2
606 144.411293 -3.2140006779135 profile2
607 144.415349 -3.20886498150364 profile2
608 144.419405 -3.20631124260118 profile2
609 144.423461 -3.20623562675226 profile2
610 144.427517 -3.19184257049876 profile2
611 144.431573 -3.17544087184304 profile2
612 144.437408 -3.1631046179421 profile2
613 144.440911 -3.1651597349387 profile2
614 144.442944 -3.16833679210247 profile2
615 144.444976 -3.155934596305 profile2
616 144.447008 -3.13130958764952 profile2
617 144.44904 -3.10873214900113 profile2
618 144.454745 -3.08145908732248 profile2
619 144.498681 -3.05548081329666 profile2
620 144.558267 -3.03455271988829 profile2
621 144.587405 -3.01319851073164 profile2
622 144.587686 -2.97082472257976 profile2
623 144.587968 -2.92499385256071 profile2
624 144.617027 -2.89842985100018 profile2
625 144.705848 -2.88305685640513 profile2
626 144.716797 -3.06218739056955 profile2
627 144.727745 -3.2125840793779 profile2
628 144.897381 -3.27331421799117 profile2
629 144.903395 -3.31875272916331 profile2
630 144.909409 -3.3670021107842 profile2
631 144.916914 -3.4178543727251 profile2
632 144.947844 -3.45296212461608 profile2
633 144.978774 -3.48771342779735 profile2
634 145.106694 -3.5039683449407 profile2
635 145.224788 -3.5974212552347 profile2
636 145.342881 -3.54258087036704 profile2
637 145.729503 -3.2642142867869 profile2
638 145.916546 -3.18453989027587 profile2
639 146.10359 -3.10427323447874 profile2
640 146.240909 -3.02303872370412 profile2
641 146.283615 -3.2658541399743 profile2
642 146.304543 -3.20244804083696 profile2
643 146.314537 -3.14121949842882 profile2
644 146.319976 -3.08246058394421 profile2
645 146.322338 -3.02644210533797 profile2
646 146.3247 -2.97340685676469 profile2
647 146.327062 -2.92356164520619 profile2
648 146.329424 -2.87707288045013 profile2
649 146.331786 -2.83406268043921 profile2
650 146.334148 -2.79460624871288 profile2
651 146.33651 -2.40003988802712 profile2
652 146.643419 -2.22607466275864 profile2
653 146.654632 -2.20720899352402 profile2
654 146.665844 -2.18911083136534 profile2
655 146.677056 -2.16937968427854 profile2
656 146.688269 -1.9430218901927 profile2
657 146.69133 -1.54599907928125 profile2
658 146.694026 -1.14605803675439 profile2
659 146.696722 -0.786819991228306 profile2
660 146.699418 -0.51384912041093 profile2
661 146.702114 -0.359353463593108 profile2
662 146.70481 -0.268580828193334 profile2
663 146.707507 -0.17789036952669 profile2
664 146.710838 -0.0878469330976441 profile2
665 146.716274 0.000851382383569135 profile2
666 146.72171 0.0875333700163907 profile2
667 146.727146 0.171570592747615 profile2
668 146.734615 0.268487154906168 profile2
669 146.80381 0.316113762297272 profile2
670 146.862885 0.269503908355863 profile2
671 146.863965 0.107171050881846 profile2
672 146.865044 -0.175035883912624 profile2
673 146.87452 -0.557534577197085 profile2
674 146.889753 -0.891534525263332 profile2
675 146.904986 -0.921306690320986 profile2
676 147.064187 -1.06911264130736 profile2
677 147.069549 -1.39098747428536 profile2
678 147.074911 -1.62493195534444 profile2
679 147.080273 -1.70199052406836 profile2
680 147.089309 -1.7916043400009 profile2
681 147.114764 -1.88445429076344 profile2
682 147.137425 -1.90465192990251 profile2
683 147.157965 -1.7776193978187 profile2
684 147.178504 -1.53083707179352 profile2
685 147.221814 -1.75497380476417 profile2
686 147.253583 -2.35821100211786 profile2
687 147.272554 -2.32449858662483 profile2
688 147.275576 -2.27596283480136 profile2
689 147.278599 -2.24968380884852 profile2
690 147.281622 -2.26046024858442 profile2
691 147.284644 -2.28599724543188 profile2
692 147.286194 -2.32582112968903 profile2
693 147.286753 -2.37891037081193 profile2
694 147.287312 -2.4438219268494 profile2
695 147.287872 -2.5188565669488 profile2
696 147.290648 -2.58445864056241 profile2
697 147.299484 -2.63990834291933 profile2
698 147.327447 -2.73845728339076 profile2
699 147.35561 -2.750406698508 profile2
700 147.383773 -2.73370438790829 profile2
701 147.397845 -2.7296470927904 profile2
702 147.402328 -2.72524250840915 profile2
703 147.406811 -2.72050276507549 profile2
704 147.411546 -2.71495414217396 profile2
705 147.442387 -2.70836643030974 profile2
706 147.535843 -2.70820913908786 profile2
707 147.551736 -2.70778929144502 profile2
708 147.555599 -2.72808532027624 profile2
709 147.559461 -2.78002505598521 profile2
710 147.563362 -2.85564498641289 profile2
711 147.583398 -2.95565393348924 profile2
712 147.602453 -3.10861835608632 profile2
713 147.621507 -3.26277526863107 profile2
714 147.682611 -3.30183064236284 profile2
715 147.68996 -3.31828430969173 profile2
716 147.695588 -3.34121026606003 profile2
717 147.701215 -3.36335975950235 profile2
718 147.706843 -3.44890348055682 profile2
719 147.719435 -3.58385780031686 profile2
720 147.737975 -3.60813591274952 profile2
721 147.751499 -3.60967727664496 profile2
722 147.760277 -3.6065137016872 profile2
723 147.769056 -3.60234325516175 profile2
724 147.777834 -3.59744878211014 profile2
725 147.786613 -3.81639411395036 profile2
726 147.795391 -3.89363904767892 profile2
727 147.816836 -3.93151379565677 profile2
728 147.850698 -3.86445803002345 profile2
729 147.88456 -3.79253762105584 profile2
730 147.914702 -3.85737876868178 profile2
731 147.91491 -3.86602554593262 profile2
732 147.915116 -3.87346936978072 profile2
733 147.915322 -3.87958362917782 profile2
734 147.915527 -3.88429559873601 profile2
735 147.915733 -3.88758863332028 profile2
736 147.916803 -3.89013567454161 profile2
737 147.923623 -3.90203190936685 profile2
738 147.930444 -3.91577252806636 profile2
739 147.937264 -3.92987267589184 profile2
740 147.944084 -3.91266088670916 profile2
741 147.949324 -3.89135168753762 profile2
742 147.953121 -3.8783995820927 profile2
743 147.956917 -3.88744327299155 profile2
744 147.960714 -3.921123997561 profile2
745 147.964511 -3.97757357860043 profile2
746 147.968307 -3.99643391807139 profile2
747 147.973733 -4.00378783556116 profile2
748 147.982072 -4.0136902672913 profile2
749 147.982175 -4.01208894166611 profile2
750 147.982278 -4.01196934105256 profile2
751 147.986316 -4.00825871855715 profile2
752 147.986987 -3.99574661196382 profile2
753 147.987657 -3.99695335996375 profile2
754 147.988327 -4.01371416463575 profile2
755 147.988998 -4.04652557344642 profile2
756 147.989668 -4.07762716520654 profile2
757 148.006053 -4.05106028120373 profile2
758 148.013144 -3.99186107913624 profile2
759 148.020236 -3.93604201269553 profile2
760 148.027327 -3.88432556375572 profile2
761 148.033269 -3.83738455008172 profile2
762 148.037078 -3.79579944640574 profile2
763 148.040918 -3.64627208183058 profile2
764 148.046494 -3.80041919964681 profile2
765 148.05207 -3.94407393187245 profile2
766 148.180347 -4.02299349753354 profile2
767 148.183086 -4.00861315687409 profile2
768 148.185825 -3.99752865479247 profile2
769 148.188563 -3.99022640321059 profile2
770 148.191302 -4.00541656687063 profile2
771 148.194041 -4.02185365658028 profile2
772 148.19678 -4.02909940326774 profile2
773 148.200032 -4.02105212122029 profile2
774 148.204884 -4.01636858200542 profile2
775 148.213021 -4.01089012789593 profile2
776 148.213171 -3.97812778384295 profile2
777 148.213321 -3.94878135684133 profile2
778 148.326473 -3.92922295165763 profile2
779 148.333368 -3.94002210335835 profile2
780 148.340263 -3.96229550496238 profile2
781 148.347157 -3.98646828136285 profile2
782 148.354052 -4.00965377072541 profile2
783 148.362946 -4.03590300683047 profile2
784 148.380016 -4.05706149816827 profile2
785 148.403283 -4.06377254918488 profile2
786 148.42655 -4.07003720036594 profile2
787 148.430037 -4.07193948117694 profile2
788 148.4319 -4.07481003807939 profile2
789 148.433763 -4.07868043262577 profile2
790 148.435626 -4.13012500304831 profile2
791 148.437489 -4.14688536320284 profile2
792 148.439352 -4.21387883023868 profile2
793 148.441214 -4.3090115179851 profile2
794 148.443077 -4.41083158860243 profile2
795 148.44494 -4.51757837751375 profile2
796 148.446803 -4.62701753596794 profile2
797 148.453459 -4.69674570382628 profile2
798 148.477993 -4.71664052497008 profile2
799 148.493526 -4.72934461182684 profile2
800 148.493644 -4.7424228701955 profile2
801 148.493762 -4.75638119095363 profile2
802 148.502187 -4.76827540474185 profile2
803 148.624196 -4.72800923098941 profile2
804 148.648833 -4.29219998653506 profile2
805 148.673469 -4.06819149703086 profile2
806 148.812084 -4.08659468995445 profile2
807 148.815025 -4.06998180492153 profile2
