marker_position lod trace
1 162.797792 -25.9197999865582 pleio
2 162.802465 -25.7996293629158 pleio
3 162.807137 -25.6733989549821 pleio
4 162.891193 -25.9637634495645 pleio
5 162.899169 -25.9347334869671 pleio
6 162.907146 -25.8771910797992 pleio
7 162.915122 -25.8789660971928 pleio
8 162.923098 -25.8536665996869 pleio
9 162.931074 -25.8331133448059 pleio
10 162.93905 -25.8173343813635 pleio
11 162.97044 -25.319217613349 pleio
12 162.976744 -25.2896591245634 pleio
13 162.983048 -25.2622879168903 pleio
14 162.989352 -25.1059661069914 pleio
15 162.995537 -25.0182347114603 pleio
16 162.997832 -24.9610986996637 pleio
17 163.00011 -24.9243285277585 pleio
18 163.002388 -24.8813299215809 pleio
19 163.004665 -24.8396502432249 pleio
20 163.006943 -24.7993356210289 pleio
21 163.009221 -24.7604325102346 pleio
22 163.011499 -24.7229831737326 pleio
23 163.013777 -24.6870326228204 pleio
24 163.016054 -24.6512739077202 pleio
25 163.018332 -24.6153412435026 pleio
26 163.02061 -24.5810848487401 pleio
27 163.022888 -24.548545068526 pleio
28 163.025166 -24.5178482577095 pleio
29 163.029526 -24.4889636600138 pleio
30 163.045161 -24.4594380106392 pleio
31 163.061794 -24.4248662285164 pleio
32 163.078427 -24.1142636115706 pleio
33 163.09506 -23.75965448567 pleio
34 163.111693 -23.6040645391361 pleio
35 163.125708 -23.6891366608851 pleio
36 163.137394 -23.5845751969519 pleio
37 163.14908 -23.0114943242468 pleio
38 163.154021 -22.543988613013 pleio
39 163.156127 -22.0819890742336 pleio
40 163.157556 -21.6359348774267 pleio
41 163.158891 -21.2167970481331 pleio
42 163.160225 -20.8351027414504 pleio
43 163.161559 -20.4998746013956 pleio
44 163.162894 -20.2176996897963 pleio
45 163.164228 -19.992136211684 pleio
46 163.165562 -19.8235684388053 pleio
47 163.166897 -19.7096103344918 pleio
48 163.26265 -19.2822931132456 pleio
49 163.413317 -18.4698722742761 pleio
50 163.495816 -17.0921236163284 pleio
51 163.507977 -16.7030902015156 pleio
52 163.520139 -16.4514050817312 pleio
53 163.582672 -16.4165491928534 pleio
54 164.022416 -13.4355275962014 pleio
55 164.027702 -12.5259233101655 pleio
56 164.032987 -12.2211666855441 pleio
57 164.064248 -12.0910609013924 pleio
58 164.070405 -12.0746818959628 pleio
59 164.076561 -12.0583748081203 pleio
60 164.255184 -11.8500228943623 pleio
61 164.291807 -2.18899327213304 pleio
62 164.314068 -2.003644064173 pleio
63 164.325529 -1.98665418661324 pleio
64 164.336991 -1.70969789360492 pleio
65 164.348452 -0.53599970008336 pleio
66 164.60536 0 pleio
67 164.617986 -0.0164563650318741 pleio
68 164.628884 -0.0495603750238517 pleio
69 164.636687 -0.0786466732324006 pleio
70 164.648869 -0.0688472083493995 pleio
71 164.66892 -0.0555245992964112 pleio
72 164.758936 -0.00249108000187617 pleio
73 165.053217 -0.865972065036492 pleio
74 165.121823 -1.08854676486478 pleio
75 165.132678 -1.07667463403568 pleio
76 165.143532 -2.23600973330519 pleio
77 165.154046 -3.40768169056201 pleio
78 165.15722 -3.5176053551889 pleio
79 165.160395 -3.60115764147471 pleio
80 165.163569 -3.8314789212485 pleio
81 165.195982 -3.94909313203939 pleio
82 165.223558 -3.96052916464112 pleio
83 165.251135 -3.96609732404714 pleio
84 165.276843 -3.58943164147949 pleio
85 165.283031 -3.20425445737517 pleio
86 165.290201 -3.21286913722329 pleio
87 165.297626 -5.85835535348049 pleio
88 165.445995 -8.62937621818802 pleio
89 165.451594 -8.7369482311072 pleio
90 165.457194 -8.86756160152495 pleio
91 165.462793 -8.96504363658804 pleio
92 165.468393 -9.0655490151702 pleio
93 165.473992 -9.18272526951826 pleio
94 165.479592 -9.31613849906598 pleio
95 165.485905 -10.4111227646455 pleio
96 165.495439 -10.4820037972818 pleio
97 165.565236 -10.5189876244082 pleio
98 165.56991 -10.5449982925956 pleio
99 165.574583 -10.5852170862591 pleio
100 165.581587 -10.7507928627262 pleio
101 165.605467 -10.7692701083895 pleio
102 165.629348 -10.757667385481 pleio
103 165.653228 -10.7448499434848 pleio
104 165.677109 -10.7335472343012 pleio
105 165.700989 -10.7033300353695 pleio
106 165.704891 -10.6464950033062 pleio
107 165.706625 -10.5949666846162 pleio
108 165.708359 -10.5493611246059 pleio
109 165.710093 -10.5102373213147 pleio
110 165.711827 -10.4780814189726 pleio
111 165.713561 -10.4313763223812 pleio
112 165.715295 -10.3799216203677 pleio
113 165.717029 -10.332062607629 pleio
114 165.718763 -10.2932580439965 pleio
115 165.720497 -10.2700013753492 pleio
116 165.722231 -10.2682813446065 pleio
117 165.723965 -10.2923435608505 pleio
118 165.725699 -10.3453750144853 pleio
119 165.802549 -10.3398030824568 pleio
120 165.85132 -10.3298396523596 pleio
121 165.858793 -10.3404283423719 pleio
122 165.864624 -10.4159951241777 pleio
123 165.868565 -10.5594727037512 pleio
124 165.872506 -10.772126794474 pleio
125 165.876447 -11.0534841817558 pleio
126 165.880388 -11.4012442132166 pleio
127 165.884329 -11.7967880090014 pleio
128 165.88827 -12.2512487304985 pleio
129 165.892211 -12.5514023054616 pleio
130 165.896152 -12.5444241191494 pleio
131 165.900093 -12.5391362408834 pleio
132 165.912941 -12.5379608074381 pleio
133 165.925276 -12.5416954976913 pleio
134 165.925359 -12.5485719164738 pleio
135 165.925441 -12.5565789521443 pleio
136 165.930685 -12.5652101182377 pleio
137 166.172164 -12.4418305921027 pleio
138 166.181382 -12.1932955051645 pleio
139 166.1906 -12.03656261975 pleio
140 166.324274 -11.8120892399795 pleio
141 166.325217 -11.5084491592008 pleio
142 166.32602 -11.2177331292575 pleio
143 166.326823 -10.9869821650181 pleio
144 166.327627 -10.920504453881 pleio
145 166.32843 -10.9409850050624 pleio
146 166.377584 -10.9153358828452 pleio
147 166.382507 -10.7266035025854 pleio
148 166.38743 -10.5814183605597 pleio
149 166.394815 -10.481623305577 pleio
150 166.403288 -10.7764328192424 pleio
151 166.407404 -11.1719265234904 pleio
152 166.411519 -11.1223978171747 pleio
153 166.415634 -11.0797900037656 pleio
154 166.419069 -11.0449813382339 pleio
155 166.422503 -11.0188506422577 pleio
156 166.425938 -11.0022179510595 pleio
157 166.429372 -10.9957726571015 pleio
158 166.432807 -11.0000073275003 pleio
159 166.439999 -11.015234351419 pleio
160 166.448156 -11.0419971676239 pleio
161 166.475596 -11.0455020042234 pleio
162 166.491355 -11.0523921781188 pleio
163 166.507114 -11.2312442968711 pleio
164 166.522873 -11.5869938894209 pleio
165 166.537635 -11.6868378054473 pleio
166 166.55226 -11.6939367554967 pleio
167 166.566886 -11.4410238085102 pleio
168 166.581511 -11.4421207492202 pleio
169 166.592132 -11.3657690425903 pleio
170 166.599166 -11.2836613820617 pleio
171 166.606199 -11.2211190931043 pleio
172 166.613233 -11.2185403338885 pleio
173 166.62365 -11.7171379151606 pleio
174 166.754477 -12.3279965047163 pleio
175 166.783106 -12.3592582510238 pleio
176 166.802407 -12.3932067052743 pleio
177 166.805057 -12.4552862593048 pleio
178 166.807706 -12.5514598850232 pleio
179 166.811338 -12.6560670858242 pleio
180 166.839967 -12.7267677203453 pleio
181 166.951357 -12.6246317517196 pleio
182 166.992184 -12.6230667103604 pleio
183 167.033011 -12.4170790716931 pleio
184 167.073838 -11.9473064741189 pleio
185 167.142758 -12.4462963605966 pleio
186 167.274124 -12.9825484717205 pleio
187 167.282638 -13.0043325802786 pleio
188 167.286179 -13.0911192166412 pleio
189 167.289719 -13.2454515830933 pleio
190 167.29326 -13.3817656264548 pleio
191 167.306473 -13.5409666836931 pleio
192 167.322761 -13.6276133627576 pleio
193 167.349466 -13.6443920968459 pleio
194 167.360748 -13.6182813174637 pleio
195 167.37203 -13.5943798629623 pleio
196 167.396998 -13.5695602894417 pleio
197 167.523201 -12.6347047291164 pleio
198 167.545144 -12.5685644841332 pleio
199 167.556235 -12.6363512741524 pleio
200 167.567326 -12.7803917282506 pleio
201 167.647654 -12.7579567738518 pleio
202 167.755373 -12.7782989538424 pleio
203 167.788738 -12.8123036889752 pleio
204 167.822104 -12.8465363477164 pleio
205 167.836721 -12.8585970608625 pleio
206 167.845502 -12.8662017346237 pleio
207 167.854284 -12.876688716748 pleio
208 167.858563 -12.8901412631844 pleio
209 167.860327 -12.904169510441 pleio
210 167.862092 -12.9126670019818 pleio
211 167.863857 -12.9382487065844 pleio
212 167.865622 -12.9862942030955 pleio
213 167.86764 -13.0248299196616 pleio
214 167.871511 -13.0646437656325 pleio
215 167.876871 -13.1086977212434 pleio
216 167.882232 -13.1569178157372 pleio
217 167.887593 -13.2092114607863 pleio
218 167.913375 -13.2481344662709 pleio
219 167.920966 -13.2584814862907 pleio
220 167.928557 -13.2651868611134 pleio
221 168.002821 -13.2731625237886 pleio
222 168.013929 -13.2850335432791 pleio
223 168.020304 -13.298016850924 pleio
224 168.023961 -13.3039114391609 pleio
225 168.02735 -13.3077959840306 pleio
226 168.030739 -13.2937496548084 pleio
227 168.034128 -13.332787034007 pleio
228 168.037518 -13.3507211451863 pleio
229 168.042103 -13.3675870203613 pleio
230 168.057523 -13.3896510625722 pleio
231 168.241031 -13.3412690809432 pleio
232 168.273712 -13.428453724366 pleio
233 168.276509 -13.5224963664734 pleio
234 168.279306 -13.6208833219242 pleio
235 168.282103 -13.723509907721 pleio
236 168.2849 -13.8302607966806 pleio
237 168.287697 -13.9410096926117 pleio
238 168.291368 -13.9972526339513 pleio
239 168.295216 -14.0510222141682 pleio
240 168.301388 -14.1285355666455 pleio
241 168.308464 -14.4505415792439 pleio
242 168.31554 -14.8319596283323 pleio
243 168.322616 -15.2068720206014 pleio
244 168.369835 -15.3438859440635 pleio
245 168.372164 -15.3534544571977 pleio
246 168.374493 -15.3632309087298 pleio
247 168.376821 -15.3792030322408 pleio
248 162.797792 -2.08402828976556 profile1
249 162.802465 -2.07499953844358 profile1
250 162.807137 -2.06884373580506 profile1
251 162.891193 -2.33918674441377 profile1
252 162.899169 -2.3106467794971 profile1
253 162.907146 -2.29969628676369 profile1
254 162.915122 -2.27475230649764 profile1
255 162.923098 -2.24521167786346 profile1
256 162.931074 -2.2196562520905 profile1
257 162.93905 -2.1973055205191 profile1
258 162.97044 -2.2291631974736 profile1
259 162.976744 -2.22148522334804 profile1
260 162.983048 -2.19940805123886 profile1
261 162.989352 -2.08093812212022 profile1
262 162.995537 -1.96591742944137 profile1
263 162.997832 -1.91690803045845 profile1
264 163.00011 -1.89264770391268 profile1
265 163.002388 -1.86044608623433 profile1
266 163.004665 -1.82807774180893 profile1
267 163.006943 -1.79557407345079 profile1
268 163.009221 -1.7629693943015 profile1
269 163.011499 -1.73029847198276 profile1
270 163.013777 -1.69759986748491 profile1
271 163.016054 -1.66419537968182 profile1
272 163.018332 -1.62987889030764 profile1
273 163.02061 -1.59564676739305 profile1
274 163.022888 -1.56154825207933 profile1
275 163.025166 -1.52767764309534 profile1
276 163.029526 -1.49407296040939 profile1
277 163.045161 -1.45971791286593 profile1
278 163.061794 -1.42561143536464 profile1
279 163.078427 -1.26875612013912 profile1
280 163.09506 -1.06594640388517 profile1
281 163.111693 -0.92356687135948 profile1
282 163.125708 -0.861694590308791 profile1
283 163.137394 -0.609926893517243 profile1
284 163.14908 -0.477920522099867 profile1
285 163.154021 -0.406341258297096 profile1
286 163.156127 -0.34441644616926 profile1
287 163.157556 -0.292933617486261 profile1
288 163.158891 -0.252163454394931 profile1
289 163.160225 -0.221786859882659 profile1
290 163.161559 -0.200889997187736 profile1
291 163.162894 -0.188047547140276 profile1
292 163.164228 -0.181483825445578 profile1
293 163.165562 -0.179273269137889 profile1
294 163.166897 -0.179660020958887 profile1
295 163.26265 0.221260198173195 profile1
296 163.413317 1.07040434392272 profile1
297 163.495816 1.01989950176233 profile1
298 163.507977 1.10710538593329 profile1
299 163.520139 1.17644299942474 profile1
300 163.582672 1.20123577011694 profile1
301 164.022416 0.791919238292204 profile1
302 164.027702 0.956174073474657 profile1
303 164.032987 0.989118088682266 profile1
304 164.064248 1.00194928672148 profile1
305 164.070405 1.00555696633515 profile1
306 164.076561 1.0090419710112 profile1
307 164.255184 0.0741705973424047 profile1
308 164.291807 -0.303715068338999 profile1
309 164.314068 -0.181846233008649 profile1
310 164.325529 -0.190415679562134 profile1
311 164.336991 -0.178941917685962 profile1
312 164.348452 -0.0429722998246926 profile1
313 164.60536 0.00502855761417709 profile1
314 164.617986 -0.0164563650318741 profile1
315 164.628884 -0.0461494837708965 profile1
316 164.636687 -0.0613637597264657 profile1
317 164.648869 -0.0325420542053284 profile1
318 164.66892 -0.018992846876609 profile1
319 164.758936 0.0359606357513142 profile1
320 165.053217 -0.0863803715295899 profile1
321 165.121823 -0.0682624241169041 profile1
322 165.132678 -0.0818082745022901 profile1
323 165.143532 -0.175748010299341 profile1
324 165.154046 -0.164745899788073 profile1
325 165.15722 -0.229290007424925 profile1
326 165.160395 -0.221386196120718 profile1
327 165.163569 -0.321383747329755 profile1
328 165.195982 -0.419287800101201 profile1
329 165.223558 -0.432549721018017 profile1
330 165.251135 -0.436954186655599 profile1
331 165.276843 -0.046839928822447 profile1
332 165.283031 0.388596122667402 profile1
333 165.290201 0.490118609568306 profile1
334 165.297626 0.506673330250785 profile1
335 165.445995 0.477352974919324 profile1
336 165.451594 0.411158694272792 profile1
337 165.457194 0.336614482724986 profile1
338 165.462793 0.305712248702906 profile1
339 165.468393 0.285143183725439 profile1
340 165.473992 0.262235237638583 profile1
341 165.479592 0.237247176251742 profile1
342 165.485905 -0.870323062822971 profile1
343 165.495439 -0.885833793908114 profile1
344 165.565236 -0.899290519272253 profile1
345 165.56991 -0.901126410071984 profile1
346 165.574583 -0.902121555080066 profile1
347 165.581587 -0.890234507035322 profile1
348 165.605467 -0.893718867358443 profile1
349 165.629348 -0.879531674127859 profile1
350 165.653228 -0.863954304678803 profile1
351 165.677109 -0.851076378720793 profile1
352 165.700989 -0.823540215966462 profile1
353 165.704891 -0.770025385007711 profile1
354 165.706625 -0.718438191069517 profile1
355 165.708359 -0.669241860580883 profile1
356 165.710093 -0.622884681606059 profile1
357 165.711827 -0.579787656805397 profile1
358 165.713561 -0.640783111876981 profile1
359 165.715295 -0.742951827070516 profile1
360 165.717029 -0.858306129675653 profile1
361 165.718763 -0.980712354920978 profile1
362 165.720497 -1.10209489490954 profile1
363 165.722231 -1.21414049004784 profile1
364 165.723965 -1.31103209675151 profile1
365 165.725699 -1.40164203674922 profile1
366 165.802549 -1.44598513221154 profile1
367 165.85132 -1.45043952076694 profile1
368 165.858793 -1.45256768304586 profile1
369 165.864624 -1.46904234973052 profile1
370 165.868565 -1.48719001936495 profile1
371 165.872506 -1.5068187782761 profile1
372 165.876447 -1.52768281494185 profile1
373 165.880388 -1.54948948752843 profile1
374 165.884329 -1.58713871905851 profile1
375 165.88827 -1.62729673077028 profile1
376 165.892211 -1.66566101328051 profile1
377 165.896152 -1.69125371887052 profile1
378 165.900093 -1.71370090068557 profile1
379 165.912941 -1.72662483827458 profile1
380 165.925276 -1.73102136759025 profile1
381 165.925359 -1.73526422034105 profile1
382 165.925441 -1.73731012555769 profile1
383 165.930685 -1.72842504758645 profile1
384 166.172164 -1.77447910077959 profile1
385 166.181382 -1.9153806432128 profile1
386 166.1906 -2.10017553331994 profile1
387 166.324274 -2.27441100400927 profile1
388 166.325217 -2.09747675427109 profile1
389 166.32602 -1.88475787907131 profile1
390 166.326823 -1.66483389477001 profile1
391 166.327627 -1.58339818417956 profile1
392 166.32843 -1.59731008967962 profile1
393 166.377584 -1.59888768328232 profile1
394 166.382507 -1.55391723959607 profile1
395 166.38743 -1.50803501525064 profile1
396 166.394815 -1.46151982345562 profile1
397 166.403288 -1.40289774377072 profile1
398 166.407404 -1.35823988662058 profile1
399 166.411519 -1.3361222986243 profile1
400 166.415634 -1.31958081012434 profile1
401 166.419069 -1.30863195332342 profile1
402 166.422503 -1.3030298532225 profile1
403 166.425938 -1.30225212467401 profile1
404 166.429372 -1.30551489699286 profile1
405 166.432807 -1.31182052528777 profile1
406 166.439999 -1.32004217254673 profile1
407 166.448156 -1.3290829158612 profile1
408 166.475596 -1.35987762488811 profile1
409 166.491355 -1.44025710408194 profile1
410 166.507114 -1.4703827201479 profile1
411 166.522873 -1.49559532297322 profile1
412 166.537635 -1.4759311941269 profile1
413 166.55226 -1.46983991473952 profile1
414 166.566886 -1.3629562144915 profile1
415 166.581511 -1.33260153725077 profile1
416 166.592132 -1.32512988884886 profile1
417 166.599166 -1.34519685875896 profile1
418 166.606199 -1.37202691556199 profile1
419 166.613233 -1.35052057810645 profile1
420 166.62365 -1.37417535070619 profile1
421 166.754477 -1.39708703169463 profile1
422 166.783106 -1.43038338635579 profile1
423 166.802407 -1.46321050897354 profile1
424 166.805057 -1.50241733409582 profile1
425 166.807706 -1.55014193325909 profile1
426 166.811338 -1.6062282987952 profile1
427 166.839967 -1.63710373275124 profile1
428 166.951357 -1.63938687306373 profile1
429 166.992184 -1.63851491806852 profile1
430 167.033011 -1.5447496551013 profile1
431 167.073838 -1.59246954720665 profile1
432 167.142758 -1.72892081105462 profile1
433 167.274124 -1.82420697982871 profile1
434 167.282638 -1.86496890970644 profile1
435 167.286179 -1.90622447763095 profile1
436 167.289719 -1.9490274298736 profile1
437 167.29326 -1.9961444584211 profile1
438 167.306473 -2.03955566511885 profile1
439 167.322761 -2.09142410290464 profile1
440 167.349466 -2.11521040281522 profile1
441 167.360748 -2.11252479143408 profile1
442 167.37203 -2.10956509669311 profile1
443 167.396998 -2.10625042680855 profile1
444 167.523201 -2.03490931338634 profile1
445 167.545144 -2.01802375440963 profile1
446 167.556235 -2.02133636168353 profile1
447 167.567326 -2.05812967094376 profile1
448 167.647654 -2.10441317583994 profile1
449 167.755373 -2.10637834257578 profile1
450 167.788738 -2.11059124705335 profile1
451 167.822104 -2.11482611484884 profile1
452 167.836721 -2.12386313812247 profile1
453 167.845502 -2.13572288790245 profile1
454 167.854284 -2.14902980149182 profile1
455 167.858563 -2.1636925527819 profile1
456 167.860327 -2.17767733148319 profile1
457 167.862092 -2.18534004530203 profile1
458 167.863857 -2.18764385036815 profile1
459 167.865622 -2.18220670166801 profile1
460 167.86764 -2.16913731181557 profile1
461 167.871511 -2.15541329817857 profile1
462 167.876871 -2.14304959630248 profile1
463 167.882232 -2.13208853643173 profile1
464 167.887593 -2.12256828346142 profile1
465 167.913375 -2.11635556508961 profile1
466 167.920966 -2.10810412861451 profile1
467 167.928557 -2.09778500378638 profile1
468 168.002821 -2.08784963998958 profile1
469 168.013929 -2.07942945262635 profile1
470 168.020304 -2.07094095311402 profile1
471 168.023961 -2.04005083204508 profile1
472 168.02735 -1.99427574199933 profile1
473 168.030739 -1.95548316690833 profile1
474 168.034128 -2.0847972199156 profile1
475 168.037518 -2.07355617223367 profile1
476 168.042103 -2.06254993059889 profile1
477 168.057523 -2.05289261203677 profile1
478 168.241031 -2.04572079560837 profile1
479 168.273712 -2.08437157774169 profile1
480 168.276509 -2.12688491919943 profile1
481 168.279306 -2.16974694170211 profile1
482 168.282103 -2.21274093734427 profile1
483 168.2849 -2.25564315593932 profile1
484 168.287697 -2.2982274180976 profile1
485 168.291368 -2.25140317165571 profile1
486 168.295216 -2.18775806321323 profile1
487 168.301388 -2.14214077524278 profile1
488 168.308464 -2.36643359234286 profile1
489 168.31554 -2.64175786141061 profile1
490 168.322616 -2.90238799443636 profile1
491 168.369835 -2.97827975348804 profile1
492 168.372164 -2.96643782680717 profile1
493 168.374493 -2.95474551736714 profile1
494 168.376821 -2.94173003308276 profile1
495 162.797792 -22.6446523839763 profile2
496 162.802465 -22.532332077802 profile2
497 162.807137 -22.4112931289279 profile2
498 162.891193 -22.4320582976762 profile2
499 162.899169 -22.4357200938329 profile2
500 162.907146 -22.3928945106627 profile2
501 162.915122 -22.4212055488416 profile2
502 162.923098 -22.4251314741901 profile2
503 162.931074 -22.4298488081356 profile2
504 162.93905 -22.4361464141424 profile2
505 162.97044 -21.9050688135233 profile2
506 162.976744 -21.8827095250588 profile2
507 162.983048 -21.876957598259 profile2
508 162.989352 -21.8348089850451 profile2
509 162.995537 -21.8596482712329 profile2
510 162.997832 -21.8468036955405 profile2
511 163.00011 -21.8327503865287 profile2
512 163.002388 -21.8211739611548 profile2
513 163.004665 -21.8111088309312 profile2
514 163.006943 -21.802571077496 profile2
515 163.009221 -21.7955741876867 profile2
516 163.011499 -21.7901269338986 profile2
517 163.013777 -21.7862370590704 profile2
518 163.016054 -21.7832651817492 profile2
519 163.018332 -21.7810501955075 profile2
520 163.02061 -21.7804634141331 profile2
521 163.022888 -21.781497082235 profile2
522 163.025166 -21.7841875198061 profile2
523 163.029526 -21.7884664914176 profile2
524 163.045161 -21.7928863733849 profile2
525 163.061794 -21.7919058119424 profile2
526 163.078427 -21.6299295592221 profile2
527 163.09506 -21.4661645507664 profile2
528 163.111693 -21.4430594021616 profile2
529 163.125708 -21.5829029732442 profile2
530 163.137394 -21.7507379791157 profile2
531 163.14908 -21.3334176756411 profile2
532 163.154021 -20.9354772367432 profile2
533 163.156127 -20.5334672901943 profile2
534 163.157556 -20.1371346670479 profile2
535 163.158891 -19.7572759553415 profile2
536 163.160225 -19.4048247674219 profile2
537 163.161559 -19.0897857447262 profile2
538 163.162894 -18.8202118859875 profile2
539 163.164228 -18.6014456768414 profile2
540 163.165562 -18.4357737048456 profile2
541 163.166897 -18.3225167726198 profile2
542 163.26265 -18.2984735763583 profile2
543 163.413317 -18.3393431538688 profile2
544 163.495816 -16.9114212324142 profile2
545 163.507977 -16.6093767210659 profile2
546 163.520139 -16.4271025205861 profile2
547 163.582672 -16.4165491928534 profile2
548 164.022416 -13.0227875781066 profile2
549 164.027702 -12.2765284675606 profile2
550 164.032987 -12.0050948760036 profile2
551 164.064248 -11.8884311886891 profile2
552 164.070405 -11.8755162973536 profile2
553 164.076561 -11.8625549336297 profile2
554 164.255184 -10.7239360111898 profile2
555 164.291807 -0.689111438331752 profile2
556 164.314068 -0.626015993174133 profile2
557 164.325529 -0.600456351395011 profile2
558 164.336991 -0.333687538353181 profile2
559 164.348452 0.708623828236495 profile2
560 164.60536 1.19687442837009 profile2
561 164.617986 1.20123577011694 profile2
562 164.628884 1.19712390280949 profile2
563 164.636687 1.18264223292738 profile2
564 164.648869 1.16340389614689 profile2
565 164.66892 1.16311920836641 profile2
566 164.758936 1.16108306322294 profile2
567 165.053217 0.418524462722234 profile2
568 165.121823 0.177383337351687 profile2
569 165.132678 0.202650867238829 profile2
570 165.143532 -0.879560476624884 profile2
571 165.154046 -2.0747186192105 profile2
572 165.15722 -2.11961076117222 profile2
573 165.160395 -2.21052777214998 profile2
574 165.163569 -2.33962686793381 profile2
575 165.195982 -2.35870715897851 profile2
576 165.223558 -2.35681194049247 profile2
577 165.251135 -2.3579875050056 profile2
578 165.276843 -2.37095466765271 profile2
579 165.283031 -2.42153068724938 profile2
580 165.290201 -2.52896386445234 profile2
581 165.297626 -5.17089075236351 profile2
582 165.445995 -7.90442879879627 profile2
583 165.451594 -7.94550462961995 profile2
584 165.457194 -8.00146255731689 profile2
585 165.462793 -8.06845684251252 profile2
586 165.468393 -8.14905406266157 profile2
587 165.473992 -8.24413623332506 profile2
588 165.479592 -8.3535227130225 profile2
589 165.485905 -8.34865657954516 profile2
590 165.495439 -8.40467459126682 profile2
591 165.565236 -8.42882039777021 profile2
592 165.56991 -8.45327114408056 profile2
593 165.574583 -8.49258949555768 profile2
594 165.581587 -8.66911142745094 profile2
595 165.605467 -8.68464659304267 profile2
596 165.629348 -8.68730234126937 profile2
597 165.653228 -8.69012912007003 profile2
598 165.677109 -8.69174597635228 profile2
599 165.700989 -8.68911290952451 profile2
600 165.704891 -8.68598709095706 profile2
601 165.706625 -8.68632745683214 profile2
602 165.708359 -8.69028862025583 profile2
603 165.710093 -8.69798195269859 profile2
604 165.711827 -8.70947204916901 profile2
605 165.713561 -8.60293631108806 profile2
606 165.715295 -8.45074281289381 profile2
607 165.717029 -8.28905526395137 profile2
608 165.718763 -8.12941662751828 profile2
609 165.720497 -7.98634010096045 profile2
610 165.722231 -7.87407103268584 profile2
611 165.723965 -7.80259375973043 profile2
612 165.725699 -7.76512204503906 profile2
613 165.802549 -7.71449008004854 profile2
614 165.85132 -7.6997273171107 profile2
615 165.858793 -7.70889223466582 profile2
616 165.864624 -7.77011074627387 profile2
617 165.868565 -7.89783216258455 profile2
618 165.872506 -8.09349419084462 profile2
619 165.876447 -8.35684126055652 profile2
620 165.880388 -8.68582986641581 profile2
621 165.884329 -9.04656731285513 profile2
622 165.88827 -9.46380957581331 profile2
623 165.892211 -9.72712168978711 profile2
624 165.896152 -9.69391773152248 profile2
625 165.900093 -9.66561922879669 profile2
626 165.912941 -9.65086831928265 profile2
627 165.925276 -9.64947528868381 profile2
628 165.925359 -9.65139306795488 profile2
629 165.925441 -9.65668369272824 profile2
630 165.930685 -9.67316658466512 profile2
631 166.172164 -9.50239432856671 profile2
632 166.181382 -9.11246465501599 profile2
633 166.1906 -8.77356855989398 profile2
634 166.324274 -8.38555551791926 profile2
635 166.325217 -8.26023889581223 profile2
636 166.32602 -8.1842416541226 profile2
637 166.326823 -8.17607801882578 profile2
638 166.327627 -8.19178904090204 profile2
639 166.32843 -8.19755253710517 profile2
640 166.377584 -8.17010255273835 profile2
641 166.382507 -8.02819880444016 profile2
642 166.38743 -7.93095501531611 profile2
643 166.394815 -7.87991687986186 profile2
644 166.403288 -8.23646026513997 profile2
645 166.407404 -8.67961817351204 profile2
646 166.411519 -8.65254576262095 profile2
647 166.415634 -8.62682608337653 profile2
648 166.419069 -8.60331691587798 profile2
649 166.422503 -8.58313839250473 profile2
650 166.425938 -8.56762797708801 profile2
651 166.429372 -8.55825387351911 profile2
652 166.432807 -8.55650147720253 profile2
653 166.439999 -8.56380652314113 profile2
654 166.448156 -8.58181259865877 profile2
655 166.475596 -8.55490342337013 profile2
656 166.491355 -8.47959673942973 profile2
657 166.507114 -8.6265286724547 profile2
658 166.522873 -8.95557776109345 profile2
659 166.537635 -9.07318236061476 profile2
660 166.55226 -9.08627804264133 profile2
661 166.566886 -8.94567241983233 profile2
662 166.581511 -8.97755702421291 profile2
663 166.592132 -8.91192552894922 profile2
664 166.599166 -8.81293190856277 profile2
665 166.606199 -8.72566319296877 profile2
666 166.613233 -8.74605292163507 profile2
667 166.62365 -9.22119782688851 profile2
668 166.754477 -9.80861226292847 profile2
669 166.783106 -9.80633751543151 profile2
670 166.802407 -9.80737311868989 profile2
671 166.805057 -9.83017094510207 profile2
672 166.807706 -9.8785036686251 profile2
673 166.811338 -9.92691879067507 profile2
674 166.839967 -9.96657370706815 profile2
675 166.951357 -9.86329952630987 profile2
676 166.992184 -9.86267995144773 profile2
677 167.033011 -9.75376200422374 profile2
678 167.073838 -9.22531210226886 profile2
679 167.142758 -9.58327618309962 profile2
680 167.274124 -10.025854713265 profile2
681 167.282638 -10.0087231299608 profile2
682 167.286179 -10.0559690644841 profile2
683 167.289719 -10.1690600595772 profile2
684 167.29326 -10.2594763555355 profile2
685 167.306473 -10.376222775125 profile2
686 167.322761 -10.4119782549854 profile2
687 167.349466 -10.4055261316212 profile2
688 167.360748 -10.382229767226 profile2
689 167.37203 -10.3614207267178 profile2
690 167.396998 -10.3400372591132 profile2
691 167.523201 -9.47079000141068 profile2
692 167.545144 -9.42110831628217 profile2
693 167.556235 -9.48583382648905 profile2
694 167.567326 -9.59362069539744 profile2
695 167.647654 -9.53006792991484 profile2
696 167.755373 -9.54856978640402 profile2
697 167.788738 -9.57840827843677 profile2
698 167.822104 -9.60846867504091 profile2
699 167.836721 -9.61214807696429 profile2
700 167.845502 -9.60873274010427 profile2
701 167.854284 -9.606753313391 profile2
702 167.858563 -9.60638267212721 profile2
703 167.860327 -9.60728057685621 profile2
704 167.862092 -9.60903264412755 profile2
705 167.863857 -9.63307434385782 profile2
706 167.865622 -9.68710858791773 profile2
707 167.86764 -9.73892214769191 profile2
708 167.871511 -9.79256090735923 profile2
709 167.876871 -9.84904140366677 profile2
710 167.882232 -9.90824652458672 profile2
711 167.887593 -9.97004496304185 profile2
712 167.913375 -10.0150802695364 profile2
713 167.920966 -10.0334440270412 profile2
714 167.928557 -10.0501995112001 profile2
715 168.002821 -10.0678627707102 profile2
716 168.013929 -10.0879695514694 profile2
717 168.020304 -10.1092372875591 profile2
718 168.023961 -10.1457633978992 profile2
719 168.02735 -10.1950504801318 profile2
720 168.030739 -10.2200381864006 profile2
721 168.034128 -10.1326642339899 profile2
722 168.037518 -10.161546861443 profile2
723 168.042103 -10.1891275020028 profile2
724 168.057523 -10.220930730547 profile2
725 168.241031 -10.1797242392915 profile2
726 168.273712 -10.2281164796806 profile2
727 168.276509 -10.2795017440099 profile2
728 168.279306 -10.3348899272122 profile2
729 168.282103 -10.3943927198247 profile2
730 168.2849 -10.4581182700067 profile2
731 168.287697 -10.5261662269084 profile2
732 168.291368 -10.6297564298088 profile2
733 168.295216 -10.747797183513 profile2
734 168.301388 -10.8715100762882 profile2
735 168.308464 -10.9710619621867 profile2
736 168.31554 -11.0790269216287 profile2
737 168.322616 -11.1949640775645 profile2
738 168.369835 -11.2565923270347 profile2
739 168.372164 -11.2779138269463 profile2
740 168.374493 -11.2993032576472 profile2
741 168.376821 -11.3280619548059 profile2
