marker_position lod trace
1 162.797792 -3.54453290979456 pleio
2 162.802465 -3.81485018816875 pleio
3 162.807137 -4.04603348111066 pleio
4 162.891193 -4.34702425824466 pleio
5 162.899169 -4.12362918357166 pleio
6 162.907146 -4.38399681915811 pleio
7 162.915122 -4.59432677704289 pleio
8 162.923098 -4.68440558430675 pleio
9 162.931074 -4.76961332921654 pleio
10 162.93905 -4.84785167217722 pleio
11 162.97044 -5.06354875926732 pleio
12 162.976744 -5.05313911519103 pleio
13 162.983048 -5.03362972074659 pleio
14 162.989352 -5.34390437310514 pleio
15 162.995537 -5.30186415460365 pleio
16 162.997832 -5.53715725930007 pleio
17 163.00011 -5.59644450944136 pleio
18 163.002388 -5.56357322117192 pleio
19 163.004665 -5.52949732741933 pleio
20 163.006943 -5.49425718757384 pleio
21 163.009221 -5.45789968618181 pleio
22 163.011499 -5.42047975738213 pleio
23 163.013777 -5.38205636346269 pleio
24 163.016054 -5.34196191178679 pleio
25 163.018332 -5.30000981920192 pleio
26 163.02061 -5.25724986946944 pleio
27 163.022888 -5.21377011075934 pleio
28 163.025166 -5.16980444873361 pleio
29 163.029526 -5.12550450184288 pleio
30 163.045161 -5.07831716593119 pleio
31 163.061794 -5.0312977966203 pleio
32 163.078427 -5.00927443499852 pleio
33 163.09506 -5.00301180640328 pleio
34 163.111693 -5.00518912454568 pleio
35 163.125708 -5.0863113036274 pleio
36 163.137394 -4.358912311603 pleio
37 163.14908 -4.21210882074593 pleio
38 163.154021 -4.05444615122766 pleio
39 163.156127 -3.91906997428745 pleio
40 163.157556 -3.80720399470431 pleio
41 163.158891 -3.71946624607722 pleio
42 163.160225 -3.6558481086217 pleio
43 163.161559 -3.61575949632124 pleio
44 163.162894 -3.59813513214521 pleio
45 163.164228 -3.60157167936091 pleio
46 163.165562 -3.62446741942076 pleio
47 163.166897 -3.66508434063393 pleio
48 163.26265 -3.06185740093858 pleio
49 163.413317 -1.75784767036305 pleio
50 163.495816 -0.796988454995906 pleio
51 163.507977 -0.645659418327025 pleio
52 163.520139 -0.543969479778847 pleio
53 163.582672 -0.438525667466851 pleio
54 164.022416 0 pleio
55 164.027702 -0.286171480702539 pleio
56 164.032987 -0.669009215419274 pleio
57 164.064248 -0.898601493298267 pleio
58 164.070405 -0.899761352012319 pleio
59 164.076561 -0.901062581349322 pleio
60 164.255184 -1.92595546687752 pleio
61 164.291807 -2.05193651902502 pleio
62 164.314068 -2.08621434294126 pleio
63 164.325529 -2.01944622708914 pleio
64 164.336991 -2.01418746249549 pleio
65 164.348452 -2.18184708194154 pleio
66 164.60536 -2.32500492472767 pleio
67 164.617986 -2.10379147102571 pleio
68 164.628884 -1.91329947961953 pleio
69 164.636687 -1.77191365878512 pleio
70 164.648869 -1.71416966415069 pleio
71 164.66892 -1.72873854887051 pleio
72 164.758936 -1.82714566980138 pleio
73 165.053217 -1.18931096990116 pleio
74 165.121823 -1.17753265725982 pleio
75 165.132678 -1.17074630218001 pleio
76 165.143532 -1.09317074941116 pleio
77 165.154046 -0.804910128565585 pleio
78 165.15722 -0.778228795719494 pleio
79 165.160395 -0.712730408231972 pleio
80 165.163569 -0.668034170052707 pleio
81 165.195982 -0.734308679530979 pleio
82 165.223558 -0.751727949662526 pleio
83 165.251135 -0.759215291846237 pleio
84 165.276843 -0.804643810371125 pleio
85 165.283031 -0.910050340525818 pleio
86 165.290201 -1.0728100714386 pleio
87 165.297626 -1.18008582426604 pleio
88 165.445995 -1.20099456978658 pleio
89 165.451594 -1.25990898459171 pleio
90 165.457194 -1.32703491550612 pleio
91 165.462793 -1.4256714137438 pleio
92 165.468393 -1.53076779567547 pleio
93 165.473992 -1.63434296878106 pleio
94 165.479592 -1.73534384565915 pleio
95 165.485905 -3.09074685626695 pleio
96 165.495439 -3.13930112815108 pleio
97 165.565236 -3.03195101165807 pleio
98 165.56991 -2.81176011991314 pleio
99 165.574583 -2.64461933225607 pleio
100 165.581587 -2.5670808115999 pleio
101 165.605467 -2.58292581754276 pleio
102 165.629348 -2.59361097673356 pleio
103 165.653228 -2.6096032902762 pleio
104 165.677109 -2.62349603045769 pleio
105 165.700989 -2.64864750047483 pleio
106 165.704891 -2.70626803944492 pleio
107 165.706625 -2.76176186031863 pleio
108 165.708359 -2.81479476032111 pleio
109 165.710093 -2.86505229523748 pleio
110 165.711827 -2.91224803279165 pleio
111 165.713561 -3.02058203767285 pleio
112 165.715295 -3.16340217250828 pleio
113 165.717029 -3.32402938242119 pleio
114 165.718763 -3.49680646922764 pleio
115 165.720497 -3.67292865051656 pleio
116 165.722231 -3.84183202959329 pleio
117 165.723965 -3.99133896111315 pleio
118 165.725699 -4.05149627447283 pleio
119 165.802549 -4.07910516486287 pleio
120 165.85132 -4.07601059844436 pleio
121 165.858793 -4.05815810742564 pleio
122 165.864624 -4.06680453578988 pleio
123 165.868565 -4.0806362579002 pleio
124 165.872506 -4.09941902690035 pleio
125 165.876447 -4.12288228216233 pleio
126 165.880388 -4.15072939617398 pleio
127 165.884329 -4.13156639235218 pleio
128 165.88827 -4.10953205417624 pleio
129 165.892211 -4.09478395781386 pleio
130 165.896152 -4.05780368750973 pleio
131 165.900093 -4.01565591323645 pleio
132 165.912941 -3.9981873485225 pleio
133 165.925276 -3.99367014552349 pleio
134 165.925359 -3.98109550174949 pleio
135 165.925441 -3.96612203486815 pleio
136 165.930685 -3.95365062294521 pleio
137 166.172164 -3.95632843590619 pleio
138 166.181382 -3.97938481344825 pleio
139 166.1906 -4.01417693344289 pleio
140 166.324274 -4.01634002813121 pleio
141 166.325217 -4.15101341480751 pleio
142 166.32602 -4.31621096597329 pleio
143 166.326823 -4.49206554778307 pleio
144 166.327627 -4.54429625503169 pleio
145 166.32843 -4.50959341847116 pleio
146 166.377584 -4.48033998252595 pleio
147 166.382507 -4.47135902836615 pleio
148 166.38743 -4.4618084641787 pleio
149 166.394815 -4.45170576947201 pleio
150 166.403288 -4.43496529085566 pleio
151 166.407404 -4.42743287089689 pleio
152 166.411519 -4.4179830706893 pleio
153 166.415634 -4.41522236344391 pleio
154 166.419069 -4.41982901306798 pleio
155 166.422503 -4.43260461761154 pleio
156 166.425938 -4.45441031864316 pleio
157 166.429372 -4.48609467209251 pleio
158 166.432807 -4.52839892818547 pleio
159 166.439999 -4.58188184786602 pleio
160 166.448156 -4.64698542759187 pleio
161 166.475596 -4.68532029257984 pleio
162 166.491355 -4.54115654212971 pleio
163 166.507114 -4.48123258759544 pleio
164 166.522873 -4.41692968342763 pleio
165 166.537635 -4.38515663679074 pleio
166 166.55226 -4.38540399037299 pleio
167 166.566886 -4.65209640434166 pleio
168 166.581511 -4.69978471517945 pleio
169 166.592132 -4.80372924559473 pleio
170 166.599166 -4.94603571046486 pleio
171 166.606199 -5.07095451687627 pleio
172 166.613233 -5.08191559457571 pleio
173 166.62365 -5.01524927751351 pleio
174 166.754477 -5.7726268792223 pleio
175 166.783106 -5.79745283933016 pleio
176 166.802407 -5.80688860850658 pleio
177 166.805057 -5.81363142856291 pleio
178 166.807706 -5.82494350749595 pleio
179 166.811338 -5.86642708195133 pleio
180 166.839967 -5.90022238883107 pleio
181 166.951357 -5.99184618955489 pleio
182 166.992184 -5.99105389034072 pleio
183 167.033011 -5.99138464596617 pleio
184 167.073838 -6.73016605787668 pleio
185 167.142758 -6.61810479979185 pleio
186 167.274124 -6.50238731179357 pleio
187 167.282638 -6.51274019313943 pleio
188 167.286179 -6.53837378371591 pleio
189 167.289719 -6.58232718640876 pleio
190 167.29326 -6.65647961015188 pleio
191 167.306473 -6.73532278278061 pleio
192 167.322761 -6.80889058712553 pleio
193 167.349466 -6.84325224001765 pleio
194 167.360748 -6.84676182301804 pleio
195 167.37203 -6.85093233309472 pleio
196 167.396998 -6.85584009849178 pleio
197 167.523201 -6.9319358883717 pleio
198 167.545144 -6.85968133091539 pleio
199 167.556235 -6.89176471304229 pleio
200 167.567326 -7.01605573788258 pleio
201 167.647654 -7.05298172814518 pleio
202 167.755373 -7.05647158611956 pleio
203 167.788738 -7.06196863513407 pleio
204 167.822104 -7.06738580111018 pleio
205 167.836721 -7.07472634027583 pleio
206 167.845502 -7.08415810028361 pleio
207 167.854284 -7.09517886491287 pleio
208 167.858563 -7.10763309692152 pleio
209 167.860327 -7.12010409649179 pleio
210 167.862092 -7.12919751225977 pleio
211 167.863857 -7.13612867703909 pleio
212 167.865622 -7.13825797459129 pleio
213 167.86764 -7.14762301798107 pleio
214 167.871511 -7.15993459324806 pleio
215 167.876871 -7.17387553342341 pleio
216 167.882232 -7.18941465082413 pleio
217 167.887593 -7.20651490526192 pleio
218 167.913375 -7.22175409480048 pleio
219 167.920966 -7.22820081379565 pleio
220 167.928557 -7.23245856791554 pleio
221 168.002821 -7.24433021273383 pleio
222 168.013929 -7.28483082409289 pleio
223 168.020304 -7.33007625006365 pleio
224 168.023961 -7.41324976081658 pleio
225 168.02735 -7.52710627891684 pleio
226 168.030739 -7.64233684883822 pleio
227 168.034128 -8.01875885379068 pleio
228 168.037518 -8.08509261699139 pleio
229 168.042103 -8.13574025886664 pleio
230 168.057523 -8.1120158406198 pleio
231 168.241031 -8.01711043138735 pleio
232 168.273712 -7.99975905452914 pleio
233 168.276509 -7.98536607787466 pleio
234 168.279306 -7.97319681772275 pleio
235 168.282103 -7.96331721005907 pleio
236 168.2849 -7.95577588387537 pleio
237 168.287697 -7.95060089237625 pleio
238 168.291368 -7.79334230562805 pleio
239 168.295216 -7.62153439163556 pleio
240 168.301388 -7.47897941195101 pleio
241 168.308464 -7.47506692537013 pleio
242 168.31554 -7.63492529829994 pleio
243 168.322616 -7.95070521917042 pleio
244 168.369835 -8.10730843149095 pleio
245 168.372164 -8.113302584174 pleio
246 168.374493 -8.11930820962982 pleio
247 168.376821 -8.11766756248239 pleio
248 162.797792 -0.473977407991923 profile1
249 162.802465 -0.5258657185942 profile1
250 162.807137 -0.587405907064874 profile1
251 162.891193 -0.833282288965501 profile1
252 162.899169 -0.479579842204855 profile1
253 162.907146 -0.521023092365848 profile1
254 162.915122 -0.504005486007071 profile1
255 162.923098 -0.506203351870417 profile1
256 162.931074 -0.506658945060902 profile1
257 162.93905 -0.506281822067863 profile1
258 162.97044 -0.488787504485465 profile1
259 162.976744 -0.505250583952349 profile1
260 162.983048 -0.485834126307702 profile1
261 162.989352 -0.560442221441384 profile1
262 162.995537 -0.624468527280163 profile1
263 162.997832 -1.09152653552935 profile1
264 163.00011 -1.18780315143708 profile1
265 163.002388 -1.15543424357994 profile1
266 163.004665 -1.12185253910701 profile1
267 163.006943 -1.08709676090289 profile1
268 163.009221 -1.05121208668849 profile1
269 163.011499 -1.0142494172249 profile1
270 163.013777 -0.976265844330894 profile1
271 163.016054 -0.937325929203427 profile1
272 163.018332 -0.897473404305387 profile1
273 163.02061 -0.856772863466832 profile1
274 163.022888 -0.815306062950368 profile1
275 163.025166 -0.773327052981894 profile1
276 163.029526 -0.731004555447362 profile1
277 163.045161 -0.688390636075143 profile1
278 163.061794 -0.646091514393606 profile1
279 163.078427 -0.61223736573316 profile1
280 163.09506 -0.579126958036416 profile1
281 163.111693 -0.54643447779569 profile1
282 163.125708 -0.521396533366062 profile1
283 163.137394 0.272572990554123 profile1
284 163.14908 0.532418552260412 profile1
285 163.154021 0.651232380647575 profile1
286 163.156127 0.757047430346968 profile1
287 163.157556 0.848718927952726 profile1
288 163.158891 0.925267202418218 profile1
289 163.160225 0.985915263893031 profile1
290 163.161559 1.03013243600492 profile1
291 163.162894 1.05765975327639 profile1
292 163.164228 1.06853427005379 profile1
293 163.165562 1.06309030732653 profile1
294 163.166897 1.04200519807779 profile1
295 163.26265 1.56407743689929 profile1
296 163.413317 2.6686110421632 profile1
297 163.495816 2.94838138327899 profile1
298 163.507977 3.02150168029083 profile1
299 163.520139 3.0864191884042 profile1
300 163.582672 3.12682426960914 profile1
301 164.022416 3.66145517182213 profile1
302 164.027702 3.26564970937753 profile1
303 164.032987 2.79152964734119 profile1
304 164.064248 2.49789525107039 profile1
305 164.070405 2.49355314499164 profile1
306 164.076561 2.48903674295915 profile1
307 164.255184 1.63179336616684 profile1
308 164.291807 1.42305325818313 profile1
309 164.314068 1.30536390816354 profile1
310 164.325529 1.29763229880338 profile1
311 164.336991 1.2493799857802 profile1
312 164.348452 1.0404418838278 profile1
313 164.60536 0.838503708982994 profile1
314 164.617986 0.981285862529841 profile1
315 164.628884 1.09911604594251 profile1
316 164.636687 1.17975308665944 profile1
317 164.648869 1.20655375321086 profile1
318 164.66892 1.18338102588072 profile1
319 164.758936 1.05634585527595 profile1
320 165.053217 0.413881502667454 profile1
321 165.121823 0.361377442543324 profile1
322 165.132678 0.354570816068102 profile1
323 165.143532 0.315760610138968 profile1
324 165.154046 0.391918352924131 profile1
325 165.15722 0.203096022281211 profile1
326 165.160395 -0.00419280664490267 profile1
327 165.163569 -0.222928694581658 profile1
328 165.195982 -0.393202344917631 profile1
329 165.223558 -0.435552323660663 profile1
330 165.251135 -0.454085643847188 profile1
331 165.276843 -0.590425447634164 profile1
332 165.283031 -0.607955789022614 profile1
333 165.290201 -0.609587154684382 profile1
334 165.297626 -0.60870647730044 profile1
335 165.445995 -0.646799751944348 profile1
336 165.451594 -0.728750401862249 profile1
337 165.457194 -0.811740322853933 profile1
338 165.462793 -0.909293447682742 profile1
339 165.468393 -1.01001624611592 profile1
340 165.473992 -1.10914547814673 profile1
341 165.479592 -1.20561054242821 profile1
342 165.485905 -2.65065181115875 profile1
343 165.495439 -2.70146898378462 profile1
344 165.565236 -2.68953695149257 profile1
345 165.56991 -2.56396191047961 profile1
346 165.574583 -2.48259052630705 profile1
347 165.581587 -2.5670808115999 profile1
348 165.605467 -2.57884041002416 profile1
349 165.629348 -2.58545585847291 profile1
350 165.653228 -2.59435164105769 profile1
351 165.677109 -2.60048290708504 profile1
352 165.700989 -2.60946462448691 profile1
353 165.704891 -2.62207551857832 profile1
354 165.706625 -2.63202088146572 profile1
355 165.708359 -2.63914420311258 profile1
356 165.710093 -2.64332101663234 profile1
357 165.711827 -2.64446236181178 profile1
358 165.713561 -2.65085709670651 profile1
359 165.715295 -2.66146043508716 profile1
360 165.717029 -2.67521068317082 profile1
361 165.718763 -2.69259601656495 profile1
362 165.720497 -2.71378469307277 profile1
363 165.722231 -2.73839334216998 profile1
364 165.723965 -2.7653022353708 profile1
365 165.725699 -2.78918761005575 profile1
366 165.802549 -2.80002200777723 profile1
367 165.85132 -2.80226629981993 profile1
368 165.858793 -2.80063595702885 profile1
369 165.864624 -2.81680885790439 profile1
370 165.868565 -2.83597343299116 profile1
371 165.872506 -2.8580194179132 profile1
372 165.876447 -2.88279877064155 profile1
373 165.880388 -2.91012982721651 profile1
374 165.884329 -2.9408964882212 profile1
375 165.88827 -2.97598252600832 profile1
376 165.892211 -3.01345204177178 profile1
377 165.896152 -3.03032684838449 profile1
378 165.900093 -3.04291948177306 profile1
379 165.912941 -3.0513335482541 profile1
380 165.925276 -3.05399172748274 profile1
381 165.925359 -3.05609740662871 profile1
382 165.925441 -3.05762923368725 profile1
383 165.930685 -3.06455543413207 profile1
384 166.172164 -3.09059966873827 profile1
385 166.181382 -3.13304670940138 profile1
386 166.1906 -3.17262097233449 profile1
387 166.324274 -3.22302686621781 profile1
388 166.325217 -3.29058792511411 profile1
389 166.32602 -3.36700824348795 profile1
390 166.326823 -3.44805879377219 profile1
391 166.327627 -3.48222057576191 profile1
392 166.32843 -3.48412028768512 profile1
393 166.377584 -3.47939352414505 profile1
394 166.382507 -3.44560595510261 profile1
395 166.38743 -3.41020799487321 profile1
396 166.394815 -3.37332809374467 profile1
397 166.403288 -3.35116966466158 profile1
398 166.407404 -3.33582125867276 profile1
399 166.411519 -3.32929750694295 profile1
400 166.415634 -3.32451090849565 profile1
401 166.419069 -3.32172965174204 profile1
402 166.422503 -3.3212817289386 profile1
403 166.425938 -3.32352869193645 profile1
404 166.429372 -3.32884180276651 profile1
405 166.432807 -3.33756445844557 profile1
406 166.439999 -3.34998262430692 profile1
407 166.448156 -3.36637084047446 profile1
408 166.475596 -3.37804429115231 profile1
409 166.491355 -3.3075889467169 profile1
410 166.507114 -3.26470779185596 profile1
411 166.522873 -3.21709470146916 profile1
412 166.537635 -3.21672703111727 profile1
413 166.55226 -3.21805831058563 profile1
414 166.566886 -3.25064377508012 profile1
415 166.581511 -3.25842239483003 profile1
416 166.592132 -3.2715014133511 profile1
417 166.599166 -3.2965894044451 profile1
418 166.606199 -3.31968192060023 profile1
419 166.613233 -3.30824024749119 profile1
420 166.62365 -3.31784846386567 profile1
421 166.754477 -3.81238817538921 profile1
422 166.783106 -3.84970739678497 profile1
423 166.802407 -3.89761047454566 profile1
424 166.805057 -3.95128595190649 profile1
425 166.807706 -4.00804400976135 profile1
426 166.811338 -4.06115547808848 profile1
427 166.839967 -4.09649561018296 profile1
428 166.951357 -4.18039639749276 profile1
429 166.992184 -4.18045839134967 profile1
430 167.033011 -4.1826631471083 profile1
431 167.073838 -4.53129586986045 profile1
432 167.142758 -4.3778836691376 profile1
433 167.274124 -4.28190886915943 profile1
434 167.282638 -4.28284319294252 profile1
435 167.286179 -4.28347349231491 profile1
436 167.289719 -4.28622208737096 profile1
437 167.29326 -4.2903089445343 profile1
438 167.306473 -4.27601520380666 profile1
439 167.322761 -4.32026488398452 profile1
440 167.349466 -4.3434501454225 profile1
441 167.360748 -4.3376791015679 profile1
442 167.37203 -4.33231059484249 profile1
443 167.396998 -4.32741943001712 profile1
444 167.523201 -4.36215899789259 profile1
445 167.545144 -4.35086454354472 profile1
446 167.556235 -4.34351292241695 profile1
447 167.567326 -4.34686818363905 profile1
448 167.647654 -4.34691895245141 profile1
449 167.755373 -4.3499509291191 profile1
450 167.788738 -4.35941450908413 profile1
451 167.822104 -4.36890502759861 profile1
452 167.836721 -4.37132195178929 profile1
453 167.845502 -4.37213775357618 profile1
454 167.854284 -4.37361747165495 profile1
455 167.858563 -4.37570648229127 profile1
456 167.860327 -4.37974659076747 profile1
457 167.862092 -4.38968898178452 profile1
458 167.863857 -4.40651785784159 profile1
459 167.865622 -4.43135962949495 profile1
460 167.86764 -4.45932298961552 profile1
461 167.871511 -4.48828723562114 profile1
462 167.876871 -4.51757104959505 profile1
463 167.882232 -4.54711856440797 profile1
464 167.887593 -4.5768736882043 profile1
465 167.913375 -4.59797911857841 profile1
466 167.920966 -4.60147137102333 profile1
467 167.928557 -4.60187132471508 profile1
468 168.002821 -4.61421223080732 profile1
469 168.013929 -4.66707434917598 profile1
470 168.020304 -4.72076546323264 profile1
471 168.023961 -4.78705932964266 profile1
472 168.02735 -4.86040490163689 profile1
473 168.030739 -4.90912241951182 profile1
474 168.034128 -4.82074313411849 profile1
475 168.037518 -4.87626711807925 profile1
476 168.042103 -4.91608782288837 profile1
477 168.057523 -4.87786446446241 profile1
478 168.241031 -4.80039224174074 profile1
479 168.273712 -4.79659990714175 profile1
480 168.276509 -4.79354937594153 profile1
481 168.279306 -4.79061338217606 profile1
482 168.282103 -4.78780727450894 profile1
483 168.2849 -4.78514519168519 profile1
484 168.287697 -4.78264075629459 profile1
485 168.291368 -4.71953239227426 profile1
486 168.295216 -4.64838785274692 profile1
487 168.301388 -4.58582573234459 profile1
488 168.308464 -4.6513421587836 profile1
489 168.31554 -4.75253300341951 profile1
490 168.322616 -4.85824521926485 profile1
491 168.369835 -4.89147432535198 profile1
492 168.372164 -4.89118605272575 profile1
493 168.374493 -4.89091924835432 profile1
494 168.376821 -4.89296282790703 profile1
495 162.797792 0.782333113013103 profile2
496 162.802465 0.56249197922032 profile2
497 162.807137 0.391775197845351 profile2
498 162.891193 0.357390222020951 profile2
499 162.899169 0.231571756286583 profile2
500 162.907146 0.0244417130340423 profile2
501 162.915122 -0.202951704297443 profile2
502 162.923098 -0.29370997347804 profile2
503 162.931074 -0.381238891906448 profile2
504 162.93905 -0.46253078475845 profile2
505 162.97044 -0.694764092442922 profile2
506 162.976744 -0.667034865954833 profile2
507 162.983048 -0.666862155404197 profile2
508 162.989352 -0.901709110624151 profile2
509 162.995537 -0.788526447463846 profile2
510 162.997832 -0.547839471973525 profile2
511 163.00011 -0.508860128217447 profile2
512 163.002388 -0.508283345332783 profile2
513 163.004665 -0.507736431497617 profile2
514 163.006943 -0.507222242611689 profile2
515 163.009221 -0.506743699303782 profile2
516 163.011499 -0.506305992649186 profile2
517 163.013777 -0.505912146491876 profile2
518 163.016054 -0.504801925194821 profile2
519 163.018332 -0.502734878488064 profile2
520 163.02061 -0.500735039515065 profile2
521 163.022888 -0.498809335850939 profile2
522 163.025166 -0.496941238966655 profile2
523 163.029526 -0.495114079397817 profile2
524 163.045161 -0.490779851341301 profile2
525 163.061794 -0.486222411074101 profile2
526 163.078427 -0.495456378735581 profile2
527 163.09506 -0.519179406632083 profile2
528 163.111693 -0.552438845351238 profile2
529 163.125708 -0.659779970522536 profile2
530 163.137394 -0.775667962729367 profile2
531 163.14908 -0.933766175390867 profile2
532 163.154021 -0.904784529803715 profile2
533 163.156127 -0.884682321032468 profile2
534 163.157556 -0.873460923090151 profile2
535 163.158891 -0.870686461307346 profile2
536 163.160225 -0.875508426191362 profile2
537 163.161559 -0.886750716511052 profile2
538 163.162894 -0.903045181551329 profile2
539 163.164228 -0.922994664624259 profile2
540 163.165562 -0.945314896229941 profile2
541 163.166897 -0.968945496174076 profile2
542 163.26265 -0.907199117868454 profile2
543 163.413317 -0.745626982029751 profile2
544 163.495816 -0.0820176866523349 profile2
545 163.507977 -0.00879449418828005 profile2
546 163.520139 0.0251312601909015 profile2
547 163.582672 0.0877780088211518 profile2
548 164.022416 0 profile2
549 164.027702 0.100196012106757 profile2
550 164.032987 0.187631690481096 profile2
551 164.064248 0.251313037991312 profile2
552 164.070405 0.254425082126365 profile2
553 164.076561 0.257570294708913 profile2
554 164.255184 0.0887957477479244 profile2
555 164.291807 0.167956422712343 profile2
556 164.314068 0.252562685100368 profile2
557 164.325529 0.32935221837551 profile2
558 164.336991 0.386743001179083 profile2
559 164.348452 0.43398623125544 profile2
560 164.60536 0.496541000234048 profile2
561 164.617986 0.570633831490202 profile2
562 164.628884 0.639740302586643 profile2
563 164.636687 0.69789254584407 profile2
564 164.648869 0.727800832732527 profile2
565 164.66892 0.73640222001658 profile2
566 164.758936 0.766029771117018 profile2
567 165.053217 2.04486629981323 profile2
568 165.121823 2.10773236636458 profile2
569 165.132678 2.12034373750413 profile2
570 165.143532 2.23478089839128 profile2
571 165.154046 2.44796908410275 profile2
572 165.15722 2.66107986967275 profile2
573 165.160395 2.93321476314177 profile2
574 165.163569 3.19801010407074 profile2
575 165.195982 3.30495897079791 profile2
576 165.223558 3.33062931001131 profile2
577 165.251135 3.34199918875454 profile2
578 165.276843 3.43436041098334 profile2
579 165.283031 3.34843149171789 profile2
580 165.290201 3.18776745898966 profile2
581 165.297626 3.08069184045991 profile2
582 165.445995 3.09910826875585 profile2
583 165.451594 3.12158998458277 profile2
584 165.457194 3.1365394458379 profile2
585 165.462793 3.1349361313035 profile2
586 165.468393 3.13014448516525 profile2
587 165.473992 3.12522008313984 profile2
588 165.479592 3.12015245010172 profile2
589 165.485905 3.21495140122069 profile2
590 165.495439 3.2181514061404 profile2
591 165.565236 3.31225847679249 profile2
592 165.56991 3.40650158805666 profile2
593 165.574583 3.49395953853624 profile2
594 165.581587 3.66145517182213 profile2
595 165.605467 3.65791549768876 profile2
596 165.629348 3.65420566356597 profile2
597 165.653228 3.64757730439182 profile2
598 165.677109 3.64019720591205 profile2
599 165.700989 3.6242718912482 profile2
600 165.704891 3.58005831260238 profile2
601 165.706625 3.53545056960425 profile2
602 165.708359 3.49062740639914 profile2
603 165.710093 3.44577759696532 profile2
604 165.711827 3.40109514814946 profile2
605 165.713561 3.30296149716938 profile2
606 165.715295 3.1757243208682 profile2
607 165.717029 3.03417241959161 profile2
608 165.718763 2.88404412352601 profile2
609 165.720497 2.73389890883462 profile2
610 165.722231 2.59363548843893 profile2
611 165.723965 2.47430719075746 profile2
612 165.725699 2.44232589003206 profile2
613 165.802549 2.42673713303647 profile2
614 165.85132 2.43204449186601 profile2
615 165.858793 2.44826197624293 profile2
616 165.864624 2.4546286714096 profile2
617 165.868565 2.45882978047108 profile2
618 165.872506 2.46098959554223 profile2
619 165.876447 2.46123298942368 profile2
620 165.880388 2.45967965695599 profile2
621 165.884329 2.5085731861991 profile2
622 165.88827 2.56492017880018 profile2
623 165.892211 2.6168044214697 profile2
624 165.896152 2.671751032452 profile2
625 165.900093 2.72818161051883 profile2
626 165.912941 2.75431842064936 profile2
627 165.925276 2.76018189753345 profile2
628 165.925359 2.77354755559268 profile2
629 165.925441 2.78878914344521 profile2
630 165.930685 2.80750390756501 profile2
631 166.172164 2.82960029498923 profile2
632 166.181382 2.84721800315591 profile2
633 166.1906 2.85077110779184 profile2
634 166.324274 2.91082437465962 profile2
635 166.325217 2.84693817134487 profile2
636 166.32602 2.76330200923923 profile2
637 166.326823 2.67496202095231 profile2
638 166.327627 2.66063628406916 profile2
639 166.32843 2.69867058666747 profile2
640 166.377584 2.7243424063198 profile2
641 166.382507 2.69949706860462 profile2
642 166.38743 2.67361408046298 profile2
643 166.394815 2.64680314433839 profile2
644 166.403288 2.64197694557992 profile2
645 166.407404 2.63538296560262 profile2
646 166.411519 2.63953825938231 profile2
647 166.415634 2.63886176912381 profile2
648 166.419069 2.6329049233708 profile2
649 166.422503 2.62115931675776 profile2
650 166.425938 2.60309753779526 profile2
651 166.429372 2.57822426658819 profile2
652 166.432807 2.54613497746244 profile2
653 166.439999 2.50656155661011 profile2
654 166.448156 2.45935179950654 profile2
655 166.475596 2.43354717464592 profile2
656 166.491355 2.51085249811034 profile2
657 166.507114 2.53200674394033 profile2
658 166.522873 2.552889274936 profile2
659 166.537635 2.58514982149699 profile2
660 166.55226 2.58648755207611 profile2
661 166.566886 2.35593276339687 profile2
662 166.581511 2.3166177923026 profile2
663 166.592132 2.22583734298771 profile2
664 166.599166 2.11078528087805 profile2
665 166.606199 2.01227306879978 profile2
666 166.613233 1.99076920629595 profile2
667 166.62365 2.07030560321117 profile2
668 166.754477 1.81305026755286 profile2
669 166.783106 1.82770194432126 profile2
670 166.802407 1.86831199507376 profile2
671 166.805057 1.91739666025948 profile2
672 166.807706 1.9650072365359 profile2
673 166.811338 1.9787502982287 profile2
674 166.839967 1.98167356296057 profile2
675 166.951357 1.9726281622839 profile2
676 166.992184 1.973580312539 profile2
677 167.033011 1.97528953942475 profile2
678 167.073838 1.59455570284627 profile2
679 167.142758 1.56242295890686 profile2
680 167.274124 1.58704291051357 profile2
681 167.282638 1.57575460126172 profile2
682 167.286179 1.54908789797119 profile2
683 167.289719 1.50653297386782 profile2
684 167.29326 1.4356873364555 profile2
685 167.306473 1.34178328641224 profile2
686 167.322761 1.31146857648054 profile2
687 167.349466 1.29972219573452 profile2
688 167.360748 1.29038352574905 profile2
689 167.37203 1.28075971208901 profile2
690 167.396998 1.27085530005391 profile2
691 167.523201 1.23019259461053 profile2
692 167.545144 1.29001923595903 profile2
693 167.556235 1.24815371645514 profile2
694 167.567326 1.12495771240695 profile2
695 167.647654 1.08438905103407 profile2
696 167.755373 1.08365866555068 profile2
697 167.788738 1.08700182701032 profile2
698 167.822104 1.09045015178399 profile2
699 167.836721 1.08480021033678 profile2
700 167.845502 1.07549548104439 profile2
701 167.854284 1.0653453066204 profile2
702 167.858563 1.05445304855329 profile2
703 167.860327 1.04566447972575 profile2
704 167.862092 1.04661648005836 profile2
705 167.863857 1.05635299936743 profile2
706 167.865622 1.07844652475778 profile2
707 167.86764 1.09649092512581 profile2
708 167.871511 1.1126647711786 profile2
709 167.876871 1.12760353652657 profile2
710 167.882232 1.14128334801113 profile2
711 167.887593 1.15368579213942 profile2
712 167.913375 1.15917966917814 profile2
713 167.920966 1.15596648134032 profile2
714 167.928557 1.15199207765689 profile2
715 168.002821 1.15199323992279 profile2
716 168.013929 1.16282885069976 profile2
717 168.020304 1.16992620865922 profile2
718 168.023961 1.15182701592297 profile2
719 168.02735 1.11045160384203 profile2
720 168.030739 1.0425932142825 profile2
721 168.034128 0.582208059817267 profile2
722 168.037518 0.571227904732495 profile2
723 168.042103 0.560350058358105 profile2
724 168.057523 0.5439434605253 profile2
725 168.241031 0.56539998019851 profile2
726 168.273712 0.578519252687198 profile2
727 168.276509 0.589409245276072 profile2
728 168.279306 0.598239755064221 profile2
729 168.282103 0.60496184901029 profile2
730 168.2849 0.60954228920504 profile2
731 168.287697 0.611967472320211 profile2
732 168.291368 0.705476805931196 profile2
733 168.295216 0.805874917830115 profile2
734 168.301388 0.886151233415345 profile2
735 168.308464 0.961092141854887 profile2
736 168.31554 0.914431215156499 profile2
737 168.322616 0.722797931379068 profile2
738 168.369835 0.608019257227592 profile2
739 168.372164 0.601549833335488 profile2
740 168.374493 0.595085646463442 profile2
741 168.376821 0.598459918271937 profile2
