marker_position lod trace
1 162.797792 -6.04160748674133 pleio
2 162.802465 -5.90360385101921 pleio
3 162.807137 -5.80525111842116 pleio
4 162.891193 -5.8274001529459 pleio
5 162.899169 -5.86151559112466 pleio
6 162.907146 -6.0399343283384 pleio
7 162.915122 -6.07879903160272 pleio
8 162.923098 -6.09075419897406 pleio
9 162.931074 -6.1052162810248 pleio
10 162.93905 -6.12198140962474 pleio
11 162.97044 -6.1205663232974 pleio
12 162.976744 -6.0546327497814 pleio
13 162.983048 -6.00865643139028 pleio
14 162.989352 -6.06589601020238 pleio
15 162.995537 -5.91758605003022 pleio
16 162.997832 -5.94758187317228 pleio
17 163.00011 -5.94991978379055 pleio
18 163.002388 -5.90580099417323 pleio
19 163.004665 -5.86076684173162 pleio
20 163.006943 -5.81486172763507 pleio
21 163.009221 -5.76813570828469 pleio
22 163.011499 -5.72064367010777 pleio
23 163.013777 -5.67244698166065 pleio
24 163.016054 -5.6224849231504 pleio
25 163.018332 -5.57039926252508 pleio
26 163.02061 -5.51774784721564 pleio
27 163.022888 -5.46461966580202 pleio
28 163.025166 -5.41098915802331 pleio
29 163.029526 -5.35690868125635 pleio
30 163.045161 -5.29657817747858 pleio
31 163.061794 -5.23637700368017 pleio
32 163.078427 -5.14863395563189 pleio
33 163.09506 -5.04070698317473 pleio
34 163.111693 -4.93664726226532 pleio
35 163.125708 -4.81406579683015 pleio
36 163.137394 -4.03065318516414 pleio
37 163.14908 -3.70746796249244 pleio
38 163.154021 -3.54255889299582 pleio
39 163.156127 -3.38988818448043 pleio
40 163.157556 -3.25279381447778 pleio
41 163.158891 -3.13442343163557 pleio
42 163.160225 -3.03742604647737 pleio
43 163.161559 -2.96365646485222 pleio
44 163.162894 -2.91397123608975 pleio
45 163.164228 -2.88815221295899 pleio
46 163.165562 -2.88497444163902 pleio
47 163.166897 -2.90227436094085 pleio
48 163.26265 -2.41890737203837 pleio
49 163.413317 -0.941370981254659 pleio
50 163.495816 -0.703248418745107 pleio
51 163.507977 -0.44311982111414 pleio
52 163.520139 -0.218898955564364 pleio
53 163.582672 0 pleio
54 164.022416 -0.91343111686353 pleio
55 164.027702 -1.92575218100383 pleio
56 164.032987 -2.01202324485498 pleio
57 164.064248 -2.02757191049163 pleio
58 164.070405 -1.99541777108704 pleio
59 164.076561 -1.96336773089574 pleio
60 164.255184 -0.80201809064665 pleio
61 164.291807 -1.22390568697861 pleio
62 164.314068 -1.25942402787543 pleio
63 164.325529 -1.16164769302447 pleio
64 164.336991 -1.08554964918082 pleio
65 164.348452 -1.3067298250797 pleio
66 164.60536 -1.7179459951845 pleio
67 164.617986 -1.61654589088501 pleio
68 164.628884 -1.55283324150603 pleio
69 164.636687 -1.52475767695188 pleio
70 164.648869 -1.51162052984346 pleio
71 164.66892 -1.49580017626735 pleio
72 164.758936 -1.42360701729988 pleio
73 165.053217 -2.09972832546667 pleio
74 165.121823 -2.14353561101514 pleio
75 165.132678 -2.16639899496911 pleio
76 165.143532 -1.43076243542661 pleio
77 165.154046 -1.71600823617794 pleio
78 165.15722 -1.71008802461495 pleio
79 165.160395 -1.72150156084204 pleio
80 165.163569 -1.75695753623135 pleio
81 165.195982 -1.80039788489552 pleio
82 165.223558 -1.8311525630045 pleio
83 165.251135 -1.85964195617202 pleio
84 165.276843 -1.78243777558554 pleio
85 165.283031 -1.83813170284872 pleio
86 165.290201 -2.00063744480633 pleio
87 165.297626 -2.23435974080028 pleio
88 165.445995 -2.47641048648809 pleio
89 165.451594 -2.66187483287023 pleio
90 165.457194 -2.85953371855326 pleio
91 165.462793 -3.01960353745487 pleio
92 165.468393 -3.1719153459251 pleio
93 165.473992 -3.32723635724985 pleio
94 165.479592 -3.4841884339572 pleio
95 165.485905 -5.1500069633463 pleio
96 165.495439 -5.23591842891378 pleio
97 165.565236 -5.21937342651685 pleio
98 165.56991 -5.18102710916784 pleio
99 165.574583 -5.12091391270312 pleio
100 165.581587 -4.96545603138977 pleio
101 165.605467 -5.01886238601335 pleio
102 165.629348 -5.0411655388221 pleio
103 165.653228 -5.06437705739433 pleio
104 165.677109 -5.08240375239547 pleio
105 165.700989 -5.12600765796122 pleio
106 165.704891 -5.19463159514404 pleio
107 165.706625 -5.2632599726956 pleio
108 165.708359 -5.33144254687514 pleio
109 165.710093 -5.3987301746145 pleio
110 165.711827 -5.46468777980309 pleio
111 165.713561 -5.56196485146362 pleio
112 165.715295 -5.68578638391511 pleio
113 165.717029 -5.82482762746348 pleio
114 165.718763 -5.97087460062114 pleio
115 165.720497 -6.11390857611265 pleio
116 165.722231 -6.24427768220903 pleio
117 165.723965 -6.35334082628458 pleio
118 165.725699 -6.3862289529758 pleio
119 165.802549 -6.3765278067631 pleio
120 165.85132 -6.36273017076868 pleio
121 165.858793 -6.35325511425786 pleio
122 165.864624 -6.37645582860108 pleio
123 165.868565 -6.40992812267225 pleio
124 165.872506 -6.45353921815492 pleio
125 165.876447 -6.5068974480871 pleio
126 165.880388 -6.569353755166 pleio
127 165.884329 -6.6344745644205 pleio
128 165.88827 -6.70306188668682 pleio
129 165.892211 -6.74671286441315 pleio
130 165.896152 -6.74312384220042 pleio
131 165.900093 -6.73722920855543 pleio
132 165.912941 -6.73947583941883 pleio
133 165.925276 -6.74744749612746 pleio
134 165.925359 -6.7520802766513 pleio
135 165.925441 -6.75545865896783 pleio
136 165.930685 -6.79968605926421 pleio
137 166.172164 -6.92736004177644 pleio
138 166.181382 -7.11057608928661 pleio
139 166.1906 -7.21492011197194 pleio
140 166.324274 -7.27491433416008 pleio
141 166.325217 -7.31669789792376 pleio
142 166.32602 -7.37157612816109 pleio
143 166.326823 -7.43200576060809 pleio
144 166.327627 -7.46726127363568 pleio
145 166.32843 -7.48264519263242 pleio
146 166.377584 -7.49149255074891 pleio
147 166.382507 -7.47817568876472 pleio
148 166.38743 -7.46699180705193 pleio
149 166.394815 -7.45784618155702 pleio
150 166.403288 -7.42425077060126 pleio
151 166.407404 -7.38404351549914 pleio
152 166.411519 -7.32862607761125 pleio
153 166.415634 -7.27033188687772 pleio
154 166.419069 -7.20790567293588 pleio
155 166.422503 -7.14014179291787 pleio
156 166.425938 -7.06600871376913 pleio
157 166.429372 -6.98476194059395 pleio
158 166.432807 -6.89603711242708 pleio
159 166.439999 -6.79989688397856 pleio
160 166.448156 -6.69674057085947 pleio
161 166.475596 -6.61961909592514 pleio
162 166.491355 -6.71205115238176 pleio
163 166.507114 -6.76278900758058 pleio
164 166.522873 -6.81673417612245 pleio
165 166.537635 -6.85969211697882 pleio
166 166.55226 -6.86016263460326 pleio
167 166.566886 -6.94404842384697 pleio
168 166.581511 -7.00375793495311 pleio
169 166.592132 -7.05875181134195 pleio
170 166.599166 -7.10048655985148 pleio
171 166.606199 -7.12920447783684 pleio
172 166.613233 -7.15105105575885 pleio
173 166.62365 -7.16430101094813 pleio
174 166.754477 -7.33628931392348 pleio
175 166.783106 -7.32255325384022 pleio
176 166.802407 -7.30301726066818 pleio
177 166.805057 -7.27694855614646 pleio
178 166.807706 -7.24494291840252 pleio
179 166.811338 -7.21456316273098 pleio
180 166.839967 -7.19263488876587 pleio
181 166.951357 -7.1820847142965 pleio
182 166.992184 -7.17363790782011 pleio
183 167.033011 -7.28216363888043 pleio
184 167.073838 -7.30980824194381 pleio
185 167.142758 -7.31214999815225 pleio
186 167.274124 -7.50967809067891 pleio
187 167.282638 -7.55089249009784 pleio
188 167.286179 -7.60741309297863 pleio
189 167.289719 -7.67892215962721 pleio
190 167.29326 -7.75586134629225 pleio
191 167.306473 -7.86623498377241 pleio
192 167.322761 -7.88200609614807 pleio
193 167.349466 -7.87245305972504 pleio
194 167.360748 -7.86130369511209 pleio
195 167.37203 -7.85025685160162 pleio
196 167.396998 -7.83917552101696 pleio
197 167.523201 -7.7619200195384 pleio
198 167.545144 -7.86886606751059 pleio
199 167.556235 -7.98052243699084 pleio
200 167.567326 -8.02882703636032 pleio
201 167.647654 -8.12107839436882 pleio
202 167.755373 -8.10787471956971 pleio
203 167.788738 -8.09397884752604 pleio
204 167.822104 -8.08004061257411 pleio
205 167.836721 -8.07613210599266 pleio
206 167.845502 -8.07526969510609 pleio
207 167.854284 -8.07431177550948 pleio
208 167.858563 -8.0733103210467 pleio
209 167.860327 -8.07173108115664 pleio
210 167.862092 -8.06869535822143 pleio
211 167.863857 -8.05802008216608 pleio
212 167.865622 -8.03729618430899 pleio
213 167.86764 -8.02704432584686 pleio
214 167.871511 -8.0190974188783 pleio
215 167.876871 -8.01112363557541 pleio
216 167.882232 -8.00314626099514 pleio
217 167.887593 -7.99519167416455 pleio
218 167.913375 -7.98952582620104 pleio
219 167.920966 -7.98909746755815 pleio
220 167.928557 -7.99015770720985 pleio
221 168.002821 -7.98804167741951 pleio
222 168.013929 -7.97542007036742 pleio
223 168.020304 -7.96408203612626 pleio
224 168.023961 -7.94540679815783 pleio
225 168.02735 -7.92329385021111 pleio
226 168.030739 -7.87426749820351 pleio
227 168.034128 -7.69706331348355 pleio
228 168.037518 -7.69371517191277 pleio
229 168.042103 -7.69337812441657 pleio
230 168.057523 -7.79288863744044 pleio
231 168.241031 -7.82406506951246 pleio
232 168.273712 -7.79758307775174 pleio
233 168.276509 -7.7671558929557 pleio
234 168.279306 -7.73757645419192 pleio
235 168.282103 -7.70901097036686 pleio
236 168.2849 -7.68162125718118 pleio
237 168.287697 -7.65555993921055 pleio
238 168.291368 -7.62682542472852 pleio
239 168.295216 -7.60329806088256 pleio
240 168.301388 -7.59320538623009 pleio
241 168.308464 -7.79689371573139 pleio
242 168.31554 -8.04942830452219 pleio
243 168.322616 -8.31761716419914 pleio
244 168.369835 -8.4250043376536 pleio
245 168.372164 -8.43368745034395 pleio
246 168.374493 -8.44249508190002 pleio
247 168.376821 -8.4641628219 pleio
248 162.797792 -2.30357730787467 profile1
249 162.802465 -2.17265086916191 profile1
250 162.807137 -2.07469921953023 profile1
251 162.891193 -2.03632374934714 profile1
252 162.899169 -2.08595416210623 profile1
253 162.907146 -2.1810175635267 profile1
254 162.915122 -2.16672877680228 profile1
255 162.923098 -2.11976905819339 profile1
256 162.931074 -2.07724958031684 profile1
257 162.93905 -2.03888203924968 profile1
258 162.97044 -2.08026383064556 profile1
259 162.976744 -2.04071744441803 profile1
260 162.983048 -1.99685114119044 profile1
261 162.989352 -1.9340385851606 profile1
262 162.995537 -1.87078957345184 profile1
263 162.997832 -1.71709974614178 profile1
264 163.00011 -1.66514976157585 profile1
265 163.002388 -1.61915722784912 profile1
266 163.004665 -1.57353825046365 profile1
267 163.006943 -1.52838354900277 profile1
268 163.009221 -1.48378613499202 profile1
269 163.011499 -1.43984027071512 profile1
270 163.013777 -1.39664294679877 profile1
271 163.016054 -1.3544552081058 profile1
272 163.018332 -1.31341439213446 profile1
273 163.02061 -1.27339947114002 profile1
274 163.022888 -1.23451321770388 profile1
275 163.025166 -1.19671188846878 profile1
276 163.029526 -1.16002466860463 profile1
277 163.045161 -1.1230718235296 profile1
278 163.061794 -1.08821283993436 profile1
279 163.078427 -1.06470062296686 profile1
280 163.09506 -1.05357674501119 profile1
281 163.111693 -1.05405530879353 profile1
282 163.125708 -1.06733760229076 profile1
283 163.137394 -0.473117439836234 profile1
284 163.14908 -0.249819206266561 profile1
285 163.154021 -0.173549279294247 profile1
286 163.156127 -0.106706294817694 profile1
287 163.157556 -0.0514116557384334 profile1
288 163.158891 -0.00957969009456407 profile1
289 163.160225 0.0172924081678446 profile1
290 163.161559 0.02831031837279 profile1
291 163.162894 0.0232982977240071 profile1
292 163.164228 0.00281488635978968 profile1
293 163.165562 -0.031927189209878 profile1
294 163.166897 -0.0791515071741809 profile1
295 163.26265 0.34708850805093 profile1
296 163.413317 1.54156577096397 profile1
297 163.495816 1.61628537897069 profile1
298 163.507977 1.7787881598675 profile1
299 163.520139 1.92127656249801 profile1
300 163.582672 2.05390016731899 profile1
301 164.022416 1.01155401665959 profile1
302 164.027702 0.208123545089427 profile1
303 164.032987 0.120220738243719 profile1
304 164.064248 0.0892181963987798 profile1
305 164.070405 0.110997939240941 profile1
306 164.076561 0.132611446241926 profile1
307 164.255184 0.790679618580012 profile1
308 164.291807 -0.365580408093559 profile1
309 164.314068 -0.176556408533888 profile1
310 164.325529 -0.154011451066127 profile1
311 164.336991 -0.141778961658138 profile1
312 164.348452 -0.396086108815513 profile1
313 164.60536 -0.802611117894537 profile1
314 164.617986 -0.727186186029068 profile1
315 164.628884 -0.685636823892282 profile1
316 164.636687 -0.673160476111793 profile1
317 164.648869 -0.664618368195351 profile1
318 164.66892 -0.666258252934636 profile1
319 164.758936 -0.673470395450269 profile1
320 165.053217 -0.942117714912701 profile1
321 165.121823 -0.945519790707163 profile1
322 165.132678 -0.95540057284968 profile1
323 165.143532 -0.949261775546004 profile1
324 165.154046 -1.70102164537091 profile1
325 165.15722 -1.71008802461495 profile1
326 165.160395 -1.72102756764242 profile1
327 165.163569 -1.72806878602042 profile1
328 165.195982 -1.74097622875089 profile1
329 165.223558 -1.75030828997357 profile1
330 165.251135 -1.7592887393795 profile1
331 165.276843 -1.78243777558554 profile1
332 165.283031 -1.8193063061685 profile1
333 165.290201 -1.8410947624409 profile1
334 165.297626 -1.88303427175021 profile1
335 165.445995 -1.93106330591219 profile1
336 165.451594 -1.98251935939763 profile1
337 165.457194 -2.04085792061819 profile1
338 165.462793 -2.10690807032505 profile1
339 165.468393 -2.17943422550553 profile1
340 165.473992 -2.25754885014216 profile1
341 165.479592 -2.34050940192144 profile1
342 165.485905 -3.08840270210092 profile1
343 165.495439 -3.13053742265022 profile1
344 165.565236 -3.14481492572208 profile1
345 165.56991 -3.15596353383419 profile1
346 165.574583 -3.15294334081356 profile1
347 165.581587 -3.10372495589219 profile1
348 165.605467 -3.14017558070276 profile1
349 165.629348 -3.15628289485822 profile1
350 165.653228 -3.17229872190681 profile1
351 165.677109 -3.18368314952332 profile1
352 165.700989 -3.19745898043903 profile1
353 165.704891 -3.21842578229877 profile1
354 165.706625 -3.24057042931822 profile1
355 165.708359 -3.26373110562231 profile1
356 165.710093 -3.28773300247447 profile1
357 165.711827 -3.31239550755673 profile1
358 165.713561 -3.36577955677275 profile1
359 165.715295 -3.4401627543022 profile1
360 165.717029 -3.52553929137436 profile1
361 165.718763 -3.61514642737379 profile1
362 165.720497 -3.70097854936182 profile1
363 165.722231 -3.77569468810024 profile1
364 165.723965 -3.83458930272975 profile1
365 165.725699 -3.87887480755566 profile1
366 165.802549 -3.89155826253793 profile1
367 165.85132 -3.89260985448978 profile1
368 165.858793 -3.89605608192199 profile1
369 165.864624 -3.90383643626715 profile1
370 165.868565 -3.911518213624 profile1
371 165.872506 -3.91899240763115 profile1
372 165.876447 -3.92613983457608 profile1
373 165.880388 -3.93283358711686 profile1
374 165.884329 -3.95870509036694 profile1
375 165.88827 -3.98458605616963 profile1
376 165.892211 -4.00750282346191 profile1
377 165.896152 -4.02587635363471 profile1
378 165.900093 -4.04044726692068 profile1
379 165.912941 -4.04201565990366 profile1
380 165.925276 -4.03361752079881 profile1
381 165.925359 -4.02448738231725 profile1
382 165.925441 -4.01467042747929 profile1
383 165.930685 -4.04162463939284 profile1
384 166.172164 -4.16984692425971 profile1
385 166.181382 -4.37457259890118 profile1
386 166.1906 -4.52018155650178 profile1
387 166.324274 -4.60095580194117 profile1
388 166.325217 -4.61222585462245 profile1
389 166.32602 -4.63617697546772 profile1
390 166.326823 -4.6679323270921 profile1
391 166.327627 -4.67879313719614 profile1
392 166.32843 -4.67174048368191 profile1
393 166.377584 -4.65874219015747 profile1
394 166.382507 -4.62231579073392 profile1
395 166.38743 -4.58395690581458 profile1
396 166.394815 -4.54377392598425 profile1
397 166.403288 -4.4896263224113 profile1
398 166.407404 -4.43831533414691 profile1
399 166.411519 -4.39137309513613 profile1
400 166.415634 -4.34394467290935 profile1
401 166.419069 -4.29617211817252 profile1
402 166.422503 -4.24824194670708 profile1
403 166.425938 -4.20039149417454 profile1
404 166.429372 -4.15290413766504 profile1
405 166.432807 -4.1060979053895 profile1
406 166.439999 -4.06031681559624 profile1
407 166.448156 -4.01593748106164 profile1
408 166.475596 -3.99867346743684 profile1
409 166.491355 -4.13628137891033 profile1
410 166.507114 -4.19574271828227 profile1
411 166.522873 -4.24353296180482 profile1
412 166.537635 -4.27360113614356 profile1
413 166.55226 -4.27658497431849 profile1
414 166.566886 -4.36414209116017 profile1
415 166.581511 -4.39424343961073 profile1
416 166.592132 -4.35831618781567 profile1
417 166.599166 -4.31954021177614 profile1
418 166.606199 -4.3013944551431 profile1
419 166.613233 -4.31909966916848 profile1
420 166.62365 -4.33392779641869 profile1
421 166.754477 -4.32944440283674 profile1
422 166.783106 -4.31318394205657 profile1
423 166.802407 -4.29356882222277 profile1
424 166.805057 -4.27065809240181 profile1
425 166.807706 -4.24456254061691 profile1
426 166.811338 -4.21313574357946 profile1
427 166.839967 -4.1941284738515 profile1
428 166.951357 -4.19345606360303 profile1
429 166.992184 -4.19322415129025 profile1
430 167.033011 -4.30682968205612 profile1
431 167.073838 -4.34174318385339 profile1
432 167.142758 -4.32623322706649 profile1
433 167.274124 -4.30064347813705 profile1
434 167.282638 -4.28098679276314 profile1
435 167.286179 -4.26239162750802 profile1
436 167.289719 -4.24521593712061 profile1
437 167.29326 -4.23239963893748 profile1
438 167.306473 -4.2568759511442 profile1
439 167.322761 -4.2805487875688 profile1
440 167.349466 -4.28972986134708 profile1
441 167.360748 -4.28655654668013 profile1
442 167.37203 -4.28333022500818 profile1
443 167.396998 -4.28013767258874 profile1
444 167.523201 -4.27480420356033 profile1
445 167.545144 -4.3544378761332 profile1
446 167.556235 -4.41082929398573 profile1
447 167.567326 -4.42313005672596 profile1
448 167.647654 -4.54885303899143 profile1
449 167.755373 -4.54672447907577 profile1
450 167.788738 -4.54199911811815 profile1
451 167.822104 -4.53714490258722 profile1
452 167.836721 -4.53756769267623 profile1
453 167.845502 -4.53977815174485 profile1
454 167.854284 -4.54210113715011 profile1
455 167.858563 -4.54451540355253 profile1
456 167.860327 -4.54720375127068 profile1
457 167.862092 -4.55059773807182 profile1
458 167.863857 -4.54752788106382 profile1
459 167.865622 -4.53573994586027 profile1
460 167.86764 -4.52414941484513 profile1
461 167.871511 -4.51209813728988 profile1
462 167.876871 -4.49942523897034 profile1
463 167.882232 -4.48616870471661 profile1
464 167.887593 -4.47236997688937 profile1
465 167.913375 -4.46148401805545 profile1
466 167.920966 -4.45899674347616 profile1
467 167.928557 -4.45865915205305 profile1
468 168.002821 -4.4579002536724 profile1
469 168.013929 -4.45582884268242 profile1
470 168.020304 -4.45415945263171 profile1
471 168.023961 -4.43804595608996 profile1
472 168.02735 -4.4140173880348 profile1
473 168.030739 -4.35894955029695 profile1
474 168.034128 -4.13054345840388 profile1
475 168.037518 -4.13083803761448 profile1
476 168.042103 -4.13149854085283 profile1
477 168.057523 -4.12993395387431 profile1
478 168.241031 -4.12779885811563 profile1
479 168.273712 -4.09328910322632 profile1
480 168.276509 -4.05466152155385 profile1
481 168.279306 -4.01704834173389 profile1
482 168.282103 -3.98061225300113 profile1
483 168.2849 -3.94550728636758 profile1
484 168.287697 -3.91187652644658 profile1
485 168.291368 -3.86958835174517 profile1
486 168.295216 -3.82482291019418 profile1
487 168.301388 -3.78369280232871 profile1
488 168.308464 -3.79558802274426 profile1
489 168.31554 -3.78663527431504 profile1
490 168.322616 -3.75804615537278 profile1
491 168.369835 -3.74341381263958 profile1
492 168.372164 -3.74301762318729 profile1
493 168.374493 -3.74261952056608 profile1
494 168.376821 -3.74621975229226 profile1
495 162.797792 -2.35892666743147 profile2
496 162.802465 -2.34005423244814 profile2
497 162.807137 -2.33107790365691 profile2
498 162.891193 -2.39997352135676 profile2
499 162.899169 -2.41127323359801 profile2
500 162.907146 -2.54099473811836 profile2
501 162.915122 -2.60948346721898 profile2
502 162.923098 -2.66189930824499 profile2
503 162.931074 -2.71203029217113 profile2
504 162.93905 -2.75990432228847 profile2
505 162.97044 -2.73120687507947 profile2
506 162.976744 -2.6990450238485 profile2
507 162.983048 -2.68994866623285 profile2
508 162.989352 -2.82552619656681 profile2
509 162.995537 -2.74730343557013 profile2
510 162.997832 -2.90663641281522 profile2
511 163.00011 -2.9505018885759 profile2
512 163.002388 -2.94245992124122 profile2
513 163.004665 -2.93308329461401 profile2
514 163.006943 -2.92233747460371 profile2
515 163.009221 -2.91019219159449 profile2
516 163.011499 -2.8966213756869 profile2
517 163.013777 -2.88160368057652 profile2
518 163.016054 -2.8638042592339 profile2
519 163.018332 -2.84273265358888 profile2
520 163.02061 -2.82012155355827 profile2
521 163.022888 -2.79597508671868 profile2
522 163.025166 -2.77035933867527 profile2
523 163.029526 -2.74332256492361 profile2
524 163.045161 -2.71123773583069 profile2
525 163.061794 -2.67747017396493 profile2
526 163.078427 -2.59539297466441 profile2
527 163.09506 -2.47407750582515 profile2
528 163.111693 -2.34571855273411 profile2
529 163.125708 -2.18434162531414 profile2
530 163.137394 -1.90493834782839 profile2
531 163.14908 -1.78849852949287 profile2
532 163.154021 -1.66199440489639 profile2
533 163.156127 -1.53899931835224 profile2
534 163.157556 -1.42149745474541 profile2
535 163.158891 -1.31156137353542 profile2
536 163.160225 -1.21118612879626 profile2
537 163.161559 -1.12209651988373 profile2
538 163.162894 -1.04557712039132 profile2
539 163.164228 -0.982348823979321 profile2
540 163.165562 -0.932527148224669 profile2
541 163.166897 -0.895617402838925 profile2
542 163.26265 -0.77173192888296 profile2
543 163.413317 -0.399623058509373 profile2
544 163.495816 -0.230691780081244 profile2
545 163.507977 -0.148743158764595 profile2
546 163.520139 -0.0849759707661798 profile2
547 163.582672 0 profile2
548 164.022416 0.186695281916794 profile2
549 164.027702 -0.00173980343371233 profile2
550 164.032987 -0.005409728685137 profile2
551 164.064248 0.00187961659891706 profile2
552 164.070405 0.0148373756158368 profile2
553 164.076561 0.0278088521337812 profile2
554 164.255184 0.468699944419366 profile2
555 164.291807 1.18460155608312 profile2
556 164.314068 0.935240415129606 profile2
557 164.325529 1.00898669822357 profile2
558 164.336991 1.08725093069438 profile2
559 164.348452 1.16939875856218 profile2
560 164.60536 1.15744411366685 profile2
561 164.617986 1.19400306545622 profile2
562 164.628884 1.21923268585713 profile2
563 164.636687 1.23257432037731 profile2
564 164.648869 1.23688682673774 profile2
565 164.66892 1.25264148434725 profile2
566 164.758936 1.32303820733076 profile2
567 165.053217 0.955723972865414 profile2
568 165.121823 0.912939852094657 profile2
569 165.132678 0.897682991997913 profile2
570 165.143532 1.61324887248039 profile2
571 165.154046 2.0448192016234 profile2
572 165.15722 2.05390016731899 profile2
573 165.160395 2.04498014378968 profile2
574 165.163569 1.99976211660023 profile2
575 165.195982 1.95582734667871 profile2
576 165.223558 1.92856929949011 profile2
577 165.251135 1.90422567537349 profile2
578 165.276843 1.98305017200656 profile2
579 165.283031 1.94790280385522 profile2
580 165.290201 1.80876739134151 profile2
581 165.297626 1.65749083439771 profile2
582 165.445995 1.47159963349739 profile2
583 165.451594 1.33710971477055 profile2
584 165.457194 1.19570222402286 profile2
585 165.462793 1.09341458733629 profile2
586 165.468393 1.0020193554251 profile2
587 165.473992 0.911088828039969 profile2
588 165.479592 0.821401773309849 profile2
589 165.485905 -0.382250513844827 profile2
590 165.495439 -0.440587565122036 profile2
591 165.565236 -0.414935866166329 profile2
592 165.56991 -0.373807150690338 profile2
593 165.574583 -0.328278166866689 profile2
594 165.581587 -0.247387189627041 profile2
595 165.605467 -0.272002771386819 profile2
596 165.629348 -0.279409816719693 profile2
597 165.653228 -0.287984873762496 profile2
598 165.677109 -0.295841457170737 profile2
599 165.700989 -0.328076592763874 profile2
600 165.704891 -0.380520348176085 profile2
601 165.706625 -0.432891481848217 profile2
602 165.708359 -0.48486713488327 profile2
603 165.710093 -0.536122031453276 profile2
604 165.711827 -0.586335836215998 profile2
605 165.713561 -0.648624222961741 profile2
606 165.715295 -0.724750920523322 profile2
607 165.717029 -0.810979355920472 profile2
608 165.718763 -0.904002118330861 profile2
609 165.720497 -0.99909195251378 profile2
610 165.722231 -1.09096626484538 profile2
611 165.723965 -1.17336584502507 profile2
612 165.725699 -1.19295318401686 profile2
613 165.802549 -1.19092196274428 profile2
614 165.85132 -1.18435831261607 profile2
615 165.858793 -1.17375168465338 profile2
616 165.864624 -1.19330748604341 profile2
617 165.868565 -1.22332140245993 profile2
618 165.872506 -1.26367637496628 profile2
619 165.876447 -1.31400273655914 profile2
620 165.880388 -1.37368306282474 profile2
621 165.884329 -1.41767642223866 profile2
622 165.88827 -1.46487776539481 profile2
623 165.892211 -1.48662919118327 profile2
624 165.896152 -1.46303130509744 profile2
625 165.900093 -1.44126933851595 profile2
626 165.912941 -1.43912174187409 profile2
627 165.925276 -1.45143421690501 profile2
628 165.925359 -1.46095386610544 profile2
629 165.925441 -1.47003274762865 profile2
630 165.930685 -1.48201381239094 profile2
631 166.172164 -1.47747482809612 profile2
632 166.181382 -1.4458236007474 profile2
633 166.1906 -1.38739180781084 profile2
634 166.324274 -1.37099009637151 profile2
635 166.325217 -1.40253561454466 profile2
636 166.32602 -1.43490760914829 profile2
637 166.326823 -1.46564995256452 profile2
638 166.327627 -1.49255064874888 profile2
639 166.32843 -1.51729664778609 profile2
640 166.377584 -1.54153261121758 profile2
641 166.382507 -1.5679907205339 profile2
642 166.38743 -1.59903479537199 profile2
643 166.394815 -1.63440599101471 profile2
644 166.403288 -1.66327750946091 profile2
645 166.407404 -1.68164759977158 profile2
646 166.411519 -1.65957257422578 profile2
647 166.415634 -1.6333077651387 profile2
648 166.419069 -1.60149920623132 profile2
649 166.422503 -1.56289893411433 profile2
650 166.425938 -1.51648870059097 profile2
651 166.429372 -1.46159066896614 profile2
652 166.432807 -1.3979506131144 profile2
653 166.439999 -1.32576352013691 profile2
654 166.448156 -1.2455500306169 profile2
655 166.475596 -1.16391712113801 profile2
656 166.491355 -1.12308521913363 profile2
657 166.507114 -1.11434514275488 profile2
658 166.522873 -1.12307237437532 profile2
659 166.537635 -1.14292773925015 profile2
660 166.55226 -1.1415531617227 profile2
661 166.566886 -1.14462728124978 profile2
662 166.581511 -1.16892021540333 profile2
663 166.592132 -1.24855290572954 profile2
664 166.599166 -1.3208095833922 profile2
665 166.606199 -1.36630593721271 profile2
666 166.613233 -1.37944523935801 profile2
667 166.62365 -1.38954933347282 profile2
668 166.754477 -1.59331893374526 profile2
669 166.783106 -1.58241502424891 profile2
670 166.802407 -1.57199125324801 profile2
671 166.805057 -1.56022080651294 profile2
672 166.807706 -1.54708215558656 profile2
673 166.811338 -1.53938869672171 profile2
674 166.839967 -1.53103999338712 profile2
675 166.951357 -1.51637407745338 profile2
676 166.992184 -1.50798505408589 profile2
677 167.033011 -1.50478193488267 profile2
678 167.073838 -1.4893506320993 profile2
679 167.142758 -1.47455930805836 profile2
680 167.274124 -1.70670610324213 profile2
681 167.282638 -1.76184834767061 profile2
682 167.286179 -1.83538281811914 profile2
683 167.289719 -1.92692054259558 profile2
684 167.29326 -2.0244004611355 profile2
685 167.306473 -2.12324905101057 profile2
686 167.322761 -2.1304061052312 profile2
687 167.349466 -2.11785456332151 profile2
688 167.360748 -2.1072742047397 profile2
689 167.37203 -2.09674039151362 profile2
690 167.396998 -2.0860385124957 profile2
691 167.523201 -2.01534256310552 profile2
692 167.545144 -2.05393995058613 profile2
693 167.556235 -2.12914335479081 profile2
694 167.567326 -2.17923875391039 profile2
695 167.647654 -2.14532586554593 profile2
696 167.755373 -2.13265524531148 profile2
697 167.788738 -2.12010180530386 profile2
698 167.822104 -2.10762483073859 profile2
699 167.836721 -2.09923753571268 profile2
700 167.845502 -2.0920664636692 profile2
701 167.854284 -2.0848786656397 profile2
702 167.858563 -2.07775648320153 profile2
703 167.860327 -2.06959649024844 profile2
704 167.862092 -2.05803971698828 profile2
705 167.863857 -2.04495714071417 profile2
706 167.865622 -2.02982997779325 profile2
707 167.86764 -2.02554977437857 profile2
708 167.871511 -2.02427619418902 profile2
709 167.876871 -2.02373927212843 profile2
710 167.882232 -2.02393382221425 profile2
711 167.887593 -2.02485374542996 profile2
712 167.913375 -2.02627185996432 profile2
713 167.920966 -2.02704004684257 profile2
714 167.928557 -2.02773572709057 profile2
715 168.002821 -2.02548340335228 profile2
716 168.013929 -2.01356572629956 profile2
717 168.020304 -2.00286098854273 profile2
718 168.023961 -1.99747659847382 profile2
719 168.02735 -1.99581187381997 profile2
720 168.030739 -1.99555236922377 profile2
721 168.034128 -2.05683439773568 profile2
722 168.037518 -2.0542447807844 profile2
723 168.042103 -2.05409519492012 profile2
724 168.057523 -2.15306942967713 profile2
725 168.241031 -2.19369686003497 profile2
726 168.273712 -2.19993215551026 profile2
727 168.276509 -2.20630361223967 profile2
728 168.279306 -2.21289903599217 profile2
729 168.282103 -2.21972287972667 profile2
730 168.2849 -2.22678035057241 profile2
731 168.287697 -2.23407536387463 profile2
732 168.291368 -2.25146861398655 profile2
733 168.295216 -2.27891744314345 profile2
734 168.301388 -2.31764870358949 profile2
735 168.308464 -2.5259113249357 profile2
736 168.31554 -2.80692209137928 profile2
737 168.322616 -3.12249965329733 profile2
738 168.369835 -3.25115951171492 profile2
739 168.372164 -3.26036275532673 profile2
740 168.374493 -3.26969443366155 profile2
741 168.376821 -3.28989400618199 profile2
