marker_position lod trace
1 162.797792 -5.67541656235927 pleio
2 162.802465 -5.61074077568247 pleio
3 162.807137 -5.56849568901226 pleio
4 162.891193 -5.27041505018452 pleio
5 162.899169 -5.28367537671755 pleio
6 162.907146 -5.58856454081989 pleio
7 162.915122 -5.62195326022809 pleio
8 162.923098 -5.54542401177745 pleio
9 162.931074 -5.46742797569175 pleio
10 162.93905 -5.39027685810908 pleio
11 162.97044 -5.25063094604851 pleio
12 162.976744 -5.2338703474671 pleio
13 162.983048 -5.21543539974969 pleio
14 162.989352 -5.30116622516185 pleio
15 162.995537 -5.26825122592178 pleio
16 162.997832 -5.72518148980778 pleio
17 163.00011 -5.81179293656004 pleio
18 163.002388 -5.78205166963738 pleio
19 163.004665 -5.75223497735375 pleio
20 163.006943 -5.72237070996471 pleio
21 163.009221 -5.69248835907857 pleio
22 163.011499 -5.66262130943931 pleio
23 163.013777 -5.63280287535752 pleio
24 163.016054 -5.60228427857595 pleio
25 163.018332 -5.57090427213396 pleio
26 163.02061 -5.53977887514487 pleio
27 163.022888 -5.5089592055221 pleio
28 163.025166 -5.47893977776287 pleio
29 163.029526 -5.44991283402397 pleio
30 163.045161 -5.42401164765166 pleio
31 163.061794 -5.40151009105836 pleio
32 163.078427 -5.38252526579531 pleio
33 163.09506 -5.38478489749185 pleio
34 163.111693 -5.43206375133887 pleio
35 163.125708 -5.52706793430073 pleio
36 163.137394 -5.867891223981 pleio
37 163.14908 -6.31825476851114 pleio
38 163.154021 -6.18639864793757 pleio
39 163.156127 -6.06769696514313 pleio
40 163.157556 -5.96448803305193 pleio
41 163.158891 -5.87885331110612 pleio
42 163.160225 -5.8124152704383 pleio
43 163.161559 -5.76617710119205 pleio
44 163.162894 -5.74041916707765 pleio
45 163.164228 -5.73468899251669 pleio
46 163.165562 -5.74787309933531 pleio
47 163.166897 -5.77815849092464 pleio
48 163.26265 -5.33237960839256 pleio
49 163.413317 -4.00764125742705 pleio
50 163.495816 -3.75900419731585 pleio
51 163.507977 -3.5478751791182 pleio
52 163.520139 -3.35587269077656 pleio
53 163.582672 -3.17095324680396 pleio
54 164.022416 0 pleio
55 164.027702 -0.306750741082822 pleio
56 164.032987 -0.633672605162949 pleio
57 164.064248 -0.826961441849667 pleio
58 164.070405 -0.833862204921998 pleio
59 164.076561 -0.840950581970219 pleio
60 164.255184 -2.46439813812871 pleio
61 164.291807 -2.13777053157148 pleio
62 164.314068 -2.19884922874059 pleio
63 164.325529 -2.13504406942133 pleio
64 164.336991 -2.12290868896446 pleio
65 164.348452 -2.23182461011922 pleio
66 164.60536 -2.33655615118932 pleio
67 164.617986 -2.36500013946671 pleio
68 164.628884 -2.40567298882654 pleio
69 164.636687 -2.45577622944629 pleio
70 164.648869 -2.49925242431071 pleio
71 164.66892 -2.52565017553537 pleio
72 164.758936 -2.68887630538183 pleio
73 165.053217 -3.30526091447762 pleio
74 165.121823 -3.38667784919072 pleio
75 165.132678 -3.32618763233202 pleio
76 165.143532 -2.79986970521556 pleio
77 165.154046 -2.34084672621411 pleio
78 165.15722 -2.51114819488277 pleio
79 165.160395 -2.50570842473204 pleio
80 165.163569 -2.46546937454731 pleio
81 165.195982 -2.60070495869293 pleio
82 165.223558 -2.5731741260974 pleio
83 165.251135 -2.51470424799852 pleio
84 165.276843 -2.34977385720041 pleio
85 165.283031 -2.33526079842477 pleio
86 165.290201 -2.33339161932153 pleio
87 165.297626 -2.19614921070437 pleio
88 165.445995 -2.00765737667525 pleio
89 165.451594 -1.87713685522889 pleio
90 165.457194 -1.76486108175425 pleio
91 165.462793 -1.70828888101033 pleio
92 165.468393 -1.66364375560646 pleio
93 165.473992 -1.61971453459129 pleio
94 165.479592 -1.57676628803599 pleio
95 165.485905 -3.4626205866618 pleio
96 165.495439 -3.37666008729782 pleio
97 165.565236 -3.32870135211125 pleio
98 165.56991 -3.22541767142029 pleio
99 165.574583 -3.17534355679451 pleio
100 165.581587 -3.15581918690581 pleio
101 165.605467 -3.0992541455852 pleio
102 165.629348 -3.06255433993302 pleio
103 165.653228 -3.02790440651604 pleio
104 165.677109 -3.00716562992976 pleio
105 165.700989 -3.03591812896038 pleio
106 165.704891 -3.15511594884798 pleio
107 165.706625 -3.28323407709625 pleio
108 165.708359 -3.41989302388416 pleio
109 165.710093 -3.56457744984929 pleio
110 165.711827 -3.71663620052921 pleio
111 165.713561 -4.05565616069647 pleio
112 165.715295 -4.5074795152877 pleio
113 165.717029 -5.03020426652149 pleio
114 165.718763 -5.61238752557456 pleio
115 165.720497 -6.23218320717045 pleio
116 165.722231 -6.86006161331533 pleio
117 165.723965 -7.45759008437772 pleio
118 165.725699 -7.75134917786568 pleio
119 165.802549 -7.93618894357714 pleio
120 165.85132 -8.0072524993835 pleio
121 165.858793 -8.02410567542833 pleio
122 165.864624 -8.04475723699487 pleio
123 165.868565 -8.07144394838239 pleio
124 165.872506 -8.10449915714365 pleio
125 165.876447 -8.14415077578292 pleio
126 165.880388 -8.19049726936415 pleio
127 165.884329 -8.27272588754165 pleio
128 165.88827 -8.36968424297658 pleio
129 165.892211 -8.48230994781583 pleio
130 165.896152 -8.6194250144343 pleio
131 165.900093 -8.76275580122869 pleio
132 165.912941 -8.86574174403511 pleio
133 165.925276 -8.92855733563879 pleio
134 165.925359 -8.98952363046799 pleio
135 165.925441 -9.04763866222031 pleio
136 165.930685 -9.15453157754077 pleio
137 166.172164 -9.18727143407282 pleio
138 166.181382 -9.15063019184305 pleio
139 166.1906 -9.08784420453999 pleio
140 166.324274 -9.14022108802185 pleio
141 166.325217 -9.17080190473854 pleio
142 166.32602 -9.21128574608315 pleio
143 166.326823 -9.25611746065861 pleio
144 166.327627 -9.29822496250735 pleio
145 166.32843 -9.33398110002051 pleio
146 166.377584 -9.36030992486684 pleio
147 166.382507 -9.36182533873596 pleio
148 166.38743 -9.36134454941973 pleio
149 166.394815 -9.35903446824083 pleio
150 166.403288 -9.38257983587038 pleio
151 166.407404 -9.41921947987288 pleio
152 166.411519 -9.49636721770188 pleio
153 166.415634 -9.56765554847885 pleio
154 166.419069 -9.6313779473617 pleio
155 166.422503 -9.68601741724093 pleio
156 166.425938 -9.73037293288603 pleio
157 166.429372 -9.76369179699018 pleio
158 166.432807 -9.78575017352053 pleio
159 166.439999 -9.79675762449017 pleio
160 166.448156 -9.79650405713878 pleio
161 166.475596 -9.80896425684428 pleio
162 166.491355 -9.90924172520628 pleio
163 166.507114 -9.97443168577999 pleio
164 166.522873 -10.0181512465377 pleio
165 166.537635 -9.98688033068743 pleio
166 166.55226 -9.99453431417026 pleio
167 166.566886 -9.98384132897494 pleio
168 166.581511 -9.95523964639072 pleio
169 166.592132 -9.92742793563958 pleio
170 166.599166 -9.94343000737252 pleio
171 166.606199 -9.98026281543117 pleio
172 166.613233 -9.9198826809114 pleio
173 166.62365 -9.95250232857458 pleio
174 166.754477 -10.1939361063364 pleio
175 166.783106 -10.303803260013 pleio
176 166.802407 -10.4088741116883 pleio
177 166.805057 -10.5130139669301 pleio
178 166.807706 -10.6169977758263 pleio
179 166.811338 -10.7215771578799 pleio
180 166.839967 -10.7946738507178 pleio
181 166.951357 -10.8169544222833 pleio
182 166.992184 -10.8265719550153 pleio
183 167.033011 -10.8690738684631 pleio
184 167.073838 -11.1881115696382 pleio
185 167.142758 -11.2593396952804 pleio
186 167.274124 -11.3505377217153 pleio
187 167.282638 -11.3953639837502 pleio
188 167.286179 -11.4391014617752 pleio
189 167.289719 -11.4820586876313 pleio
190 167.29326 -11.5106044953446 pleio
191 167.306473 -11.5169977490392 pleio
192 167.322761 -11.5847670931346 pleio
193 167.349466 -11.6192383702536 pleio
194 167.360748 -11.6115845252674 pleio
195 167.37203 -11.6034210746274 pleio
196 167.396998 -11.5946296109073 pleio
197 167.523201 -11.5340268225812 pleio
198 167.545144 -11.5233832153664 pleio
199 167.556235 -11.5614192355039 pleio
200 167.567326 -11.6086979178423 pleio
201 167.647654 -11.696527431176 pleio
202 167.755373 -11.6831612386976 pleio
203 167.788738 -11.663782740021 pleio
204 167.822104 -11.6440263944146 pleio
205 167.836721 -11.6278886966728 pleio
206 167.845502 -11.6128753626539 pleio
207 167.854284 -11.5978121516357 pleio
208 167.858563 -11.582750144225 pleio
209 167.860327 -11.5684400494968 pleio
210 167.862092 -11.5573441641713 pleio
211 167.863857 -11.5472589706442 pleio
212 167.865622 -11.5381007570617 pleio
213 167.86764 -11.5340173777424 pleio
214 167.871511 -11.5306733840221 pleio
215 167.876871 -11.5268485089312 pleio
216 167.882232 -11.5225236932769 pleio
217 167.887593 -11.5176831181486 pleio
218 167.913375 -11.507419474857 pleio
219 167.920966 -11.4983335294517 pleio
220 167.928557 -11.4924015531469 pleio
221 168.002821 -11.4958052225085 pleio
222 168.013929 -11.5307025717854 pleio
223 168.020304 -11.5653896030795 pleio
224 168.023961 -11.5983764836291 pleio
225 168.02735 -11.6301323039853 pleio
226 168.030739 -11.630521331723 pleio
227 168.034128 -11.3865564691588 pleio
228 168.037518 -11.4218689389264 pleio
229 168.042103 -11.4446659357858 pleio
230 168.057523 -11.3496636964571 pleio
231 168.241031 -11.2463329407143 pleio
232 168.273712 -11.2594613674471 pleio
233 168.276509 -11.2740614234748 pleio
234 168.279306 -11.2885446344507 pleio
235 168.282103 -11.302902208093 pleio
236 168.2849 -11.3171278646915 pleio
237 168.287697 -11.3312193016535 pleio
238 168.291368 -11.2528789821507 pleio
239 168.295216 -11.1621389070436 pleio
240 168.301388 -11.0850124767836 pleio
241 168.308464 -11.1039593709521 pleio
242 168.31554 -11.1903893367368 pleio
243 168.322616 -11.3368139981287 pleio
244 168.369835 -11.4060419587231 pleio
245 168.372164 -11.4125820096842 pleio
246 168.374493 -11.4189673261418 pleio
247 168.376821 -11.4472177104578 pleio
248 162.797792 -0.41611023125166 profile1
249 162.802465 -0.369115196978817 profile1
250 162.807137 -0.342690874438764 profile1
251 162.891193 -0.0932226284932348 profile1
252 162.899169 -0.350780760963523 profile1
253 162.907146 -0.838501141104248 profile1
254 162.915122 -0.951945901781129 profile1
255 162.923098 -0.922079776919035 profile1
256 162.931074 -0.891577856280518 profile1
257 162.93905 -0.862946313799132 profile1
258 162.97044 -0.925482006960714 profile1
259 162.976744 -0.92836087371886 profile1
260 162.983048 -0.923656558093274 profile1
261 162.989352 -1.0323371532141 profile1
262 162.995537 -1.03131901806693 profile1
263 162.997832 -1.21416932692901 profile1
264 163.00011 -1.26411191529784 profile1
265 163.002388 -1.25183168464022 profile1
266 163.004665 -1.23997904281187 profile1
267 163.006943 -1.22857927613685 profile1
268 163.009221 -1.21765712745451 profile1
269 163.011499 -1.20723968848166 profile1
270 163.013777 -1.19735094093062 profile1
271 163.016054 -1.18753010723311 profile1
272 163.018332 -1.17766271949529 profile1
273 163.02061 -1.16843374954035 profile1
274 163.022888 -1.15987323324092 profile1
275 163.025166 -1.15224668129144 profile1
276 163.029526 -1.14564463008958 profile1
277 163.045161 -1.1433997242706 profile1
278 163.061794 -1.14419002970527 profile1
279 163.078427 -1.19560142560405 profile1
280 163.09506 -1.29899918856889 profile1
281 163.111693 -1.43395834897608 profile1
282 163.125708 -1.55024553459279 profile1
283 163.137394 -1.72959280109425 profile1
284 163.14908 -1.9481602563284 profile1
285 163.154021 -1.83381849195727 profile1
286 163.156127 -1.73011075878002 profile1
287 163.157556 -1.63938379247413 profile1
288 163.158891 -1.56375386543928 profile1
289 163.160225 -1.50489405854356 profile1
290 163.161559 -1.46387121784307 profile1
291 163.162894 -1.44103636309144 profile1
292 163.164228 -1.43601415832886 profile1
293 163.165562 -1.44777260195014 profile1
294 163.166897 -1.47467908289093 profile1
295 163.26265 -1.16491874706245 profile1
296 163.413317 -0.124796710951061 profile1
297 163.495816 0.273993022861878 profile1
298 163.507977 0.364963893279108 profile1
299 163.520139 0.440630191597539 profile1
300 163.582672 0.511611136273689 profile1
301 164.022416 1.89243449547282 profile1
302 164.027702 1.66635005916192 profile1
303 164.032987 1.36485706744775 profile1
304 164.064248 1.20192659472354 profile1
305 164.070405 1.19982747630826 profile1
306 164.076561 1.19763531709923 profile1
307 164.255184 0.518823868430719 profile1
308 164.291807 0.371331312497821 profile1
309 164.314068 0.280012163988718 profile1
310 164.325529 0.310165786498927 profile1
311 164.336991 0.287302481790425 profile1
312 164.348452 0.0603831708504159 profile1
313 164.60536 -0.142385357389457 profile1
314 164.617986 -0.16683185748951 profile1
315 164.628884 -0.206002462045659 profile1
316 164.636687 -0.255990418688152 profile1
317 164.648869 -0.29771036147986 profile1
318 164.66892 -0.326186048497891 profile1
319 164.758936 -0.492597036331289 profile1
320 165.053217 -1.12236523578487 profile1
321 165.121823 -1.22702467986989 profile1
322 165.132678 -1.1922669598793 profile1
323 165.143532 -1.11068543253987 profile1
324 165.154046 -1.07676328916163 profile1
325 165.15722 -1.27705647365163 profile1
326 165.160395 -1.42110306662597 profile1
327 165.163569 -1.56989085814434 profile1
328 165.195982 -1.71769858040924 profile1
329 165.223558 -1.71702325157279 profile1
330 165.251135 -1.6838586253604 profile1
331 165.276843 -1.71710203616866 profile1
332 165.283031 -1.64782741735503 profile1
333 165.290201 -1.648001639024 profile1
334 165.297626 -1.62658414507145 profile1
335 165.445995 -1.54150719813387 profile1
336 165.451594 -1.50550396987508 profile1
337 165.457194 -1.47839518936839 profile1
338 165.462793 -1.49274571048195 profile1
339 165.468393 -1.51860290150049 profile1
340 165.473992 -1.54669382693541 profile1
341 165.479592 -1.57676628803599 profile1
342 165.485905 -2.02643527041581 profile1
343 165.495439 -2.03894686996374 profile1
344 165.565236 -2.03760408533312 profile1
345 165.56991 -1.96730756339202 profile1
346 165.574583 -1.95089216447672 profile1
347 165.581587 -1.95939156739093 profile1
348 165.605467 -1.9443150152998 profile1
349 165.629348 -1.92409732710801 profile1
350 165.653228 -1.9048655080779 profile1
351 165.677109 -1.89394297263636 profile1
352 165.700989 -1.92689012335407 profile1
353 165.704891 -1.9932168838047 profile1
354 165.706625 -2.05922444144742 profile1
355 165.708359 -2.12443555471002 profile1
356 165.710093 -2.18837064346314 profile1
357 165.711827 -2.25055727818004 profile1
358 165.713561 -2.3458014648556 profile1
359 165.715295 -2.46558217552461 profile1
360 165.717029 -2.60568279405771 profile1
361 165.718763 -2.76794773776017 profile1
362 165.720497 -2.95163290839434 profile1
363 165.722231 -3.1524926313923 profile1
364 165.723965 -3.36040143616575 profile1
365 165.725699 -3.47848249870255 profile1
366 165.802549 -3.52714506307858 profile1
367 165.85132 -3.54504823260714 profile1
368 165.858793 -3.56466959036243 profile1
369 165.864624 -3.61270745286141 profile1
370 165.868565 -3.66376337893248 profile1
371 165.872506 -3.71773365975425 profile1
372 165.876447 -3.77446632408075 profile1
373 165.880388 -3.8337583573076 profile1
374 165.884329 -3.9295610238591 profile1
375 165.88827 -4.03463417369124 profile1
376 165.892211 -4.14268600493063 profile1
377 165.896152 -4.24473330570911 profile1
378 165.900093 -4.34629681005175 profile1
379 165.912941 -4.41743165458013 profile1
380 165.925276 -4.45891646298215 profile1
381 165.925359 -4.49930919442825 profile1
382 165.925441 -4.53754363549814 profile1
383 165.930685 -4.63632096129245 profile1
384 166.172164 -4.64292055559801 profile1
385 166.181382 -4.5538781595151 profile1
386 166.1906 -4.41501055667511 profile1
387 166.324274 -4.38233671192052 profile1
388 166.325217 -4.42921453883161 profile1
389 166.32602 -4.47891038554388 profile1
390 166.326823 -4.52770873486885 profile1
391 166.327627 -4.58535684874618 profile1
392 166.32843 -4.6482635942451 profile1
393 166.377584 -4.70483161800496 profile1
394 166.382507 -4.74369804150254 profile1
395 166.38743 -4.7802904242873 profile1
396 166.394815 -4.81445540176207 profile1
397 166.403288 -4.84403702177091 profile1
398 166.407404 -4.8669501461692 profile1
399 166.411519 -4.85553185139393 profile1
400 166.415634 -4.8415588950232 profile1
401 166.419069 -4.82547347559768 profile1
402 166.422503 -4.80790157003988 profile1
403 166.425938 -4.78961172553252 profile1
404 166.429372 -4.77147602523607 profile1
405 166.432807 -4.75440228722038 profile1
406 166.439999 -4.73913725061316 profile1
407 166.448156 -4.72537145855925 profile1
408 166.475596 -4.72075180269287 profile1
409 166.491355 -4.7422325357684 profile1
410 166.507114 -4.72911778659752 profile1
411 166.522873 -4.70132415523729 profile1
412 166.537635 -4.66865748858921 profile1
413 166.55226 -4.67736107883613 profile1
414 166.566886 -4.69547619566374 profile1
415 166.581511 -4.70343347511421 profile1
416 166.592132 -4.71463502585158 profile1
417 166.599166 -4.73970119591744 profile1
418 166.606199 -4.75081870433822 profile1
419 166.613233 -4.6686991618106 profile1
420 166.62365 -4.64768912840591 profile1
421 166.754477 -4.83581269325551 profile1
422 166.783106 -4.89871252794633 profile1
423 166.802407 -4.96239896235312 profile1
424 166.805057 -5.02715100806874 profile1
425 166.807706 -5.09273193346133 profile1
426 166.811338 -5.15944512302076 profile1
427 166.839967 -5.20588247482546 profile1
428 166.951357 -5.21369994771152 profile1
429 166.992184 -5.22179835272665 profile1
430 167.033011 -5.23733237630008 profile1
431 167.073838 -5.44444872309837 profile1
432 167.142758 -5.65480870066414 profile1
433 167.274124 -5.75847040430704 profile1
434 167.282638 -5.7158240009555 profile1
435 167.286179 -5.67245742299582 profile1
436 167.289719 -5.62931045244587 profile1
437 167.29326 -5.57809008457503 profile1
438 167.306473 -5.519480656307 profile1
439 167.322761 -5.52556399506898 profile1
440 167.349466 -5.53387925524698 profile1
441 167.360748 -5.53200320092485 profile1
442 167.37203 -5.5299963288041 profile1
443 167.396998 -5.52752415363484 profile1
444 167.523201 -5.39796310635014 profile1
445 167.545144 -5.3865830670398 profile1
446 167.556235 -5.41837157691505 profile1
447 167.567326 -5.46111338630006 profile1
448 167.647654 -5.45563249243687 profile1
449 167.755373 -5.45400158180515 profile1
450 167.788738 -5.45358987315263 profile1
451 167.822104 -5.45309945321909 profile1
452 167.836721 -5.45637267823101 profile1
453 167.845502 -5.46090542566532 profile1
454 167.854284 -5.46553330866322 profile1
455 167.858563 -5.47029583730815 profile1
456 167.860327 -5.47757787748562 profile1
457 167.862092 -5.49455474454302 profile1
458 167.863857 -5.50969679471264 profile1
459 167.865622 -5.52208729264919 profile1
460 167.86764 -5.53812888837075 profile1
461 167.871511 -5.55494430138862 profile1
462 167.876871 -5.5716883909642 profile1
463 167.882232 -5.58834545830696 profile1
464 167.887593 -5.60489982662313 profile1
465 167.913375 -5.61514105173255 profile1
466 167.920966 -5.61742484059339 profile1
467 167.928557 -5.61951831181479 profile1
468 168.002821 -5.62881448774348 profile1
469 168.013929 -5.66205743632812 profile1
470 168.020304 -5.69508672844521 profile1
471 168.023961 -5.72605646705951 profile1
472 168.02735 -5.75556458345704 profile1
473 168.030739 -5.78827361856048 profile1
474 168.034128 -5.86835784854348 profile1
475 168.037518 -5.9009253312108 profile1
476 168.042103 -5.92453865535031 profile1
477 168.057523 -5.90594357546151 profile1
478 168.241031 -5.88039054033811 profile1
479 168.273712 -5.89448141128956 profile1
480 168.276509 -5.90838451936048 profile1
481 168.279306 -5.92166833982486 profile1
482 168.282103 -5.93431679479279 profile1
483 168.2849 -5.94632070391358 profile1
484 168.287697 -5.9576744203176 profile1
485 168.291368 -5.94721805911361 profile1
486 168.295216 -5.93304197268435 profile1
487 168.301388 -5.9243525291521 profile1
488 168.308464 -6.03188198409014 profile1
489 168.31554 -6.15001416513559 profile1
490 168.322616 -6.25573120154167 profile1
491 168.369835 -6.29556885211692 profile1
492 168.372164 -6.30608673525531 profile1
493 168.374493 -6.31648603357186 profile1
494 168.376821 -6.34216099877969 profile1
495 162.797792 -3.58154733102125 profile2
496 162.802465 -3.56310765006997 profile2
497 162.807137 -3.54676319727481 profile2
498 162.891193 -3.500664233293 profile2
499 162.899169 -3.26361923843755 profile2
500 162.907146 -3.08789764821506 profile2
501 162.915122 -3.0068225285034 profile2
502 162.923098 -2.95701974507292 profile2
503 162.931074 -2.90625467348724 profile2
504 162.93905 -2.85443875895497 profile2
505 162.97044 -2.65178087436837 profile2
506 162.976744 -2.63072773228278 profile2
507 162.983048 -2.61485456209626 profile2
508 162.989352 -2.58694119011529 profile2
509 162.995537 -2.55000394330761 profile2
510 162.997832 -2.77175346790395 profile2
511 163.00011 -2.79905986477588 profile2
512 163.002388 -2.77902497050409 profile2
513 163.004665 -2.75846019330787 profile2
514 163.006943 -2.73737103619603 profile2
515 163.009221 -2.71576545647176 profile2
516 163.011499 -2.69365313184351 profile2
517 163.013777 -2.67104703725339 profile2
518 163.016054 -2.6475628091727 profile2
519 163.018332 -2.62312133089945 profile2
520 163.02061 -2.5982897240722 profile2
521 163.022888 -2.57309360181132 profile2
522 163.025166 -2.54777991324163 profile2
523 163.029526 -2.52245945825929 profile2
524 163.045161 -2.49620294963874 profile2
525 163.061794 -2.47029330719655 profile2
526 163.078427 -2.39304398735074 profile2
527 163.09506 -2.28227512565156 profile2
528 163.111693 -2.18486508551912 profile2
529 163.125708 -2.14954950572613 profile2
530 163.137394 -2.29872324039063 profile2
531 163.14908 -2.55360276960392 profile2
532 163.154021 -2.52887868852582 profile2
533 163.156127 -2.50691402200378 profile2
534 163.157556 -2.4877654755928 profile2
535 163.158891 -2.47146502930599 profile2
536 163.160225 -2.45802700629529 profile2
537 163.161559 -2.44744697027587 profile2
538 163.162894 -2.43970411325363 profile2
539 163.164228 -2.43475902605842 profile2
540 163.165562 -2.43255445037985 profile2
541 163.166897 -2.43292204220323 profile2
542 163.26265 -2.28341819703768 profile2
543 163.413317 -1.99584776385866 profile2
544 163.495816 -2.16874810432564 profile2
545 163.507977 -2.06359163855026 profile2
546 163.520139 -1.95900108041565 profile2
547 163.582672 -1.84806603672818 profile2
548 164.022416 0 profile2
549 164.027702 -0.0666455643173237 profile2
550 164.032987 -0.0884803957672709 profile2
551 164.064248 -0.118079632785606 profile2
552 164.070405 -0.122048551907194 profile2
553 164.076561 -0.126125866865387 profile2
554 164.255184 -1.06296884220438 profile2
555 164.291807 -0.602954338659669 profile2
556 164.314068 -0.576657082285871 profile2
557 164.325529 -0.542304626799787 profile2
558 164.336991 -0.506939711700091 profile2
559 164.348452 -0.390862601125445 profile2
560 164.60536 -0.304532550987778 profile2
561 164.617986 -0.308441744192904 profile2
562 164.628884 -0.31061347281237 profile2
563 164.636687 -0.3116271515094 profile2
564 164.648869 -0.313464272862075 profile2
565 164.66892 -0.31131522794634 profile2
566 164.758936 -0.310167208628469 profile2
567 165.053217 -0.295230609171757 profile2
568 165.121823 -0.27135355745365 profile2
569 165.132678 -0.244860931402906 profile2
570 165.143532 0.196826906824891 profile2
571 165.154046 0.634722604911736 profile2
572 165.15722 0.668495435397033 profile2
573 165.160395 0.818908715464477 profile2
574 165.163569 1.00302823908116 profile2
575 165.195982 1.01252734314618 profile2
576 165.223558 1.03885043576191 profile2
577 165.251135 1.06396760001816 profile2
578 165.276843 1.25951341696206 profile2
579 165.283031 1.19692490430202 profile2
580 165.290201 1.19998169152314 profile2
581 165.297626 1.32420766243256 profile2
582 165.445995 1.43015812076771 profile2
583 165.451594 1.52411758344217 profile2
584 165.457194 1.6095215931852 profile2
585 165.462793 1.68003034538675 profile2
586 165.468393 1.7496640020887 profile2
587 165.473992 1.82063665725161 profile2
588 165.479592 1.89243449547282 profile2
589 165.485905 0.308170287396343 profile2
590 165.495439 0.405139139309012 profile2
591 165.565236 0.450027861083865 profile2
592 165.56991 0.480660252593292 profile2
593 165.574583 0.510922210303887 profile2
594 165.581587 0.535199366883064 profile2
595 165.605467 0.574792798496881 profile2
596 165.629348 0.591187956301372 profile2
597 165.653228 0.606562692681389 profile2
598 165.677109 0.616556034403663 profile2
599 165.700989 0.620813530562721 profile2
600 165.704891 0.567252791726986 profile2
601 165.706625 0.504081705826488 profile2
602 165.708359 0.431201762565948 profile2
603 165.710093 0.348652589611364 profile2
604 165.711827 0.256621652895788 profile2
605 165.713561 0.00681478233037179 profile2
606 165.715295 -0.331879582124798 profile2
607 165.717029 -0.720245613758404 profile2
608 165.718763 -1.14451238542223 profile2
609 165.720497 -1.5833623902206 profile2
610 165.722231 -2.01167195294053 profile2
611 165.723965 -2.40175311382824 profile2
612 165.725699 -2.5809275425148 profile2
613 165.802549 -2.71614369117227 profile2
614 165.85132 -2.76780566682275 profile2
615 165.858793 -2.76561307000287 profile2
616 165.864624 -2.73873782426843 profile2
617 165.868565 -2.71490385864519 profile2
618 165.872506 -2.69453461796849 profile2
619 165.876447 -2.67799518373959 profile2
620 165.880388 -2.66557176709258 profile2
621 165.884329 -2.65291494337725 profile2
622 165.88827 -2.64605513810635 profile2
623 165.892211 -2.65181916417746 profile2
624 165.896152 -2.68756702716733 profile2
625 165.900093 -2.73005730973304 profile2
626 165.912941 -2.76053691054039 profile2
627 165.925276 -2.77839241953247 profile2
628 165.925359 -2.79531855957761 profile2
629 165.925441 -2.81140523873417 profile2
630 165.930685 -2.81432449576978 profile2
631 166.172164 -2.84116881933492 profile2
632 166.181382 -2.90192693220432 profile2
633 166.1906 -2.99223968154135 profile2
634 166.324274 -3.0885006965201 profile2
635 166.325217 -3.07119976075671 profile2
636 166.32602 -3.06012679413959 profile2
637 166.326823 -3.05375162337984 profile2
638 166.327627 -3.03637778378969 profile2
639 166.32843 -3.00793878564562 profile2
640 166.377584 -2.97679361502422 profile2
641 166.382507 -2.94016816643512 profile2
642 166.38743 -2.90387827068119 profile2
643 166.394815 -2.868231671825 profile2
644 166.403288 -2.86409107048176 profile2
645 166.407404 -2.87969330053953 profile2
646 166.411519 -2.97276665138184 profile2
647 166.415634 -3.06339737621625 profile2
648 166.419069 -3.14934067757803 profile2
649 166.422503 -3.22831699903681 profile2
650 166.425938 -3.29818503004996 profile2
651 166.429372 -3.35712325444692 profile2
652 166.432807 -3.4037924823589 profile2
653 166.439999 -3.43745742819079 profile2
654 166.448156 -3.45807461380071 profile2
655 166.475596 -3.48195727059185 profile2
656 166.491355 -3.5655620635613 profile2
657 166.507114 -3.64733918861369 profile2
658 166.522873 -3.7214982230195 profile2
659 166.537635 -3.72387544346874 profile2
660 166.55226 -3.72326655036058 profile2
661 166.566886 -3.69682471207661 profile2
662 166.581511 -3.66090640227012 profile2
663 166.592132 -3.62225809949077 profile2
664 166.599166 -3.61571578122461 profile2
665 166.606199 -3.64642353967319 profile2
666 166.613233 -3.67306957738753 profile2
667 166.62365 -3.72295441576477 profile2
668 166.754477 -3.77486869756264 profile2
669 166.783106 -3.82316095177041 profile2
670 166.802407 -3.86529065999588 profile2
671 166.805057 -3.904801064952 profile2
672 166.807706 -3.94271967268505 profile2
673 166.811338 -3.97965286870332 profile2
674 166.839967 -4.0052591180192 profile2
675 166.951357 -4.01684316651289 profile2
676 166.992184 -4.0188412900268 profile2
677 167.033011 -4.04637234492919 profile2
678 167.073838 -4.1814036908527 profile2
679 167.142758 -4.04436705575208 profile2
680 167.274124 -4.0341370225341 profile2
681 167.282638 -4.12544180515251 profile2
682 167.286179 -4.21693134665017 profile2
683 167.289719 -4.30792972027538 profile2
684 167.29326 -4.39247136858831 profile2
685 167.306473 -4.46044539347494 profile2
686 167.322761 -4.52215341536935 profile2
687 167.349466 -4.54850264707514 profile2
688 167.360748 -4.5437354367061 profile2
689 167.37203 -4.53854819363361 profile2
690 167.396998 -4.53314625317876 profile2
691 167.523201 -4.59616218181323 profile2
692 167.545144 -4.59519759090059 profile2
693 167.556235 -4.59769648951705 profile2
694 167.567326 -4.59822052217357 profile2
695 167.647654 -4.68155229640539 profile2
696 167.755373 -4.67069423479971 profile2
697 167.788738 -4.65287229880519 profile2
698 167.822104 -4.63474122309069 profile2
699 167.836721 -4.61603820943974 profile2
700 167.845502 -4.59702699376417 profile2
701 167.854284 -4.57782297974749 profile2
702 167.858563 -4.55843910080249 profile2
703 167.860327 -4.5371782255482 profile2
704 167.862092 -4.50916542379672 profile2
705 167.863857 -4.48427167454917 profile2
706 167.865622 -4.46341554866246 profile2
707 167.86764 -4.44237257702633 profile2
708 167.871511 -4.42091350820981 profile2
709 167.876871 -4.39901858895807 profile2
710 167.882232 -4.37668621263047 profile2
711 167.887593 -4.35391839592735 profile2
712 167.913375 -4.3323564872109 profile2
713 167.920966 -4.32022152019163 profile2
714 167.928557 -4.31137649039626 profile2
715 168.002821 -4.30497493986365 profile2
716 168.013929 -4.30725615698444 profile2
717 168.020304 -4.30967961573487 profile2
718 168.023961 -4.31243480544191 profile2
719 168.02735 -4.31547805380935 profile2
720 168.030739 -4.28012798704571 profile2
721 168.034128 -3.92620153311562 profile2
722 168.037518 -3.92990816061394 profile2
723 168.042103 -3.92965136207937 profile2
724 168.057523 -3.8486356445662 profile2
725 168.241031 -3.77369176039618 profile2
726 168.273712 -3.77284733031806 profile2
727 168.276509 -3.77378775533434 profile2
728 168.279306 -3.77528059389682 profile2
729 168.282103 -3.77732894150672 profile2
730 168.2849 -3.77993102821306 profile2
731 168.287697 -3.78308537258012 profile2
732 168.291368 -3.71828955505641 profile2
733 168.295216 -3.6461319966512 profile2
734 168.301388 -3.58238497127314 profile2
735 168.308464 -3.49476340681984 profile2
736 168.31554 -3.47049407990466 profile2
737 168.322616 -3.52450678785779 profile2
738 168.369835 -3.55971444884641 profile2
739 168.372164 -3.55539851049156 profile2
740 168.374493 -3.55106956442011 profile2
741 168.376821 -3.55428126493356 profile2
