marker_position lod trace
1 162.797792 -16.6708949633589 pleio
2 162.802465 -16.5164582624564 pleio
3 162.807137 -16.3865356063291 pleio
4 162.891193 -16.2614987818828 pleio
5 162.899169 -16.1931659979667 pleio
6 162.907146 -16.4174093166768 pleio
7 162.915122 -16.5200805628976 pleio
8 162.923098 -16.4959859727769 pleio
9 162.931074 -16.4800994004428 pleio
10 162.93905 -16.4738630963681 pleio
11 162.97044 -16.259847327114 pleio
12 162.976744 -16.222559732716 pleio
13 162.983048 -16.1403210431764 pleio
14 162.989352 -16.0909368314861 pleio
15 162.995537 -15.7718755001936 pleio
16 162.997832 -14.4542682245286 pleio
17 163.00011 -14.1521022238889 pleio
18 163.002388 -14.0452753016318 pleio
19 163.004665 -13.9383511935268 pleio
20 163.006943 -13.8314921542919 pleio
21 163.009221 -13.724866841774 pleio
22 163.011499 -13.618649476928 pleio
23 163.013777 -13.5130189531094 pleio
24 163.016054 -13.408605147096 pleio
25 163.018332 -13.3058255818117 pleio
26 163.02061 -13.2043159583546 pleio
27 163.022888 -13.1042735227423 pleio
28 163.025166 -13.0066696180222 pleio
29 163.029526 -12.9119741186937 pleio
30 163.045161 -12.8224113553195 pleio
31 163.061794 -12.7395438379936 pleio
32 163.078427 -12.6287171100802 pleio
33 163.09506 -12.5049376823769 pleio
34 163.111693 -12.4043640632252 pleio
35 163.125708 -12.3367060651098 pleio
36 163.137394 -9.49725255446947 pleio
37 163.14908 -8.37566010475192 pleio
38 163.154021 -8.06004618727705 pleio
39 163.156127 -7.76311699590162 pleio
40 163.157556 -7.48924978816929 pleio
41 163.158891 -7.24301703272803 pleio
42 163.160225 -7.02889122425549 pleio
43 163.161559 -6.85089014287373 pleio
44 163.162894 -6.71222014106099 pleio
45 163.164228 -6.61498644931076 pleio
46 163.165562 -6.56002695314722 pleio
47 163.166897 -6.54680750885787 pleio
48 163.26265 -5.54082088007128 pleio
49 163.413317 -3.53721768436989 pleio
50 163.495816 -1.46015735096238 pleio
51 163.507977 -0.972362529202732 pleio
52 163.520139 -0.585811644243813 pleio
53 163.582672 -0.318408541354732 pleio
54 164.022416 0 pleio
55 164.027702 -0.965359854238581 pleio
56 164.032987 -1.8427568932897 pleio
57 164.064248 -2.25481571889175 pleio
58 164.070405 -2.24125637151539 pleio
59 164.076561 -2.22809880615483 pleio
60 164.255184 -3.79407054588768 pleio
61 164.291807 -5.67944630171231 pleio
62 164.314068 -6.01796042609046 pleio
63 164.325529 -6.13876439822164 pleio
64 164.336991 -6.41177188725506 pleio
65 164.348452 -7.19276084689603 pleio
66 164.60536 -7.91558803324388 pleio
67 164.617986 -7.96354147354511 pleio
68 164.628884 -8.0546491735329 pleio
69 164.636687 -8.17325416578475 pleio
70 164.648869 -8.26001087198582 pleio
71 164.66892 -8.29493567049288 pleio
72 164.758936 -8.57042717486775 pleio
73 165.053217 -9.33448413884828 pleio
74 165.121823 -9.40016001920637 pleio
75 165.132678 -9.38907198222931 pleio
76 165.143532 -9.35607715957121 pleio
77 165.154046 -8.88754732063877 pleio
78 165.15722 -8.9714655280899 pleio
79 165.160395 -9.13209097660256 pleio
80 165.163569 -9.37196588122278 pleio
81 165.195982 -9.57812167932634 pleio
82 165.223558 -9.62280705308233 pleio
83 165.251135 -9.63108926026383 pleio
84 165.276843 -9.64923927571663 pleio
85 165.283031 -9.75182109161997 pleio
86 165.290201 -9.80726862212639 pleio
87 165.297626 -9.64850876109944 pleio
88 165.445995 -9.65463479276945 pleio
89 165.451594 -9.65365581040048 pleio
90 165.457194 -9.66364815352332 pleio
91 165.462793 -9.72454012602596 pleio
92 165.468393 -9.80373589171507 pleio
93 165.473992 -9.88988077314034 pleio
94 165.479592 -9.98212376861683 pleio
95 165.485905 -12.5659610771778 pleio
96 165.495439 -12.6348755207855 pleio
97 165.565236 -12.5347358437585 pleio
98 165.56991 -12.2886107026347 pleio
99 165.574583 -12.1796376090911 pleio
100 165.581587 -12.1079959055288 pleio
101 165.605467 -12.1111965131553 pleio
102 165.629348 -12.1030104518517 pleio
103 165.653228 -12.1034475742361 pleio
104 165.677109 -12.1063109384654 pleio
105 165.700989 -12.1314130260082 pleio
106 165.704891 -12.1917267835113 pleio
107 165.706625 -12.2541876232275 pleio
108 165.708359 -12.3184093980978 pleio
109 165.710093 -12.3839671065216 pleio
110 165.711827 -12.4504037772455 pleio
111 165.713561 -12.4753721351296 pleio
112 165.715295 -12.5254377197903 pleio
113 165.717029 -12.6234446027406 pleio
114 165.718763 -12.7758356190411 pleio
115 165.720497 -12.9840363568605 pleio
116 165.722231 -13.2425345434673 pleio
117 165.723965 -13.5355311914888 pleio
118 165.725699 -13.7223711767986 pleio
119 165.802549 -13.8312143817256 pleio
120 165.85132 -13.8857573774774 pleio
121 165.858793 -13.9411824252322 pleio
122 165.864624 -14.0179380759932 pleio
123 165.868565 -14.1083254217602 pleio
124 165.872506 -14.2121457917074 pleio
125 165.876447 -14.3290512274176 pleio
126 165.880388 -14.4585487941534 pleio
127 165.884329 -14.5897230348842 pleio
128 165.88827 -14.7406351719264 pleio
129 165.892211 -14.907879274444 pleio
130 165.896152 -15.0577468758784 pleio
131 165.900093 -15.2145518226545 pleio
132 165.912941 -15.3243430009292 pleio
133 165.925276 -15.3771628600157 pleio
134 165.925359 -15.4267121116164 pleio
135 165.925441 -15.473472977583 pleio
136 165.930685 -15.5213068502143 pleio
137 166.172164 -15.5896772003075 pleio
138 166.181382 -15.7434420768998 pleio
139 166.1906 -15.9665219225625 pleio
140 166.324274 -16.1211994234668 pleio
141 166.325217 -16.1350917109047 pleio
142 166.32602 -16.148288181882 pleio
143 166.326823 -16.1697881450553 pleio
144 166.327627 -16.1700551288075 pleio
145 166.32843 -16.1546810990794 pleio
146 166.377584 -16.1331364442621 pleio
147 166.382507 -16.0735161619813 pleio
148 166.38743 -16.0098356602884 pleio
149 166.394815 -15.9424069393 pleio
150 166.403288 -15.8436444291501 pleio
151 166.407404 -15.7554519509522 pleio
152 166.411519 -15.7975746323417 pleio
153 166.415634 -15.8451642695989 pleio
154 166.419069 -15.8974340536922 pleio
155 166.422503 -15.9535270852244 pleio
156 166.425938 -16.0125762247497 pleio
157 166.429372 -16.0737754541497 pleio
158 166.432807 -16.13644642148 pleio
159 166.439999 -16.2000675257674 pleio
160 166.448156 -16.2641412946314 pleio
161 166.475596 -16.3300096681324 pleio
162 166.491355 -16.4661732332677 pleio
163 166.507114 -16.5670439456057 pleio
164 166.522873 -16.6663981309173 pleio
165 166.537635 -16.7256784133182 pleio
166 166.55226 -16.7308794538207 pleio
167 166.566886 -16.8551527850992 pleio
168 166.581511 -16.8116827035354 pleio
169 166.592132 -16.8562693628439 pleio
170 166.599166 -16.9541787216468 pleio
171 166.606199 -17.0511439543619 pleio
172 166.613233 -17.040987909702 pleio
173 166.62365 -17.0288274929287 pleio
174 166.754477 -17.7884584785272 pleio
175 166.783106 -17.7412965326065 pleio
176 166.802407 -17.6875187909441 pleio
177 166.805057 -17.6400124838689 pleio
178 166.807706 -17.6042573660584 pleio
179 166.811338 -17.5846831285773 pleio
180 166.839967 -17.5825459964112 pleio
181 166.951357 -17.5048986735782 pleio
182 166.992184 -17.510378915629 pleio
183 167.033011 -17.6888782984047 pleio
184 167.073838 -18.9927221521757 pleio
185 167.142758 -19.1028897495898 pleio
186 167.274124 -19.0320816303997 pleio
187 167.282638 -18.8402451301338 pleio
188 167.286179 -18.6866515180164 pleio
189 167.289719 -18.576386159216 pleio
190 167.29326 -18.4995809301312 pleio
191 167.306473 -18.4702368833885 pleio
192 167.322761 -18.4653727868707 pleio
193 167.349466 -18.4589854795533 pleio
194 167.360748 -18.451815215063 pleio
195 167.37203 -18.4455562528188 pleio
196 167.396998 -18.440345620765 pleio
197 167.523201 -18.4973013772947 pleio
198 167.545144 -18.5216190082915 pleio
199 167.556235 -18.5779803904055 pleio
200 167.567326 -18.6252072042245 pleio
201 167.647654 -18.5108964916894 pleio
202 167.755373 -18.5115918066811 pleio
203 167.788738 -18.5121324293439 pleio
204 167.822104 -18.513303927679 pleio
205 167.836721 -18.5306680111509 pleio
206 167.845502 -18.553278810138 pleio
207 167.854284 -18.5762278370775 pleio
208 167.858563 -18.5996480198226 pleio
209 167.860327 -18.6229794528139 pleio
210 167.862092 -18.6468932639819 pleio
211 167.863857 -18.6622481661339 pleio
212 167.865622 -18.6661618746524 pleio
213 167.86764 -18.6747538917323 pleio
214 167.871511 -18.6874887487727 pleio
215 167.876871 -18.7040091121248 pleio
216 167.882232 -18.7242692484726 pleio
217 167.887593 -18.7482120667013 pleio
218 167.913375 -18.7652801979426 pleio
219 167.920966 -18.7640491486462 pleio
220 167.928557 -18.759865377189 pleio
221 168.002821 -18.7726962738756 pleio
222 168.013929 -18.8454476203093 pleio
223 168.020304 -18.9232819060641 pleio
224 168.023961 -18.9924348909735 pleio
225 168.02735 -19.0582403118026 pleio
226 168.030739 -19.0607126789335 pleio
227 168.034128 -18.7271840163462 pleio
228 168.037518 -18.8303438348025 pleio
229 168.042103 -18.9061726071199 pleio
230 168.057523 -19.0973987283954 pleio
231 168.241031 -19.0813524800914 pleio
232 168.273712 -19.0750607266919 pleio
233 168.276509 -19.0683052861933 pleio
234 168.279306 -19.0627886353514 pleio
235 168.282103 -19.0585171754335 pleio
236 168.2849 -19.0554921100508 pleio
237 168.287697 -19.053708939798 pleio
238 168.291368 -18.9610015494917 pleio
239 168.295216 -18.8797971543095 pleio
240 168.301388 -18.834331210323 pleio
241 168.308464 -19.0830455493466 pleio
242 168.31554 -19.7770878613053 pleio
243 168.322616 -20.8782747169732 pleio
244 168.369835 -21.3882781729989 pleio
245 168.372164 -21.3964504141313 pleio
246 168.374493 -21.4050505715897 pleio
247 168.376821 -21.4315756421485 pleio
248 162.915122 -14.3891592109175 profile1
249 162.923098 -14.3800591074131 profile1
250 162.931074 -14.3802171806063 profile1
251 162.93905 -14.3904343091987 profile1
252 162.97044 -14.1481798641002 profile1
253 162.976744 -14.0778746553691 profile1
254 162.983048 -14.0247349596012 profile1
255 162.989352 -13.7061572329829 profile1
256 162.995537 -13.4996733085436 profile1
257 162.997832 -12.4136772115223 profile1
258 163.00011 -12.1950761131857 profile1
259 163.002388 -12.1331956414647 profile1
260 163.004665 -12.0719805764765 profile1
261 163.006943 -12.0115874997293 profile1
262 163.009221 -11.9521795929274 profile1
263 163.011499 -11.8939236261694 profile1
264 163.013777 -11.8369922294156 profile1
265 163.016054 -11.7816093204931 profile1
266 163.018332 -11.7281185693149 profile1
267 163.02061 -11.676695050057 profile1
268 163.022888 -11.6275192257587 profile1
269 163.025166 -11.5812352858525 profile1
270 163.029526 -11.538148857228 profile1
271 163.045161 -11.4991475560483 profile1
272 163.061794 -11.4647433124322 profile1
273 163.078427 -11.4182601020495 profile1
274 162.907146 -14.4485305914696 profile1
275 163.137394 -8.86565232626337 profile1
276 162.899169 -14.6109951814401 profile1
277 163.09506 -11.3524164286805 profile1
278 163.111693 -11.3294372291791 profile1
279 163.125708 -11.3925997088352 profile1
280 163.14908 -7.82716476166247 profile1
281 163.154021 -7.60539333704799 profile1
282 163.156127 -7.39857673386567 profile1
283 163.157556 -7.21011827641846 profile1
284 163.158891 -7.03564163168362 profile1
285 163.160225 -6.88480491483279 profile1
286 163.161559 -6.76252249404187 profile1
287 162.797792 -14.5565016909878 profile1
288 162.802465 -14.6656445415771 profile1
289 162.807137 -14.8134278304714 profile1
290 162.891193 -14.9321900027504 profile1
291 163.162894 -6.65716585831551 profile1
292 163.164228 -6.57037019197294 profile1
293 163.165562 -6.51702483065836 profile1
294 163.166897 -6.49771170420656 profile1
295 163.26265 -5.54082088007128 profile1
296 163.413317 -3.53721768436989 profile1
297 163.495816 -1.38078299238902 profile1
298 163.507977 -0.951839854053774 profile1
299 163.520139 -0.585811644243813 profile1
300 163.582672 -0.309448398109473 profile1
301 164.022416 0.0926555395885558 profile1
302 164.027702 -0.541198874180635 profile1
303 164.032987 -1.51636025349776 profile1
304 164.064248 -1.97759440107551 profile1
305 164.070405 -1.97021632968266 profile1
306 164.076561 -1.96332209480785 profile1
307 166.324274 -14.6781776740519 profile1
308 166.325217 -14.7101101284375 profile1
309 166.32602 -14.7494247165232 profile1
310 166.326823 -14.7920273685094 profile1
311 166.327627 -14.8197594679257 profile1
312 166.32843 -14.8387425476261 profile1
313 166.377584 -14.8441880757419 profile1
314 166.382507 -14.7866430722982 profile1
315 166.38743 -14.726927156803 profile1
316 166.394815 -14.66548549428 profile1
317 166.403288 -14.5903394981693 profile1
318 166.407404 -14.5176733698663 profile1
319 166.411519 -14.5031241969905 profile1
320 166.415634 -14.494284680999 profile1
321 166.419069 -14.491236628489 profile1
322 166.422503 -14.494026387199 profile1
323 166.425938 -14.5026581739536 profile1
324 166.429372 -14.5170888288108 profile1
325 166.432807 -14.5372247952952 profile1
326 166.439999 -14.5629206382323 profile1
327 166.448156 -14.5939694742783 profile1
328 166.475596 -14.624482895872 profile1
329 166.491355 -14.7275342946023 profile1
330 166.507114 -14.8397997957934 profile1
331 166.522873 -14.9565617559616 profile1
332 166.537635 -15.0265258186906 profile1
333 166.55226 -15.0336823165575 profile1
334 166.566886 -14.8931476428319 profile1
335 166.581511 -14.9008799123769 profile1
336 166.592132 -14.9411370799541 profile1
337 166.599166 -15.0135650171028 profile1
338 166.606199 -15.0927990725754 profile1
339 166.613233 -15.1129442112641 profile1
340 166.62365 -15.1543712067531 profile1
341 166.754477 -15.5878402335404 profile1
342 166.783106 -15.5203595423717 profile1
343 166.802407 -15.4552927282647 profile1
344 166.805057 -15.3953357772205 profile1
345 166.807706 -15.3419458237156 profile1
346 166.811338 -15.2984650564988 profile1
347 166.839967 -15.2748074593196 profile1
348 166.951357 -15.2541787693285 profile1
349 166.992184 -15.2570469753542 profile1
350 167.033011 -15.2442683716096 profile1
351 167.073838 -16.1120918483329 profile1
352 167.142758 -15.9687281708179 profile1
353 167.274124 -15.8217833188706 profile1
354 167.282638 -15.7412571476212 profile1
355 167.286179 -15.6912520862146 profile1
356 167.289719 -15.6763040223454 profile1
357 167.29326 -15.6797721304132 profile1
358 167.306473 -15.6619330508867 profile1
359 167.322761 -15.6786094994591 profile1
360 167.349466 -15.68292455061 profile1
361 167.360748 -15.674018091509 profile1
362 167.37203 -15.6657373563357 profile1
363 167.396998 -15.658159392117 profile1
364 167.523201 -15.6753869085995 profile1
365 167.545144 -15.6619485268171 profile1
366 167.556235 -15.6545417551232 profile1
367 167.567326 -15.6516123907583 profile1
368 167.647654 -15.6096702410432 profile1
369 167.755373 -15.6091600633824 profile1
370 167.788738 -15.6102940310307 profile1
371 167.822104 -15.6120027912914 profile1
372 167.836721 -15.6121366068528 profile1
373 167.845502 -15.6116825888397 profile1
374 167.854284 -15.6111953846001 profile1
375 167.858563 -15.6107152768836 profile1
376 167.860327 -15.6081584676259 profile1
377 167.862092 -15.59914712643 profile1
378 167.863857 -15.5952636927153 profile1
379 167.865622 -15.5975295949071 profile1
380 167.86764 -15.6042317272672 profile1
381 167.871511 -15.6143554824736 profile1
382 167.876871 -15.6274225522136 profile1
383 167.882232 -15.6433638040973 profile1
384 167.887593 -15.6621030488244 profile1
385 167.913375 -15.6768941102559 profile1
386 167.920966 -15.6783506529719 profile1
387 167.928557 -15.6770871440431 profile1
388 168.002821 -15.6761567071811 profile1
389 168.013929 -15.6795341090326 profile1
390 168.020304 -15.687921404047 profile1
391 168.023961 -15.6924970296934 profile1
392 168.02735 -15.6964397967706 profile1
393 168.030739 -15.687792556613 profile1
394 168.034128 -15.7668464389115 profile1
395 168.037518 -15.7985960986123 profile1
396 168.042103 -15.8241612072701 profile1
397 168.057523 -15.7432922921173 profile1
398 168.241031 -15.6823254394954 profile1
399 168.273712 -15.687612896006 profile1
400 168.276509 -15.6942193725246 profile1
401 168.279306 -15.7015106399838 profile1
402 168.282103 -15.7094322096493 profile1
403 168.2849 -15.7179233717614 profile1
404 168.287697 -15.7269236140187 profile1
405 168.291368 -15.5864226129205 profile1
406 168.295216 -15.4514032372841 profile1
407 168.301388 -15.3589329274554 profile1
408 168.308464 -15.3955363089211 profile1
409 168.31554 -15.8635568744695 profile1
410 168.322616 -16.7319129087829 profile1
411 168.369835 -17.1467630268448 profile1
412 168.372164 -17.1493626539565 profile1
413 168.374493 -17.1522129999844 profile1
414 168.376821 -17.1752045231397 profile1
415 165.581587 -11.4700252430521 profile1
416 165.605467 -11.5311288296668 profile1
417 165.629348 -11.5734418447837 profile1
418 165.653228 -11.6215991793472 profile1
419 165.677109 -11.6530174076152 profile1
420 165.700989 -11.6801513772222 profile1
421 165.704891 -11.7536507819104 profile1
422 165.706625 -11.8338015672691 profile1
423 165.708359 -11.9201095965845 profile1
424 165.710093 -12.0119664891726 profile1
425 165.711827 -12.1086631385177 profile1
426 165.713561 -12.1502895217974 profile1
427 165.715295 -12.2065362295272 profile1
428 165.717029 -12.2926098344483 profile1
429 165.718763 -12.4039430626169 profile1
430 165.720497 -12.5354036664943 profile1
431 165.722231 -12.6823420475303 profile1
432 165.872506 -13.135267978044 profile1
433 165.876447 -13.1833656950711 profile1
434 165.880388 -13.240696473615 profile1
435 165.884329 -13.3136344461051 profile1
436 165.88827 -13.408229901931 profile1
437 165.892211 -13.5250260213193 profile1
438 165.896152 -13.6540439787392 profile1
439 165.900093 -13.7951280304028 profile1
440 165.912941 -13.8961623621418 profile1
441 165.925276 -13.9523038996777 profile1
442 165.925359 -14.0099554600622 profile1
443 165.925441 -14.0649090763466 profile1
444 165.930685 -14.1163914165287 profile1
445 166.172164 -14.1934881183486 profile1
446 166.181382 -14.3353248369726 profile1
447 166.1906 -14.5215559809635 profile1
448 164.255184 -3.79407054588768 profile1
449 164.291807 -4.90063716228793 profile1
450 164.314068 -5.33534939215636 profile1
451 164.325529 -5.55276239565451 profile1
452 164.336991 -5.75289663198075 profile1
453 164.348452 -5.82427888053997 profile1
454 164.60536 -6.21779934740296 profile1
455 164.617986 -6.24424169586147 profile1
456 164.628884 -6.32973148320667 profile1
457 164.636687 -6.45696497459937 profile1
458 164.648869 -6.55130141105862 profile1
459 164.66892 -6.47852840070416 profile1
460 164.758936 -6.26883105934566 profile1
461 165.053217 -6.34371928171732 profile1
462 165.121823 -6.36487763434231 profile1
463 165.132678 -6.39721151749796 profile1
464 165.143532 -6.43921495054053 profile1
465 165.154046 -5.99633224379676 profile1
466 165.15722 -6.07841087684146 profile1
467 165.160395 -6.17030035654264 profile1
468 165.163569 -6.17735008342549 profile1
469 165.195982 -6.36331925945297 profile1
470 165.223558 -6.40132537591238 profile1
471 165.251135 -6.40464550127557 profile1
472 165.276843 -6.3989325449576 profile1
473 165.283031 -6.48849846310785 profile1
474 165.290201 -6.49701918756844 profile1
475 165.297626 -6.16690949998215 profile1
476 165.445995 -6.15509565073627 profile1
477 165.451594 -6.25528035203141 profile1
478 165.457194 -6.37328257613648 profile1
479 165.462793 -6.49721608946712 profile1
480 165.468393 -6.6331532621948 profile1
481 165.473992 -6.78238183224704 profile1
482 165.479592 -6.94311592788347 profile1
483 165.485905 -10.6274552112856 profile1
484 165.495439 -10.7945495073503 profile1
485 165.565236 -10.9340665988208 profile1
486 165.56991 -11.0354983946077 profile1
487 165.574583 -11.261876843179 profile1
488 165.723965 -12.820084644266 profile1
489 165.725699 -12.89497526568 profile1
490 165.802549 -12.9256278190634 profile1
491 165.85132 -12.9437009369867 profile1
492 165.858793 -12.9895224446755 profile1
493 165.864624 -13.0315438259443 profile1
494 165.868565 -13.088046032425 profile1
495 162.797792 -10.773819885795 profile2
496 162.802465 -10.5447530063721 profile2
497 162.807137 -10.3265738258922 profile2
498 162.891193 -10.1549987111606 profile2
499 162.899169 -10.1547517400281 profile2
500 162.907146 -10.4118433809515 profile2
501 162.915122 -10.5072572408628 profile2
502 162.923098 -10.4306884523981 profile2
503 162.931074 -10.3600208036867 profile2
504 162.93905 -10.2961316490444 profile2
505 162.97044 -10.2740318160793 profile2
506 162.976744 -10.2769351288793 profile2
507 162.983048 -10.2102282019442 profile2
508 162.989352 -10.3073353993347 profile2
509 162.995537 -10.0610206560594 profile2
510 162.997832 -9.40238404887193 profile2
511 163.00011 -9.22881677154325 profile2
512 163.002388 -9.13152792632945 profile2
513 163.004665 -9.03330390977664 profile2
514 163.006943 -8.93427615524862 profile2
515 163.009221 -8.83458603681851 profile2
516 163.011499 -8.73438625090242 profile2
517 163.013777 -8.63383750994745 profile2
518 163.016054 -8.53325347041154 profile2
519 163.018332 -8.43283237098525 profile2
520 163.02061 -8.33256926514267 profile2
521 163.022888 -8.23266690270726 profile2
522 163.025166 -8.13382428778256 profile2
523 163.029526 -8.03644768504506 profile2
524 163.045161 -7.94330946984954 profile2
525 163.061794 -7.85387878033636 profile2
526 163.078427 -7.71406853904682 profile2
527 163.09506 -7.54081476335265 profile2
528 163.111693 -7.37037870402519 profile2
529 163.125708 -7.17210788329451 profile2
530 163.137394 -4.91996755490322 profile2
531 163.14908 -3.8971297553277 profile2
532 163.154021 -3.63340958359286 profile2
533 163.156127 -3.38713500992232 profile2
534 163.157556 -3.16113289990043 profile2
535 163.158891 -2.95821683700312 profile2
536 163.160225 -2.78107067175412 profile2
537 163.161559 -2.63210406108149 profile2
538 163.162894 -2.51327537565055 profile2
539 163.164228 -2.42591627769305 profile2
540 163.165562 -2.37059389808298 profile2
541 163.166897 -2.34702835985015 profile2
542 163.26265 -1.70766109459211 profile2
543 163.413317 -1.065685118916 profile2
544 163.495816 -0.277507135724581 profile2
545 163.507977 -0.0722344589043658 profile2
546 163.520139 0.029619290454783 profile2
547 163.582672 0.0926555395885558 profile2
548 164.022416 0 profile2
549 164.027702 -0.725630136789589 profile2
550 164.032987 -0.993751742713265 profile2
551 164.064248 -1.1606878455439 profile2
552 164.070405 -1.1551249443036 profile2
553 164.076561 -1.14997504685462 profile2
554 164.255184 -3.0128696072234 profile2
555 164.291807 -4.48493995228608 profile2
556 164.314068 -4.60272945018193 profile2
557 164.325529 -4.67369783752719 profile2
558 164.336991 -4.92924464736672 profile2
559 164.348452 -5.82177595258241 profile2
560 164.60536 -6.43969032939738 profile2
561 164.617986 -6.36318736281186 profile2
562 164.628884 -6.31648388816613 profile2
563 164.636687 -6.28919134589708 profile2
564 164.648869 -6.26705036960197 profile2
565 164.66892 -6.34828410022575 profile2
566 164.758936 -6.83620347366573 profile2
567 165.053217 -7.46743386289961 profile2
568 165.121823 -7.49768473008344 profile2
569 165.132678 -7.4523831462159 profile2
570 165.143532 -7.36702187150238 profile2
571 165.154046 -7.32335623782671 profile2
572 165.15722 -7.38995984061835 profile2
573 165.160395 -7.58731158759126 profile2
574 165.163569 -8.03121618252294 profile2
575 165.195982 -8.27978169935079 profile2
576 165.223558 -8.33357229642598 profile2
577 165.251135 -8.34809466001436 profile2
578 165.276843 -8.42787536426184 profile2
579 165.283031 -8.48555839688003 profile2
580 165.290201 -8.45175611605194 profile2
581 165.297626 -8.41975932656186 profile2
582 165.445995 -8.35508936870581 profile2
583 165.451594 -8.27567357200651 profile2
584 165.457194 -8.20208810042615 profile2
585 165.462793 -8.18030480489421 profile2
586 165.468393 -8.17073298496176 profile2
587 165.473992 -8.16077767388475 profile2
588 165.479592 -8.1503408812163 profile2
589 165.485905 -9.73855545122073 profile2
590 165.495439 -9.68799330707532 profile2
591 165.565236 -9.4727455191336 profile2
592 165.56991 -9.22374914756562 profile2
593 165.574583 -9.09331458793298 profile2
594 165.581587 -8.94290544206014 profile2
595 165.605467 -8.88888924238599 profile2
596 165.629348 -8.84432014610783 profile2
597 165.653228 -8.80620543943777 profile2
598 165.677109 -8.78306221443768 profile2
599 165.700989 -8.76757209821556 profile2
600 165.704891 -8.74376152624908 profile2
601 165.706625 -8.71897491743829 profile2
602 165.708359 -8.69331052650257 profile2
603 165.710093 -8.66688127033172 profile2
604 165.711827 -8.63980929160014 profile2
605 165.713561 -8.62340050661325 profile2
606 165.715295 -8.64797105575117 profile2
607 165.717029 -8.72898842030303 profile2
608 165.718763 -8.87608041741399 profile2
609 165.720497 -9.08880096721446 profile2
610 165.722231 -9.35516336136857 profile2
611 165.723965 -9.65117870944488 profile2
612 165.725699 -9.84034201163924 profile2
613 165.802549 -9.97591975889043 profile2
614 165.85132 -10.0248644887228 profile2
615 165.858793 -10.0328577006436 profile2
616 165.864624 -10.0667715115336 profile2
617 165.868565 -10.1116505232347 profile2
618 165.872506 -10.1675007970736 profile2
619 165.876447 -10.2342143111276 profile2
620 165.880388 -10.3115693718866 profile2
621 165.884329 -10.4179657231483 profile2
622 165.88827 -10.5401506765649 profile2
623 165.892211 -10.6646182038525 profile2
624 165.896152 -10.7566904149417 profile2
625 165.900093 -10.8492627934741 profile2
626 165.912941 -10.9073946595506 profile2
627 165.925276 -10.9222131383134 profile2
628 165.925359 -10.9313984723966 profile2
629 165.925441 -10.9402969896502 profile2
630 165.930685 -10.9521359768243 profile2
631 166.172164 -10.9465471527519 profile2
632 166.181382 -10.9758486873611 profile2
633 166.1906 -11.0803536768834 profile2
634 166.324274 -11.1366164033573 profile2
635 166.325217 -11.1412373088958 profile2
636 166.32602 -11.1401922731632 profile2
637 166.326823 -11.1419567617764 profile2
638 166.327627 -11.1299391201346 profile2
639 166.32843 -11.1086099226866 profile2
640 166.377584 -11.0940703322236 profile2
641 166.382507 -11.095169974377 profile2
642 166.38743 -11.0950210710592 profile2
643 166.394815 -11.0934722331243 profile2
644 166.403288 -11.0747893305092 profile2
645 166.407404 -11.0614403592998 profile2
646 166.411519 -11.1305384902836 profile2
647 166.415634 -11.2017575407702 profile2
648 166.419069 -11.2738289691823 profile2
649 166.422503 -11.3454555350839 profile2
650 166.425938 -11.4154183719089 profile2
651 166.429372 -11.4826905510961 profile2
652 166.432807 -11.5465287412335 profile2
653 166.439999 -11.6065048265045 profile2
654 166.448156 -11.6623575405761 profile2
655 166.475596 -11.7097709899411 profile2
656 166.491355 -11.7306948604715 profile2
657 166.507114 -11.7148624136448 profile2
658 166.522873 -11.6960600519075 profile2
659 166.537635 -11.6723691176835 profile2
660 166.55226 -11.6693719946531 profile2
661 166.566886 -11.8248371224163 profile2
662 166.581511 -11.7850081498769 profile2
663 166.592132 -11.7824503084088 profile2
664 166.599166 -11.8039223257563 profile2
665 166.606199 -11.8260501124016 profile2
666 166.613233 -11.8011026779819 profile2
667 166.62365 -11.7423286409793 profile2
668 166.754477 -12.0874590546453 profile2
669 166.783106 -12.1309575052772 profile2
670 166.802407 -12.1653972455514 profile2
671 166.805057 -12.2023224868771 profile2
672 166.807706 -12.2469083083732 profile2
673 166.811338 -12.3055357437091 profile2
674 166.839967 -12.3527568044186 profile2
675 166.951357 -12.3429686202865 profile2
676 166.992184 -12.3472813447212 profile2
677 167.033011 -12.496713717694 profile2
678 167.073838 -13.0672716406785 profile2
679 167.142758 -13.5057038588983 profile2
680 167.274124 -13.6935068655876 profile2
681 167.282638 -13.5898997308164 profile2
682 167.286179 -13.5033289847074 profile2
683 167.289719 -13.4356348220407 profile2
684 167.29326 -13.3837468499786 profile2
685 167.306473 -13.3914953799552 profile2
686 167.322761 -13.3949448896717 profile2
687 167.349466 -13.3970925132073 profile2
688 167.360748 -13.4013570909989 profile2
689 167.37203 -13.4058155198108 profile2
690 167.396998 -13.4105219307975 profile2
691 167.523201 -13.4685895779218 profile2
692 167.545144 -13.5002135162881 profile2
693 167.556235 -13.5514901803428 profile2
694 167.567326 -13.5893818251686 profile2
695 167.647654 -13.500075625373 profile2
696 167.755373 -13.5005492995751 profile2
697 167.788738 -13.49531894387 profile2
698 167.822104 -13.4901473114391 profile2
699 167.836721 -13.4975932932572 profile2
700 167.845502 -13.5089941591889 profile2
701 167.854284 -13.5204750911844 profile2
702 167.858563 -13.5321729904595 profile2
703 167.860327 -13.5464480300182 profile2
704 167.862092 -13.5712898152022 profile2
705 167.863857 -13.5867549223745 profile2
706 167.865622 -13.5901468173437 profile2
707 167.86764 -13.6000069593992 profile2
708 167.871511 -13.6130095096889 profile2
709 167.876871 -13.6280473359787 profile2
710 167.882232 -13.6451098668001 profile2
711 167.887593 -13.6641782795749 profile2
712 167.913375 -13.6741086289408 profile2
713 167.920966 -13.6705849635559 profile2
714 167.928557 -13.6668236262301 profile2
715 168.002821 -13.6756485775177 profile2
716 168.013929 -13.727540449465 profile2
717 168.020304 -13.7818315182341 profile2
718 168.023961 -13.8327355634536 profile2
719 168.02735 -13.882877352106 profile2
720 168.030739 -13.8954786568419 profile2
721 168.034128 -13.6605955318326 profile2
722 168.037518 -13.7272687789263 profile2
723 168.042103 -13.7756045577813 profile2
724 168.057523 -13.9971959961421 profile2
725 168.241031 -13.9726261154914 profile2
726 168.273712 -13.965127751374 profile2
727 168.276509 -13.9563645383395 profile2
728 168.279306 -13.948308458373 profile2
729 168.282103 -13.9410149856359 profile2
730 168.2849 -13.9345393694698 profile2
731 168.287697 -13.9289316590936 profile2
732 168.291368 -13.9498399341916 profile2
733 168.295216 -13.9767785918331 profile2
734 168.301388 -14.0027073619863 profile2
735 168.308464 -14.2498480098084 profile2
736 168.31554 -14.6002093328331 profile2
737 168.322616 -14.9968568572998 profile2
738 168.369835 -15.1507941671353 profile2
739 168.372164 -15.1563935411177 profile2
740 168.374493 -15.162405029522 profile2
741 168.376821 -15.1731350775385 profile2
