marker_position lod trace
1 162.797792 -6.7895700849826 pleio
2 162.802465 -6.68125992040877 pleio
3 162.807137 -6.56027482818845 pleio
4 162.891193 -6.5039550021716 pleio
5 162.899169 -6.28015233633267 pleio
6 162.907146 -6.14687106267104 pleio
7 162.915122 -6.1299870089023 pleio
8 162.923098 -6.07954543622159 pleio
9 162.931074 -6.03610160025829 pleio
10 162.93905 -5.99937717081687 pleio
11 162.97044 -5.88343853726857 pleio
12 162.976744 -5.83381381746505 pleio
13 162.983048 -5.77422192284376 pleio
14 162.989352 -6.08665213406665 pleio
15 162.995537 -6.13448086936234 pleio
16 162.997832 -5.61967716399999 pleio
17 163.00011 -5.48929813400525 pleio
18 163.002388 -5.43001702923465 pleio
19 163.004665 -5.37079119391259 pleio
20 163.006943 -5.31170876259795 pleio
21 163.009221 -5.252860637678 pleio
22 163.011499 -5.19434001691445 pleio
23 163.013777 -5.13624219133625 pleio
24 163.016054 -5.07931376359807 pleio
25 163.018332 -5.02395602208353 pleio
26 163.02061 -4.96943783662685 pleio
27 163.022888 -4.91585558802652 pleio
28 163.025166 -4.86341291683151 pleio
29 163.029526 -4.8122488359724 pleio
30 163.045161 -4.764636915177 pleio
31 163.061794 -4.71852009107574 pleio
32 163.078427 -4.58678414791343 pleio
33 163.09506 -4.41106781657391 pleio
34 163.111693 -4.25291639130136 pleio
35 163.125708 -4.16245997488933 pleio
36 163.137394 -3.67915529786956 pleio
37 163.14908 -3.54546428181626 pleio
38 163.154021 -3.45242495296431 pleio
39 163.156127 -3.37191087983131 pleio
40 163.157556 -3.30465931986151 pleio
41 163.158891 -3.25123560528045 pleio
42 163.160225 -3.21200166503818 pleio
43 163.161559 -3.18709563275829 pleio
44 163.162894 -3.1764269337324 pleio
45 163.164228 -3.17968894472177 pleio
46 163.165562 -3.19638246621963 pleio
47 163.166897 -3.22588744916504 pleio
48 163.26265 -2.62013031315161 pleio
49 163.413317 -1.15376562771762 pleio
50 163.495816 -0.659675755400013 pleio
51 163.507977 -0.519346646793364 pleio
52 163.520139 -0.402038312900359 pleio
53 163.582672 -0.307853428842735 pleio
54 164.022416 0 pleio
55 164.027702 -0.516738428027886 pleio
56 164.032987 -0.78669233366888 pleio
57 164.064248 -0.895575667847499 pleio
58 164.070405 -0.889173934042134 pleio
59 164.076561 -0.882999715565962 pleio
60 164.255184 -0.563574897231509 pleio
61 164.291807 -2.2118604340691 pleio
62 164.314068 -2.35535636559329 pleio
63 164.325529 -2.27568372645378 pleio
64 164.336991 -2.20893498277325 pleio
65 164.348452 -2.14371775469242 pleio
66 164.60536 -2.18970871253021 pleio
67 164.617986 -2.2363152524704 pleio
68 164.628884 -2.3057829855071 pleio
69 164.636687 -2.38281954885991 pleio
70 164.648869 -2.42685359381248 pleio
71 164.66892 -2.42254808402203 pleio
72 164.758936 -2.45357491225641 pleio
73 165.053217 -2.56555410414743 pleio
74 165.121823 -2.58967401840737 pleio
75 165.132678 -2.58284153636022 pleio
76 165.143532 -2.70945179189175 pleio
77 165.154046 -2.0849277088326 pleio
78 165.15722 -2.02194996054651 pleio
79 165.160395 -1.98282036114217 pleio
80 165.163569 -1.9961597326799 pleio
81 165.195982 -2.08092412595306 pleio
82 165.223558 -2.12047318765155 pleio
83 165.251135 -2.14429947604847 pleio
84 165.276843 -2.05490753422743 pleio
85 165.283031 -2.01818697451821 pleio
86 165.290201 -1.96903055468146 pleio
87 165.297626 -1.72504120529498 pleio
88 165.445995 -1.69768669091407 pleio
89 165.451594 -1.71806338401085 pleio
90 165.457194 -1.74451421099922 pleio
91 165.462793 -1.78881850923439 pleio
92 165.468393 -1.84132949329367 pleio
93 165.473992 -1.89853269612794 pleio
94 165.479592 -1.95993185727437 pleio
95 165.485905 -0.748915832760965 pleio
96 165.495439 -0.915094838101802 pleio
97 165.565236 -0.913505275907708 pleio
98 165.56991 -0.951920894348518 pleio
99 165.574583 -1.00423014234048 pleio
100 165.581587 -0.789249264933224 pleio
101 165.605467 -0.820411898504418 pleio
102 165.629348 -0.812726708247839 pleio
103 165.653228 -0.810100757296585 pleio
104 165.677109 -0.8089421215673 pleio
105 165.700989 -0.871472921250493 pleio
106 165.704891 -1.0034774016236 pleio
107 165.706625 -1.14012240434328 pleio
108 165.708359 -1.28060434875184 pleio
109 165.710093 -1.42404084184308 pleio
110 165.711827 -1.56948791100027 pleio
111 165.713561 -1.65405369482669 pleio
112 165.715295 -1.76437842315668 pleio
113 165.717029 -1.91612149088132 pleio
114 165.718763 -2.09708721656785 pleio
115 165.720497 -2.28895313795728 pleio
116 165.722231 -2.47118068594434 pleio
117 165.723965 -2.62546355463942 pleio
118 165.725699 -2.72457095730156 pleio
119 165.802549 -2.75246487766868 pleio
120 165.85132 -2.75580808045163 pleio
121 165.858793 -2.71635162999144 pleio
122 165.864624 -2.6671408986977 pleio
123 165.868565 -2.62736139006396 pleio
124 165.872506 -2.59740112966115 pleio
125 165.876447 -2.57753727028904 pleio
126 165.880388 -2.56792093581779 pleio
127 165.884329 -2.51197917360166 pleio
128 165.88827 -2.46628901916176 pleio
129 165.892211 -2.44193354793893 pleio
130 165.896152 -2.45037713645822 pleio
131 165.900093 -2.47665772196369 pleio
132 165.912941 -2.49630983042465 pleio
133 165.925276 -2.49499767781498 pleio
134 165.925359 -2.48666771012756 pleio
135 165.925441 -2.47770160172898 pleio
136 165.930685 -2.47995842835212 pleio
137 166.172164 -2.57469642258423 pleio
138 166.181382 -2.78099010722524 pleio
139 166.1906 -2.9785990387436 pleio
140 166.324274 -2.86111358306168 pleio
141 166.325217 -2.85478082948165 pleio
142 166.32602 -2.85670451858888 pleio
143 166.326823 -2.86349656843898 pleio
144 166.327627 -2.88662087494623 pleio
145 166.32843 -2.92017302442564 pleio
146 166.377584 -2.93848222064275 pleio
147 166.382507 -2.89260520594541 pleio
148 166.38743 -2.84775080879313 pleio
149 166.394815 -2.80428649736275 pleio
150 166.403288 -2.76300792961837 pleio
151 166.407404 -2.73446260385111 pleio
152 166.411519 -2.77682414805704 pleio
153 166.415634 -2.82603409301226 pleio
154 166.419069 -2.88142968248938 pleio
155 166.422503 -2.94221741928664 pleio
156 166.425938 -3.0075133624304 pleio
157 166.429372 -3.076401043812 pleio
158 166.432807 -3.14799296851209 pleio
159 166.439999 -3.22145988354404 pleio
160 166.448156 -3.29587434526825 pleio
161 166.475596 -3.36542937240318 pleio
162 166.491355 -3.40823445669748 pleio
163 166.507114 -3.47055562270003 pleio
164 166.522873 -3.53390075347999 pleio
165 166.537635 -3.57154760490329 pleio
166 166.55226 -3.57507952546129 pleio
167 166.566886 -3.69808302130013 pleio
168 166.581511 -3.66698833635809 pleio
169 166.592132 -3.76581678898908 pleio
170 166.599166 -3.94667828845835 pleio
171 166.606199 -4.12055668150296 pleio
172 166.613233 -4.12133854082727 pleio
173 166.62365 -4.09288911321991 pleio
174 166.754477 -4.37721538057652 pleio
175 166.783106 -4.30293193604015 pleio
176 166.802407 -4.2180609762659 pleio
177 166.805057 -4.13120045256028 pleio
178 166.807706 -4.04691974109793 pleio
179 166.811338 -3.9761603672047 pleio
180 166.839967 -3.9403424078861 pleio
181 166.951357 -3.898641437158 pleio
182 166.992184 -3.9016711120044 pleio
183 167.033011 -3.88595303487941 pleio
184 167.073838 -5.50182179940113 pleio
185 167.142758 -5.52454721307094 pleio
186 167.274124 -5.67501987922296 pleio
187 167.282638 -5.64574226823128 pleio
188 167.286179 -5.64538274805619 pleio
189 167.289719 -5.67598976778868 pleio
190 167.29326 -5.73242539564642 pleio
191 167.306473 -5.79133972945115 pleio
192 167.322761 -5.82617774969417 pleio
193 167.349466 -5.84456008530333 pleio
194 167.360748 -5.85606554266801 pleio
195 167.37203 -5.8680126601657 pleio
196 167.396998 -5.88035694426986 pleio
197 167.523201 -5.92325882720044 pleio
198 167.545144 -5.93045701068742 pleio
199 167.556235 -6.00579352225882 pleio
200 167.567326 -6.10116637164216 pleio
201 167.647654 -6.29581771280917 pleio
202 167.755373 -6.30793822222155 pleio
203 167.788738 -6.32486921335728 pleio
204 167.822104 -6.34155462508735 pleio
205 167.836721 -6.36946992621595 pleio
206 167.845502 -6.4008211280374 pleio
207 167.854284 -6.43204497633922 pleio
208 167.858563 -6.46313118910474 pleio
209 167.860327 -6.49821565656653 pleio
210 167.862092 -6.55027146091277 pleio
211 167.863857 -6.59066535109827 pleio
212 167.865622 -6.6146332387615 pleio
213 167.86764 -6.6416529484562 pleio
214 167.871511 -6.67027886426806 pleio
215 167.876871 -6.69998681082867 pleio
216 167.882232 -6.73079225285013 pleio
217 167.887593 -6.76270865157339 pleio
218 167.913375 -6.78565216014414 pleio
219 167.920966 -6.79191231208619 pleio
220 167.928557 -6.79614166985113 pleio
221 168.002821 -6.79977562594386 pleio
222 168.013929 -6.80271173470979 pleio
223 168.020304 -6.80826078604076 pleio
224 168.023961 -6.81393921731701 pleio
225 168.02735 -6.82260494219781 pleio
226 168.030739 -6.7711196068824 pleio
227 168.034128 -6.34727435357393 pleio
228 168.037518 -6.36123312578691 pleio
229 168.042103 -6.37417300304335 pleio
230 168.057523 -6.50259645680354 pleio
231 168.241031 -6.46318237609848 pleio
232 168.273712 -6.46883738588599 pleio
233 168.276509 -6.47741619241454 pleio
234 168.279306 -6.4883958400773 pleio
235 168.282103 -6.50176158912095 pleio
236 168.2849 -6.51747721015452 pleio
237 168.287697 -6.53548572026029 pleio
238 168.291368 -6.49052558423424 pleio
239 168.295216 -6.45041694319897 pleio
240 168.301388 -6.43277381241661 pleio
241 168.308464 -6.47669255192746 pleio
242 168.31554 -6.80999184989802 pleio
243 168.322616 -7.44450897578723 pleio
244 168.369835 -7.76608905512828 pleio
245 168.372164 -7.7821230880205 pleio
246 168.374493 -7.79824506437742 pleio
247 168.376821 -7.8190099321134 pleio
248 162.797792 -3.12235667292647 profile1
249 162.802465 -3.08789939539424 profile1
250 162.807137 -3.05139936423116 profile1
251 162.891193 -3.06483798093169 profile1
252 162.899169 -2.89891301474231 profile1
253 162.907146 -2.79541546564238 profile1
254 162.915122 -2.75944534517274 profile1
255 162.923098 -2.73483804893905 profile1
256 162.931074 -2.71393316885808 profile1
257 162.93905 -2.69710518972931 profile1
258 162.97044 -2.66126923091294 profile1
259 162.976744 -2.65844763829273 profile1
260 162.983048 -2.64575278937967 profile1
261 162.989352 -2.98018882971228 profile1
262 162.995537 -2.98325140734909 profile1
263 162.997832 -2.67163353527733 profile1
264 163.00011 -2.61083000343679 profile1
265 163.002388 -2.59792086407347 profile1
266 163.004665 -2.58502323244222 profile1
267 163.006943 -2.57215626900521 profile1
268 163.009221 -2.55933951230291 profile1
269 163.011499 -2.54659341777394 profile1
270 163.013777 -2.53393834955482 profile1
271 163.016054 -2.52070853006754 profile1
272 163.018332 -2.50671698751279 profile1
273 163.02061 -2.49290672045498 profile1
274 163.022888 -2.47930006664486 profile1
275 163.025166 -2.46591897847625 profile1
276 163.029526 -2.45278575805591 profile1
277 163.045161 -2.44030887448197 profile1
278 163.061794 -2.42804270234002 profile1
279 163.078427 -2.38057302983292 profile1
280 163.09506 -2.31003643622326 profile1
281 163.111693 -2.2392200502934 profile1
282 163.125708 -2.18969140268463 profile1
283 163.137394 -1.48830991384531 profile1
284 163.14908 -1.13543009270717 profile1
285 163.154021 -1.06630468184138 profile1
286 163.156127 -1.00581513401722 profile1
287 163.157556 -0.954709648117245 profile1
288 163.158891 -0.913587933509947 profile1
289 163.160225 -0.882864077097189 profile1
290 163.161559 -0.862742444240568 profile1
291 163.162894 -0.853208948716228 profile1
292 163.164228 -0.854040681039362 profile1
293 163.165562 -0.864831485771605 profile1
294 163.166897 -0.885056540308405 profile1
295 163.26265 -0.317273446635688 profile1
296 163.413317 0.98915838610869 profile1
297 163.495816 0.847710333337678 profile1
298 163.507977 0.761464366828749 profile1
299 163.520139 0.644744882814855 profile1
300 163.582672 0.529764826404469 profile1
301 164.022416 0.85182670000574 profile1
302 164.027702 0.649558621420377 profile1
303 164.032987 0.421586489560367 profile1
304 164.064248 0.262783870934512 profile1
305 164.070405 0.253255588828531 profile1
306 164.076561 0.243638899356013 profile1
307 164.255184 -0.563574897231509 profile1
308 164.291807 0.00113630301211433 profile1
309 164.314068 0.22994469085354 profile1
310 164.325529 0.392811797081481 profile1
311 164.336991 0.504889479113392 profile1
312 164.348452 0.504727236399678 profile1
313 164.60536 0.487261852721558 profile1
314 164.617986 0.47468688799938 profile1
315 164.628884 0.450958370021913 profile1
316 164.636687 0.414440526460019 profile1
317 164.648869 0.374699644340574 profile1
318 164.66892 0.370363335134816 profile1
319 164.758936 0.298366082169586 profile1
320 165.053217 0.248251799222939 profile1
321 165.121823 0.263345162432413 profile1
322 165.132678 0.280713089184836 profile1
323 165.143532 0.188859882961713 profile1
324 165.154046 0.377051305285247 profile1
325 165.15722 0.450759142295978 profile1
326 165.160395 0.502293765282537 profile1
327 165.163569 0.401129547977269 profile1
328 165.195982 0.31861926573118 profile1
329 165.223558 0.300250130259618 profile1
330 165.251135 0.296869381797778 profile1
331 165.276843 0.281163239654468 profile1
332 165.283031 0.264681441078282 profile1
333 165.290201 0.25401841611373 profile1
334 165.297626 0.255758503590805 profile1
335 165.445995 0.260943666354099 profile1
336 165.451594 0.287809326539914 profile1
337 165.457194 0.313662289522417 profile1
338 165.462793 0.321882077272886 profile1
339 165.468393 0.325075144716497 profile1
340 165.473992 0.327554906378224 profile1
341 165.479592 0.329328029535299 profile1
342 165.485905 1.38487012852773 profile1
343 165.495439 1.37701268220676 profile1
344 165.565236 1.41680404902678 profile1
345 165.56991 1.36900439121646 profile1
346 165.574583 1.2901680220849 profile1
347 165.581587 1.3579810654285 profile1
348 165.605467 1.35081002118678 profile1
349 165.629348 1.35162551938203 profile1
350 165.653228 1.34758071071552 profile1
351 165.677109 1.34334529212398 profile1
352 165.700989 1.32986647609845 profile1
353 165.704891 1.29501205781975 profile1
354 165.706625 1.25820739107345 profile1
355 165.708359 1.21959196141602 profile1
356 165.710093 1.17933619203755 profile1
357 165.711827 1.13763875185478 profile1
358 165.713561 1.18843494571934 profile1
359 165.715295 1.24974195431673 profile1
360 165.717029 1.29295379411079 profile1
361 165.718763 1.31546374819194 profile1
362 165.720497 1.31633535080791 profile1
363 165.722231 1.29700834504493 profile1
364 165.723965 1.26241661432778 profile1
365 165.725699 1.25640334646185 profile1
366 165.802549 1.25656203895729 profile1
367 165.85132 1.25769508324204 profile1
368 165.858793 1.28613233068802 profile1
369 165.864624 1.31350669944514 profile1
370 165.868565 1.33271520341622 profile1
371 165.872506 1.34360660164742 profile1
372 165.876447 1.34610762432803 profile1
373 165.880388 1.34022582605184 profile1
374 165.884329 1.34699086305894 profile1
375 165.88827 1.34139013018041 profile1
376 165.892211 1.32276304303198 profile1
377 165.896152 1.2864214968181 profile1
378 165.900093 1.23530860520411 profile1
379 165.912941 1.19580553634449 profile1
380 165.925276 1.1803785963577 profile1
381 165.925359 1.1715711720563 profile1
382 165.925441 1.1633746732221 profile1
383 165.930685 1.14708671076967 profile1
384 166.172164 1.08972436726618 profile1
385 166.181382 0.997033985536494 profile1
386 166.1906 0.931329342635658 profile1
387 166.324274 0.877369366746774 profile1
388 166.325217 0.845547399719163 profile1
389 166.32602 0.809548519421436 profile1
390 166.326823 0.771367983509958 profile1
391 166.327627 0.727286153321897 profile1
392 166.32843 0.678435395094227 profile1
393 166.377584 0.638493833633855 profile1
394 166.382507 0.63635088166366 profile1
395 166.38743 0.634399201263342 profile1
396 166.394815 0.632578830406811 profile1
397 166.403288 0.632366000779465 profile1
398 166.407404 0.632103564885894 profile1
399 166.411519 0.626087499044755 profile1
400 166.415634 0.616896726652235 profile1
401 166.419069 0.604506609763646 profile1
402 166.422503 0.588912663222656 profile1
403 166.425938 0.570133480736919 profile1
404 166.429372 0.548209541439332 profile1
405 166.432807 0.5232025074474 profile1
406 166.439999 0.495220334068451 profile1
407 166.448156 0.464612152170941 profile1
408 166.475596 0.41405557452394 profile1
409 166.491355 0.374777948662389 profile1
410 166.507114 0.340138486739087 profile1
411 166.522873 0.315278795290914 profile1
412 166.537635 0.315474649450028 profile1
413 166.55226 0.312806207800579 profile1
414 166.566886 0.323646644626509 profile1
415 166.581511 0.321701858906169 profile1
416 166.592132 0.304146538444001 profile1
417 166.599166 0.275477868433496 profile1
418 166.606199 0.250664552965633 profile1
419 166.613233 0.267462103993443 profile1
420 166.62365 0.254384213445014 profile1
421 166.754477 0.00653220253474648 profile1
422 166.783106 0.0966510470805458 profile1
423 166.802407 0.184498853614352 profile1
424 166.805057 0.268944367484652 profile1
425 166.807706 0.349266124441415 profile1
426 166.811338 0.424379794253434 profile1
427 166.839967 0.464927922312522 profile1
428 166.951357 0.482538482590998 profile1
429 166.992184 0.477603614922331 profile1
430 167.033011 0.502660074044576 profile1
431 167.073838 -0.893147857313159 profile1
432 167.142758 -0.964538685035106 profile1
433 167.274124 -1.04474508697188 profile1
434 167.282638 -0.977449384217656 profile1
435 167.286179 -0.932949349433281 profile1
436 167.289719 -0.913864083634433 profile1
437 167.29326 -0.921966382818669 profile1
438 167.306473 -0.957657214230799 profile1
439 167.322761 -0.980092316532394 profile1
440 167.349466 -0.991874045630728 profile1
441 167.360748 -0.999416701286924 profile1
442 167.37203 -1.00668132132099 profile1
443 167.396998 -1.01372028256976 profile1
444 167.523201 -1.04614342449151 profile1
445 167.545144 -1.04568487446344 profile1
446 167.556235 -1.05241290890118 profile1
447 167.567326 -1.05874965620511 profile1
448 167.647654 -1.09878709174051 profile1
449 167.755373 -1.10665389613359 profile1
450 167.788738 -1.11876197312729 profile1
451 167.822104 -1.13066896028967 profile1
452 167.836721 -1.14352648092049 profile1
453 167.845502 -1.15633319883051 profile1
454 167.854284 -1.1687475524222 profile1
455 167.858563 -1.18082382456534 profile1
456 167.860327 -1.19677175055255 profile1
457 167.862092 -1.22976870034648 profile1
458 167.863857 -1.26193470298773 profile1
459 167.865622 -1.29246436481274 profile1
460 167.86764 -1.32475761823629 profile1
461 167.871511 -1.35874721909267 profile1
462 167.876871 -1.39427239914548 profile1
463 167.882232 -1.43130844059225 profile1
464 167.887593 -1.46982723501398 profile1
465 167.913375 -1.49459859970443 profile1
466 167.920966 -1.49764123214689 profile1
467 167.928557 -1.49898556654301 profile1
468 168.002821 -1.50596460238542 profile1
469 168.013929 -1.53315872457512 profile1
470 168.020304 -1.56252244928347 profile1
471 168.023961 -1.59237777728043 profile1
472 168.02735 -1.62305219758472 profile1
473 168.030739 -1.63952470901318 profile1
474 168.034128 -1.65984627913333 profile1
475 168.037518 -1.69688475276537 profile1
476 168.042103 -1.724799752094 profile1
477 168.057523 -1.85031426243874 profile1
478 168.241031 -1.83229362305772 profile1
479 168.273712 -1.83363485786522 profile1
480 168.276509 -1.83521197371008 profile1
481 168.279306 -1.83722218838913 profile1
482 168.282103 -1.83968571429883 profile1
483 168.2849 -1.84261980199539 profile1
484 168.287697 -1.84603679109619 profile1
485 168.291368 -1.83283708932536 profile1
486 168.295216 -1.83448063011837 profile1
487 168.301388 -1.84878516811107 profile1
488 168.308464 -1.80367522024404 profile1
489 168.31554 -2.06651735246096 profile1
490 168.322616 -2.66333247739293 profile1
491 168.369835 -2.97516345908577 profile1
492 168.372164 -2.98527174481438 profile1
493 168.374493 -2.99533659604862 profile1
494 168.376821 -3.00700538741767 profile1
495 162.797792 -2.61515581692758 profile2
496 162.802465 -2.54362352220034 profile2
497 162.807137 -2.4640802098639 profile2
498 162.891193 -2.39273038794525 profile2
499 162.899169 -2.32576569127979 profile2
500 162.907146 -2.28988898157126 profile2
501 162.915122 -2.29923781783467 profile2
502 162.923098 -2.27000399980504 profile2
503 162.931074 -2.24404837133225 profile2
504 162.93905 -2.2207766572176 profile2
505 162.97044 -2.13591597618469 profile2
506 162.976744 -2.08853502241093 profile2
507 162.983048 -2.04118609296454 profile2
508 162.989352 -2.01012007844849 profile2
509 162.995537 -2.0480985021783 profile2
510 162.997832 -1.8204795709245 profile2
511 163.00011 -1.74719755380798 profile2
512 163.002388 -1.7001436874944 profile2
513 163.004665 -1.65319286931665 profile2
514 163.006943 -1.60641595488057 profile2
515 163.009221 -1.55988603440549 profile2
516 163.011499 -1.51367745584882 profile2
517 163.013777 -1.46786652890578 profile2
518 163.016054 -1.42373877884207 profile2
519 163.018332 -1.38183685762043 profile2
520 163.02061 -1.34065606964315 profile2
521 163.022888 -1.30027117144482 profile2
522 163.025166 -1.2608749253861 profile2
523 163.029526 -1.2225865764116 profile2
524 163.045161 -1.18761008776666 profile2
525 163.061794 -1.15407802011054 profile2
526 163.078427 -1.06995238064661 profile2
527 163.09506 -0.964946268509868 profile2
528 163.111693 -0.87769305425096 profile2
529 163.125708 -0.832458700768086 profile2
530 163.137394 -1.01127286847545 profile2
531 163.14908 -1.21724804368425 profile2
532 163.154021 -1.1863848549472 profile2
533 163.156127 -1.15977028866665 profile2
534 163.157556 -1.13746910107791 profile2
535 163.158891 -1.11952487552805 profile2
536 163.160225 -1.10596262226457 profile2
537 163.161559 -1.09678886333136 profile2
538 163.162894 -1.09199130112033 profile2
539 163.164228 -1.09153787667727 profile2
540 163.165562 -1.09537188704231 profile2
541 163.166897 -1.10341646515599 profile2
542 163.26265 -1.04538417852589 profile2
543 163.413317 -0.857054574661054 profile2
544 163.495816 -0.258500111512755 profile2
545 163.507977 -0.0353526767210093 profile2
546 163.520139 0.192556434848449 profile2
547 163.582672 0.394944904754066 profile2
548 164.022416 0.438128393733865 profile2
549 164.027702 0.157089460926384 profile2
550 164.032987 0.115209062300093 profile2
551 164.064248 0.162973314548795 profile2
552 164.070405 0.179687302674479 profile2
553 164.076561 0.196266271652472 profile2
554 164.255184 1.41680404902678 profile2
555 164.291807 -0.779478968513156 profile2
556 164.314068 -1.15023023335568 profile2
557 164.325529 -1.2302191575371 profile2
558 164.336991 -1.27583686196924 profile2
559 164.348452 -1.21415762707004 profile2
560 164.60536 -1.2477324209102 profile2
561 164.617986 -1.27931549342829 profile2
562 164.628884 -1.32350337301184 profile2
563 164.636687 -1.36330060912714 profile2
564 164.648869 -1.36746240293253 profile2
565 164.66892 -1.35911634821467 profile2
566 164.758936 -1.31996335305757 profile2
567 165.053217 -1.38204534689721 profile2
568 165.121823 -1.4210915575901 profile2
569 165.132678 -1.43110420778915 profile2
570 165.143532 -1.47154534547246 profile2
571 165.154046 -1.0346267149516 profile2
572 165.15722 -1.04027146942444 profile2
573 165.160395 -1.04866966894694 profile2
574 165.163569 -0.964022580463743 profile2
575 165.195982 -0.965736172633861 profile2
576 165.223558 -0.986548571482458 profile2
577 165.251135 -1.00693114365014 profile2
578 165.276843 -0.90586019161812 profile2
579 165.283031 -0.858438053725561 profile2
580 165.290201 -0.797297335450115 profile2
581 165.297626 -0.551727399298395 profile2
582 165.445995 -0.529865934052193 profile2
583 165.451594 -0.57564542592903 profile2
584 165.457194 -0.626580525978131 profile2
585 165.462793 -0.677938584890203 profile2
586 165.468393 -0.732679038955745 profile2
587 165.473992 -0.791591953765175 profile2
588 165.479592 -0.854192575880195 profile2
589 165.485905 -0.71671146609328 profile2
590 165.495439 -0.876498469651218 profile2
591 165.565236 -0.913505275907708 profile2
592 165.56991 -0.904950761494501 profile2
593 165.574583 -0.883646590854892 profile2
594 165.581587 -0.746083171786274 profile2
595 165.605467 -0.771259336965987 profile2
596 165.629348 -0.765249173977764 profile2
597 165.653228 -0.75958886127559 profile2
598 165.677109 -0.754861653465352 profile2
599 165.700989 -0.804711310180434 profile2
600 165.704891 -0.904605339888927 profile2
601 165.706625 -1.00782929034833 profile2
602 165.708359 -1.11371409159678 profile2
603 165.710093 -1.22153483292393 profile2
604 165.711827 -1.33052546138428 profile2
605 165.713561 -1.47334929636157 profile2
606 165.715295 -1.65276110600549 profile2
607 165.717029 -1.84050911269344 profile2
608 165.718763 -2.03942289943445 profile2
609 165.720497 -2.23082355203602 profile2
610 165.722231 -2.39595772091671 profile2
611 165.723965 -2.52138188583042 profile2
612 165.725699 -2.61990427133384 profile2
613 165.802549 -2.65101372735944 profile2
614 165.85132 -2.65657071060973 profile2
615 165.858793 -2.64533132123082 profile2
616 165.864624 -2.62414705801571 profile2
617 165.868565 -2.60466972880513 profile2
618 165.872506 -2.58712438003671 profile2
619 165.876447 -2.5716950712646 profile2
620 165.880388 -2.55851313637726 profile2
621 165.884329 -2.51197917360166 profile2
622 165.88827 -2.46421180002552 profile2
623 165.892211 -2.42488348334114 profile2
624 165.896152 -2.40044143005722 profile2
625 165.900093 -2.37986994174419 profile2
626 165.912941 -2.36241337946194 profile2
627 165.925276 -2.34590225116337 profile2
628 165.925359 -2.32906917509471 profile2
629 165.925441 -2.31216996069796 profile2
630 165.930685 -2.29900518382877 profile2
631 166.172164 -2.33518647335743 profile2
632 166.181382 -2.44531847049954 profile2
633 166.1906 -2.57356582276692 profile2
634 166.324274 -2.39309169647935 profile2
635 166.325217 -2.35360016798091 profile2
636 166.32602 -2.31813903837757 profile2
637 166.326823 -2.28551550406972 profile2
638 166.327627 -2.2644873562608 profile2
639 166.32843 -2.25001613842037 profile2
640 166.377584 -2.22885260898125 profile2
641 166.382507 -2.17915574465583 profile2
642 166.38743 -2.130671922482 profile2
643 166.394815 -2.08372434738177 profile2
644 166.403288 -2.03962950751391 profile2
645 166.407404 -2.00856988684452 profile2
646 166.411519 -2.04705204667458 profile2
647 166.415634 -2.08945540221047 profile2
648 166.419069 -2.13506881554617 profile2
649 166.422503 -2.18307427508711 profile2
650 166.425938 -2.23259210169299 profile2
651 166.429372 -2.28273933075145 profile2
652 166.432807 -2.33269120759836 profile2
653 166.439999 -2.38173297948558 profile2
654 166.448156 -2.4292829882253 profile2
655 166.475596 -2.45422483308055 profile2
656 166.491355 -2.46909788088563 profile2
657 166.507114 -2.50715155177555 profile2
658 166.522873 -2.55524616895816 profile2
659 166.537635 -2.59473374996532 profile2
660 166.55226 -2.59630916704317 profile2
661 166.566886 -2.73358665744466 profile2
662 166.581511 -2.69948863436486 profile2
663 166.592132 -2.77838218784309 profile2
664 166.599166 -2.93026429585015 profile2
665 166.606199 -3.08176868448377 profile2
666 166.613233 -3.10333303249663 profile2
667 166.62365 -3.06560663672096 profile2
668 166.754477 -3.10868742453545 profile2
669 166.783106 -3.1262440586055 profile2
670 166.802407 -3.13038089974393 profile2
671 166.805057 -3.1287762517097 profile2
672 166.807706 -3.12536009630142 profile2
673 166.811338 -3.13010457560103 profile2
674 166.839967 -3.13471729380522 profile2
675 166.951357 -3.1097621827856 profile2
676 166.992184 -3.10827071374088 profile2
677 167.033011 -3.10793132838098 profile2
678 167.073838 -3.32989653289597 profile2
679 167.142758 -3.27702139610814 profile2
680 167.274124 -3.3543389971894 profile2
681 167.282638 -3.39793937280018 profile2
682 167.286179 -3.44936499086281 profile2
683 167.289719 -3.50806521943916 profile2
684 167.29326 -3.56690167902179 profile2
685 167.306473 -3.60079251966624 profile2
686 167.322761 -3.6167583418041 profile2
687 167.349466 -3.62405000189943 profile2
688 167.360748 -3.62763579449856 profile2
689 167.37203 -3.63200359187979 profile2
690 167.396998 -3.63706158114042 profile2
691 167.523201 -3.64707964614925 profile2
692 167.545144 -3.65447054307213 profile2
693 167.556235 -3.72111795773263 profile2
694 167.567326 -3.8085497770596 profile2
695 167.647654 -3.96940626814266 profile2
696 167.755373 -3.97407271799589 profile2
697 167.788738 -3.97935604721665 profile2
698 167.822104 -3.98465439909074 profile2
699 167.836721 -3.9996275543407 profile2
700 167.845502 -4.01796368075458 profile2
701 167.854284 -4.03665711510651 profile2
702 167.858563 -4.05565235848987 profile2
703 167.860327 -4.074928182191 profile2
704 167.862092 -4.09450668397347 profile2
705 167.863857 -4.10319307209407 profile2
706 167.865622 -4.09687566835671 profile2
707 167.86764 -4.0918456575347 profile2
708 167.871511 -4.08680447995008 profile2
709 167.876871 -4.08140698849357 profile2
710 167.882232 -4.07569311532521 profile2
711 167.887593 -4.06970411984599 profile2
712 167.913375 -4.06850584752441 profile2
713 167.920966 -4.071701191068 profile2
714 167.928557 -4.07430339923757 profile2
715 168.002821 -4.07076981121565 profile2
716 168.013929 -4.04677529203253 profile2
717 168.020304 -4.02347132018394 profile2
718 168.023961 -3.99991030489609 profile2
719 168.02735 -3.97878857194318 profile2
720 168.030739 -3.9120890121156 profile2
721 168.034128 -3.48601629587894 profile2
722 168.037518 -3.46451730368629 profile2
723 168.042103 -3.45076838164267 profile2
724 168.057523 -3.46103936446878 profile2
725 168.241031 -3.44067361996536 profile2
726 168.273712 -3.4439983410366 profile2
727 168.276509 -3.45010489642977 profile2
728 168.279306 -3.45830548919379 profile2
729 168.282103 -3.46856373589385 profile2
730 168.2849 -3.48082373282477 profile2
731 168.287697 -3.49501277845884 profile2
732 168.291368 -3.46153351368351 profile2
733 168.295216 -3.41959600103342 profile2
734 168.301388 -3.38905384967948 profile2
735 168.308464 -3.48753113619493 profile2
736 168.31554 -3.58123241592674 profile2
737 168.322616 -3.65122692860305 profile2
738 168.369835 -3.67426768596928 profile2
739 168.372164 -3.68042334557554 profile2
740 168.374493 -3.68673742124648 profile2
741 168.376821 -3.6965103472511 profile2
