marker_position lod trace
1 162.797792 -6.78526440257816 pleio
2 162.802465 -6.72444681654783 pleio
3 162.807137 -6.68035311663291 pleio
4 162.891193 -7.07711301429692 pleio
5 162.899169 -7.30728761668187 pleio
6 162.907146 -7.64430601184222 pleio
7 162.915122 -7.6763869814915 pleio
8 162.923098 -7.57654005841645 pleio
9 162.931074 -7.47574513306029 pleio
10 162.93905 -7.37647591941643 pleio
11 162.97044 -7.12328737263522 pleio
12 162.976744 -7.08596786625183 pleio
13 162.983048 -7.06533782702356 pleio
14 162.989352 -7.25429118202331 pleio
15 162.995537 -7.23798351718499 pleio
16 162.997832 -7.12993358884698 pleio
17 163.00011 -7.11781773603338 pleio
18 163.002388 -7.10235740501619 pleio
19 163.004665 -7.08703812352759 pleio
20 163.006943 -7.07186812265732 pleio
21 163.009221 -7.05685876891674 pleio
22 163.011499 -7.04202352419091 pleio
23 163.013777 -7.02737431613138 pleio
24 163.016054 -7.01110571926944 pleio
25 163.018332 -6.9926912263736 pleio
26 163.02061 -6.97459036272898 pleio
27 163.022888 -6.95682424599282 pleio
28 163.025166 -6.93946275075727 pleio
29 163.029526 -6.92253758987734 pleio
30 163.045161 -6.90217033019506 pleio
31 163.061794 -6.88143892424934 pleio
32 163.078427 -6.89157497629988 pleio
33 163.09506 -6.93229388405641 pleio
34 163.111693 -6.98230686401633 pleio
35 163.125708 -7.05647421409996 pleio
36 163.137394 -5.61190023189279 pleio
37 163.14908 -4.64143272630663 pleio
38 163.154021 -4.47309874857795 pleio
39 163.156127 -4.31604570146046 pleio
40 163.157556 -4.17209832325411 pleio
41 163.158891 -4.04309167653172 pleio
42 163.160225 -3.93076627340383 pleio
43 163.161559 -3.83664544609037 pleio
44 163.162894 -3.76191610441506 pleio
45 163.164228 -3.70732732429376 pleio
46 163.165562 -3.67313219158978 pleio
47 163.166897 -3.65908325548915 pleio
48 163.26265 -2.87041259347492 pleio
49 163.413317 -0.768930081060389 pleio
50 163.495816 -0.458619933442626 pleio
51 163.507977 -0.251448419595538 pleio
52 163.520139 -0.0997929875684313 pleio
53 163.582672 0 pleio
54 164.022416 -1.55407814632334 pleio
55 164.027702 -1.78361939238152 pleio
56 164.032987 -2.13707527527223 pleio
57 164.064248 -2.25574307952874 pleio
58 164.070405 -2.25731147639753 pleio
59 164.076561 -2.2589944361562 pleio
60 164.255184 -3.38492068534712 pleio
61 164.291807 -3.24021492198279 pleio
62 164.314068 -3.40382330084504 pleio
63 164.325529 -3.32735200787777 pleio
64 164.336991 -3.26857879924917 pleio
65 164.348452 -3.24983110374816 pleio
66 164.60536 -3.30344567890612 pleio
67 164.617986 -3.28020873515105 pleio
68 164.628884 -3.28160153546827 pleio
69 164.636687 -3.31480972240352 pleio
70 164.648869 -3.36902018234461 pleio
71 164.66892 -3.44504548439468 pleio
72 164.758936 -3.84214584886874 pleio
73 165.053217 -4.33941543144093 pleio
74 165.121823 -4.47949549045655 pleio
75 165.132678 -4.51640593507356 pleio
76 165.143532 -4.55192583954847 pleio
77 165.154046 -4.63186842496768 pleio
78 165.15722 -4.69121082401857 pleio
79 165.160395 -4.78816734840304 pleio
80 165.163569 -4.92231379270727 pleio
81 165.195982 -5.05555636202212 pleio
82 165.223558 -5.07732761725352 pleio
83 165.251135 -5.07173960637867 pleio
84 165.276843 -5.08445366261889 pleio
85 165.283031 -5.16034906506216 pleio
86 165.290201 -5.2802099082493 pleio
87 165.297626 -5.24784617586348 pleio
88 165.445995 -5.2499465885158 pleio
89 165.451594 -5.27054631442165 pleio
90 165.457194 -5.29445931160353 pleio
91 165.462793 -5.33129345270068 pleio
92 165.468393 -5.37236511287562 pleio
93 165.473992 -5.41452086068608 pleio
94 165.479592 -5.457273195237 pleio
95 165.485905 -5.85995284072233 pleio
96 165.495439 -5.88319583228267 pleio
97 165.565236 -5.81678214533438 pleio
98 165.56991 -5.53004979129447 pleio
99 165.574583 -5.30928626272128 pleio
100 165.581587 -5.28398090273685 pleio
101 165.605467 -5.25447913985445 pleio
102 165.629348 -5.21687674386435 pleio
103 165.653228 -5.18300824152409 pleio
104 165.677109 -5.16695985146845 pleio
105 165.700989 -5.20486648757427 pleio
106 165.704891 -5.2658135368892 pleio
107 165.706625 -5.33106128667615 pleio
108 165.708359 -5.40030590321229 pleio
109 165.710093 -5.47318324996433 pleio
110 165.711827 -5.54927787491825 pleio
111 165.713561 -5.58265357627315 pleio
112 165.715295 -5.61990631744102 pleio
113 165.717029 -5.67563746467639 pleio
114 165.718763 -5.7497713640953 pleio
115 165.720497 -5.840244906434 pleio
116 165.722231 -5.94330076782692 pleio
117 165.723965 -6.05396348694763 pleio
118 165.725699 -6.15499527726489 pleio
119 165.802549 -6.16027211739337 pleio
120 165.85132 -6.15906096284576 pleio
121 165.858793 -6.18549649870434 pleio
122 165.864624 -6.25431340083409 pleio
123 165.868565 -6.3255750958608 pleio
124 165.872506 -6.3987475350894 pleio
125 165.876447 -6.47326721597446 pleio
126 165.880388 -6.54855779676992 pleio
127 165.884329 -6.56533204898246 pleio
128 165.88827 -6.57888471182523 pleio
129 165.892211 -6.58871047243597 pleio
130 165.896152 -6.56681783872029 pleio
131 165.900093 -6.54066339342295 pleio
132 165.912941 -6.5136159293752 pleio
133 165.925276 -6.47868733324923 pleio
134 165.925359 -6.43647621329054 pleio
135 165.925441 -6.3913292155129 pleio
136 165.930685 -6.39118088638698 pleio
137 166.172164 -6.44774337582908 pleio
138 166.181382 -6.55470349538202 pleio
139 166.1906 -6.63533893620723 pleio
140 166.324274 -6.58112155247285 pleio
141 166.325217 -6.62978793013915 pleio
142 166.32602 -6.6651864219179 pleio
143 166.326823 -6.68326776352878 pleio
144 166.327627 -6.6840385919582 pleio
145 166.32843 -6.68322458514627 pleio
146 166.377584 -6.69251454116979 pleio
147 166.382507 -6.73297730358497 pleio
148 166.38743 -6.77330704031791 pleio
149 166.394815 -6.81316428657844 pleio
150 166.403288 -6.80516422659495 pleio
151 166.407404 -6.76468648937494 pleio
152 166.411519 -6.71786569516376 pleio
153 166.415634 -6.67404793541658 pleio
154 166.419069 -6.63331516893448 pleio
155 166.422503 -6.59580139879808 pleio
156 166.425938 -6.56168623788923 pleio
157 166.429372 -6.53119925337549 pleio
158 166.432807 -6.50459969534787 pleio
159 166.439999 -6.48210604991112 pleio
160 166.448156 -6.46353226321163 pleio
161 166.475596 -6.45772028954518 pleio
162 166.491355 -6.50084191858315 pleio
163 166.507114 -6.51256663392774 pleio
164 166.522873 -6.52324823233363 pleio
165 166.537635 -6.50471611892361 pleio
166 166.55226 -6.50670401237733 pleio
167 166.566886 -6.3453290193811 pleio
168 166.581511 -6.36861472372589 pleio
169 166.592132 -6.56175419602323 pleio
170 166.599166 -6.80398911325144 pleio
171 166.606199 -6.98168187351874 pleio
172 166.613233 -6.9187167267632 pleio
173 166.62365 -6.95871845686683 pleio
174 166.754477 -7.3382575646083 pleio
175 166.783106 -7.27054316290103 pleio
176 166.802407 -7.19933430974804 pleio
177 166.805057 -7.13012911197544 pleio
178 166.807706 -7.06619488694605 pleio
179 166.811338 -7.01786595318787 pleio
180 166.839967 -6.99813294131993 pleio
181 166.951357 -6.9823562721051 pleio
182 166.992184 -6.9874622381175 pleio
183 167.033011 -6.98080728021279 pleio
184 167.073838 -6.89475112108419 pleio
185 167.142758 -6.88115804560637 pleio
186 167.274124 -6.98175599701563 pleio
187 167.282638 -6.88291705552188 pleio
188 167.286179 -6.80449741900934 pleio
189 167.289719 -6.74996297613363 pleio
190 167.29326 -6.72261863204848 pleio
191 167.306473 -6.71590456307461 pleio
192 167.322761 -6.74238516038263 pleio
193 167.349466 -6.75846176797683 pleio
194 167.360748 -6.76165638413596 pleio
195 167.37203 -6.76487656712502 pleio
196 167.396998 -6.76796411499836 pleio
197 167.523201 -6.72374555872905 pleio
198 167.545144 -6.765956999433 pleio
199 167.556235 -6.87622792938444 pleio
200 167.567326 -6.9798764409881 pleio
201 167.647654 -6.97883668416962 pleio
202 167.755373 -6.99133731832069 pleio
203 167.788738 -7.01389291217828 pleio
204 167.822104 -7.03635329696004 pleio
205 167.836721 -7.06835719305507 pleio
206 167.845502 -7.10270885957235 pleio
207 167.854284 -7.13637425401745 pleio
208 167.858563 -7.16954107418361 pleio
209 167.860327 -7.20436141138483 pleio
210 167.862092 -7.24884028387583 pleio
211 167.863857 -7.29031446484111 pleio
212 167.865622 -7.32807450400816 pleio
213 167.86764 -7.36577431234871 pleio
214 167.871511 -7.4049377366267 pleio
215 167.876871 -7.44579251066998 pleio
216 167.882232 -7.48828744990033 pleio
217 167.887593 -7.53236999978939 pleio
218 167.913375 -7.56209150243762 pleio
219 167.920966 -7.56365527324024 pleio
220 167.928557 -7.56105044750928 pleio
221 168.002821 -7.56881579297979 pleio
222 168.013929 -7.6132469064171 pleio
223 168.020304 -7.66107592317648 pleio
224 168.023961 -7.72103908863842 pleio
225 168.02735 -7.78883644181649 pleio
226 168.030739 -7.8634311905581 pleio
227 168.034128 -8.12559573255147 pleio
228 168.037518 -8.18665066189889 pleio
229 168.042103 -8.23154524464045 pleio
230 168.057523 -8.31675705935268 pleio
231 168.241031 -8.21601814228276 pleio
232 168.273712 -8.17714241178405 pleio
233 168.276509 -8.13318038153739 pleio
234 168.279306 -8.08805468307465 pleio
235 168.282103 -8.04189897732612 pleio
236 168.2849 -7.99485908327051 pleio
237 168.287697 -7.94708752336548 pleio
238 168.291368 -7.93041758891056 pleio
239 168.295216 -7.94366749501363 pleio
240 168.301388 -7.96785181488128 pleio
241 168.308464 -7.84442010152775 pleio
242 168.31554 -7.94237905151845 pleio
243 168.322616 -8.30815982709335 pleio
244 168.369835 -8.51837920850124 pleio
245 168.372164 -8.5194589986622 pleio
246 168.374493 -8.5205496007927 pleio
247 168.376821 -8.52109283006589 pleio
248 163.413317 -0.251828797275058 profile1
249 163.495816 -0.0508415721093204 profile1
250 163.507977 0.116370580922734 profile1
251 163.520139 0.217354304761056 profile1
252 163.582672 0.255558143081905 profile1
253 164.022416 -1.4768072336556 profile1
254 163.14908 -3.53167001705691 profile1
255 163.154021 -3.3823893161806 profile1
256 163.156127 -3.2416299946141 profile1
257 163.157556 -3.11149527252165 profile1
258 163.158891 -2.99408087346728 profile1
259 163.160225 -2.89135084341805 profile1
260 163.161559 -2.80498661695863 profile1
261 163.162894 -2.73625903211395 profile1
262 163.164228 -2.68593004556086 profile1
263 163.165562 -2.65420475250222 profile1
264 163.166897 -2.6407710561039 profile1
265 163.26265 -1.95122020307789 profile1
266 164.027702 -1.7555601823056 profile1
267 164.032987 -2.12505984834875 profile1
268 164.064248 -2.25574307952874 profile1
269 164.070405 -2.25255981552217 profile1
270 164.076561 -2.24941147879843 profile1
271 162.797792 -5.03882422104412 profile1
272 162.802465 -4.96379875274548 profile1
273 162.807137 -4.90497166240924 profile1
274 162.891193 -5.41881303734842 profile1
275 162.899169 -5.57366892031856 profile1
276 162.907146 -5.88001217347899 profile1
277 162.915122 -5.98097383443937 profile1
278 162.923098 -5.94617465268435 profile1
279 162.931074 -5.91479858773258 profile1
280 162.93905 -5.88749770431324 profile1
281 162.97044 -5.9157468602691 profile1
282 162.976744 -5.93317187094651 profile1
283 162.983048 -5.93118224657973 profile1
284 162.989352 -5.9171878540322 profile1
285 162.995537 -5.9020198598459 profile1
286 162.997832 -6.01251333125613 profile1
287 163.00011 -6.04571749316771 profile1
288 163.002388 -6.04218449102615 profile1
289 163.004665 -6.03852329300419 profile1
290 163.006943 -6.03472837467611 profile1
291 163.009221 -6.03079775062712 profile1
292 163.011499 -6.02672940695865 profile1
293 163.013777 -6.02252200170376 profile1
294 163.016054 -6.01704587475826 profile1
295 163.018332 -6.00993598095593 profile1
296 163.02061 -6.00269348690061 profile1
297 163.022888 -5.99532160541221 profile1
298 163.025166 -5.98780866670797 profile1
299 163.029526 -5.98015922936083 profile1
300 163.045161 -5.97157614058674 profile1
301 163.061794 -5.96219981112347 profile1
302 163.078427 -5.91803478199157 profile1
303 163.09506 -5.85576562885973 profile1
304 163.111693 -5.79923826844629 profile1
305 163.125708 -5.76727027935056 profile1
306 163.137394 -4.4593450487506 profile1
307 164.255184 -2.67467173987053 profile1
308 164.291807 -3.01964468382392 profile1
309 164.314068 -3.10728890632877 profile1
310 164.325529 -3.13479937089104 profile1
311 164.336991 -3.14504073187873 profile1
312 164.348452 -3.04332060937428 profile1
313 164.60536 -2.97728023626399 profile1
314 164.617986 -2.83667232515915 profile1
315 164.628884 -2.7163872522096 profile1
316 164.636687 -2.62236790893154 profile1
317 164.648869 -2.57065436130315 profile1
318 164.66892 -2.58900130306857 profile1
319 164.758936 -2.70680455408106 profile1
320 165.053217 -3.45034129236672 profile1
321 165.121823 -3.55412255439964 profile1
322 165.132678 -3.5967614241227 profile1
323 165.143532 -3.69986164407705 profile1
324 165.154046 -3.85231015458458 profile1
325 165.15722 -3.93102885769617 profile1
326 165.160395 -4.04770726720849 profile1
327 165.163569 -4.22618252996742 profile1
328 165.195982 -4.3448456692587 profile1
329 165.223558 -4.38324752953348 profile1
330 165.251135 -4.41048888852836 profile1
331 165.276843 -4.42339496283524 profile1
332 165.283031 -4.49153737382797 profile1
333 165.290201 -4.60516974257418 profile1
334 165.297626 -4.61419241831525 profile1
335 165.445995 -4.60602121661538 profile1
336 165.451594 -4.58960227177735 profile1
337 165.457194 -4.57538829900162 profile1
338 165.462793 -4.57396746804108 profile1
339 165.468393 -4.57625387008048 profile1
340 165.473992 -4.57925331001244 profile1
341 165.479592 -4.58284045115781 profile1
342 165.485905 -5.75503685130461 profile1
343 165.495439 -5.74285749215843 profile1
344 165.565236 -5.6372149554808 profile1
345 165.56991 -5.43738234146168 profile1
346 165.574583 -5.27834206638166 profile1
347 165.581587 -5.22755258008306 profile1
348 165.605467 -5.20857845910565 profile1
349 165.629348 -5.19009025519777 profile1
350 165.653228 -5.1743759481525 profile1
351 165.677109 -5.16695985146845 profile1
352 165.700989 -5.17042889842697 profile1
353 165.704891 -5.17714771726462 profile1
354 165.706625 -5.1832422704263 profile1
355 165.708359 -5.18866332641961 profile1
356 165.710093 -5.19336880518085 profile1
357 165.711827 -5.19732716526277 profile1
358 165.713561 -5.16001831337138 profile1
359 165.715295 -5.11577506323565 profile1
360 165.717029 -5.07692082069807 profile1
361 165.718763 -5.04433337728808 profile1
362 165.720497 -5.01774926630641 profile1
363 165.722231 -4.99567301315853 profile1
364 165.723965 -4.97512504924248 profile1
365 165.725699 -4.93332015778693 profile1
366 165.802549 -4.92281067258327 profile1
367 165.85132 -4.93179607622967 profile1
368 165.858793 -4.94070233396014 profile1
369 165.864624 -4.95622082655623 profile1
370 165.868565 -4.97509085389131 profile1
371 165.872506 -4.99709137677384 profile1
372 165.876447 -5.02195940208383 profile1
373 165.880388 -5.04940214526916 profile1
374 165.884329 -5.02820861265059 profile1
375 165.88827 -5.00347611284814 profile1
376 165.892211 -4.97535187520757 profile1
377 165.896152 -4.9213149938172 profile1
378 165.900093 -4.8644421859885 profile1
379 165.912941 -4.82229119922902 profile1
380 165.925276 -4.78967362429072 profile1
381 165.925359 -4.75417092159701 profile1
382 165.925441 -4.71831410803837 profile1
383 165.930685 -4.66806894886842 profile1
384 166.172164 -4.61252098351602 profile1
385 166.181382 -4.53542301730368 profile1
386 166.1906 -4.49918353575652 profile1
387 166.324274 -4.4610971133376 profile1
388 166.325217 -4.45947267034272 profile1
389 166.32602 -4.45629009316871 profile1
390 166.326823 -4.45163697719654 profile1
391 166.327627 -4.43684854245527 profile1
392 166.32843 -4.41767841787164 profile1
393 166.377584 -4.40427695534433 profile1
394 166.382507 -4.40414873212696 profile1
395 166.38743 -4.40455385270209 profile1
396 166.394815 -4.40539621095097 profile1
397 166.403288 -4.38454768324014 profile1
398 166.407404 -4.35536810054561 profile1
399 166.411519 -4.35940154543204 profile1
400 166.415634 -4.36726425959778 profile1
401 166.419069 -4.37901614262438 profile1
402 166.422503 -4.39470563136916 profile1
403 166.425938 -4.41435746511328 profile1
404 166.429372 -4.43797084587069 profile1
405 166.432807 -4.46550573095325 profile1
406 166.439999 -4.4969273729087 profile1
407 166.448156 -4.53259027427329 profile1
408 166.475596 -4.57394265831105 profile1
409 166.491355 -4.56462006174631 profile1
410 166.507114 -4.56904924401454 profile1
411 166.522873 -4.57480160532575 profile1
412 166.537635 -4.56993842612009 profile1
413 166.55226 -4.57523476184687 profile1
414 166.566886 -4.63439225795315 profile1
415 166.581511 -4.64247587450473 profile1
416 166.592132 -4.73954709922849 profile1
417 166.599166 -4.85782279526123 profile1
418 166.606199 -4.95188481375969 profile1
419 166.613233 -4.9720041352991 profile1
420 166.62365 -5.06861421039102 profile1
421 166.754477 -5.44390569699197 profile1
422 166.783106 -5.42597692149683 profile1
423 166.802407 -5.40584957234013 profile1
424 166.805057 -5.38560809032491 profile1
425 166.807706 -5.36663324455658 profile1
426 166.811338 -5.3558595611533 profile1
427 166.839967 -5.35251200490329 profile1
428 166.951357 -5.33940472175015 profile1
429 166.992184 -5.34304992968024 profile1
430 167.033011 -5.35842717090061 profile1
431 167.073838 -4.768695482781 profile1
432 167.142758 -4.46516847706221 profile1
433 167.274124 -4.39422018617663 profile1
434 167.282638 -4.33732667628724 profile1
435 167.286179 -4.30173309856701 profile1
436 167.289719 -4.29041604467418 profile1
437 167.29326 -4.30553450596154 profile1
438 167.306473 -4.34590205990522 profile1
439 167.322761 -4.37256124141258 profile1
440 167.349466 -4.38162078551446 profile1
441 167.360748 -4.38068598505703 profile1
442 167.37203 -4.38008438094155 profile1
443 167.396998 -4.37969495948881 profile1
444 167.523201 -4.3541288433257 profile1
445 167.545144 -4.41366811487627 profile1
446 167.556235 -4.50715457226498 profile1
447 167.567326 -4.58299574445453 profile1
448 167.647654 -4.52978975054331 profile1
449 167.755373 -4.5315313781493 profile1
450 167.788738 -4.53067409778761 profile1
451 167.822104 -4.5298586020209 profile1
452 167.836721 -4.52634585954084 profile1
453 167.845502 -4.52230166017751 profile1
454 167.854284 -4.51862143335475 profile1
455 167.858563 -4.51533764844085 profile1
456 167.860327 -4.51879113966459 profile1
457 167.862092 -4.5478003763819 profile1
458 167.863857 -4.57948412472383 profile1
459 167.865622 -4.61395071218618 profile1
460 167.86764 -4.65366054573116 profile1
461 167.871511 -4.69597356382126 profile1
462 167.876871 -4.73991594369238 profile1
463 167.882232 -4.78540391474518 profile1
464 167.887593 -4.83235160820209 profile1
465 167.913375 -4.85483449044278 profile1
466 167.920966 -4.84770822440819 profile1
467 167.928557 -4.84089720522232 profile1
468 168.002821 -4.84411830035824 profile1
469 168.013929 -4.88264411829824 profile1
470 168.020304 -4.9241383191416 profile1
471 168.023961 -4.98397637471876 profile1
472 168.02735 -5.0573126123158 profile1
473 168.030739 -5.13774210912604 profile1
474 168.034128 -5.37922742291889 profile1
475 168.037518 -5.43119659453911 profile1
476 168.042103 -5.46820147997121 profile1
477 168.057523 -5.51862329484795 profile1
478 168.241031 -5.45575058979018 profile1
479 168.273712 -5.43182440690862 profile1
480 168.276509 -5.4063083252268 profile1
481 168.279306 -5.38015074705221 profile1
482 168.282103 -5.35342632067633 profile1
483 168.2849 -5.32621931292743 profile1
484 168.287697 -5.29861657614497 profile1
485 168.291368 -5.27300703648181 profile1
486 168.295216 -5.26703777043177 profile1
487 168.301388 -5.27607844558989 profile1
488 168.308464 -5.31297862485902 profile1
489 168.31554 -5.49511769088171 profile1
490 168.322616 -5.82074762953439 profile1
491 168.369835 -5.97093791899157 profile1
492 168.372164 -5.95744381540131 profile1
493 168.374493 -5.94405552737467 profile1
494 168.376821 -5.93046996050256 profile1
495 162.797792 -2.80580758694406 profile2
496 162.802465 -2.81358462473109 profile2
497 162.807137 -2.82962593052618 profile2
498 162.891193 -2.72650151465426 profile2
499 162.899169 -2.85766251348013 profile2
500 162.907146 -2.95680996209816 profile2
501 162.915122 -2.90121047699759 profile2
502 162.923098 -2.82727481395796 profile2
503 162.931074 -2.74905019503537 profile2
504 162.93905 -2.66871563021449 profile2
505 162.97044 -2.37122694564528 profile2
506 162.976744 -2.30776123779772 profile2
507 162.983048 -2.28313596222177 profile2
508 162.989352 -2.47022620068527 profile2
509 162.995537 -2.46495461231771 profile2
510 162.997832 -2.15452207646877 profile2
511 163.00011 -2.086730051384 profile2
512 163.002388 -2.06747024523159 profile2
513 163.004665 -2.04870365714612 profile2
514 163.006943 -2.0304557466227 profile2
515 163.009221 -2.01275108789575 profile2
516 163.011499 -1.99561652141458 profile2
517 163.013777 -1.97907585058695 profile2
518 163.016054 -1.9619556174867 profile2
519 163.018332 -1.94392926276803 profile2
520 163.02061 -1.92663910251003 profile2
521 163.022888 -1.91011360063187 profile2
522 163.025166 -1.8945034983346 profile2
523 163.029526 -1.87985836449966 profile2
524 163.045161 -1.86440999247689 profile2
525 163.061794 -1.85009510636305 profile2
526 163.078427 -1.88244256748836 profile2
527 163.09506 -1.95784754342109 profile2
528 163.111693 -2.04697845082494 profile2
529 163.125708 -2.15431074833645 profile2
530 163.137394 -1.85628559823613 profile2
531 163.14908 -1.70479291224606 profile2
532 163.154021 -1.63844705498866 profile2
533 163.156127 -1.57740427362694 profile2
534 163.157556 -1.52201591639318 profile2
535 163.158891 -1.47264271348986 profile2
536 163.160225 -1.42964210461285 profile2
537 163.161559 -1.39336037255281 profile2
538 163.162894 -1.36410487181514 profile2
539 163.164228 -1.34211204419178 profile2
540 163.165562 -1.32752181169735 profile2
541 163.166897 -1.32031661218301 profile2
542 163.26265 -1.07998763374752 profile2
543 163.413317 -0.44903450260071 profile2
544 163.495816 -0.216962003022181 profile2
545 163.507977 -0.15105242220442 profile2
546 163.520139 -0.0800467894067562 profile2
547 163.582672 0 profile2
548 164.022416 0.189569850954639 profile2
549 164.027702 0.255558143081905 profile2
550 164.032987 0.241623295615506 profile2
551 164.064248 0.227212947269485 profile2
552 164.070405 0.222107932764219 profile2
553 164.076561 0.216885721513454 profile2
554 164.255184 -0.628453177019983 profile2
555 164.291807 -0.121870830878764 profile2
556 164.314068 -0.164263928467238 profile2
557 164.325529 -0.0590672592831189 profile2
558 164.336991 0.00561057628456093 profile2
559 164.348452 -0.0907228937107923 profile2
560 164.60536 -0.231224885361889 profile2
561 164.617986 -0.329709352064562 profile2
562 164.628884 -0.439467165476091 profile2
563 164.636687 -0.560868413392962 profile2
564 164.648869 -0.664248278580784 profile2
565 164.66892 -0.728768411704373 profile2
566 164.758936 -1.06855177679344 profile2
567 165.053217 -0.812484362315404 profile2
568 165.121823 -0.837691507029341 profile2
569 165.132678 -0.828082580444351 profile2
570 165.143532 -0.762210077333633 profile2
571 165.154046 -0.652936010337293 profile2
572 165.15722 -0.619055585321611 profile2
573 165.160395 -0.60059907217383 profile2
574 165.163569 -0.595002404815412 profile2
575 165.195982 -0.645815438255804 profile2
576 165.223558 -0.636341562170276 profile2
577 165.251135 -0.604461504084718 profile2
578 165.276843 -0.599739203243802 profile2
579 165.283031 -0.6010452183358 profile2
580 165.290201 -0.602346735608728 profile2
581 165.297626 -0.578362101198043 profile2
582 165.445995 -0.597672932475819 profile2
583 165.451594 -0.634732277626132 profile2
584 165.457194 -0.674882797673736 profile2
585 165.462793 -0.715404382998163 profile2
586 165.468393 -0.757290506727198 profile2
587 165.473992 -0.800729662877101 profile2
588 165.479592 -0.845313533450019 profile2
589 165.485905 -0.138687863912968 profile2
590 165.495439 -0.175046341774012 profile2
591 165.565236 -0.208667862252467 profile2
592 165.56991 -0.109749326685943 profile2
593 165.574583 -0.0631848788121894 profile2
594 165.581587 -0.111191731448788 profile2
595 165.605467 -0.105176656169365 profile2
596 165.629348 -0.0870790015387976 profile2
597 165.653228 -0.0707446335146048 profile2
598 165.677109 -0.063473809643008 profile2
599 165.700989 -0.100550754054891 profile2
600 165.704891 -0.160548222981744 profile2
601 165.706625 -0.22612980315353 profile2
602 165.708359 -0.296997922356926 profile2
603 165.710093 -0.372776773882222 profile2
604 165.711827 -0.453018996733663 profile2
605 165.713561 -0.534176998174615 profile2
606 165.715295 -0.627700760846711 profile2
607 165.717029 -0.735262888458645 profile2
608 165.718763 -0.855952012423163 profile2
609 165.720497 -0.988338126653019 profile2
610 165.722231 -1.13083480663112 profile2
611 165.723965 -1.28224631538714 profile2
612 165.725699 -1.44759021948941 profile2
613 165.802549 -1.46903754882802 profile2
614 165.85132 -1.45915549443179 profile2
615 165.858793 -1.48186177796689 profile2
616 165.864624 -1.54551882044652 profile2
617 165.868565 -1.60945526695307 profile2
618 165.872506 -1.67318094299937 profile2
619 165.876447 -1.73619230958786 profile2
620 165.880388 -1.7979847913086 profile2
621 165.884329 -1.85289957545709 profile2
622 165.88827 -1.91052449481394 profile2
623 165.892211 -1.96897485065947 profile2
624 165.896152 -2.02390569356712 profile2
625 165.900093 -2.07907199617657 profile2
626 165.912941 -2.10629514595471 profile2
627 165.925276 -2.10260059157109 profile2
628 165.925359 -2.09243736040615 profile2
629 165.925441 -2.078159400967 profile2
630 165.930685 -2.12350133541872 profile2
631 166.172164 -2.22397232806518 profile2
632 166.181382 -2.39475251063265 profile2
633 166.1906 -2.51622200943229 profile2
634 166.324274 -2.50184418050021 profile2
635 166.325217 -2.54719955354099 profile2
636 166.32602 -2.5767988187619 profile2
637 166.326823 -2.5880777115022 profile2
638 166.327627 -2.59996150872088 profile2
639 166.32843 -2.62156831369014 profile2
640 166.377584 -2.64638079985099 profile2
641 166.382507 -2.68194059297376 profile2
642 166.38743 -2.71713454638465 profile2
643 166.394815 -2.7517352559831 profile2
644 166.403288 -2.76629152513467 profile2
645 166.407404 -2.76137604704686 profile2
646 166.411519 -2.70263548239525 profile2
647 166.415634 -2.64472353135958 profile2
648 166.419069 -2.58785206613299 profile2
649 166.422503 -2.53228632782429 profile2
650 166.425938 -2.47833444155512 profile2
651 166.429372 -2.42633573394517 profile2
652 166.432807 -2.37663900429039 profile2
653 166.439999 -2.32947750048531 profile2
654 166.448156 -2.28420975935571 profile2
655 166.475596 -2.24400612266125 profile2
656 166.491355 -2.29834214256175 profile2
657 166.507114 -2.3061975131546 profile2
658 166.522873 -2.31182711686545 profile2
659 166.537635 -2.29853715685685 profile2
660 166.55226 -2.29647830956897 profile2
661 166.566886 -2.09271183944234 profile2
662 166.581511 -2.10782172889045 profile2
663 166.592132 -2.20344879395886 profile2
664 166.599166 -2.34183479554538 profile2
665 166.606199 -2.4435210284347 profile2
666 166.613233 -2.34348545100808 profile2
667 166.62365 -2.28079489491402 profile2
668 166.754477 -2.29900041133152 profile2
669 166.783106 -2.24558471364825 profile2
670 166.802407 -2.19764168259983 profile2
671 166.805057 -2.15473981519916 profile2
672 166.807706 -2.11699363876415 profile2
673 166.811338 -2.0846645040151 profile2
674 166.839967 -2.07113484770626 profile2
675 166.951357 -2.05292411372312 profile2
676 166.992184 -2.05571131113394 profile2
677 167.033011 -2.03829122529939 profile2
678 167.073838 -2.55998704158096 profile2
679 167.142758 -2.86265755623585 profile2
680 167.274124 -3.05944095570334 profile2
681 167.282638 -3.04140280297135 profile2
682 167.286179 -3.02836650673158 profile2
683 167.289719 -3.0206226777415 profile2
684 167.29326 -3.0190357623576 profile2
685 167.306473 -3.01345803286439 profile2
686 167.322761 -3.03249888532697 profile2
687 167.349466 -3.0464007326612 profile2
688 167.360748 -3.05120109609569 profile2
689 167.37203 -3.05568791949695 profile2
690 167.396998 -3.05981985009656 profile2
691 167.523201 -3.05438147209174 profile2
692 167.545144 -3.0502583802036 profile2
693 167.556235 -3.08102047427635 profile2
694 167.567326 -3.11779699201727 profile2
695 167.647654 -3.18019161987922 profile2
696 167.755373 -3.19185259497512 profile2
697 167.788738 -3.21531499654197 profile2
698 167.822104 -3.23855520684622 profile2
699 167.836721 -3.27495543168363 profile2
700 167.845502 -3.31459048679304 profile2
701 167.854284 -3.35322762219756 profile2
702 167.858563 -3.39101631159385 profile2
703 167.860327 -3.42439816311617 profile2
704 167.862092 -3.44450092717099 profile2
705 167.863857 -3.45826117638383 profile2
706 167.865622 -3.46444735536609 profile2
707 167.86764 -3.46520064300561 profile2
708 167.871511 -3.46508792325425 profile2
709 167.876871 -3.46538067751228 profile2
710 167.882232 -3.46610297810772 profile2
711 167.887593 -3.46727881776976 profile2
712 167.913375 -3.47520466329998 profile2
713 167.920966 -3.48182180293671 profile2
714 167.928557 -3.4846403230078 profile2
715 168.002821 -3.48744023649856 profile2
716 168.013929 -3.49082801127875 profile2
717 168.020304 -3.49556831525859 profile2
718 168.023961 -3.49759197611921 profile2
719 168.02735 -3.49632802022246 profile2
720 168.030739 -3.49720347915016 profile2
721 168.034128 -3.59025283473006 profile2
722 168.037518 -3.60217053448104 profile2
723 168.042103 -3.61245126509035 profile2
724 168.057523 -3.64405494766638 profile2
725 168.241031 -3.62028525551578 profile2
726 168.273712 -3.60619602046403 profile2
727 168.276509 -3.58873551363508 profile2
728 168.279306 -3.57055917866191 profile2
729 168.282103 -3.55172729023598 profile2
730 168.2849 -3.53230509924828 profile2
731 168.287697 -3.51236373323907 profile2
732 168.291368 -3.52548643571504 profile2
733 168.295216 -3.55447804883815 profile2
734 168.301388 -3.58425558710717 profile2
735 168.308464 -3.50319200045093 profile2
736 168.31554 -3.560079132971 profile2
737 168.322616 -3.78286964529613 profile2
738 168.369835 -3.91774748659368 profile2
739 168.372164 -3.93142962484014 profile2
740 168.374493 -3.94506111070717 profile2
741 168.376821 -3.95840117832385 profile2
