marker_position lod trace
1 162.797792 -9.05872338315486 pleio
2 162.802465 -8.82425893827851 pleio
3 162.807137 -8.62303881668321 pleio
4 162.891193 -8.49785058240937 pleio
5 162.899169 -7.9666148626906 pleio
6 162.907146 -7.70129670654033 pleio
7 162.915122 -7.61670635280219 pleio
8 162.923098 -7.45667820348047 pleio
9 162.931074 -7.3056057289228 pleio
10 162.93905 -7.16462539691399 pleio
11 162.97044 -7.11340205885462 pleio
12 162.976744 -7.09486081217286 pleio
13 162.983048 -7.06356036529208 pleio
14 162.989352 -7.11218734831098 pleio
15 162.995537 -6.78671348287799 pleio
16 162.997832 -6.36592584510519 pleio
17 163.00011 -6.29499750197328 pleio
18 163.002388 -6.24604480410199 pleio
19 163.004665 -6.19642029323659 pleio
20 163.006943 -6.14617869865298 pleio
21 163.009221 -6.09537967486105 pleio
22 163.011499 -6.04408718359186 pleio
23 163.013777 -5.99236928401594 pleio
24 163.016054 -5.94021473716728 pleio
25 163.018332 -5.88766568369575 pleio
26 163.02061 -5.83490844779305 pleio
27 163.022888 -5.7820252230999 pleio
28 163.025166 -5.72924542517482 pleio
29 163.029526 -5.67669777944908 pleio
30 163.045161 -5.62740957729423 pleio
31 163.061794 -5.57807176016232 pleio
32 163.078427 -5.49070088828865 pleio
33 163.09506 -5.40553589925541 pleio
34 163.111693 -5.35237625135539 pleio
35 163.125708 -5.33366154074686 pleio
36 163.137394 -3.94184592897164 pleio
37 163.14908 -3.74490036084017 pleio
38 163.154021 -3.52509502041036 pleio
39 163.156127 -3.31741554671861 pleio
40 163.157556 -3.1239896428663 pleio
41 163.158891 -2.94694254833672 pleio
42 163.160225 -2.78831197515923 pleio
43 163.161559 -2.64993939766326 pleio
44 163.162894 -2.53335120972558 pleio
45 163.164228 -2.43965313368718 pleio
46 163.165562 -2.36945513169532 pleio
47 163.166897 -2.32301762182639 pleio
48 163.26265 -1.54091055754626 pleio
49 163.413317 -0.234435110195376 pleio
50 163.495816 -0.0415470290867204 pleio
51 163.507977 0 pleio
52 163.520139 -0.0859456226677037 pleio
53 163.582672 -0.0804217533668141 pleio
54 164.022416 -0.406248079416679 pleio
55 164.027702 -0.949601722658983 pleio
56 164.032987 -1.16845512563993 pleio
57 164.064248 -1.45939217894572 pleio
58 164.070405 -1.45367063295695 pleio
59 164.076561 -1.44811930422036 pleio
60 164.255184 -1.36320078643438 pleio
61 164.291807 -1.28882646829315 pleio
62 164.314068 -1.12941662541317 pleio
63 164.325529 -1.1813492789851 pleio
64 164.336991 -1.25385873152669 pleio
65 164.348452 -1.48491967064809 pleio
66 164.60536 -1.84860307267937 pleio
67 164.617986 -1.81440605231893 pleio
68 164.628884 -1.83396152789931 pleio
69 164.636687 -1.90732209698924 pleio
70 164.648869 -1.9897534232955 pleio
71 164.66892 -2.04824544989591 pleio
72 164.758936 -2.40421831930837 pleio
73 165.053217 -1.88571668947252 pleio
74 165.121823 -1.83299512670812 pleio
75 165.132678 -1.85927207493973 pleio
76 165.143532 -1.69681760554973 pleio
77 165.154046 -2.02895249579265 pleio
78 165.15722 -2.24602608055965 pleio
79 165.160395 -2.53604416925145 pleio
80 165.163569 -2.8021448126819 pleio
81 165.195982 -3.05740568559209 pleio
82 165.223558 -3.16565256776884 pleio
83 165.251135 -3.2411105818246 pleio
84 165.276843 -3.19776911002348 pleio
85 165.283031 -3.19231788922907 pleio
86 165.290201 -3.15676569044275 pleio
87 165.297626 -2.9179441631242 pleio
88 165.445995 -2.93850743797819 pleio
89 165.451594 -3.02477561383011 pleio
90 165.457194 -3.13527787432421 pleio
91 165.462793 -3.21112345471013 pleio
92 165.468393 -3.28113442390803 pleio
93 165.473992 -3.35828024762608 pleio
94 165.479592 -3.44176489170713 pleio
95 165.485905 -5.59176269499388 pleio
96 165.495439 -5.70524790365644 pleio
97 165.565236 -5.81132696166872 pleio
98 165.56991 -6.02654652260914 pleio
99 165.574583 -6.2952262674386 pleio
100 165.581587 -6.24546343660856 pleio
101 165.605467 -6.16912856087468 pleio
102 165.629348 -6.07083730520637 pleio
103 165.653228 -5.98402563552051 pleio
104 165.677109 -5.93729335800044 pleio
105 165.700989 -5.92701140723246 pleio
106 165.704891 -5.90924924881204 pleio
107 165.706625 -5.89349779470077 pleio
108 165.708359 -5.87983082757125 pleio
109 165.710093 -5.86829799502805 pleio
110 165.711827 -5.85892438988337 pleio
111 165.713561 -5.85552454611533 pleio
112 165.715295 -5.8757508899212 pleio
113 165.717029 -5.92330640595791 pleio
114 165.718763 -5.99972846958427 pleio
115 165.720497 -6.1049636628821 pleio
116 165.722231 -6.23701686452741 pleio
117 165.723965 -6.38827483788168 pleio
118 165.725699 -6.424218824976 pleio
119 165.802549 -6.41764317025383 pleio
120 165.85132 -6.38992121151293 pleio
121 165.858793 -6.3349944633508 pleio
122 165.864624 -6.19041787840465 pleio
123 165.868565 -6.05135778050586 pleio
124 165.872506 -5.91922953865246 pleio
125 165.876447 -5.7955304051395 pleio
126 165.880388 -5.6817955209238 pleio
127 165.884329 -5.65397500459085 pleio
128 165.88827 -5.65741165439297 pleio
129 165.892211 -5.68041636808127 pleio
130 165.896152 -5.70409874127257 pleio
131 165.900093 -5.73507323955989 pleio
132 165.912941 -5.72548792500561 pleio
133 165.925276 -5.67334833466841 pleio
134 165.925359 -5.62529160632984 pleio
135 165.925441 -5.58531407842251 pleio
136 165.930685 -5.52572430163754 pleio
137 166.172164 -5.38812608999016 pleio
138 166.181382 -5.19704716718984 pleio
139 166.1906 -5.21885234183145 pleio
140 166.324274 -5.29471680830788 pleio
141 166.325217 -5.2943930448861 pleio
142 166.32602 -5.30844738522953 pleio
143 166.326823 -5.34023881262258 pleio
144 166.327627 -5.3751327051839 pleio
145 166.32843 -5.40805292940759 pleio
146 166.377584 -5.42677719496494 pleio
147 166.382507 -5.37768262532111 pleio
148 166.38743 -5.3311716191432 pleio
149 166.394815 -5.28731009231999 pleio
150 166.403288 -5.26737495776893 pleio
151 166.407404 -5.26607387201169 pleio
152 166.411519 -5.2968274208878 pleio
153 166.415634 -5.33683817826173 pleio
154 166.419069 -5.38673953936351 pleio
155 166.422503 -5.44705003244122 pleio
156 166.425938 -5.51811109717163 pleio
157 166.429372 -5.60003278384832 pleio
158 166.432807 -5.69265523769465 pleio
159 166.439999 -5.79556413554518 pleio
160 166.448156 -5.90829174708965 pleio
161 166.475596 -5.9873828074225 pleio
162 166.491355 -5.95486837479082 pleio
163 166.507114 -5.90864878114437 pleio
164 166.522873 -5.87323170611816 pleio
165 166.537635 -5.87356221951048 pleio
166 166.55226 -5.87591962402924 pleio
167 166.566886 -5.79144969794985 pleio
168 166.581511 -5.73130313121168 pleio
169 166.592132 -5.81250419793491 pleio
170 166.599166 -5.94504468441716 pleio
171 166.606199 -6.09911601645758 pleio
172 166.613233 -6.19088717021823 pleio
173 166.62365 -6.34215471895322 pleio
174 166.754477 -6.66560850807223 pleio
175 166.783106 -6.65025181934288 pleio
176 166.802407 -6.64371798338096 pleio
177 166.805057 -6.64681039768516 pleio
178 166.807706 -6.65885780209245 pleio
179 166.811338 -6.67169442138959 pleio
180 166.839967 -6.68171328691446 pleio
181 166.951357 -6.82273472285243 pleio
182 166.992184 -6.8332764264049 pleio
183 167.033011 -6.99929491534015 pleio
184 167.073838 -7.1215393600237 pleio
185 167.142758 -6.74576039893636 pleio
186 167.274124 -6.70800991130844 pleio
187 167.282638 -6.49250689753107 pleio
188 167.286179 -6.30092663761873 pleio
189 167.289719 -6.1419520787307 pleio
190 167.29326 -6.02919706609725 pleio
191 167.306473 -5.96079450999027 pleio
192 167.322761 -5.99037908361641 pleio
193 167.349466 -6.05672933917398 pleio
194 167.360748 -6.14437367099053 pleio
195 167.37203 -6.23477007024284 pleio
196 167.396998 -6.32755132019601 pleio
197 167.523201 -6.48362296091242 pleio
198 167.545144 -6.5157640344449 pleio
199 167.556235 -6.55175340062457 pleio
200 167.567326 -6.58284524787062 pleio
201 167.647654 -6.56419943346126 pleio
202 167.755373 -6.56921630314299 pleio
203 167.788738 -6.56312985898672 pleio
204 167.822104 -6.55814357296684 pleio
205 167.836721 -6.54299507256091 pleio
206 167.845502 -6.52558707949943 pleio
207 167.854284 -6.50944655193488 pleio
208 167.858563 -6.49453236615328 pleio
209 167.860327 -6.48373797962046 pleio
210 167.862092 -6.48580056378709 pleio
211 167.863857 -6.48453333800623 pleio
212 167.865622 -6.47727588971818 pleio
213 167.86764 -6.48559937376909 pleio
214 167.871511 -6.49971689996542 pleio
215 167.876871 -6.51662567861202 pleio
216 167.882232 -6.53632853673976 pleio
217 167.887593 -6.55882556376852 pleio
218 167.913375 -6.57606001543708 pleio
219 167.920966 -6.58276684273864 pleio
220 167.928557 -6.58931094982135 pleio
221 168.002821 -6.59850677905359 pleio
222 168.013929 -6.6163439526968 pleio
223 168.020304 -6.63906917268517 pleio
224 168.023961 -6.65398602761486 pleio
225 168.02735 -6.6652301211352 pleio
226 168.030739 -6.65708391228289 pleio
227 168.034128 -6.45727045534592 pleio
228 168.037518 -6.5074312459781 pleio
229 168.042103 -6.55214667422201 pleio
230 168.057523 -6.59976593534547 pleio
231 168.241031 -6.61101703174337 pleio
232 168.273712 -6.63104964413531 pleio
233 168.276509 -6.65234098242216 pleio
234 168.279306 -6.67566982487144 pleio
235 168.282103 -6.70102715961962 pleio
236 168.2849 -6.7284004317134 pleio
237 168.287697 -6.75776669949685 pleio
238 168.291368 -6.88344133370041 pleio
239 168.295216 -7.04558837850665 pleio
240 168.301388 -7.20683455320133 pleio
241 168.308464 -7.13963058655992 pleio
242 168.31554 -7.34866184939218 pleio
243 168.322616 -7.88614011976 pleio
244 168.369835 -8.20309838172857 pleio
245 168.372164 -8.24481777197621 pleio
246 168.374493 -8.28741807602244 pleio
247 168.376821 -8.32352836781491 pleio
248 162.797792 -3.91920791540896 profile1
249 162.802465 -3.6522244968635 profile1
250 162.807137 -3.40582449159272 profile1
251 162.891193 -3.24687754157398 profile1
252 162.899169 -2.98140528918194 profile1
253 162.907146 -2.94451676480699 profile1
254 162.915122 -2.8940506947586 profile1
255 162.923098 -2.74283107778439 profile1
256 162.931074 -2.59491445281574 profile1
257 162.93905 -2.45211882747112 profile1
258 162.97044 -2.38579839044287 profile1
259 162.976744 -2.38540787807027 profile1
260 162.983048 -2.37571370308257 profile1
261 162.989352 -2.41159475792075 profile1
262 162.995537 -2.12305977954585 profile1
263 162.997832 -1.65098127256765 profile1
264 163.00011 -1.57802225781665 profile1
265 163.002388 -1.54830264756696 profile1
266 163.004665 -1.51761531468483 profile1
267 163.006943 -1.48599002693152 profile1
268 163.009221 -1.45346105072099 profile1
269 163.011499 -1.42006742646988 profile1
270 163.013777 -1.38585261685612 profile1
271 163.016054 -1.35065953313937 profile1
272 163.018332 -1.31447310567342 profile1
273 163.02061 -1.27762362538007 profile1
274 163.022888 -1.2401732334914 profile1
275 163.025166 -1.20238288619064 profile1
276 163.029526 -1.16438937738707 profile1
277 163.045161 -1.12924774793195 profile1
278 163.061794 -1.09372065133574 profile1
279 163.078427 -1.05073248814818 profile1
280 163.09506 -1.01947328249216 profile1
281 163.111693 -1.00710033181117 profile1
282 163.125708 -1.00453145150029 profile1
283 163.137394 0.19889993584643 profile1
284 163.14908 0.211151661396252 profile1
285 163.154021 0.393991192635913 profile1
286 163.156127 0.562347300214517 profile1
287 163.157556 0.714541554094397 profile1
288 163.158891 0.849193083506006 profile1
289 163.160225 0.965269395170926 profile1
290 163.161559 1.062110370009 profile1
291 163.162894 1.13942508903705 profile1
292 163.164228 1.19726425655758 profile1
293 163.165562 1.23597641864296 profile1
294 163.166897 1.25613815240983 profile1
295 163.26265 1.92561951174515 profile1
296 163.413317 2.85875412915569 profile1
297 163.495816 3.33225916468627 profile1
298 163.507977 3.49499401957088 profile1
299 163.520139 3.57926587161251 profile1
300 163.582672 3.66656874223878 profile1
301 164.022416 3.66943836704216 profile1
302 164.027702 3.44086401241218 profile1
303 164.032987 3.28278341250442 profile1
304 164.064248 3.06417492795409 profile1
305 164.070405 3.06785712587271 profile1
306 164.076561 3.07135826874026 profile1
307 164.255184 2.37029706115226 profile1
308 164.291807 2.15861910119796 profile1
309 164.314068 2.16658597252521 profile1
310 164.325529 2.01507539615117 profile1
311 164.336991 1.777828040479 profile1
312 164.348452 1.12279201492339 profile1
313 164.60536 0.494340111751882 profile1
314 164.617986 0.527414645026199 profile1
315 164.628884 0.522687177164252 profile1
316 164.636687 0.469946615284464 profile1
317 164.648869 0.389710924611339 profile1
318 164.66892 0.34415595942633 profile1
319 164.758936 0.0763008241216583 profile1
320 165.053217 0.377718471786759 profile1
321 165.121823 0.437342489880997 profile1
322 165.132678 0.414530933348603 profile1
323 165.143532 0.383992644383287 profile1
324 165.154046 0.0310336170577291 profile1
325 165.15722 -0.163700964774927 profile1
326 165.160395 -0.335203934597627 profile1
327 165.163569 -0.479102711148074 profile1
328 165.195982 -0.687299069770531 profile1
329 165.223558 -0.748976150823891 profile1
330 165.251135 -0.777961464720773 profile1
331 165.276843 -0.809118747780643 profile1
332 165.283031 -0.854537560024714 profile1
333 165.290201 -0.877223711006075 profile1
334 165.297626 -0.866948919645503 profile1
335 165.445995 -0.90081812059759 profile1
336 165.451594 -0.947871684657595 profile1
337 165.457194 -1.00565355025798 profile1
338 165.462793 -1.02994210559416 profile1
339 165.468393 -1.04685034550721 profile1
340 165.473992 -1.06679219080587 profile1
341 165.479592 -1.08943018015191 profile1
342 165.485905 -3.76602631990907 profile1
343 165.495439 -3.77879192643733 profile1
344 165.565236 -3.75149586400087 profile1
345 165.56991 -3.81817489872248 profile1
346 165.574583 -3.94593587563583 profile1
347 165.581587 -3.90223570204806 profile1
348 165.605467 -3.86010405417078 profile1
349 165.629348 -3.821205470881 profile1
350 165.653228 -3.78893570439968 profile1
351 165.677109 -3.77247732703031 profile1
352 165.700989 -3.76989620231644 profile1
353 165.704891 -3.76562703564896 profile1
354 165.706625 -3.76184726291666 profile1
355 165.708359 -3.75857419644707 profile1
356 165.710093 -3.7558209929522 profile1
357 165.711827 -3.75359713331419 profile1
358 165.713561 -3.80771100641027 profile1
359 165.715295 -3.88731512876157 profile1
360 165.717029 -3.97929073653598 profile1
361 165.718763 -4.08277415117482 profile1
362 165.720497 -4.1956443793735 profile1
363 165.722231 -4.31460143867038 profile1
364 165.723965 -4.43361503177123 profile1
365 165.725699 -4.48108850000335 profile1
366 165.802549 -4.49932694345125 profile1
367 165.85132 -4.51345613792032 profile1
368 165.858793 -4.54602962200797 profile1
369 165.864624 -4.54330647459475 profile1
370 165.868565 -4.54391565758209 profile1
371 165.872506 -4.54801046753416 profile1
372 165.876447 -4.55576028267514 profile1
373 165.880388 -4.56734722996092 profile1
374 165.884329 -4.62669009881226 profile1
375 165.88827 -4.70160687773911 profile1
376 165.892211 -4.78575202036156 profile1
377 165.896152 -4.90088358499144 profile1
378 165.900093 -5.02883289309918 profile1
379 165.912941 -5.08881380381855 profile1
380 165.925276 -5.08350831746106 profile1
381 165.925359 -5.0792736031908 profile1
382 165.925441 -5.07661503259874 profile1
383 165.930685 -5.07588281638435 profile1
384 166.172164 -5.10521121881501 profile1
385 166.181382 -5.10354913915337 profile1
386 166.1906 -5.03512153506342 profile1
387 166.324274 -4.87392564429181 profile1
388 166.325217 -4.8791403901887 profile1
389 166.32602 -4.88938949749 profile1
390 166.326823 -4.90286834397077 profile1
391 166.327627 -4.91246378039878 profile1
392 166.32843 -4.91969277431176 profile1
393 166.377584 -4.92571466192587 profile1
394 166.382507 -4.92000515687647 profile1
395 166.38743 -4.91427694956087 profile1
396 166.394815 -4.90854428456626 profile1
397 166.403288 -4.89837317595739 profile1
398 166.407404 -4.89329930701286 profile1
399 166.411519 -4.95798774165729 profile1
400 166.415634 -5.02644901174253 profile1
401 166.419069 -5.09853888251354 profile1
402 166.422503 -5.17405279411705 profile1
403 166.425938 -5.25272787547981 profile1
404 166.429372 -5.33424949557544 profile1
405 166.432807 -5.41826280070967 profile1
406 166.439999 -5.50439064459229 profile1
407 166.448156 -5.59226755565614 profile1
408 166.475596 -5.66506349352485 profile1
409 166.491355 -5.6843132754405 profile1
410 166.507114 -5.68315123541009 profile1
411 166.522873 -5.68257952796491 profile1
412 166.537635 -5.68128029959014 profile1
413 166.55226 -5.68369749892257 profile1
414 166.566886 -5.73137997577808 profile1
415 166.581511 -5.73130313121168 profile1
416 166.592132 -5.75053276335308 profile1
417 166.599166 -5.77089741321111 profile1
418 166.606199 -5.7838489682132 profile1
419 166.613233 -5.78380715633321 profile1
420 166.62365 -5.77749637014328 profile1
421 166.754477 -6.11561354019272 profile1
422 166.783106 -6.08837528752747 profile1
423 166.802407 -6.05843802180963 profile1
424 166.805057 -6.02895482059134 profile1
425 166.807706 -6.00211365631891 profile1
426 166.811338 -5.98425751934167 profile1
427 166.839967 -5.97341121215789 profile1
428 166.951357 -6.11170145119969 profile1
429 166.992184 -6.11619882621805 profile1
430 167.033011 -6.10928081008295 profile1
431 167.073838 -6.35997320700789 profile1
432 167.142758 -6.07780621200103 profile1
433 167.274124 -5.86430019952698 profile1
434 167.282638 -5.69175777409985 profile1
435 167.286179 -5.52685128308377 profile1
436 167.289719 -5.37515804190349 profile1
437 167.29326 -5.2468357656994 profile1
438 167.306473 -5.14385546083292 profile1
439 167.322761 -5.12026605778196 profile1
440 167.349466 -5.12332796044898 profile1
441 167.360748 -5.13893809687267 profile1
442 167.37203 -5.15612751118471 profile1
443 167.396998 -5.17493793642577 profile1
444 167.523201 -5.26775254178828 profile1
445 167.545144 -5.35266442413252 profile1
446 167.556235 -5.43986205007965 profile1
447 167.567326 -5.48923767561515 profile1
448 167.647654 -5.34761141314054 profile1
449 167.755373 -5.35276306556301 profile1
450 167.788738 -5.35919055288203 profile1
451 167.822104 -5.36599060109913 profile1
452 167.836721 -5.36358767528656 profile1
453 167.845502 -5.35878184837719 profile1
454 167.854284 -5.35456003088325 profile1
455 167.858563 -5.35082897027285 profile1
456 167.860327 -5.35388471918753 profile1
457 167.862092 -5.38158286806866 profile1
458 167.863857 -5.41241212975711 profile1
459 167.865622 -5.44636182812084 profile1
460 167.86764 -5.48956882782686 profile1
461 167.871511 -5.53617470768839 profile1
462 167.876871 -5.58428387222041 profile1
463 167.882232 -5.63382854259174 profile1
464 167.887593 -5.68473958536138 profile1
465 167.913375 -5.71563404055602 profile1
466 167.920966 -5.71859634201615 profile1
467 167.928557 -5.7205080630707 profile1
468 168.002821 -5.72625252151973 profile1
469 168.013929 -5.74578005344462 profile1
470 168.020304 -5.7680651870353 profile1
471 168.023961 -5.78069541918857 profile1
472 168.02735 -5.7876197912978 profile1
473 168.030739 -5.7840966031964 profile1
474 168.034128 -5.7560633868824 profile1
475 168.037518 -5.79096699944802 profile1
476 168.042103 -5.81879930410938 profile1
477 168.057523 -5.9171021698336 profile1
478 168.241031 -5.9040871607732 profile1
479 168.273712 -5.91395156925211 profile1
480 168.276509 -5.92347999145406 profile1
481 168.279306 -5.93360124926631 profile1
482 168.282103 -5.94431746964831 profile1
483 168.2849 -5.95562895904389 profile1
484 168.287697 -5.96753162986926 profile1
485 168.291368 -6.00855602433974 profile1
486 168.295216 -6.06548698124764 profile1
487 168.301388 -6.12441589194817 profile1
488 168.308464 -6.04901058046473 profile1
489 168.31554 -6.0816755346194 profile1
490 168.322616 -6.25368269852547 profile1
491 168.369835 -6.36236258698288 profile1
492 168.372164 -6.37133419592044 profile1
493 168.374493 -6.38039766193408 profile1
494 168.376821 -6.39512998617856 profile1
495 162.797792 -1.66682402604661 profile2
496 162.802465 -1.6972661626892 profile2
497 162.807137 -1.7384169320603 profile2
498 162.891193 -1.76872113283479 profile2
499 162.899169 -1.49575817790394 profile2
500 162.907146 -1.26642546190249 profile2
501 162.915122 -1.23884963327368 profile2
502 162.923098 -1.23001546027777 profile2
503 162.931074 -1.22672771107452 profile2
504 162.93905 -1.2283239667561 profile2
505 162.97044 -1.24940465168164 profile2
506 162.976744 -1.23143515399474 profile2
507 162.983048 -1.20949339206671 profile2
508 162.989352 -1.21810124622019 profile2
509 162.995537 -1.1633291128579 profile2
510 162.997832 -1.18839475063716 profile2
511 163.00011 -1.18516043278131 profile2
512 163.002388 -1.1647951876727 profile2
513 163.004665 -1.14472162881826 profile2
514 163.006943 -1.12496442853532 profile2
515 163.009221 -1.10554877961483 profile2
516 163.011499 -1.08649947268765 profile2
517 163.013777 -1.06784104415067 profile2
518 163.016054 -1.0497302960657 profile2
519 163.018332 -1.03222829331717 profile2
520 163.02061 -1.0151773084089 profile2
521 163.022888 -0.99859819762074 profile2
522 163.025166 -0.98247437826605 profile2
523 163.029526 -0.966803266238965 profile2
524 163.045161 -0.951764535475885 profile2
525 163.061794 -0.937175487858028 profile2
526 163.078427 -0.891448559917235 profile2
527 163.09506 -0.836188848900964 profile2
528 163.111693 -0.794733072700321 profile2
529 163.125708 -0.77781903268089 profile2
530 163.137394 -0.52747721824444 profile2
531 163.14908 -0.287026823220129 profile2
532 163.154021 -0.245003278395586 profile2
533 163.156127 -0.201050469511312 profile2
534 163.157556 -0.155646756739719 profile2
535 163.158891 -0.109550860492858 profile2
536 163.160225 -0.0637687332717036 profile2
537 163.161559 -0.01947170989628 profile2
538 163.162894 0.0221213688658372 profile2
539 163.164228 0.0598733103869504 profile2
540 163.165562 0.0928441824962847 profile2
541 163.166897 0.120218461387042 profile2
542 163.26265 0.264828916644748 profile2
543 163.413317 0.695617376161746 profile2
544 163.495816 0.384389437300587 profile2
545 163.507977 0.260031355179301 profile2
546 163.520139 0.0879425861541226 profile2
547 163.582672 0.00517580239699145 profile2
548 164.022416 -0.406248079416679 profile2
549 164.027702 -0.736115836312994 profile2
550 164.032987 -0.808586034724152 profile2
551 164.064248 -0.893486013695472 profile2
552 164.070405 -0.891495740116855 profile2
553 164.076561 -0.889493291611941 profile2
554 164.255184 -0.0562183102104949 profile2
555 164.291807 0.255475390292911 profile2
556 164.314068 0.412266358208955 profile2
557 164.325529 0.513314069960882 profile2
558 164.336991 0.674411295121453 profile2
559 164.348452 1.08336958438915 profile2
560 164.60536 1.34187407375422 profile2
561 164.617986 1.3457604826863 profile2
562 164.628884 1.33404339614717 profile2
563 164.636687 1.31573722986866 profile2
564 164.648869 1.31307708657171 profile2
565 164.66892 1.30055288245769 profile2
566 164.758936 1.21397595880668 profile2
567 165.053217 1.43512716360141 profile2
568 165.121823 1.42840642688353 profile2
569 165.132678 1.42602786688504 profile2
570 165.143532 1.61651792825481 profile2
571 165.154046 1.62173257540822 profile2
572 165.15722 1.606890557806 profile2
573 165.160395 1.49188885736095 profile2
574 165.163569 1.37153234163673 profile2
575 165.195982 1.3215670864687 profile2
576 165.223558 1.27365745066338 profile2
577 165.251135 1.2266028034562 profile2
578 165.276843 1.29325071510346 profile2
579 165.283031 1.34125911927999 profile2
580 165.290201 1.39862887191464 profile2
581 165.297626 1.63517411852855 profile2
582 165.445995 1.65335108845442 profile2
583 165.451594 1.61196166207862 profile2
584 165.457194 1.55837172264788 profile2
585 165.462793 1.50646081152039 profile2
586 165.468393 1.45331214388065 profile2
587 165.473992 1.39651930941789 profile2
588 165.479592 1.33655924191069 profile2
589 165.485905 1.89681089237567 profile2
590 165.495439 1.79897107002444 profile2
591 165.565236 1.66775386154402 profile2
592 165.56991 1.51649102964681 profile2
593 165.574583 1.37132605522951 profile2
594 165.581587 1.37958134877803 profile2
595 165.605467 1.41492830537384 profile2
596 165.629348 1.47358759851346 profile2
597 165.653228 1.52642833638784 profile2
598 165.677109 1.55526462250887 profile2
599 165.700989 1.56325035312675 profile2
600 165.704891 1.57742865088118 profile2
601 165.706625 1.59011461318102 profile2
602 165.708359 1.60124658308146 profile2
603 165.710093 1.61078269456921 profile2
604 165.711827 1.61870195603375 profile2
605 165.713561 1.67833214363647 profile2
606 165.715295 1.7405582132065 profile2
607 165.717029 1.78842753083048 profile2
608 165.718763 1.81975421218098 profile2
609 165.720497 1.83266786849676 profile2
610 165.722231 1.82596259300722 profile2
611 165.723965 1.80095428123678 profile2
612 165.725699 1.81314773473943 profile2
613 165.802549 1.8378871132699 profile2
614 165.85132 1.88063676928327 profile2
615 165.858793 1.96950956309068 profile2
616 165.864624 2.11253532738312 profile2
617 165.868565 2.25316597170217 profile2
618 165.872506 2.3901638199715 profile2
619 165.876447 2.52222292678781 profile2
620 165.880388 2.64800802603533 profile2
621 165.884329 2.73625364611177 profile2
622 165.88827 2.80859063883246 profile2
623 165.892211 2.8701797985614 profile2
624 165.896152 2.96298699168193 profile2
625 165.900093 3.06169879976292 profile2
626 165.912941 3.13251452768598 profile2
627 165.925276 3.1805835605452 profile2
628 165.925359 3.22613421166065 profile2
629 165.925441 3.26548704621714 profile2
630 165.930685 3.32683663717939 profile2
631 166.172164 3.48439151554914 profile2
632 166.181382 3.64408996114085 profile2
633 166.1906 3.51841754099069 profile2
634 166.324274 3.2532087358804 profile2
635 166.325217 3.2596696454543 profile2
636 166.32602 3.25695359464182 profile2
637 166.326823 3.23971357975226 profile2
638 166.327627 3.21463212561352 profile2
639 166.32843 3.18862694771568 profile2
640 166.377584 3.17496421874287 profile2
641 166.382507 3.21484865395311 profile2
642 166.38743 3.25217635636954 profile2
643 166.394815 3.28691698869319 profile2
644 166.403288 3.29357905085192 profile2
645 166.407404 3.28706417485422 profile2
646 166.411519 3.32029953443555 profile2
647 166.415634 3.34797651520334 profile2
648 166.419069 3.36938859903754 profile2
649 166.422503 3.38388218975052 profile2
650 166.425938 3.39091466105493 profile2
651 166.429372 3.39010903668747 profile2
652 166.432807 3.38129888440757 profile2
653 166.439999 3.36556960742082 profile2
654 166.448156 3.34217745803831 profile2
655 166.475596 3.33807807439466 profile2
656 166.491355 3.39168435492146 profile2
657 166.507114 3.43877005702594 profile2
658 166.522873 3.47580335375522 profile2
659 166.537635 3.47630843196067 profile2
660 166.55226 3.4770074197613 profile2
661 166.566886 3.60907868285517 profile2
662 166.581511 3.66943836704216 profile2
663 166.592132 3.6094944563076 profile2
664 166.599166 3.50363905163309 profile2
665 166.606199 3.37108952157862 profile2
666 166.613233 3.28248968649235 profile2
667 166.62365 3.12950459419732 profile2
668 166.754477 3.13378219192094 profile2
669 166.783106 3.12241037907386 profile2
670 166.802407 3.09965502321502 profile2
671 166.805057 3.0678398970576 profile2
672 166.807706 3.02977392949269 profile2
673 166.811338 2.9997927615289 profile2
674 166.839967 2.98032943519979 profile2
675 166.951357 2.97594700556968 profile2
676 166.992184 2.97056735159652 profile2
677 167.033011 2.80122602677237 profile2
678 167.073838 2.91822740819121 profile2
679 167.142758 3.02694816853619 profile2
680 167.274124 2.86918713241622 profile2
681 167.282638 2.92656370659778 profile2
682 167.286179 2.96351306453208 profile2
683 167.289719 2.97643583632709 profile2
684 167.29326 2.96141988935823 profile2
685 167.306473 2.9219288709267 profile2
686 167.322761 2.87033866747619 profile2
687 167.349466 2.8073291497353 profile2
688 167.360748 2.73259205712389 profile2
689 167.37203 2.65692629361534 profile2
690 167.396998 2.58075766129012 profile2
691 167.523201 2.51619640389457 profile2
692 167.545144 2.56874583163111 profile2
693 167.556235 2.61996198840964 profile2
694 167.567326 2.63927016104435 profile2
695 167.647654 2.51319383894133 profile2
696 167.755373 2.51424502141983 profile2
697 167.788738 2.52814089668059 profile2
698 167.822104 2.5413257811823 profile2
699 167.836721 2.55528820986 profile2
700 167.845502 2.56911075745679 profile2
701 167.854284 2.58231993763867 profile2
702 167.858563 2.59485768146256 profile2
703 167.860327 2.61032542482162 profile2
704 167.862092 2.63832121331158 profile2
705 167.863857 2.67292188495957 profile2
706 167.865622 2.71676077223956 profile2
707 167.86764 2.75284205292141 profile2
708 167.871511 2.7860845980579 profile2
709 167.876871 2.81788284644518 profile2
710 167.882232 2.84816671162612 profile2
711 167.887593 2.8768681049791 profile2
712 167.913375 2.89066303545835 profile2
713 167.920966 2.88695565307612 profile2
714 167.928557 2.88233712390642 profile2
715 168.002821 2.87893629533046 profile2
716 168.013929 2.88064195283565 profile2
717 168.020304 2.87998673209174 profile2
718 168.023961 2.87699425141802 profile2
719 168.02735 2.87159143942799 profile2
720 168.030739 2.87578819557965 profile2
721 168.034128 3.04349183456808 profile2
722 168.037518 3.02680333053408 profile2
723 168.042103 3.00877060247329 profile2
724 168.057523 3.05862855757538 profile2
725 168.241031 3.03311862769461 profile2
726 168.273712 3.0221842908816 profile2
727 168.276509 3.00963049422077 profile2
728 168.279306 2.99564091043098 profile2
729 168.282103 2.98022901818517 profile2
730 168.2849 2.96341010345306 profile2
731 168.287697 2.94520540045633 profile2
732 168.291368 2.85700271045172 profile2
733 168.295216 2.74747642537371 profile2
734 168.301388 2.64091015081919 profile2
735 168.308464 2.61267013290939 profile2
736 168.31554 2.38889933689121 profile2
737 168.322616 1.95263524836266 profile2
738 168.369835 1.71276729099514 profile2
739 168.372164 1.67970375111393 profile2
740 168.374493 1.64584804362853 profile2
741 168.376821 1.62437101816715 profile2
