marker_position lod trace
1 162.797792 -8.90320112448758 pleio
2 162.802465 -8.89101794194984 pleio
3 162.807137 -8.92824470128321 pleio
4 162.891193 -8.70592352008313 pleio
5 162.899169 -8.12886732723168 pleio
6 162.907146 -7.89764895553757 pleio
7 162.915122 -7.93017603341002 pleio
8 162.923098 -7.95314532923681 pleio
9 162.931074 -7.98364135844933 pleio
10 162.93905 -8.02076855100765 pleio
11 162.97044 -8.09336973347195 pleio
12 162.976744 -8.08427290535386 pleio
13 162.983048 -8.05536458436113 pleio
14 162.989352 -8.15248433474525 pleio
15 162.995537 -7.82068409375457 pleio
16 162.997832 -7.79994284142684 pleio
17 163.00011 -7.80502165652785 pleio
18 163.002388 -7.74935412883425 pleio
19 163.004665 -7.6932683913577 pleio
20 163.006943 -7.63683221489501 pleio
21 163.009221 -7.58011665318899 pleio
22 163.011499 -7.52319652529266 pleio
23 163.013777 -7.46614868490244 pleio
24 163.016054 -7.40881113473785 pleio
25 163.018332 -7.3512079366542 pleio
26 163.02061 -7.29375752757609 pleio
27 163.022888 -7.23654950856565 pleio
28 163.025166 -7.18049433438816 pleio
29 163.029526 -7.12597790376001 pleio
30 163.045161 -7.07919644358766 pleio
31 163.061794 -7.03388951642543 pleio
32 163.078427 -6.93060576798657 pleio
33 163.09506 -6.81623633674673 pleio
34 163.111693 -6.74462003950392 pleio
35 163.125708 -6.74976148153188 pleio
36 163.137394 -5.19365891748749 pleio
37 163.14908 -4.807665277001 pleio
38 163.154021 -4.59225543626335 pleio
39 163.156127 -4.39404389747324 pleio
40 163.157556 -4.2145766416946 pleio
41 163.158891 -4.0551475101874 pleio
42 163.160225 -3.91678364680125 pleio
43 163.161559 -3.80024509646443 pleio
44 163.162894 -3.70603391201439 pleio
45 163.164228 -3.6343991504252 pleio
46 163.165562 -3.58534163918117 pleio
47 163.166897 -3.55851823443339 pleio
48 163.26265 -2.62532069533269 pleio
49 163.413317 -1.15665362745586 pleio
50 163.495816 -0.202805538223762 pleio
51 163.507977 -0.174207658772439 pleio
52 163.520139 -0.233251710177311 pleio
53 163.582672 -0.299497162080889 pleio
54 164.022416 0 pleio
55 164.027702 -0.617095143842549 pleio
56 164.032987 -1.12514236619343 pleio
57 164.064248 -1.30446898196686 pleio
58 164.070405 -1.30836430364751 pleio
59 164.076561 -1.31247459781523 pleio
60 164.255184 -2.60581655405766 pleio
61 164.291807 -3.52324810617894 pleio
62 164.314068 -3.85114450457551 pleio
63 164.325529 -4.08645103559817 pleio
64 164.336991 -4.33361484426797 pleio
65 164.348452 -4.58639876964174 pleio
66 164.60536 -4.90728377302647 pleio
67 164.617986 -4.88549614392463 pleio
68 164.628884 -4.90562138318211 pleio
69 164.636687 -4.96486924600467 pleio
70 164.648869 -5.02963911971596 pleio
71 164.66892 -5.00944725638847 pleio
72 164.758936 -5.02270688077625 pleio
73 165.053217 -5.35095193972541 pleio
74 165.121823 -5.31333295635704 pleio
75 165.132678 -5.31642661092992 pleio
76 165.143532 -5.46804501619348 pleio
77 165.154046 -5.53987076578634 pleio
78 165.15722 -6.17365516133223 pleio
79 165.160395 -6.86535598679405 pleio
80 165.163569 -7.53110882433752 pleio
81 165.195982 -8.23477334796168 pleio
82 165.223558 -8.38537342108243 pleio
83 165.251135 -8.42703623421141 pleio
84 165.276843 -8.38930525655926 pleio
85 165.283031 -8.38583199107647 pleio
86 165.290201 -8.42785353889475 pleio
87 165.297626 -8.30340869508324 pleio
88 165.445995 -8.27668776722683 pleio
89 165.451594 -8.34024340317013 pleio
90 165.457194 -8.41035830158112 pleio
91 165.462793 -8.50335568525694 pleio
92 165.468393 -8.6032446827091 pleio
93 165.473992 -8.7043003345257 pleio
94 165.479592 -8.80542393602863 pleio
95 165.485905 -11.1916399501473 pleio
96 165.495439 -11.2820041383862 pleio
97 165.565236 -11.2396453522449 pleio
98 165.56991 -11.1748877548024 pleio
99 165.574583 -11.1812054372956 pleio
100 165.581587 -11.1957367361357 pleio
101 165.605467 -11.2512601151329 pleio
102 165.629348 -11.298569065328 pleio
103 165.653228 -11.3497183691876 pleio
104 165.677109 -11.3794284033552 pleio
105 165.700989 -11.386040503817 pleio
106 165.704891 -11.3966827374471 pleio
107 165.706625 -11.406365282068 pleio
108 165.708359 -11.4149494877099 pleio
109 165.710093 -11.4223116767305 pleio
110 165.711827 -11.4283463645933 pleio
111 165.713561 -11.4033118661855 pleio
112 165.715295 -11.3777157917288 pleio
113 165.717029 -11.3607184506432 pleio
114 165.718763 -11.3525941391032 pleio
115 165.720497 -11.3529105705113 pleio
116 165.722231 -11.3602879572264 pleio
117 165.723965 -11.3716907364244 pleio
118 165.725699 -11.3589357306228 pleio
119 165.802549 -11.3504079964242 pleio
120 165.85132 -11.3574876634521 pleio
121 165.858793 -11.3742730158877 pleio
122 165.864624 -11.3780868405345 pleio
123 165.868565 -11.3849016928317 pleio
124 165.872506 -11.3949865208445 pleio
125 165.876447 -11.4086193422555 pleio
126 165.880388 -11.4260757529064 pleio
127 165.884329 -11.38016889791 pleio
128 165.88827 -11.3303388818627 pleio
129 165.892211 -11.2885811572721 pleio
130 165.896152 -11.2576174447866 pleio
131 165.900093 -11.2347620275107 pleio
132 165.912941 -11.2251523325427 pleio
133 165.925276 -11.2228924610519 pleio
134 165.925359 -11.2212546242978 pleio
135 165.925441 -11.2196162034566 pleio
136 165.930685 -11.2207709651745 pleio
137 166.172164 -11.2198553572031 pleio
138 166.181382 -11.2155691066809 pleio
139 166.1906 -11.2194819450518 pleio
140 166.324274 -11.0261547903343 pleio
141 166.325217 -11.0663450192338 pleio
142 166.32602 -11.1212589356934 pleio
143 166.326823 -11.1856193197079 pleio
144 166.327627 -11.2378276936375 pleio
145 166.32843 -11.2790866185064 pleio
146 166.377584 -11.3145508967915 pleio
147 166.382507 -11.3188920037423 pleio
148 166.38743 -11.3208626903899 pleio
149 166.394815 -11.3202271638801 pleio
150 166.403288 -11.3057991601699 pleio
151 166.407404 -11.2741845601418 pleio
152 166.411519 -11.1400031172883 pleio
153 166.415634 -11.0148948514068 pleio
154 166.419069 -10.9006316705495 pleio
155 166.422503 -10.7988501006543 pleio
156 166.425938 -10.7109161583072 pleio
157 166.429372 -10.6378194587734 pleio
158 166.432807 -10.5800856700922 pleio
159 166.439999 -10.5377296483816 pleio
160 166.448156 -10.5102631156684 pleio
161 166.475596 -10.525257709207 pleio
162 166.491355 -10.500176094083 pleio
163 166.507114 -10.4482157068408 pleio
164 166.522873 -10.3972297850198 pleio
165 166.537635 -10.3366442816694 pleio
166 166.55226 -10.3307902111283 pleio
167 166.566886 -10.3404818139937 pleio
168 166.581511 -10.3304178461487 pleio
169 166.592132 -10.3376097091505 pleio
170 166.599166 -10.3828324177134 pleio
171 166.606199 -10.4311887681414 pleio
172 166.613233 -10.4064995924159 pleio
173 166.62365 -10.4977395813825 pleio
174 166.754477 -10.7375446213914 pleio
175 166.783106 -10.7252541329948 pleio
176 166.802407 -10.7212316966791 pleio
177 166.805057 -10.7288837053673 pleio
178 166.807706 -10.7496843887477 pleio
179 166.811338 -10.7854081091769 pleio
180 166.839967 -10.8112144458229 pleio
181 166.951357 -10.9073363082559 pleio
182 166.992184 -10.9079215734769 pleio
183 167.033011 -10.9320217423589 pleio
184 167.073838 -12.0812159407472 pleio
185 167.142758 -12.5125294129148 pleio
186 167.274124 -12.5078338578834 pleio
187 167.282638 -12.2556193559562 pleio
188 167.286179 -12.0093277273886 pleio
189 167.289719 -11.7759579678046 pleio
190 167.29326 -11.5621702829857 pleio
191 167.306473 -11.3677856866948 pleio
192 167.322761 -11.373497106162 pleio
193 167.349466 -11.3915709291898 pleio
194 167.360748 -11.3838708008159 pleio
195 167.37203 -11.3766862798559 pleio
196 167.396998 -11.3695222899246 pleio
197 167.523201 -11.1488335285796 pleio
198 167.545144 -11.2456677339283 pleio
199 167.556235 -11.4726503066293 pleio
200 167.567326 -11.6946481602481 pleio
201 167.647654 -11.5853482567695 pleio
202 167.755373 -11.5836247297102 pleio
203 167.788738 -11.5804490493425 pleio
204 167.822104 -11.5772768908599 pleio
205 167.836721 -11.5638148352139 pleio
206 167.845502 -11.5478020303999 pleio
207 167.854284 -11.532610180908 pleio
208 167.858563 -11.5183432737202 pleio
209 167.860327 -11.5114544376214 pleio
210 167.862092 -11.5314249481313 pleio
211 167.863857 -11.5621865073439 pleio
212 167.865622 -11.6056471716638 pleio
213 167.86764 -11.6551647305403 pleio
214 167.871511 -11.7079102878511 pleio
215 167.876871 -11.7629181286712 pleio
216 167.882232 -11.8200910737723 pleio
217 167.887593 -11.8793263756461 pleio
218 167.913375 -11.9118872642441 pleio
219 167.920966 -11.9137282363295 pleio
220 167.928557 -11.916941554159 pleio
221 168.002821 -11.9240268451843 pleio
222 168.013929 -11.9467420266661 pleio
223 168.020304 -11.9743546622569 pleio
224 168.023961 -12.0098742422366 pleio
225 168.02735 -12.0527148187127 pleio
226 168.030739 -12.1151265020803 pleio
227 168.034128 -12.5336186970149 pleio
228 168.037518 -12.582612121337 pleio
229 168.042103 -12.621337052995 pleio
230 168.057523 -12.690362288714 pleio
231 168.241031 -12.644423824468 pleio
232 168.273712 -12.653516481146 pleio
233 168.276509 -12.6650770347922 pleio
234 168.279306 -12.6774661295364 pleio
235 168.282103 -12.6906443400135 pleio
236 168.2849 -12.7045658910447 pleio
237 168.287697 -12.7191805315631 pleio
238 168.291368 -12.7017541543739 pleio
239 168.295216 -12.7003313019356 pleio
240 168.301388 -12.7221156132425 pleio
241 168.308464 -12.8821176083695 pleio
242 168.31554 -13.2399012831733 pleio
243 168.322616 -13.7732125294484 pleio
244 168.369835 -14.0186976713824 pleio
245 168.372164 -14.0319115349279 pleio
246 168.374493 -14.0453178183007 pleio
247 168.376821 -14.0589401852097 pleio
248 162.797792 -4.41970777247587 profile1
249 162.802465 -4.41430043440658 profile1
250 162.807137 -4.43773315619448 profile1
251 162.891193 -4.0688667012859 profile1
252 162.899169 -3.60129883685645 profile1
253 162.907146 -3.38339741499178 profile1
254 162.915122 -3.33995406162838 profile1
255 162.923098 -3.30473050655311 profile1
256 162.931074 -3.2729544132061 profile1
257 162.93905 -3.24534373419191 profile1
258 162.97044 -3.27268334329523 profile1
259 162.976744 -3.2740304306112 profile1
260 162.983048 -3.24599704769697 profile1
261 162.989352 -3.13413065588617 profile1
262 162.995537 -2.83027480741771 profile1
263 162.997832 -2.53699779618208 profile1
264 163.00011 -2.47992883226196 profile1
265 163.002388 -2.42729973965436 profile1
266 163.004665 -2.37470783514074 profile1
267 163.006943 -2.32223683136182 profile1
268 163.009221 -2.26997274913163 profile1
269 163.011499 -2.21800426137337 profile1
270 163.013777 -2.16642086408883 profile1
271 163.016054 -2.11515302362762 profile1
272 163.018332 -2.06424132271624 profile1
273 163.02061 -2.01399662630177 profile1
274 163.022888 -1.96451514939058 profile1
275 163.025166 -1.91659789952176 profile1
276 163.029526 -1.87057899974437 profile1
277 163.045161 -1.83386248227198 profile1
278 163.061794 -1.79948275613314 profile1
279 163.078427 -1.76774764749517 profile1
280 163.09506 -1.76141064010971 profile1
281 163.111693 -1.78637176471655 profile1
282 163.125708 -1.79989869965899 profile1
283 163.137394 -1.44453114220556 profile1
284 163.14908 -1.8795353034303 profile1
285 163.154021 -1.71661972066746 profile1
286 163.156127 -1.56213940341051 profile1
287 163.157556 -1.41708935407297 profile1
288 163.158891 -1.28224947432346 profile1
289 163.160225 -1.15818315269962 profile1
290 163.161559 -1.04526828820377 profile1
291 163.162894 -0.943744619444797 profile1
292 163.164228 -0.853765637390667 profile1
293 163.165562 -0.775440297129059 profile1
294 163.166897 -0.708827286648634 profile1
295 163.26265 -0.289666405350133 profile1
296 163.413317 -0.415234961806276 profile1
297 163.495816 0.198727090928596 profile1
298 163.507977 0.0564388563967195 profile1
299 163.520139 -0.125732450456437 profile1
300 163.582672 -0.299497162080889 profile1
301 164.022416 0.437889184444552 profile1
302 164.027702 0.717747566490001 profile1
303 164.032987 0.757108610890703 profile1
304 164.064248 0.894319939469456 profile1
305 164.070405 0.892202097235036 profile1
306 164.076561 0.88990369464814 profile1
307 164.255184 -0.0548462547007121 profile1
308 164.291807 -0.777269598886197 profile1
309 164.314068 -1.20476437545537 profile1
310 164.325529 -1.54651882592543 profile1
311 164.336991 -1.92653086111908 profile1
312 164.348452 -2.43840301357911 profile1
313 164.60536 -2.89074590192188 profile1
314 164.617986 -2.77112177578058 profile1
315 164.628884 -2.67319297510902 profile1
316 164.636687 -2.5907462666279 profile1
317 164.648869 -2.52483608516264 profile1
318 164.66892 -2.50487410449985 profile1
319 164.758936 -2.47961723542631 profile1
320 165.053217 -2.67193058604122 profile1
321 165.121823 -2.67204916574855 profile1
322 165.132678 -2.65194064273974 profile1
323 165.143532 -2.68165670047552 profile1
324 165.154046 -2.774839704669 profile1
325 165.15722 -3.15268106357622 profile1
326 165.160395 -3.56517024005938 profile1
327 165.163569 -3.95942634502707 profile1
328 165.195982 -4.36489666531832 profile1
329 165.223558 -4.44611810402914 profile1
330 165.251135 -4.46153395639243 profile1
331 165.276843 -4.49719773046512 profile1
332 165.283031 -4.49658076216147 profile1
333 165.290201 -4.48204636641801 profile1
334 165.297626 -4.41041002818114 profile1
335 165.445995 -4.38958429534578 profile1
336 165.451594 -4.43099591082527 profile1
337 165.457194 -4.4771514722874 profile1
338 165.462793 -4.52743075317104 profile1
339 165.468393 -4.57947265059329 profile1
340 165.473992 -4.6326469009378 profile1
341 165.479592 -4.68643552309191 profile1
342 165.485905 -7.44186566711828 profile1
343 165.495439 -7.46014631194422 profile1
344 165.565236 -7.45624878697608 profile1
345 165.56991 -7.55003590023604 profile1
346 165.574583 -7.68787266538162 profile1
347 165.581587 -7.75380476494415 profile1
348 165.605467 -7.81724004020503 profile1
349 165.629348 -7.87614805135129 profile1
350 165.653228 -7.93550111613112 profile1
351 165.677109 -7.96914628535047 profile1
352 165.700989 -7.96914269243956 profile1
353 165.704891 -7.97204197250405 profile1
354 165.706625 -7.97505548213468 profile1
355 165.708359 -7.97815681403198 profile1
356 165.710093 -7.98131729093127 profile1
357 165.711827 -7.98450631210616 profile1
358 165.713561 -8.01252418334865 profile1
359 165.715295 -8.05254675294582 profile1
360 165.717029 -8.09986318141451 profile1
361 165.718763 -8.15505054099591 profile1
362 165.720497 -8.217543142075 profile1
363 165.722231 -8.28532884317042 profile1
364 165.723965 -8.35353829577821 profile1
365 165.725699 -8.36567551091711 profile1
366 165.802549 -8.36645609512587 profile1
367 165.85132 -8.38006376601314 profile1
368 165.858793 -8.39048945773202 profile1
369 165.864624 -8.33500549788082 profile1
370 165.868565 -8.27935548733774 profile1
371 165.872506 -8.22411748774119 profile1
372 165.876447 -8.1699040115401 profile1
373 165.880388 -8.11734278826513 profile1
374 165.884329 -8.06958459361893 profile1
375 165.88827 -8.02593285096557 profile1
376 165.892211 -7.99147262194075 profile1
377 165.896152 -8.01603251980903 profile1
378 165.900093 -8.05935021289299 profile1
379 165.912941 -8.07470118367693 profile1
380 165.925276 -8.06802590082698 profile1
381 165.925359 -8.06895132839568 profile1
382 165.925441 -8.07070648258888 profile1
383 165.930685 -8.08501302420722 profile1
384 166.172164 -8.13607545350972 profile1
385 166.181382 -8.23677188697376 profile1
386 166.1906 -8.34849023837215 profile1
387 166.324274 -8.35069412744235 profile1
388 166.325217 -8.39751870583024 profile1
389 166.32602 -8.44642596511678 profile1
390 166.326823 -8.49485042709314 profile1
391 166.327627 -8.5394011330458 profile1
392 166.32843 -8.5819397239118 profile1
393 166.377584 -8.61718568113656 profile1
394 166.382507 -8.62611497508914 profile1
395 166.38743 -8.63557389474437 profile1
396 166.394815 -8.64548500255814 profile1
397 166.403288 -8.6622548310992 profile1
398 166.407404 -8.67335451490477 profile1
399 166.411519 -8.64514943829497 profile1
400 166.415634 -8.61846270524187 profile1
401 166.419069 -8.59374957907548 profile1
402 166.422503 -8.57148103355983 profile1
403 166.425938 -8.55210765907109 profile1
404 166.429372 -8.53602963319093 profile1
405 166.432807 -8.52356449851044 profile1
406 166.439999 -8.51489272070754 profile1
407 166.448156 -8.50985230417527 profile1
408 166.475596 -8.51656543131765 profile1
409 166.491355 -8.53703682184139 profile1
410 166.507114 -8.55965160762369 profile1
411 166.522873 -8.5830754744026 profile1
412 166.537635 -8.57808558791193 profile1
413 166.55226 -8.57861345359048 profile1
414 166.566886 -8.57405878904297 profile1
415 166.581511 -8.57502000219875 profile1
416 166.592132 -8.56277996777772 profile1
417 166.599166 -8.54453144721481 profile1
418 166.606199 -8.51818124900137 profile1
419 166.613233 -8.48378135790255 profile1
420 166.62365 -8.44675699874148 profile1
421 166.754477 -8.72695939833004 profile1
422 166.783106 -8.79154996854364 profile1
423 166.802407 -8.86225157190531 profile1
424 166.805057 -8.93655597035821 profile1
425 166.807706 -9.01286170139266 profile1
426 166.811338 -9.08698892211058 profile1
427 166.839967 -9.13294525487589 profile1
428 166.951357 -9.12860528201263 profile1
429 166.992184 -9.13000947406286 profile1
430 167.033011 -9.12554188770154 profile1
431 167.073838 -9.92476002145312 profile1
432 167.142758 -10.5180237007084 profile1
433 167.274124 -10.6579345773644 profile1
434 167.282638 -10.5580376032789 profile1
435 167.286179 -10.4488172968331 profile1
436 167.289719 -10.3331068225075 profile1
437 167.29326 -10.2141162725602 profile1
438 167.306473 -10.0912890062562 profile1
439 167.322761 -10.0520687158187 profile1
440 167.349466 -10.0364132125035 profile1
441 167.360748 -10.0261114167339 profile1
442 167.37203 -10.0161296236152 profile1
443 167.396998 -10.0064761480043 profile1
444 167.523201 -9.98222707482779 profile1
445 167.545144 -9.96371126716943 profile1
446 167.556235 -9.99145677675263 profile1
447 167.567326 -10.0446538428088 profile1
448 167.647654 -10.0098644802674 profile1
449 167.755373 -10.0104688766199 profile1
450 167.788738 -10.0109718734948 profile1
451 167.822104 -10.0114647987151 profile1
452 167.836721 -9.99187954866007 profile1
453 167.845502 -9.96543382046833 profile1
454 167.854284 -9.93834519077051 profile1
455 167.858563 -9.91063655776343 profile1
456 167.860327 -9.88779467317534 profile1
457 167.862092 -9.88507084234294 profile1
458 167.863857 -9.89695572768482 profile1
459 167.865622 -9.92836890008063 profile1
460 167.86764 -9.96370164717874 profile1
461 167.871511 -10.0001500169451 profile1
462 167.876871 -10.036835036889 profile1
463 167.882232 -10.0736938064895 profile1
464 167.887593 -10.1106633930284 profile1
465 167.913375 -10.129825393135 profile1
466 167.920966 -10.1286909103296 profile1
467 167.928557 -10.1279904784181 profile1
468 168.002821 -10.1296802619455 profile1
469 168.013929 -10.1401973580666 profile1
470 168.020304 -10.1517126891474 profile1
471 168.023961 -10.1709790822051 profile1
472 168.02735 -10.1957255807635 profile1
473 168.030739 -10.2199583721287 profile1
474 168.034128 -10.2776935140887 profile1
475 168.037518 -10.2926905532615 profile1
476 168.042103 -10.3035077952042 profile1
477 168.057523 -10.2594386577197 profile1
478 168.241031 -10.3206138175104 profile1
479 168.273712 -10.323509236921 profile1
480 168.276509 -10.3277672771376 profile1
481 168.279306 -10.3319779421974 profile1
482 168.282103 -10.3361075090374 profile1
483 168.2849 -10.3401221632794 profile1
484 168.287697 -10.3439894532758 profile1
485 168.291368 -10.3872202228543 profile1
486 168.295216 -10.4420378242639 profile1
487 168.301388 -10.4959358529264 profile1
488 168.308464 -10.5896753349439 profile1
489 168.31554 -10.7180280942185 profile1
490 168.322616 -10.8626401277992 profile1
491 168.369835 -10.9175739834438 profile1
492 168.372164 -10.9181711881252 profile1
493 168.374493 -10.9186700317803 profile1
494 168.376821 -10.9178554371703 profile1
495 162.797792 -5.49674868822606 profile2
496 162.802465 -5.48494588821143 profile2
497 162.807137 -5.49963735625003 profile2
498 162.891193 -5.59679621040168 profile2
499 162.899169 -5.443981336423 profile2
500 162.907146 -5.46624578606484 profile2
501 162.915122 -5.56502964247904 profile2
502 162.923098 -5.61156238503316 profile2
503 162.931074 -5.66265189098615 profile2
504 162.93905 -5.71682624180426 profile2
505 162.97044 -5.75769372908603 profile2
506 162.976744 -5.74431545423958 profile2
507 162.983048 -5.73905517850839 profile2
508 162.989352 -5.9345608469002 profile2
509 162.995537 -5.86018890319011 profile2
510 162.997832 -5.98643387619382 profile2
511 163.00011 -6.02415638507246 profile2
512 163.002388 -6.01532302928052 profile2
513 163.004665 -6.00603875815327 profile2
514 163.006943 -5.9962987816193 profile2
515 163.009221 -5.98609978183262 profile2
516 163.011499 -5.97544000059268 profile2
517 163.013777 -5.96431931100927 profile2
518 163.016054 -5.9526391717218 profile2
519 163.018332 -5.94038827671629 profile2
520 163.02061 -5.92771168522535 profile2
521 163.022888 -5.91461602784112 profile2
522 163.025166 -5.90126936082841 profile2
523 163.029526 -5.88775136631858 profile2
524 163.045161 -5.87349317461994 profile2
525 163.061794 -5.85851255939724 profile2
526 163.078427 -5.785298510418 profile2
527 163.09506 -5.67752709922711 profile2
528 163.111693 -5.5814594557007 profile2
529 163.125708 -5.56870510839815 profile2
530 163.137394 -3.94379990766279 profile2
531 163.14908 -2.95800832088905 profile2
532 163.154021 -2.86745408441486 profile2
533 163.156127 -2.78885979551712 profile2
534 163.157556 -2.72320430965583 profile2
535 163.158891 -2.67137160273058 profile2
536 163.160225 -2.63412404956069 profile2
537 163.161559 -2.61206387740789 profile2
538 163.162894 -2.60559369262326 profile2
539 163.164228 -2.6148736182713 profile2
540 163.165562 -2.63979151375391 profile2
541 163.166897 -2.67988056955574 profile2
542 163.26265 -1.99752008021374 profile2
543 163.413317 -0.121654874537864 profile2
544 163.495816 0.430530624160449 profile2
545 163.507977 0.636343829533552 profile2
546 163.520139 0.777943638023079 profile2
547 163.582672 0.894319939469456 profile2
548 164.022416 0.48929663953319 profile2
549 164.027702 -0.381996418190211 profile2
550 164.032987 -0.956498188861425 profile2
551 164.064248 -1.30446898196686 profile2
552 164.070405 -1.30613858940464 profile2
553 164.076561 -1.30788453827333 profile2
554 164.255184 -1.92735487931241 profile2
555 164.291807 -2.17722066204282 profile2
556 164.314068 -2.09513211527985 profile2
557 164.325529 -2.00850654955262 profile2
558 164.336991 -1.90706766675747 profile2
559 164.348452 -1.71687908543061 profile2
560 164.60536 -1.66240257640391 profile2
561 164.617986 -1.75712313756937 profile2
562 164.628884 -1.88015697750223 profile2
563 164.636687 -2.03272415089827 profile2
564 164.648869 -2.17248175807006 profile2
565 164.66892 -2.16884131867208 profile2
566 164.758936 -2.21616683621991 profile2
567 165.053217 -2.38076747920931 profile2
568 165.121823 -2.34247637451191 profile2
569 165.132678 -2.37085293245802 profile2
570 165.143532 -2.47382861032221 profile2
571 165.154046 -2.44997328489109 profile2
572 165.15722 -2.72610618614988 profile2
573 165.160395 -3.04903291788632 profile2
574 165.163569 -3.3936264765358 profile2
575 165.195982 -3.76528427918169 profile2
576 165.223558 -3.85132688430292 profile2
577 165.251135 -3.88224359952346 profile2
578 165.276843 -3.8076217450922 profile2
579 165.283031 -3.80623759738845 profile2
580 165.290201 -3.87304180770088 profile2
581 165.297626 -3.81067684434678 profile2
582 165.445995 -3.80470938457914 profile2
583 165.451594 -3.82040757685763 profile2
584 165.457194 -3.84012935139697 profile2
585 165.462793 -3.87873399034403 profile2
586 165.468393 -3.92313995362121 profile2
587 165.473992 -3.96871003706133 profile2
588 165.479592 -4.01486311859321 profile2
589 165.485905 -4.22994141288518 profile2
590 165.495439 -4.29715397340185 profile2
591 165.565236 -4.24565689190117 profile2
592 165.56991 -4.07423556880187 profile2
593 165.574583 -3.94758323159882 profile2
594 165.581587 -3.8746053959277 profile2
595 165.605467 -3.86873981207362 profile2
596 165.629348 -3.86028792555366 profile2
597 165.653228 -3.85679647403809 profile2
598 165.677109 -3.85623067408744 profile2
599 165.700989 -3.86316466429363 profile2
600 165.704891 -3.8715134211856 profile2
601 165.706625 -3.87882505874622 profile2
602 165.708359 -3.88498557074233 profile2
603 165.710093 -3.88989833874728 profile2
604 165.711827 -3.89348700058546 profile2
605 165.713561 -3.84189980632145 profile2
606 165.715295 -3.78093518584424 profile2
607 165.717029 -3.72505918850549 profile2
608 165.718763 -3.67423178664129 profile2
609 165.720497 -3.62846847452903 profile2
610 165.722231 -3.58782496218025 profile2
611 165.723965 -3.55278011723046 profile2
612 165.725699 -3.53731477767956 profile2
613 165.802549 -3.53340074166217 profile2
614 165.85132 -3.52764077774202 profile2
615 165.858793 -3.53462793323173 profile2
616 165.864624 -3.59554859060099 profile2
617 165.868565 -3.66172362212202 profile2
618 165.872506 -3.73293104190132 profile2
619 165.876447 -3.80889599578772 profile2
620 165.880388 -3.88929402765049 profile2
621 165.884329 -3.89983767770435 profile2
622 165.88827 -3.90464770170724 profile2
623 165.892211 -3.909555069835 profile2
624 165.896152 -3.8642193101466 profile2
625 165.900093 -3.80963673671657 profile2
626 165.912941 -3.79119446153474 profile2
627 165.925276 -3.79562233688611 profile2
628 165.925359 -3.79243544719271 profile2
629 165.925441 -3.78851158809975 profile2
630 165.930685 -3.77691839757742 profile2
631 166.172164 -3.7167144910795 profile2
632 166.181382 -3.59310561266953 profile2
633 166.1906 -3.47079745533366 profile2
634 166.324274 -3.2280457598539 profile2
635 166.325217 -3.22295929619178 profile2
636 166.32602 -3.23190158420873 profile2
637 166.326823 -3.25208954439525 profile2
638 166.327627 -3.26555925354572 profile2
639 166.32843 -3.27089278639312 profile2
640 166.377584 -3.27847743556557 profile2
641 166.382507 -3.28229070240842 profile2
642 166.38743 -3.28316547211284 profile2
643 166.394815 -3.28086373837437 profile2
644 166.403288 -3.25441871991432 profile2
645 166.407404 -3.21540045272366 profile2
646 166.411519 -3.10986693563257 profile2
647 166.415634 -3.01343688205126 profile2
648 166.419069 -2.92739105968135 profile2
649 166.422503 -2.85284267778357 profile2
650 166.425938 -2.790639967435 profile2
651 166.429372 -2.74129394091154 profile2
652 166.432807 -2.704927906471 profile2
653 166.439999 -2.68128794667943 profile2
654 166.448156 -2.66994661808576 profile2
655 166.475596 -2.6878317662055 profile2
656 166.491355 -2.65571393293593 profile2
657 166.507114 -2.58447844719748 profile2
658 166.522873 -2.512424081824 profile2
659 166.537635 -2.4489693318579 profile2
660 166.55226 -2.4424302486316 profile2
661 166.566886 -2.47197649824145 profile2
662 166.581511 -2.46185166011806 profile2
663 166.592132 -2.49079428985724 profile2
664 166.599166 -2.57024759327584 profile2
665 166.606199 -2.66015362951326 profile2
666 166.613233 -2.67299756492778 profile2
667 166.62365 -2.80697255182524 profile2
668 166.754477 -2.7931342937376 profile2
669 166.783106 -2.71610693218097 profile2
670 166.802407 -2.64226632044243 profile2
671 166.805057 -2.57717895016973 profile2
672 166.807706 -2.52374568366389 profile2
673 166.811338 -2.48754669202778 profile2
674 166.839967 -2.46905082801352 profile2
675 166.951357 -2.56246532891255 profile2
676 166.992184 -2.56192064834594 profile2
677 167.033011 -2.59312029100909 profile2
678 167.073838 -3.07640812606867 profile2
679 167.142758 -2.97885334375043 profile2
680 167.274124 -2.8617047748541 profile2
681 167.282638 -2.68532400163166 profile2
682 167.286179 -2.53127370941546 profile2
683 167.289719 -2.40494228483823 profile2
684 167.29326 -2.3112326842771 profile2
685 167.306473 -2.24854277837258 profile2
686 167.322761 -2.29787672757566 profile2
687 167.349466 -2.33112705312596 profile2
688 167.360748 -2.33128124702469 profile2
689 167.37203 -2.33166961603375 profile2
690 167.396998 -2.33179735308841 profile2
691 167.523201 -2.1367515639608 profile2
692 167.545144 -2.27147795641205 profile2
693 167.556235 -2.48622837922222 profile2
694 167.567326 -2.66034575433978 profile2
695 167.647654 -2.57761844799827 profile2
696 167.755373 -2.57684132969477 profile2
697 167.788738 -2.57551652043429 profile2
698 167.822104 -2.57417856067325 profile2
699 167.836721 -2.58583294427729 profile2
700 167.845502 -2.60277401673169 profile2
701 167.854284 -2.62114638028207 profile2
702 167.858563 -2.64104607549349 profile2
703 167.860327 -2.66293603855115 profile2
704 167.862092 -2.69001793134055 profile2
705 167.863857 -2.71116012427679 profile2
706 167.865622 -2.72266254919193 profile2
707 167.86764 -2.73587297438531 profile2
708 167.871511 -2.75165900071317 profile2
709 167.876871 -2.77014175032308 profile2
710 167.882232 -2.79127983367082 profile2
711 167.887593 -2.81502409307706 profile2
712 167.913375 -2.82902598609019 profile2
713 167.920966 -2.83059830907466 profile2
714 167.928557 -2.83292914507548 profile2
715 168.002821 -2.83746618050874 profile2
716 168.013929 -2.85197767472167 profile2
717 168.020304 -2.87143188740157 profile2
718 168.023961 -2.89105054389568 profile2
719 168.02735 -2.91290581803912 profile2
720 168.030739 -2.95556074580788 profile2
721 168.034128 -3.36993477028375 profile2
722 168.037518 -3.41202808735989 profile2
723 168.042103 -3.4458145478998 profile2
724 168.057523 -3.58281788290241 profile2
725 168.241031 -3.46975798405026 profile2
726 168.273712 -3.47132041529302 profile2
727 168.276509 -3.47366747021868 profile2
728 168.279306 -3.47700963277998 profile2
729 168.282103 -3.4813573508778 profile2
730 168.2849 -3.48671372574384 profile2
731 168.287697 -3.49307477997266 profile2
732 168.291368 -3.43644560814724 profile2
733 168.295216 -3.39087845762295 profile2
734 168.301388 -3.37384742142703 profile2
735 168.308464 -3.4859001996216 profile2
736 168.31554 -3.82160384588704 profile2
737 168.322616 -4.36824281984414 profile2
738 168.369835 -4.627834751385 profile2
739 168.372164 -4.63850857934728 profile2
740 168.374493 -4.64948928968629 profile2
741 168.376821 -4.66237452896349 profile2
