marker_position lod trace
1 162.797792 -7.07615925822207 pleio
2 162.802465 -7.12741738174109 pleio
3 162.807137 -7.19645992882561 pleio
4 162.891193 -7.24907724321982 pleio
5 162.899169 -6.90949450503734 pleio
6 162.907146 -6.71352886796007 pleio
7 162.915122 -6.63986183389675 pleio
8 162.923098 -6.56738895524416 pleio
9 162.931074 -6.50098723288998 pleio
10 162.93905 -6.44168556485242 pleio
11 162.97044 -6.28370362884086 pleio
12 162.976744 -6.27466897615295 pleio
13 162.983048 -6.24523460751533 pleio
14 162.989352 -6.32776477492934 pleio
15 162.995537 -6.1456499794021 pleio
16 162.997832 -5.94229890300068 pleio
17 163.00011 -5.9043463743927 pleio
18 163.002388 -5.86777503821334 pleio
19 163.004665 -5.83190223496887 pleio
20 163.006943 -5.79678268563911 pleio
21 163.009221 -5.76246963953109 pleio
22 163.011499 -5.72901566639773 pleio
23 163.013777 -5.6964720317598 pleio
24 163.016054 -5.66793422847894 pleio
25 163.018332 -5.64446869168975 pleio
26 163.02061 -5.62206824861049 pleio
27 163.022888 -5.60076497653562 pleio
28 163.025166 -5.58044078437377 pleio
29 163.029526 -5.56105358594571 pleio
30 163.045161 -5.54694481684333 pleio
31 163.061794 -5.5333389324215 pleio
32 163.078427 -5.49955019258265 pleio
33 163.09506 -5.48489970220486 pleio
34 163.111693 -5.50763074233051 pleio
35 163.125708 -5.55200213597497 pleio
36 163.137394 -4.03914738861217 pleio
37 163.14908 -3.29267467052464 pleio
38 163.154021 -3.22813568479624 pleio
39 163.156127 -3.1793443684589 pleio
40 163.157556 -3.14720854238242 pleio
41 163.158891 -3.13247038490668 pleio
42 163.160225 -3.1356809641339 pleio
43 163.161559 -3.15717441321566 pleio
44 163.162894 -3.19704873733216 pleio
45 163.164228 -3.25514352786584 pleio
46 163.165562 -3.33103408377387 pleio
47 163.166897 -3.42406347893524 pleio
48 163.26265 -2.84447476079389 pleio
49 163.413317 -1.72884003612171 pleio
50 163.495816 -0.786450442771576 pleio
51 163.507977 -0.555212435643793 pleio
52 163.520139 -0.364599782089477 pleio
53 163.582672 -0.222887639571233 pleio
54 164.022416 0 pleio
55 164.027702 -0.524014883476152 pleio
56 164.032987 -0.925133825817443 pleio
57 164.064248 -1.25616862103054 pleio
58 164.070405 -1.27058317553916 pleio
59 164.076561 -1.28513922324244 pleio
60 164.255184 -3.45801718065743 pleio
61 164.291807 -3.45713671738413 pleio
62 164.314068 -3.65054472694707 pleio
63 164.325529 -3.76026256076735 pleio
64 164.336991 -3.91895960663102 pleio
65 164.348452 -4.20405233765188 pleio
66 164.60536 -4.50348760069863 pleio
67 164.617986 -4.5213008013169 pleio
68 164.628884 -4.55701205457064 pleio
69 164.636687 -4.60884244199373 pleio
70 164.648869 -4.65931205612983 pleio
71 164.66892 -4.69933020262495 pleio
72 164.758936 -4.93286580880533 pleio
73 165.053217 -5.05281835633335 pleio
74 165.121823 -5.05649391295482 pleio
75 165.132678 -5.02806454022794 pleio
76 165.143532 -4.15461368009937 pleio
77 165.154046 -3.84608899266062 pleio
78 165.15722 -4.14346263151681 pleio
79 165.160395 -4.44211989911402 pleio
80 165.163569 -4.70244570528229 pleio
81 165.195982 -5.07396367507137 pleio
82 165.223558 -5.15203145714546 pleio
83 165.251135 -5.1683555926819 pleio
84 165.276843 -5.00579188558904 pleio
85 165.283031 -4.92208173939904 pleio
86 165.290201 -4.90777006525373 pleio
87 165.297626 -4.98304068728408 pleio
88 165.445995 -5.00339359713245 pleio
89 165.451594 -5.0100195218412 pleio
90 165.457194 -5.01950771294561 pleio
91 165.462793 -5.04750634421474 pleio
92 165.468393 -5.08112253776555 pleio
93 165.473992 -5.11596921977351 pleio
94 165.479592 -5.15182731669926 pleio
95 165.485905 -6.87957175406755 pleio
96 165.495439 -6.84134436667558 pleio
97 165.565236 -6.74982208878986 pleio
98 165.56991 -6.6264594270907 pleio
99 165.574583 -6.53971114999109 pleio
100 165.581587 -6.54984416069995 pleio
101 165.605467 -6.57041909586256 pleio
102 165.629348 -6.58870115881449 pleio
103 165.653228 -6.61101401455406 pleio
104 165.677109 -6.62368013687612 pleio
105 165.700989 -6.63097205341696 pleio
106 165.704891 -6.65249138409506 pleio
107 165.706625 -6.67829085307694 pleio
108 165.708359 -6.70831912007045 pleio
109 165.710093 -6.74247402645646 pleio
110 165.711827 -6.78059920976063 pleio
111 165.713561 -6.83133039455405 pleio
112 165.715295 -6.89458552444752 pleio
113 165.717029 -6.96881514731776 pleio
114 165.718763 -7.05338917278349 pleio
115 165.720497 -7.14697869043091 pleio
116 165.722231 -7.24773346855677 pleio
117 165.723965 -7.35234184880899 pleio
118 165.725699 -7.41492062949979 pleio
119 165.802549 -7.42484635413395 pleio
120 165.85132 -7.41071706675702 pleio
121 165.858793 -7.39684491573718 pleio
122 165.864624 -7.35145212442259 pleio
123 165.868565 -7.31256004292655 pleio
124 165.872506 -7.28110016948893 pleio
125 165.876447 -7.25794200515029 pleio
126 165.880388 -7.24385035958658 pleio
127 165.884329 -7.22017216138924 pleio
128 165.88827 -7.20739254103387 pleio
129 165.892211 -7.21374326539413 pleio
130 165.896152 -7.22308358871069 pleio
131 165.900093 -7.23271379984512 pleio
132 165.912941 -7.23993043509948 pleio
133 165.925276 -7.23992408803244 pleio
134 165.925359 -7.23848356353962 pleio
135 165.925441 -7.23838444849142 pleio
136 165.930685 -7.24734937892998 pleio
137 166.172164 -7.23909090424199 pleio
138 166.181382 -7.18828853193485 pleio
139 166.1906 -7.10930670631539 pleio
140 166.324274 -7.0263436179285 pleio
141 166.325217 -6.88812478601074 pleio
142 166.32602 -6.75217053022484 pleio
143 166.326823 -6.62783622518679 pleio
144 166.327627 -6.54304773196855 pleio
145 166.32843 -6.47904291529926 pleio
146 166.377584 -6.42303335678367 pleio
147 166.382507 -6.39541195591914 pleio
148 166.38743 -6.3729341346931 pleio
149 166.394815 -6.355770946719 pleio
150 166.403288 -6.37687524237771 pleio
151 166.407404 -6.42043288771405 pleio
152 166.411519 -6.44391670948006 pleio
153 166.415634 -6.47777879955149 pleio
154 166.419069 -6.52051401588083 pleio
155 166.422503 -6.57015817569911 pleio
156 166.425938 -6.62438192026268 pleio
157 166.429372 -6.68064185930872 pleio
158 166.432807 -6.73636770904644 pleio
159 166.439999 -6.78916229830411 pleio
160 166.448156 -6.83699545082363 pleio
161 166.475596 -6.83162893110279 pleio
162 166.491355 -6.76231152039587 pleio
163 166.507114 -6.69737143862573 pleio
164 166.522873 -6.65151579535403 pleio
165 166.537635 -6.66560366847403 pleio
166 166.55226 -6.66282077887526 pleio
167 166.566886 -6.6481250576845 pleio
168 166.581511 -6.67748266196159 pleio
169 166.592132 -6.730891433531 pleio
170 166.599166 -6.74546869224515 pleio
171 166.606199 -6.69782052193915 pleio
172 166.613233 -6.66030020393046 pleio
173 166.62365 -6.53584327608677 pleio
174 166.754477 -6.41170535247219 pleio
175 166.783106 -6.3867524626489 pleio
176 166.802407 -6.44156257802501 pleio
177 166.805057 -6.52991356663116 pleio
178 166.807706 -6.62679600304792 pleio
179 166.811338 -6.67144888605833 pleio
180 166.839967 -6.68298634698149 pleio
181 166.951357 -6.4487873741061 pleio
182 166.992184 -6.44711580487686 pleio
183 167.033011 -6.43911458664722 pleio
184 167.073838 -7.57072737386738 pleio
185 167.142758 -7.59345025152849 pleio
186 167.274124 -7.5580280440964 pleio
187 167.282638 -7.47853059840824 pleio
188 167.286179 -7.40336958622631 pleio
189 167.289719 -7.3357588324486 pleio
190 167.29326 -7.27832019180298 pleio
191 167.306473 -7.21757118234315 pleio
192 167.322761 -7.1987291165555 pleio
193 167.349466 -7.19899863138123 pleio
194 167.360748 -7.20927639845944 pleio
195 167.37203 -7.22091179003132 pleio
196 167.396998 -7.23413737568701 pleio
197 167.523201 -7.38848144961222 pleio
198 167.545144 -7.38844769504341 pleio
199 167.556235 -7.37912038479141 pleio
200 167.567326 -7.37499930764073 pleio
201 167.647654 -7.31470406444076 pleio
202 167.755373 -7.31370074171817 pleio
203 167.788738 -7.31047279666894 pleio
204 167.822104 -7.30803248289126 pleio
205 167.836721 -7.29901895530595 pleio
206 167.845502 -7.2888544600121 pleio
207 167.854284 -7.27994120972523 pleio
208 167.858563 -7.27235203391243 pleio
209 167.860327 -7.26324895986658 pleio
210 167.862092 -7.24514690577995 pleio
211 167.863857 -7.22551268284217 pleio
212 167.865622 -7.20279615304548 pleio
213 167.86764 -7.17706581269981 pleio
214 167.871511 -7.15214585574035 pleio
215 167.876871 -7.12915916898144 pleio
216 167.882232 -7.10814204728746 pleio
217 167.887593 -7.08912229941429 pleio
218 167.913375 -7.08053364535396 pleio
219 167.920966 -7.07567636136426 pleio
220 167.928557 -7.06758016356553 pleio
221 168.002821 -7.04902924570549 pleio
222 168.013929 -6.99715027873578 pleio
223 168.020304 -6.94757323555366 pleio
224 168.023961 -6.89072840740014 pleio
225 168.02735 -6.82951656519816 pleio
226 168.030739 -6.75216799109242 pleio
227 168.034128 -6.58869521989315 pleio
228 168.037518 -6.55174375651757 pleio
229 168.042103 -6.52473348468882 pleio
230 168.057523 -6.8226015754089 pleio
231 168.241031 -6.72529006997185 pleio
232 168.273712 -6.68069102078448 pleio
233 168.276509 -6.63214010424013 pleio
234 168.279306 -6.58496161159439 pleio
235 168.282103 -6.53929651769603 pleio
236 168.2849 -6.49528328049879 pleio
237 168.287697 -6.45305637621577 pleio
238 168.291368 -6.36145367570735 pleio
239 168.295216 -6.26668466156184 pleio
240 168.301388 -6.17213245588948 pleio
241 168.308464 -5.91088989633165 pleio
242 168.31554 -5.94148957890912 pleio
243 168.322616 -6.32624226693539 pleio
244 168.369835 -6.568702882766 pleio
245 168.372164 -6.57572216010841 pleio
246 168.374493 -6.5827979682389 pleio
247 168.376821 -6.59185919720084 pleio
248 162.797792 -6.60578565901117 profile1
249 162.802465 -6.65504332782931 profile1
250 162.807137 -6.71600007331212 profile1
251 162.891193 -6.78264314326537 profile1
252 162.899169 -6.4850172763968 profile1
253 162.907146 -6.30914793547577 profile1
254 162.915122 -6.2381358368548 profile1
255 162.923098 -6.17397819656371 profile1
256 162.931074 -6.10826801927161 profile1
257 162.93905 -6.04227620187215 profile1
258 162.97044 -6.02913328702524 profile1
259 162.976744 -6.05205741041525 profile1
260 162.983048 -6.03975585912412 profile1
261 162.989352 -6.03555206517323 profile1
262 162.995537 -5.90131537356186 profile1
263 162.997832 -5.3990982924912 profile1
264 163.00011 -5.30624764300077 profile1
265 163.002388 -5.292285819453 profile1
266 163.004665 -5.27851863175946 profile1
267 163.006943 -5.26496971999631 profile1
268 163.009221 -5.25166189399064 profile1
269 163.011499 -5.23861936238307 profile1
270 163.013777 -5.22586440848968 profile1
271 163.016054 -5.21302714003462 profile1
272 163.018332 -5.19999843030687 profile1
273 163.02061 -5.18731927108635 profile1
274 163.022888 -5.17500793058049 profile1
275 163.025166 -5.1631000346995 profile1
276 163.029526 -5.15161208458593 profile1
277 163.045161 -5.13996645250473 profile1
278 163.061794 -5.12789582364152 profile1
279 163.078427 -5.13228689371358 profile1
280 163.09506 -5.15159800035746 profile1
281 163.111693 -5.1710526184482 profile1
282 163.125708 -5.17947707926799 profile1
283 163.137394 -3.22731182384492 profile1
284 163.14908 -2.07087823075384 profile1
285 163.154021 -2.02207718736107 profile1
286 163.156127 -1.98763521309989 profile1
287 163.157556 -1.96835547169298 profile1
288 163.158891 -1.96482514785543 profile1
289 163.160225 -1.9773867498344 profile1
290 163.161559 -2.00612386113678 profile1
291 163.162894 -2.05085252124835 profile1
292 163.164228 -2.11112772898883 profile1
293 163.165562 -2.18626320285377 profile1
294 163.166897 -2.27538839669936 profile1
295 163.26265 -1.75422173723923 profile1
296 163.413317 -0.781716505979692 profile1
297 163.495816 -0.104397123561477 profile1
298 163.507977 0.0858908835264152 profile1
299 163.520139 0.2461533883364 profile1
300 163.582672 0.346721724367273 profile1
301 164.022416 0 profile1
302 164.027702 -0.340990419591213 profile1
303 164.032987 -0.718642275144574 profile1
304 164.064248 -1.08077571809567 profile1
305 164.070405 -1.09214566655951 profile1
306 164.076561 -1.10360267460737 profile1
307 164.255184 -2.72464246018449 profile1
308 164.291807 -2.57684830922386 profile1
309 164.314068 -2.62094818306136 profile1
310 164.325529 -2.77647865721738 profile1
311 164.336991 -2.9625892695351 profile1
312 164.348452 -3.22832253018044 profile1
313 164.60536 -3.46450122630916 profile1
314 164.617986 -3.40615204307309 profile1
315 164.628884 -3.36515390292875 profile1
316 164.636687 -3.34854157501037 profile1
317 164.648869 -3.35968936031411 profile1
318 164.66892 -3.4177162293905 profile1
319 164.758936 -3.7281415302802 profile1
320 165.053217 -3.79896861967863 profile1
321 165.121823 -3.76334364934927 profile1
322 165.132678 -3.72536971058688 profile1
323 165.143532 -3.49942952064211 profile1
324 165.154046 -3.54915099594388 profile1
325 165.15722 -3.68430094419982 profile1
326 165.160395 -3.85487479211766 profile1
327 165.163569 -4.03929872183821 profile1
328 165.195982 -4.2838424649817 profile1
329 165.223558 -4.33514699080291 profile1
330 165.251135 -4.3397405936459 profile1
331 165.276843 -4.26640538884102 profile1
332 165.283031 -4.21076812153921 profile1
333 165.290201 -4.24656553719429 profile1
334 165.297626 -4.39406237465058 profile1
335 165.445995 -4.46068990127825 profile1
336 165.451594 -4.48268849781653 profile1
337 165.457194 -4.5049946553058 profile1
338 165.462793 -4.52756014846508 profile1
339 165.468393 -4.55009766807456 profile1
340 165.473992 -4.57238259516479 profile1
341 165.479592 -4.5942143929279 profile1
342 165.485905 -6.17141834756506 profile1
343 165.495439 -6.15584014253974 profile1
344 165.565236 -6.07118949082448 profile1
345 165.56991 -5.95181182297841 profile1
346 165.574583 -5.86250535263953 profile1
347 165.581587 -5.8598232685945 profile1
348 165.605467 -5.86468426650147 profile1
349 165.629348 -5.87815913069169 profile1
350 165.653228 -5.89561043065398 profile1
351 165.677109 -5.90641842526277 profile1
352 165.700989 -5.90256359204021 profile1
353 165.704891 -5.9006209999615 profile1
354 165.706625 -5.89875793899681 profile1
355 165.708359 -5.89697906544593 profile1
356 165.710093 -5.89528723668727 profile1
357 165.711827 -5.89368335606129 profile1
358 165.713561 -5.86221988424953 profile1
359 165.715295 -5.82210855455149 profile1
360 165.717029 -5.78155745143622 profile1
361 165.718763 -5.74148349407185 profile1
362 165.720497 -5.70300107974857 profile1
363 165.722231 -5.66725860620043 profile1
364 165.723965 -5.63525951785513 profile1
365 165.725699 -5.60831487518004 profile1
366 165.802549 -5.58212944033048 profile1
367 165.85132 -5.57333887007127 profile1
368 165.858793 -5.58056700780376 profile1
369 165.864624 -5.57902045346629 profile1
370 165.868565 -5.58042473561736 profile1
371 165.872506 -5.58494756881942 profile1
372 165.876447 -5.5927405504504 profile1
373 165.880388 -5.60393244267199 profile1
374 165.884329 -5.57536728549297 profile1
375 165.88827 -5.54687943162512 profile1
376 165.892211 -5.53143823886228 profile1
377 165.896152 -5.51572609283115 profile1
378 165.900093 -5.4976244169444 profile1
379 165.912941 -5.49391362108448 profile1
380 165.925276 -5.500160944577 profile1
381 165.925359 -5.5041452515001 profile1
382 165.925441 -5.5083095323331 profile1
383 165.930685 -5.5206722382818 profile1
384 166.172164 -5.53314592753491 profile1
385 166.181382 -5.56329894083041 profile1
386 166.1906 -5.61225896438259 profile1
387 166.324274 -5.62471116561622 profile1
388 166.325217 -5.52859175630452 profile1
389 166.32602 -5.43393500103049 profile1
390 166.326823 -5.34979761067768 profile1
391 166.327627 -5.30367720465897 profile1
392 166.32843 -5.27718641513302 profile1
393 166.377584 -5.2524684966998 profile1
394 166.382507 -5.23355574493596 profile1
395 166.38743 -5.21519267555531 profile1
396 166.394815 -5.19749542837606 profile1
397 166.403288 -5.2099523369519 profile1
398 166.407404 -5.2395116232443 profile1
399 166.411519 -5.24739260530755 profile1
400 166.415634 -5.25836890728247 profile1
401 166.419069 -5.27099639188091 profile1
402 166.422503 -5.28366079052802 profile1
403 166.425938 -5.29468799865662 profile1
404 166.429372 -5.30247880265678 profile1
405 166.432807 -5.30564414007963 profile1
406 166.439999 -5.30312622915349 profile1
407 166.448156 -5.29432321484517 profile1
408 166.475596 -5.27226594111213 profile1
409 166.491355 -5.28199539305836 profile1
410 166.507114 -5.28227894057534 profile1
411 166.522873 -5.28433224338414 profile1
412 166.537635 -5.29992264143048 profile1
413 166.55226 -5.30063061658575 profile1
414 166.566886 -5.33669651176803 profile1
415 166.581511 -5.37051309255464 profile1
416 166.592132 -5.35082630922757 profile1
417 166.599166 -5.2702101871513 profile1
418 166.606199 -5.14182428942458 profile1
419 166.613233 -5.06465863936035 profile1
420 166.62365 -4.943468625291 profile1
421 166.754477 -4.92966398796397 profile1
422 166.783106 -4.94964682741673 profile1
423 166.802407 -5.04256121414871 profile1
424 166.805057 -5.16154366816583 profile1
425 166.807706 -5.28143314481169 profile1
426 166.811338 -5.34129320788159 profile1
427 166.839967 -5.35888161115725 profile1
428 166.951357 -5.35281227161387 profile1
429 166.992184 -5.35356595408615 profile1
430 167.033011 -5.36846329205473 profile1
431 167.073838 -6.55016552824631 profile1
432 167.142758 -6.65982479086395 profile1
433 167.274124 -6.57957790425308 profile1
434 167.282638 -6.472952348876 profile1
435 167.286179 -6.36837001824539 profile1
436 167.289719 -6.26881279391727 profile1
437 167.29326 -6.17529293346835 profile1
438 167.306473 -6.08429441933496 profile1
439 167.322761 -6.05903037805278 profile1
440 167.349466 -6.05718696898912 profile1
441 167.360748 -6.06541737011349 profile1
442 167.37203 -6.07362752714825 profile1
443 167.396998 -6.08189537443712 profile1
444 167.523201 -6.11082566477781 profile1
445 167.545144 -6.14321934153077 profile1
446 167.556235 -6.16453057837339 profile1
447 167.567326 -6.17045093934548 profile1
448 167.647654 -6.08972649719723 profile1
449 167.755373 -6.08855014272037 profile1
450 167.788738 -6.08689200738674 profile1
451 167.822104 -6.08534637868312 profile1
452 167.836721 -6.08106926702675 profile1
453 167.845502 -6.07613109663818 profile1
454 167.854284 -6.07141668543805 profile1
455 167.858563 -6.06689300543855 profile1
456 167.860327 -6.05961500467868 profile1
457 167.862092 -6.0414851552074 profile1
458 167.863857 -6.01892321497034 profile1
459 167.865622 -5.99040089174738 profile1
460 167.86764 -5.96132109446329 profile1
461 167.871511 -5.93340842450684 profile1
462 167.876871 -5.90714753711187 profile1
463 167.882232 -5.88257661816208 profile1
464 167.887593 -5.85972661760735 profile1
465 167.913375 -5.84712438590778 profile1
466 167.920966 -5.84547995642652 profile1
467 167.928557 -5.84416075452429 profile1
468 168.002821 -5.83218618775716 profile1
469 168.013929 -5.78553333826445 profile1
470 168.020304 -5.74091457977325 profile1
471 168.023961 -5.69370243371837 profile1
472 168.02735 -5.64569797864986 profile1
473 168.030739 -5.60231128593764 profile1
474 168.034128 -5.65886978244657 profile1
475 168.037518 -5.6262722680947 profile1
476 168.042103 -5.6044571414974 profile1
477 168.057523 -5.60511814366261 profile1
478 168.241031 -5.53017633279079 profile1
479 168.273712 -5.51202381922119 profile1
480 168.276509 -5.49189837928756 profile1
481 168.279306 -5.47201543667457 profile1
482 168.282103 -5.4524307956065 profile1
483 168.2849 -5.43319783994174 profile1
484 168.287697 -5.41436850595487 profile1
485 168.291368 -5.40917434650894 profile1
486 168.295216 -5.40879220315169 profile1
487 168.301388 -5.40885383001913 profile1
488 168.308464 -5.48958890024241 profile1
489 168.31554 -5.72041946001905 profile1
490 168.322616 -6.09137554631178 profile1
491 168.369835 -6.26636856843305 profile1
492 168.372164 -6.27164165910887 profile1
493 168.374493 -6.27706358407077 profile1
494 168.376821 -6.28979459800884 profile1
495 162.797792 -0.697131266878657 profile2
496 162.802465 -0.700505753934571 profile2
497 162.807137 -0.712564939189879 profile2
498 162.891193 -0.698525925768488 profile2
499 162.899169 -0.644155834837096 profile2
500 162.907146 -0.627752098274741 profile2
501 162.915122 -0.627377408560946 profile2
502 162.923098 -0.616409312081263 profile2
503 162.931074 -0.613038694941323 profile2
504 162.93905 -0.617091302823195 profile2
505 162.97044 -0.466089887192414 profile2
506 162.976744 -0.430197089960233 profile2
507 162.983048 -0.409608168496487 profile2
508 162.989352 -0.487507256942302 profile2
509 162.995537 -0.43107694561843 profile2
510 162.997832 -0.708482237941265 profile2
511 163.00011 -0.758321267147879 profile2
512 163.002388 -0.732185550324079 profile2
513 163.004665 -0.706572525480265 profile2
514 163.006943 -0.68152016120367 profile2
515 163.009221 -0.657065999279533 profile2
516 163.011499 -0.633245523510075 profile2
517 163.013777 -0.610095078489953 profile2
518 163.016054 -0.590994685615398 profile2
519 163.018332 -0.57709940186354 profile2
520 163.02061 -0.563992976011583 profile2
521 163.022888 -0.551696718972525 profile2
522 163.025166 -0.540073307094082 profile2
523 163.029526 -0.52907380043124 profile2
524 163.045161 -0.524079812049215 profile2
525 163.061794 -0.520205310817447 profile2
526 163.078427 -0.477376219470281 profile2
527 163.09506 -0.437028389173647 profile2
528 163.111693 -0.433993690447594 profile2
529 163.125708 -0.464433709590795 profile2
530 163.137394 -0.755273482389903 profile2
531 163.14908 -1.13324295278985 profile2
532 163.154021 -1.10680180801722 profile2
533 163.156127 -1.08274215293028 profile2
534 163.157556 -1.06132261856845 profile2
535 163.158891 -1.04284412684878 profile2
536 163.160225 -1.02764553063183 profile2
537 163.161559 -1.01608446520452 profile2
538 163.162894 -1.00852019985208 profile2
539 163.164228 -1.00528070597143 profile2
540 163.165562 -1.00663546853863 profile2
541 163.166897 -1.01277201445726 profile2
542 163.26265 -0.896300917352501 profile2
543 163.413317 -0.657724483989384 profile2
544 163.495816 -0.337043087345061 profile2
545 163.507977 -0.294268614057276 profile2
546 163.520139 -0.264369174730697 profile2
547 163.582672 -0.222887639571233 profile2
548 164.022416 0.346721724367273 profile2
549 164.027702 0.144758586739262 profile2
550 164.032987 0.0949572427584649 profile2
551 164.064248 0.106157624877988 profile2
552 164.070405 0.102983679087403 profile2
553 164.076561 0.0997385065002557 profile2
554 164.255184 -0.584122473612709 profile2
555 164.291807 -0.737690188624306 profile2
556 164.314068 -0.89408236925748 profile2
557 164.325529 -0.854479231652028 profile2
558 164.336991 -0.838539169489435 profile2
559 164.348452 -0.881769252411473 profile2
560 164.60536 -0.972483072433502 profile2
561 164.617986 -1.05188965692404 profile2
562 164.628884 -1.13350598452056 profile2
563 164.636687 -1.20753972366028 profile2
564 164.648869 -1.25047604443092 profile2
565 164.66892 -1.22972149331115 profile2
566 164.758936 -1.14780149935287 profile2
567 165.053217 -1.21044436082495 profile2
568 165.121823 -1.25485109912947 profile2
569 165.132678 -1.26771222464281 profile2
570 165.143532 -0.598223881099073 profile2
571 165.154046 -0.22149357258539 profile2
572 165.15722 -0.394101912891739 profile2
573 165.160395 -0.542830980652525 profile2
574 165.163569 -0.654536866260293 profile2
575 165.195982 -0.80685904014642 profile2
576 165.223558 -0.839290368040699 profile2
577 165.251135 -0.85281030546168 profile2
578 165.276843 -0.764551725675442 profile2
579 165.283031 -0.729917139114233 profile2
580 165.290201 -0.682879706038116 profile2
581 165.297626 -0.625461509181698 profile2
582 165.445995 -0.590569819295244 profile2
583 165.451594 -0.580245352813799 profile2
584 165.457194 -0.572348652370643 profile2
585 165.462793 -0.581119552030848 profile2
586 165.468393 -0.59528695585788 profile2
587 165.473992 -0.611073519819584 profile2
588 165.479592 -0.62844034831104 profile2
589 165.485905 -1.07381096399312 profile2
590 165.495439 -1.04993029901019 profile2
591 165.565236 -1.03710133371129 profile2
592 165.56991 -1.02363047024422 profile2
593 165.574583 -1.02241880393776 profile2
594 165.581587 -1.03581939501876 profile2
595 165.605467 -1.05283574472681 profile2
596 165.629348 -1.05864520172551 profile2
597 165.653228 -1.06494090541063 profile2
598 165.677109 -1.06781963774544 profile2
599 165.700989 -1.08036698712965 profile2
600 165.704891 -1.10720918048565 profile2
601 165.706625 -1.13812344633008 profile2
602 165.708359 -1.17303395566033 profile2
603 165.710093 -1.21181682617809 profile2
604 165.711827 -1.25429717718853 profile2
605 165.713561 -1.33993361265739 profile2
606 165.715295 -1.44684472571448 profile2
607 165.717029 -1.56501955086634 profile2
608 165.718763 -1.69298741358858 profile2
609 165.720497 -1.82851055736608 profile2
610 165.722231 -1.96888468334674 profile2
611 165.723965 -2.11009196832036 profile2
612 165.725699 -2.20533732387566 profile2
613 165.802549 -2.24372382840239 profile2
614 165.85132 -2.23819586179019 profile2
615 165.858793 -2.2162930181804 profile2
616 165.864624 -2.16863472958456 profile2
617 165.868565 -2.12467290563868 profile2
618 165.872506 -2.08523385109236 profile2
619 165.876447 -2.05110223644516 profile2
620 165.880388 -2.02298228416693 profile2
621 165.884329 -2.02494650232838 profile2
622 165.88827 -2.03857598620622 profile2
623 165.892211 -2.06175622925577 profile2
624 165.896152 -2.09322568788336 profile2
625 165.900093 -2.12802420788343 profile2
626 165.912941 -2.14332595259503 profile2
627 165.925276 -2.1385005251434 profile2
628 165.925359 -2.13420069395394 profile2
629 165.925441 -2.13094166571276 profile2
630 165.930685 -2.12942209721095 profile2
631 166.172164 -2.10857463953412 profile2
632 166.181382 -2.02085427593032 profile2
633 166.1906 -1.87956391244293 profile2
634 166.324274 -1.77724296498734 profile2
635 166.325217 -1.73484141463661 profile2
636 166.32602 -1.69248982595341 profile2
637 166.326823 -1.65052122726696 profile2
638 166.327627 -1.61310800633506 profile2
639 166.32843 -1.57921652343876 profile2
640 166.377584 -1.55045929216027 profile2
641 166.382507 -1.53992327654899 profile2
642 166.38743 -1.53399888534639 profile2
643 166.394815 -1.53275496337938 profile2
644 166.403288 -1.54318441117998 profile2
645 166.407404 -1.55946745944857 profile2
646 166.411519 -1.57824393465498 profile2
647 166.415634 -1.60431010236815 profile2
648 166.419069 -1.63738952226386 profile2
649 166.422503 -1.67690540132588 profile2
650 166.425938 -1.72198285817098 profile2
651 166.429372 -1.7714862306324 profile2
652 166.432807 -1.82409041159093 profile2
653 166.439999 -1.87837593890447 profile2
654 166.448156 -1.93291899595266 profile2
655 166.475596 -1.94489003117957 profile2
656 166.491355 -1.86449277391455 profile2
657 166.507114 -1.79732011081478 profile2
658 166.522873 -1.74743884643645 profile2
659 166.537635 -1.75011328303582 profile2
660 166.55226 -1.74724834448163 profile2
661 166.566886 -1.70088062761545 profile2
662 166.581511 -1.69834980222742 profile2
663 166.592132 -1.77635661587782 profile2
664 166.599166 -1.87473049317682 profile2
665 166.606199 -1.95395897623015 profile2
666 166.613233 -1.98699193955041 profile2
667 166.62365 -1.97097861050014 profile2
668 166.754477 -1.85893338861153 profile2
669 166.783106 -1.81842648749229 profile2
670 166.802407 -1.78450545019761 profile2
671 166.805057 -1.75803091782719 profile2
672 166.807706 -1.73922085246946 profile2
673 166.811338 -1.72823232870073 profile2
674 166.839967 -1.7246759671104 profile2
675 166.951357 -1.50324034438058 profile2
676 166.992184 -1.50058171834206 profile2
677 167.033011 -1.47510195271949 profile2
678 167.073838 -1.50193125010617 profile2
679 167.142758 -1.46143826144916 profile2
680 167.274124 -1.52127683575957 profile2
681 167.282638 -1.53011861571067 profile2
682 167.286179 -1.54381319193285 profile2
683 167.289719 -1.56329048128089 profile2
684 167.29326 -1.58979832673976 profile2
685 167.306473 -1.61392690525866 profile2
686 167.322761 -1.62068024126117 profile2
687 167.349466 -1.62408352064789 profile2
688 167.360748 -1.62754210549925 profile2
689 167.37203 -1.6320988034809 profile2
690 167.396998 -1.63792710824576 profile2
691 167.523201 -1.78135296926621 profile2
692 167.545144 -1.74333304373816 profile2
693 167.556235 -1.70574435645708 profile2
694 167.567326 -1.69075598102329 profile2
695 167.647654 -1.70821570167151 profile2
696 167.755373 -1.70904742910256 profile2
697 167.788738 -1.70889417053667 profile2
698 167.822104 -1.70934712371867 profile2
699 167.836721 -1.70539154334044 profile2
700 167.845502 -1.70067207285985 profile2
701 167.854284 -1.69685617290136 profile2
702 167.858563 -1.69405650224712 profile2
703 167.860327 -1.6922564200632 profile2
704 167.862092 -1.69183308801595 profile2
705 167.863857 -1.69512515939117 profile2
706 167.865622 -1.70240128805377 profile2
707 167.86764 -1.70654048383689 profile2
708 167.871511 -1.71034902345444 profile2
709 167.876871 -1.71464593975534 profile2
710 167.882232 -1.71942483074207 profile2
711 167.887593 -1.72467742770476 profile2
712 167.913375 -1.72936827846932 profile2
713 167.920966 -1.72573400365511 profile2
714 167.928557 -1.71850333776245 profile2
715 168.002821 -1.71172967130629 profile2
716 168.013929 -1.70737361511657 profile2
717 168.020304 -1.70362635026278 profile2
718 168.023961 -1.69608077360764 profile2
719 168.02735 -1.68582369112537 profile2
720 168.030739 -1.65473619214882 profile2
721 168.034128 -1.43497456098596 profile2
722 168.037518 -1.43295514557483 profile2
723 168.042103 -1.42950036948288 profile2
724 168.057523 -1.73172869594519 profile2
725 168.241031 -1.72237355748573 profile2
726 168.273712 -1.6940703835299 profile2
727 168.276509 -1.66386263371953 profile2
728 168.279306 -1.63478631697157 profile2
729 168.282103 -1.60693482657489 profile2
730 168.2849 -1.58040188910718 profile2
731 168.287697 -1.55527856887198 profile2
732 168.291368 -1.46326595524418 profile2
733 168.295216 -1.36319913061333 profile2
734 168.301388 -1.26323945321319 profile2
735 168.308464 -0.924216257574203 profile2
736 168.31554 -0.758872297828075 profile2
737 168.322616 -0.835906076235549 profile2
738 168.369835 -0.932295602566512 profile2
739 168.372164 -0.934214009839821 profile2
740 168.374493 -0.936042161180669 profile2
741 168.376821 -0.932516727563794 profile2
