marker_position lod trace
1 162.797792 -16.4048494126743 pleio
2 162.802465 -16.3346200267924 pleio
3 162.807137 -16.331632088944 pleio
4 162.891193 -16.3103072938607 pleio
5 162.899169 -15.4995827363344 pleio
6 162.907146 -15.3385662131717 pleio
7 162.915122 -15.3814477702612 pleio
8 162.923098 -15.36696182813 pleio
9 162.931074 -15.3580088168583 pleio
10 162.93905 -15.3535696232226 pleio
11 162.97044 -15.4649657442505 pleio
12 162.976744 -15.4413748182269 pleio
13 162.983048 -15.3914297339466 pleio
14 162.989352 -15.6956541580006 pleio
15 162.995537 -15.514440008328 pleio
16 162.997832 -14.3625485968674 pleio
17 163.00011 -14.1704686350839 pleio
18 163.002388 -14.1022535252971 pleio
19 163.004665 -14.0329563267378 pleio
20 163.006943 -13.9626567083057 pleio
21 163.009221 -13.8914402888431 pleio
22 163.011499 -13.8194007202713 pleio
23 163.013777 -13.7466376298252 pleio
24 163.016054 -13.6747655801267 pleio
25 163.018332 -13.6045015395991 pleio
26 163.02061 -13.5340017658711 pleio
27 163.022888 -13.4633906268083 pleio
28 163.025166 -13.3932417918534 pleio
29 163.029526 -13.3238468964823 pleio
30 163.045161 -13.2576626627076 pleio
31 163.061794 -13.190621734353 pleio
32 163.078427 -13.1018695523471 pleio
33 163.09506 -13.0088271305865 pleio
34 163.111693 -12.9287367841897 pleio
35 163.125708 -12.8956616922674 pleio
36 163.137394 -9.08637478537321 pleio
37 163.14908 -7.3111583636785 pleio
38 163.154021 -6.99539247720043 pleio
39 163.156127 -6.71676383135032 pleio
40 163.157556 -6.47847869053398 pleio
41 163.158891 -6.28331279041258 pleio
42 163.160225 -6.13353677433467 pleio
43 163.161559 -6.03084844041191 pleio
44 163.162894 -5.97630186894971 pleio
45 163.164228 -5.97025618940173 pleio
46 163.165562 -6.01234144594772 pleio
47 163.166897 -6.10123972741292 pleio
48 163.26265 -4.44229408482195 pleio
49 163.413317 -1.16343332403375 pleio
50 163.495816 -0.784544008490185 pleio
51 163.507977 -0.579060073017422 pleio
52 163.520139 -0.413353893803094 pleio
53 163.582672 -0.313048452435984 pleio
54 164.022416 0 pleio
55 164.027702 -0.751041605701443 pleio
56 164.032987 -1.69617483106253 pleio
57 164.064248 -2.42551652613342 pleio
58 164.070405 -2.44249500023632 pleio
59 164.076561 -2.45988209400926 pleio
60 164.255184 -8.0419222667698 pleio
61 164.291807 -8.16038431041636 pleio
62 164.314068 -8.08848357975388 pleio
63 164.325529 -8.22397052897525 pleio
64 164.336991 -8.43765993512521 pleio
65 164.348452 -8.73738751440325 pleio
66 164.60536 -9.04850872351643 pleio
67 164.617986 -8.97883864005811 pleio
68 164.628884 -8.97616659094558 pleio
69 164.636687 -9.03637793506113 pleio
70 164.648869 -9.11694711114431 pleio
71 164.66892 -9.1330093486602 pleio
72 164.758936 -9.32254783361327 pleio
73 165.053217 -10.1614512228353 pleio
74 165.121823 -10.2446878654148 pleio
75 165.132678 -10.3246853577994 pleio
76 165.143532 -10.3998351993916 pleio
77 165.154046 -10.6390014758679 pleio
78 165.15722 -10.9289794435448 pleio
79 165.160395 -11.2662926931696 pleio
80 165.163569 -11.7729750215782 pleio
81 165.195982 -12.2327734087595 pleio
82 165.223558 -12.3693839583884 pleio
83 165.251135 -12.445041330291 pleio
84 165.276843 -12.6537203949543 pleio
85 165.283031 -12.9275578522387 pleio
86 165.290201 -13.1387237199138 pleio
87 165.297626 -13.2584151712578 pleio
88 165.445995 -13.3249284384991 pleio
89 165.451594 -13.3370042932239 pleio
90 165.457194 -13.3511965033838 pleio
91 165.462793 -13.3805657119411 pleio
92 165.468393 -13.4144296426337 pleio
93 165.473992 -13.4487033446447 pleio
94 165.479592 -13.4827548473574 pleio
95 165.485905 -17.4446432317204 pleio
96 165.495439 -17.4570968923088 pleio
97 165.565236 -17.2384904529654 pleio
98 165.56991 -16.8671242970059 pleio
99 165.574583 -16.6180682194901 pleio
100 165.581587 -16.3759130508342 pleio
101 165.605467 -16.3604702942947 pleio
102 165.629348 -16.3474727309636 pleio
103 165.653228 -16.3495270476692 pleio
104 165.677109 -16.3574595003303 pleio
105 165.700989 -16.365539753171 pleio
106 165.704891 -16.3850546907069 pleio
107 165.706625 -16.4039962875669 pleio
108 165.708359 -16.4222786642636 pleio
109 165.710093 -16.4398224788682 pleio
110 165.711827 -16.4565577901125 pleio
111 165.713561 -16.5930276511568 pleio
112 165.715295 -16.7657831348314 pleio
113 165.717029 -16.9455989624657 pleio
114 165.718763 -17.1354100509924 pleio
115 165.720497 -17.3395129194663 pleio
116 165.722231 -17.5623503478099 pleio
117 165.723965 -17.8059360926006 pleio
118 165.725699 -18.0329967256675 pleio
119 165.802549 -18.1208957502873 pleio
120 165.85132 -18.111685856407 pleio
121 165.858793 -18.1280759121624 pleio
122 165.864624 -18.1446915787543 pleio
123 165.868565 -18.1764654806483 pleio
124 165.872506 -18.223638904548 pleio
125 165.876447 -18.286318857597 pleio
126 165.880388 -18.3644619640561 pleio
127 165.884329 -18.4473659168517 pleio
128 165.88827 -18.5522902407736 pleio
129 165.892211 -18.6771098768457 pleio
130 165.896152 -18.7845709932886 pleio
131 165.900093 -18.8969996940564 pleio
132 165.912941 -18.9610665395152 pleio
133 165.925276 -18.9697584428778 pleio
134 165.925359 -18.9769541461782 pleio
135 165.925441 -18.9840520632571 pleio
136 165.930685 -18.9940406864717 pleio
137 166.172164 -19.0736015275484 pleio
138 166.181382 -19.2007940451806 pleio
139 166.1906 -19.2933950995681 pleio
140 166.324274 -19.5776504072325 pleio
141 166.325217 -19.7320776583067 pleio
142 166.32602 -19.9038924183671 pleio
143 166.326823 -20.0853462469923 pleio
144 166.327627 -20.2335724648505 pleio
145 166.32843 -20.357226482072 pleio
146 166.377584 -20.4584577642162 pleio
147 166.382507 -20.4715791695138 pleio
148 166.38743 -20.4837224661471 pleio
149 166.394815 -20.4946138739087 pleio
150 166.403288 -20.5173569983753 pleio
151 166.407404 -20.5409107030798 pleio
152 166.411519 -20.4978604921642 pleio
153 166.415634 -20.459435213616 pleio
154 166.419069 -20.4251932325276 pleio
155 166.422503 -20.3947632614795 pleio
156 166.425938 -20.3678958707375 pleio
157 166.429372 -20.3445070864752 pleio
158 166.432807 -20.3247003627326 pleio
159 166.439999 -20.308738119259 pleio
160 166.448156 -20.296854698136 pleio
161 166.475596 -20.2850131839913 pleio
162 166.491355 -20.2771630184837 pleio
163 166.507114 -20.238867912627 pleio
164 166.522873 -20.1969865360351 pleio
165 166.537635 -20.152045153014 pleio
166 166.55226 -20.15105116508 pleio
167 166.566886 -20.0670084592114 pleio
168 166.581511 -20.0385300951605 pleio
169 166.592132 -19.8353509954207 pleio
170 166.599166 -19.6183848882077 pleio
171 166.606199 -19.457893364872 pleio
172 166.613233 -19.396998608296 pleio
173 166.62365 -19.4095350717884 pleio
174 166.754477 -19.8194090744473 pleio
175 166.783106 -19.7619268927051 pleio
176 166.802407 -19.7507342122302 pleio
177 166.805057 -19.7632542187783 pleio
178 166.807706 -19.7864088178332 pleio
179 166.811338 -19.7806259734516 pleio
180 166.839967 -19.7684932025255 pleio
181 166.951357 -19.8049197881175 pleio
182 166.992184 -19.8059590547784 pleio
183 167.033011 -19.8774169195435 pleio
184 167.073838 -21.1432418028054 pleio
185 167.142758 -20.905187790209 pleio
186 167.274124 -20.7824227047819 pleio
187 167.282638 -20.7411879180926 pleio
188 167.286179 -20.7201712250579 pleio
189 167.289719 -20.72233675862 pleio
190 167.29326 -20.7592077890916 pleio
191 167.306473 -20.7849079875513 pleio
192 167.322761 -20.7767228518064 pleio
193 167.349466 -20.7655542976834 pleio
194 167.360748 -20.7653193566992 pleio
195 167.37203 -20.7652074220586 pleio
196 167.396998 -20.7649110233039 pleio
197 167.523201 -20.6596658140669 pleio
198 167.545144 -20.7529460932556 pleio
199 167.556235 -20.8614933591532 pleio
200 167.567326 -20.9289176321892 pleio
201 167.647654 -20.6507391723718 pleio
202 167.755373 -20.6531094430367 pleio
203 167.788738 -20.6594407322481 pleio
204 167.822104 -20.6654942200199 pleio
205 167.836721 -20.6903901325555 pleio
206 167.845502 -20.7220587315486 pleio
207 167.854284 -20.7547026925795 pleio
208 167.858563 -20.7884112363455 pleio
209 167.860327 -20.82368901797 pleio
210 167.862092 -20.8646706382809 pleio
211 167.863857 -20.8880447994161 pleio
212 167.865622 -20.8864974672181 pleio
213 167.86764 -20.8883041999061 pleio
214 167.871511 -20.8945393723447 pleio
215 167.876871 -20.9052542200464 pleio
216 167.882232 -20.9204415649632 pleio
217 167.887593 -20.9400823273127 pleio
218 167.913375 -20.9527231134823 pleio
219 167.920966 -20.9532631740535 pleio
220 167.928557 -20.953897829415 pleio
221 168.002821 -20.9518269380475 pleio
222 168.013929 -20.9462261321045 pleio
223 168.020304 -20.9491653212174 pleio
224 168.023961 -20.9582706766087 pleio
225 168.02735 -20.9773780246407 pleio
226 168.030739 -21.003111933771 pleio
227 168.034128 -21.4124687669891 pleio
228 168.037518 -21.4574208390031 pleio
229 168.042103 -21.4945543806894 pleio
230 168.057523 -21.3719546896966 pleio
231 168.241031 -21.3720782887575 pleio
232 168.273712 -21.3416634889387 pleio
233 168.276509 -21.3083698940813 pleio
234 168.279306 -21.2752066339377 pleio
235 168.282103 -21.2422492151053 pleio
236 168.2849 -21.209572620214 pleio
237 168.287697 -21.1772496191963 pleio
238 168.291368 -21.228922405189 pleio
239 168.295216 -21.328189209658 pleio
240 168.301388 -21.4169962654337 pleio
241 168.308464 -20.8821951091815 pleio
242 168.31554 -20.7671076714718 pleio
243 168.322616 -21.2293125520679 pleio
244 168.369835 -21.5701281873885 pleio
245 168.372164 -21.574565904164 pleio
246 168.374493 -21.5788562032355 pleio
247 168.376821 -21.578007495713 pleio
248 162.797792 -4.78156824589701 profile1
249 162.802465 -4.86040338738279 profile1
250 162.807137 -4.97416159818852 profile1
251 162.891193 -4.9062444658772 profile1
252 162.899169 -5.08445685127894 profile1
253 162.907146 -5.44436524795479 profile1
254 162.915122 -5.52388183109058 profile1
255 162.923098 -5.48226182117418 profile1
256 162.931074 -5.44063033864538 profile1
257 162.93905 -5.39859335472471 profile1
258 162.97044 -5.41525110762349 profile1
259 162.976744 -5.43319395919908 profile1
260 162.983048 -5.43160688619575 profile1
261 162.989352 -5.37875468014414 profile1
262 162.995537 -5.36679402059119 profile1
263 162.997832 -4.95866983290761 profile1
264 163.00011 -4.89907757604046 profile1
265 163.002388 -4.89423706658354 profile1
266 163.004665 -4.88995499198097 profile1
267 163.006943 -4.88626892806609 profile1
268 163.009221 -4.88321553669728 profile1
269 163.011499 -4.88083161225687 profile1
270 163.013777 -4.8791525854495 profile1
271 163.016054 -4.87756034681994 profile1
272 163.018332 -4.87585593399248 profile1
273 163.02061 -4.87493455665306 profile1
274 163.022888 -4.87482956534825 profile1
275 163.025166 -4.87580679175834 profile1
276 163.029526 -4.877973875485 profile1
277 163.045161 -4.88209906456424 profile1
278 163.061794 -4.88585470030924 profile1
279 163.078427 -4.88065988788639 profile1
280 163.09506 -4.86187358461127 profile1
281 163.111693 -4.83383047065863 profile1
282 163.125708 -4.82141100068483 profile1
283 163.137394 -3.45551751424271 profile1
284 163.14908 -2.97785909345126 profile1
285 163.154021 -2.93730652709422 profile1
286 163.156127 -2.90706708369218 profile1
287 163.157556 -2.88803552448849 profile1
288 163.158891 -2.88112179043116 profile1
289 163.160225 -2.88721264632364 profile1
290 163.161559 -2.90710965037141 profile1
291 163.162894 -2.94144729795755 profile1
292 163.164228 -2.99061060702694 profile1
293 163.165562 -3.05467061869166 profile1
294 163.166897 -3.13330672161368 profile1
295 163.26265 -2.36081048072279 profile1
296 163.413317 -0.54997597834926 profile1
297 163.495816 -0.262767757452663 profile1
298 163.507977 -0.226037741952358 profile1
299 163.520139 -0.209531798969949 profile1
300 163.582672 -0.210809343599144 profile1
301 164.022416 0 profile1
302 164.027702 0.285042153687234 profile1
303 164.032987 0.598338623683665 profile1
304 164.064248 0.657736170469014 profile1
305 164.070405 0.644225131796178 profile1
306 164.076561 0.630562795661781 profile1
307 164.255184 -1.63943013628262 profile1
308 164.291807 -2.2709893665535 profile1
309 164.314068 -2.28951216246837 profile1
310 164.325529 -2.32350574831807 profile1
311 164.336991 -2.33058483125709 profile1
312 164.348452 -2.13416073997578 profile1
313 164.60536 -2.03434092884675 profile1
314 164.617986 -1.98921169176343 profile1
315 164.628884 -1.97296813700989 profile1
316 164.636687 -1.97919573138112 profile1
317 164.648869 -1.98701870097289 profile1
318 164.66892 -1.95403818900628 profile1
319 164.758936 -1.87430955879265 profile1
320 165.053217 -1.83443943732647 profile1
321 165.121823 -1.87526758814245 profile1
322 165.132678 -1.91627507855235 profile1
323 165.143532 -1.98104691252818 profile1
324 165.154046 -2.4307055807702 profile1
325 165.15722 -2.90375526455913 profile1
326 165.160395 -3.3794907579773 profile1
327 165.163569 -3.8576809879756 profile1
328 165.195982 -4.29029944996818 profile1
329 165.223558 -4.40123250676726 profile1
330 165.251135 -4.44966883583827 profile1
331 165.276843 -4.50646602147612 profile1
332 165.283031 -4.55387017780156 profile1
333 165.290201 -4.59073450450959 profile1
334 165.297626 -4.620963018882 profile1
335 165.445995 -4.65843002075641 profile1
336 165.451594 -4.67577567684027 profile1
337 165.457194 -4.69637202333845 profile1
338 165.462793 -4.73444118836865 profile1
339 165.468393 -4.77814609130187 profile1
340 165.473992 -4.823315109861 profile1
341 165.479592 -4.86954630579132 profile1
342 165.485905 -6.92541430544955 profile1
343 165.495439 -6.94959620775069 profile1
344 165.565236 -6.91039333258629 profile1
345 165.56991 -6.81857064149259 profile1
346 165.574583 -6.76406941721346 profile1
347 165.581587 -6.69888930762224 profile1
348 165.605467 -6.71813902893219 profile1
349 165.629348 -6.72965355797672 profile1
350 165.653228 -6.74389839288073 profile1
351 165.677109 -6.75396071281301 profile1
352 165.700989 -6.76084815797313 profile1
353 165.704891 -6.77204208731335 profile1
354 165.706625 -6.78280051382849 profile1
355 165.708359 -6.79307737296074 profile1
356 165.710093 -6.80283188687535 profile1
357 165.711827 -6.81203087754597 profile1
358 165.713561 -6.8644084656922 profile1
359 165.715295 -6.92083777172662 profile1
360 165.717029 -6.97108156849348 profile1
361 165.718763 -7.01929899037227 profile1
362 165.720497 -7.07146477679483 profile1
363 165.722231 -7.13385853441371 profile1
364 165.723965 -7.20983430920054 profile1
365 165.725699 -7.25383618710068 profile1
366 165.802549 -7.25208751601567 profile1
367 165.85132 -7.23903262815522 profile1
368 165.858793 -7.24736106413804 profile1
369 165.864624 -7.24598430197436 profile1
370 165.868565 -7.24877931386962 profile1
371 165.872506 -7.25596806520063 profile1
372 165.876447 -7.26771907601938 profile1
373 165.880388 -7.28413427878555 profile1
374 165.884329 -7.31249349117498 profile1
375 165.88827 -7.34739367370567 profile1
376 165.892211 -7.38812799834307 profile1
377 165.896152 -7.43934646724582 profile1
378 165.900093 -7.49437078589541 profile1
379 165.912941 -7.52986489767114 profile1
380 165.925276 -7.54865336397731 profile1
381 165.925359 -7.56989457640257 profile1
382 165.925441 -7.59117815449334 profile1
383 165.930685 -7.61956421136857 profile1
384 166.172164 -7.58321239112349 profile1
385 166.181382 -7.45483290532235 profile1
386 166.1906 -7.30890709140032 profile1
387 166.324274 -7.45164680996418 profile1
388 166.325217 -7.55773152578422 profile1
389 166.32602 -7.66879099154122 profile1
390 166.326823 -7.77968304265402 profile1
391 166.327627 -7.85603298192364 profile1
392 166.32843 -7.91013214210217 profile1
393 166.377584 -7.95061340255676 profile1
394 166.382507 -7.94173452322817 profile1
395 166.38743 -7.93257249548971 profile1
396 166.394815 -7.92307882194119 profile1
397 166.403288 -7.93300664724161 profile1
398 166.407404 -7.94528582508736 profile1
399 166.411519 -7.91396735436646 profile1
400 166.415634 -7.88335689653235 profile1
401 166.419069 -7.85328150658155 profile1
402 166.422503 -7.82358785869224 profile1
403 166.425938 -7.79416180244298 profile1
404 166.429372 -7.76495014189386 profile1
405 166.432807 -7.73597388338257 profile1
406 166.439999 -7.70730805961265 profile1
407 166.448156 -7.67892859010768 profile1
408 166.475596 -7.66189432882295 profile1
409 166.491355 -7.64341498857396 profile1
410 166.507114 -7.63132538401469 profile1
411 166.522873 -7.61940442121813 profile1
412 166.537635 -7.60778350299372 profile1
413 166.55226 -7.60857404142437 profile1
414 166.566886 -7.57914580601963 profile1
415 166.581511 -7.57376682999491 profile1
416 166.592132 -7.49124676342444 profile1
417 166.599166 -7.40470932772799 profile1
418 166.606199 -7.34792187516658 profile1
419 166.613233 -7.34481787318696 profile1
420 166.62365 -7.33847511013682 profile1
421 166.754477 -7.31027311820816 profile1
422 166.783106 -7.34195990679098 profile1
423 166.802407 -7.39594819185162 profile1
424 166.805057 -7.46014502939346 profile1
425 166.807706 -7.52762552872188 profile1
426 166.811338 -7.5775690198991 profile1
427 166.839967 -7.60622429321748 profile1
428 166.951357 -7.64896475438132 profile1
429 166.992184 -7.64980922983528 profile1
430 167.033011 -7.83831118704633 profile1
431 167.073838 -8.06428445447215 profile1
432 167.142758 -8.42204316806697 profile1
433 167.274124 -8.52746980342521 profile1
434 167.282638 -8.34138136012853 profile1
435 167.286179 -8.12383182919979 profile1
436 167.289719 -7.87898438326229 profile1
437 167.29326 -7.61638807064307 profile1
438 167.306473 -7.33442916062143 profile1
439 167.322761 -7.25759403765953 profile1
440 167.349466 -7.24261738317157 profile1
441 167.360748 -7.24476019349439 profile1
442 167.37203 -7.24708138577688 profile1
443 167.396998 -7.24951609367579 profile1
444 167.523201 -7.21633644839562 profile1
445 167.545144 -7.1689874900182 profile1
446 167.556235 -7.14030957023773 profile1
447 167.567326 -7.14404359366026 profile1
448 167.647654 -6.98914392231379 profile1
449 167.755373 -6.99276444382329 profile1
450 167.788738 -6.99957564400406 profile1
451 167.822104 -7.00605230597789 profile1
452 167.836721 -7.02502446109436 profile1
453 167.845502 -7.0477992684334 profile1
454 167.854284 -7.07038351067955 profile1
455 167.858563 -7.09274154062732 profile1
456 167.860327 -7.11728760313632 profile1
457 167.862092 -7.15171190310973 profile1
458 167.863857 -7.18006879524158 profile1
459 167.865622 -7.20031932130469 profile1
460 167.86764 -7.21964449998745 profile1
461 167.871511 -7.24007581087976 profile1
462 167.876871 -7.26204930380311 profile1
463 167.882232 -7.28552940549817 profile1
464 167.887593 -7.31047754709803 profile1
465 167.913375 -7.3235719971189 profile1
466 167.920966 -7.32303981209581 profile1
467 167.928557 -7.32339231875956 profile1
468 168.002821 -7.31469058903284 profile1
469 168.013929 -7.27712909804902 profile1
470 168.020304 -7.24165052234338 profile1
471 168.023961 -7.20061127842812 profile1
472 168.02735 -7.15691837747103 profile1
473 168.030739 -7.13420583170591 profile1
474 168.034128 -7.36508965293935 profile1
475 168.037518 -7.34349120126841 profile1
476 168.042103 -7.3295956170939 profile1
477 168.057523 -7.22830479906235 profile1
478 168.241031 -7.2599285688655 profile1
479 168.273712 -7.27697540858204 profile1
480 168.276509 -7.29574442806044 profile1
481 168.279306 -7.31450506994879 profile1
482 168.282103 -7.33314947230333 profile1
483 168.2849 -7.35156691627006 profile1
484 168.287697 -7.36964613254181 profile1
485 168.291368 -7.34529482528106 profile1
486 168.295216 -7.32166336891988 profile1
487 168.301388 -7.3054194956472 profile1
488 168.308464 -7.2399567623401 profile1
489 168.31554 -7.32263668187292 profile1
490 168.322616 -7.56873828331895 profile1
491 168.369835 -7.70327765049737 profile1
492 168.372164 -7.70573409502776 profile1
493 168.374493 -7.7081145430654 profile1
494 168.376821 -7.7062811712594 profile1
495 162.797792 -14.1142768995686 profile2
496 162.802465 -13.9559032748137 profile2
497 162.807137 -13.8419959991424 profile2
498 162.891193 -13.8964592026581 profile2
499 162.899169 -12.8390785138322 profile2
500 162.907146 -12.3371518221533 profile2
501 162.915122 -12.303792746177 profile2
502 162.923098 -12.3133280549931 profile2
503 162.931074 -12.3303840881241 profile2
504 162.93905 -12.3544578098895 profile2
505 162.97044 -12.4438194990006 profile2
506 162.976744 -12.3975104531152 profile2
507 162.983048 -12.3397346807398 profile2
508 162.989352 -12.6657651753936 profile2
509 162.995537 -12.4515371842478 profile2
510 162.997832 -11.5268823232983 profile2
511 163.00011 -11.3612359880515 profile2
512 163.002388 -11.2845852543392 profile2
513 163.004665 -11.2061887527472 profile2
514 163.006943 -11.126105326657 profile2
515 163.009221 -11.0444017412489 profile2
516 163.011499 -10.9611541139438 profile2
517 163.013777 -10.8764467991004 profile2
518 163.016054 -10.7927055845704 profile2
519 163.018332 -10.7109432186446 profile2
520 163.02061 -10.6282241906052 profile2
521 163.022888 -10.544664943908 profile2
522 163.025166 -10.4606726460679 profile2
523 163.029526 -10.376483590257 profile2
524 163.045161 -10.2945940437755 profile2
525 163.061794 -10.2126425596536 profile2
526 163.078427 -10.1024811059999 profile2
527 163.09506 -9.99172295175199 profile2
528 163.111693 -9.90530626528176 profile2
529 163.125708 -9.86281041884299 profile2
530 163.137394 -6.89601221339655 profile2
531 163.14908 -5.40250044891047 profile2
532 163.154021 -5.04715886578134 profile2
533 163.156127 -4.72353577384182 profile2
534 163.157556 -4.43474442404273 profile2
535 163.158891 -4.18338939435142 profile2
536 163.160225 -3.97151351141967 profile2
537 163.161559 -3.8005775984659 profile2
538 163.162894 -3.6714565981376 profile2
539 163.164228 -3.58445608760129 profile2
540 163.165562 -3.5393296925267 profile2
541 163.166897 -3.53511959284249 profile2
542 163.26265 -2.37676316208717 profile2
543 163.413317 -0.459377373506268 profile2
544 163.495816 -0.117024022879982 profile2
545 163.507977 0.0700914437661733 profile2
546 163.520139 0.220319363359375 profile2
547 163.582672 0.330801424519573 profile2
548 164.022416 0.657736170469014 profile2
549 164.027702 -0.308348896433149 profile2
550 164.032987 -1.58691195537857 profile2
551 164.064248 -2.42551652613342 profile2
552 164.070405 -2.429006821148 profile2
553 164.076561 -2.43284839889128 profile2
554 164.255184 -6.31067007390009 profile2
555 164.291807 -5.95094340803201 profile2
556 164.314068 -5.91384596339551 profile2
557 164.325529 -6.06587294463233 profile2
558 164.336991 -6.34283072192657 profile2
559 164.348452 -6.94940624321282 profile2
560 164.60536 -7.4659972554009 profile2
561 164.617986 -7.41180292564183 profile2
562 164.628884 -7.41101498034071 profile2
563 164.636687 -7.46303364190979 profile2
564 164.648869 -7.53757487006469 profile2
565 164.66892 -7.57717884534173 profile2
566 164.758936 -7.8328290978258 profile2
567 165.053217 -8.78951277671321 profile2
568 165.121823 -8.83635840646244 profile2
569 165.132678 -8.87866815230417 profile2
570 165.143532 -8.89953636918657 profile2
571 165.154046 -8.69587449662877 profile2
572 165.15722 -8.55601063126675 profile2
573 165.160395 -8.47826215877171 profile2
574 165.163569 -8.59508458773976 profile2
575 165.195982 -8.71020021249961 profile2
576 165.223558 -8.75470882367182 profile2
577 165.251135 -8.78741683350003 profile2
578 165.276843 -8.94696256819596 profile2
579 165.283031 -9.18625599811379 profile2
580 165.290201 -9.37465023381695 profile2
581 165.297626 -9.47604768808231 profile2
582 165.445995 -9.51448278750984 profile2
583 165.451594 -9.50850641371102 profile2
584 165.457194 -9.50299487638056 profile2
585 165.462793 -9.49807120511015 profile2
586 165.468393 -9.493643366049 profile2
587 165.473992 -9.48937435712138 profile2
588 165.479592 -9.48494454726352 profile2
589 165.485905 -12.3322871502706 profile2
590 165.495439 -12.3240171110275 profile2
591 165.565236 -12.1337781070197 profile2
592 165.56991 -11.8574120734057 profile2
593 165.574583 -11.6991153607425 profile2
594 165.581587 -11.5430396907744 profile2
595 165.605467 -11.5154446848762 profile2
596 165.629348 -11.49830079116 profile2
597 165.653228 -11.49562099796 profile2
598 165.677109 -11.4994933408961 profile2
599 165.700989 -11.5010784098964 profile2
600 165.704891 -11.512837646504 profile2
601 165.706625 -11.5246497008821 profile2
602 165.708359 -11.536460184527 profile2
603 165.710093 -11.5482134055113 profile2
604 165.711827 -11.5598530978203 profile2
605 165.713561 -11.6496495955339 profile2
606 165.715295 -11.7738312838101 profile2
607 165.717029 -11.9133850999955 profile2
608 165.718763 -12.0676529086735 profile2
609 165.720497 -12.2358493000596 profile2
610 165.722231 -12.4170923136997 profile2
611 165.723965 -12.6102990695529 profile2
612 165.725699 -12.8094445184277 profile2
613 165.802549 -12.9060932417575 profile2
614 165.85132 -12.9095323018209 profile2
615 165.858793 -12.9173563286563 profile2
616 165.864624 -12.9303172576595 profile2
617 165.868565 -12.9572964365513 profile2
618 165.872506 -12.9984021769622 profile2
619 165.876447 -13.053626193786 profile2
620 165.880388 -13.122836835864 profile2
621 165.884329 -13.1908196369342 profile2
622 165.88827 -13.2797181324307 profile2
623 165.892211 -13.3869862096983 profile2
624 165.896152 -13.4715897442867 profile2
625 165.900093 -13.5614874800553 profile2
626 165.912941 -13.6093009032894 profile2
627 165.925276 -13.6034057589021 profile2
628 165.925359 -13.5930238645792 profile2
629 165.925441 -13.582508796166 profile2
630 165.930685 -13.5695907890578 profile2
631 166.172164 -13.6728305284939 profile2
632 166.181382 -13.8941931698493 profile2
633 166.1906 -14.1024522253602 profile2
634 166.324274 -14.2319863845849 profile2
635 166.325217 -14.2974456172532 profile2
636 166.32602 -14.3780161897806 profile2
637 166.326823 -14.4702822585898 profile2
638 166.327627 -14.5598050019691 profile2
639 166.32843 -14.6441108824442 profile2
640 166.377584 -14.7177050700888 profile2
641 166.382507 -14.7430573969649 profile2
642 166.38743 -14.7674997366331 profile2
643 166.394815 -14.790740800748 profile2
644 166.403288 -14.8066122942546 profile2
645 166.407404 -14.8211381082842 profile2
646 166.411519 -14.8086445438899 profile2
647 166.415634 -14.801329176501 profile2
648 166.419069 -14.7988449045874 profile2
649 166.422503 -14.8009146456027 profile2
650 166.425938 -14.8073711967816 profile2
651 166.429372 -14.8181832757696 profile2
652 166.432807 -14.8334633531447 profile2
653 166.439999 -14.8534505047526 profile2
654 166.448156 -14.8784508370368 profile2
655 166.475596 -14.887467114923 profile2
656 166.491355 -14.8899216061302 profile2
657 166.507114 -14.8532658537824 profile2
658 166.522873 -14.812263956441 profile2
659 166.537635 -14.7682213017901 profile2
660 166.55226 -14.7657920192008 profile2
661 166.566886 -14.7218217890417 profile2
662 166.581511 -14.701587010504 profile2
663 166.592132 -14.5884399314214 profile2
664 166.599166 -14.4734166078674 profile2
665 166.606199 -14.3844707602725 profile2
666 166.613233 -14.3215698076021 profile2
667 166.62365 -14.3450880611345 profile2
668 166.754477 -14.8482023468931 profile2
669 166.783106 -14.7556890962857 profile2
670 166.802407 -14.6860121756944 profile2
671 166.805057 -14.6313704052692 profile2
672 166.807706 -14.5868015270581 profile2
673 166.811338 -14.534792586395 profile2
674 166.839967 -14.4978986500916 profile2
675 166.951357 -14.4837839064603 profile2
676 166.992184 -14.4843192296957 profile2
677 167.033011 -14.372319100494 profile2
678 167.073838 -15.5858821612013 profile2
679 167.142758 -15.074415158798 profile2
680 167.274124 -14.9078601209949 profile2
681 167.282638 -15.04084745316 profile2
682 167.286179 -15.229538132353 profile2
683 167.289719 -15.4736401202533 profile2
684 167.29326 -15.7747549905923 profile2
685 167.306473 -16.084446710087 profile2
686 167.322761 -16.154280442503 profile2
687 167.349466 -16.1582353779203 profile2
688 167.360748 -16.1564554250655 profile2
689 167.37203 -16.1546884154381 profile2
690 167.396998 -16.1526886168145 profile2
691 167.523201 -16.0881315388205 profile2
692 167.545144 -16.2496450645377 profile2
693 167.556235 -16.4071826674305 profile2
694 167.567326 -16.4817345572703 profile2
695 167.647654 -16.3413245479809 profile2
696 167.755373 -16.3408602366326 profile2
697 167.788738 -16.3423378325555 profile2
698 167.822104 -16.3438658235873 profile2
699 167.836721 -16.3495360703515 profile2
700 167.845502 -16.3576981093266 profile2
701 167.854284 -16.3672630512671 profile2
702 167.858563 -16.3783603769185 profile2
703 167.860327 -16.3895699357602 profile2
704 167.862092 -16.3990570112679 profile2
705 167.863857 -16.3971895704286 profile2
706 167.865622 -16.3782514640659 profile2
707 167.86764 -16.3632410527873 profile2
708 167.871511 -16.3521889336473 profile2
709 167.876871 -16.3449258280351 profile2
710 167.882232 -16.3414726723234 profile2
711 167.887593 -16.3418389073607 profile2
712 167.913375 -16.3445207243752 profile2
713 167.920966 -16.3449966442234 profile2
714 167.928557 -16.3446949605633 profile2
715 168.002821 -16.3508398451306 profile2
716 168.013929 -16.3835498146552 profile2
717 168.020304 -16.4241978783359 profile2
718 168.023961 -16.4781113812722 profile2
719 168.02735 -16.5466500821409 profile2
720 168.030739 -16.5987273417599 profile2
721 168.034128 -16.8222551342864 profile2
722 168.037518 -16.8984058940847 profile2
723 168.042103 -16.9570526367619 profile2
724 168.057523 -16.9392840939598 profile2
725 168.241031 -16.9088776385597 profile2
726 168.273712 -16.8618087537868 profile2
727 168.276509 -16.8101044799098 profile2
728 168.279306 -16.7585087429576 profile2
729 168.282103 -16.7071997013108 profile2
730 168.2849 -16.6563584835804 profile2
731 168.287697 -16.6061649222083 profile2
732 168.291368 -16.6827094216986 profile2
733 168.295216 -16.8117694251974 profile2
734 168.301388 -16.9278276626775 profile2
735 168.308464 -16.5381340714474 profile2
736 168.31554 -16.5145274688401 profile2
737 168.322616 -16.9788883450001 profile2
738 168.369835 -17.2921522081398 profile2
739 168.372164 -17.2937271724327 profile2
740 168.374493 -17.2952474113405 profile2
741 168.376821 -17.2961973947284 profile2
