marker_position lod trace
1 162.797792 -6.53090166474669 pleio
2 162.802465 -6.41966394082346 pleio
3 162.807137 -6.31755423439677 pleio
4 162.891193 -6.25715039128888 pleio
5 162.899169 -5.87373460647066 pleio
6 162.907146 -5.88891255789773 pleio
7 162.915122 -6.11177711167397 pleio
8 162.923098 -6.18867583636115 pleio
9 162.931074 -6.27390025295004 pleio
10 162.93905 -6.37066468167198 pleio
11 162.97044 -6.39059256548939 pleio
12 162.976744 -6.3596219704854 pleio
13 162.983048 -6.30300951317386 pleio
14 162.989352 -6.35746782879028 pleio
15 162.995537 -6.28961509670939 pleio
16 162.997832 -5.60346466333857 pleio
17 163.00011 -5.44991110453465 pleio
18 163.002388 -5.37542915883143 pleio
19 163.004665 -5.30026860396539 pleio
20 163.006943 -5.22453406407615 pleio
21 163.009221 -5.14833680844331 pleio
22 163.011499 -5.07179596069194 pleio
23 163.013777 -4.99503634610989 pleio
24 163.016054 -4.91640470514405 pleio
25 163.018332 -4.83554961701937 pleio
26 163.02061 -4.75503127472393 pleio
27 163.022888 -4.67499797304502 pleio
28 163.025166 -4.59614318084569 pleio
29 163.029526 -4.51879029828387 pleio
30 163.045161 -4.44161121687611 pleio
31 163.061794 -4.3640833876294 pleio
32 163.078427 -4.08308930217805 pleio
33 163.09506 -3.719012771953 pleio
34 163.111693 -3.43543188470142 pleio
35 163.125708 -3.28259132691596 pleio
36 163.137394 -3.60923995551384 pleio
37 163.14908 -4.76466353847441 pleio
38 163.154021 -4.64093410800355 pleio
39 163.156127 -4.54184980027091 pleio
40 163.157556 -4.46857856932733 pleio
41 163.158891 -4.42144604048381 pleio
42 163.160225 -4.39987466616539 pleio
43 163.161559 -4.40243395725923 pleio
44 163.162894 -4.42700607976963 pleio
45 163.164228 -4.4710216872493 pleio
46 163.165562 -4.53172758480254 pleio
47 163.166897 -4.60625019799205 pleio
48 163.26265 -4.03154795182515 pleio
49 163.413317 -2.75112756305356 pleio
50 163.495816 -1.78355520953362 pleio
51 163.507977 -1.43829541587041 pleio
52 163.520139 -1.15364528440659 pleio
53 163.582672 -0.907556782362545 pleio
54 164.022416 0 pleio
55 164.027702 -0.431550671320208 pleio
56 164.032987 -0.648276627192805 pleio
57 164.064248 -0.770725641281025 pleio
58 164.070405 -0.775904801862355 pleio
59 164.076561 -0.78146892578639 pleio
60 164.255184 -2.4441560312398 pleio
61 164.291807 -4.92927744026994 pleio
62 164.314068 -5.25843398543334 pleio
63 164.325529 -5.37049834559294 pleio
64 164.336991 -5.51439516587776 pleio
65 164.348452 -5.71369985078501 pleio
66 164.60536 -5.99208536669357 pleio
67 164.617986 -5.97023608940636 pleio
68 164.628884 -5.97558764434433 pleio
69 164.636687 -5.9832012003598 pleio
70 164.648869 -5.95736148361588 pleio
71 164.66892 -5.90219913646837 pleio
72 164.758936 -5.6998039493055 pleio
73 165.053217 -5.13480225899695 pleio
74 165.121823 -5.18716924023658 pleio
75 165.132678 -5.16193483844209 pleio
76 165.143532 -4.87059405381788 pleio
77 165.154046 -4.33382175596569 pleio
78 165.15722 -4.17279779313503 pleio
79 165.160395 -3.9733625740375 pleio
80 165.163569 -3.67296385061408 pleio
81 165.195982 -3.75812801254997 pleio
82 165.223558 -3.77881303576823 pleio
83 165.251135 -3.77026958482393 pleio
84 165.276843 -3.63682907005387 pleio
85 165.283031 -3.719962550722 pleio
86 165.290201 -3.9011814128136 pleio
87 165.297626 -4.21793966159508 pleio
88 165.445995 -4.34390201594784 pleio
89 165.451594 -4.47787285310745 pleio
90 165.457194 -4.61451276322495 pleio
91 165.462793 -4.69510967433152 pleio
92 165.468393 -4.76358150658434 pleio
93 165.473992 -4.83482785624779 pleio
94 165.479592 -4.90846314003167 pleio
95 165.485905 -8.05421717489444 pleio
96 165.495439 -8.17344683293127 pleio
97 165.565236 -8.06692024773709 pleio
98 165.56991 -7.89230789358351 pleio
99 165.574583 -7.76076945908759 pleio
100 165.581587 -7.69144758671025 pleio
101 165.605467 -7.71720450336767 pleio
102 165.629348 -7.72879194435268 pleio
103 165.653228 -7.74553975177596 pleio
104 165.677109 -7.76059883609236 pleio
105 165.700989 -7.82214934191471 pleio
106 165.704891 -7.92049483100598 pleio
107 165.706625 -8.01514983897241 pleio
108 165.708359 -8.10543751929456 pleio
109 165.710093 -8.19072287507591 pleio
110 165.711827 -8.27043113969663 pleio
111 165.713561 -8.35382640611748 pleio
112 165.715295 -8.43518185966863 pleio
113 165.717029 -8.50514378976468 pleio
114 165.718763 -8.55453743348485 pleio
115 165.720497 -8.57439050809941 pleio
116 165.722231 -8.5588365549603 pleio
117 165.723965 -8.50894123801355 pleio
118 165.725699 -8.49392495365398 pleio
119 165.802549 -8.463588894196 pleio
120 165.85132 -8.43923106105798 pleio
121 165.858793 -8.4356289439756 pleio
122 165.864624 -8.45399208635537 pleio
123 165.868565 -8.47987212381088 pleio
124 165.872506 -8.51320063517306 pleio
125 165.876447 -8.55385621808461 pleio
126 165.880388 -8.60166699046928 pleio
127 165.884329 -8.62175553560838 pleio
128 165.88827 -8.64650587269827 pleio
129 165.892211 -8.67584348329535 pleio
130 165.896152 -8.69881443924842 pleio
131 165.900093 -8.72893216216931 pleio
132 165.912941 -8.74139756292178 pleio
133 165.925276 -8.72485730210601 pleio
134 165.925359 -8.70141517983583 pleio
135 165.925441 -8.67840545673917 pleio
136 165.930685 -8.65517224030846 pleio
137 166.172164 -8.5539224343193 pleio
138 166.181382 -8.35236082167294 pleio
139 166.1906 -8.1655713465395 pleio
140 166.324274 -8.22738227005797 pleio
141 166.325217 -8.2130751081026 pleio
142 166.32602 -8.20614674701117 pleio
143 166.326823 -8.20962662838318 pleio
144 166.327627 -8.23230516097542 pleio
145 166.32843 -8.26509751965778 pleio
146 166.377584 -8.29264908073123 pleio
147 166.382507 -8.28924502295789 pleio
148 166.38743 -8.28311842421224 pleio
149 166.394815 -8.27419394236636 pleio
150 166.403288 -8.22222458291774 pleio
151 166.407404 -8.16936817809905 pleio
152 166.411519 -8.18213855001671 pleio
153 166.415634 -8.2080602638274 pleio
154 166.419069 -8.24741586456481 pleio
155 166.422503 -8.30020031990269 pleio
156 166.425938 -8.36607830229834 pleio
157 166.429372 -8.44436795901563 pleio
158 166.432807 -8.53405919908589 pleio
159 166.439999 -8.63386890480377 pleio
160 166.448156 -8.74233631587123 pleio
161 166.475596 -8.83323345253821 pleio
162 166.491355 -8.84505411623345 pleio
163 166.507114 -8.8689910107859 pleio
164 166.522873 -8.88590314038534 pleio
165 166.537635 -8.87116209358609 pleio
166 166.55226 -8.87711009572859 pleio
167 166.566886 -9.12134936748869 pleio
168 166.581511 -9.15234743211069 pleio
169 166.592132 -8.99399543278452 pleio
170 166.599166 -8.83653507658522 pleio
171 166.606199 -8.72917532249132 pleio
172 166.613233 -8.65503223050365 pleio
173 166.62365 -8.69154107408698 pleio
174 166.754477 -9.20477931482406 pleio
175 166.783106 -9.28488253139148 pleio
176 166.802407 -9.38659842183364 pleio
177 166.805057 -9.50501078527973 pleio
178 166.807706 -9.63621960923498 pleio
179 166.811338 -9.76101362292841 pleio
180 166.839967 -9.84928483460031 pleio
181 166.951357 -9.95257956664944 pleio
182 166.992184 -9.95900349625059 pleio
183 167.033011 -10.1198620518914 pleio
184 167.073838 -10.6872817662303 pleio
185 167.142758 -10.9100155984466 pleio
186 167.274124 -11.0863878431317 pleio
187 167.282638 -11.136011423672 pleio
188 167.286179 -11.2078836540463 pleio
189 167.289719 -11.30273619493 pleio
190 167.29326 -11.4232082304376 pleio
191 167.306473 -11.4973721757336 pleio
192 167.322761 -11.508771779245 pleio
193 167.349466 -11.501912058462 pleio
194 167.360748 -11.4921024158063 pleio
195 167.37203 -11.4823898249145 pleio
196 167.396998 -11.4729143707026 pleio
197 167.523201 -11.4733851722884 pleio
198 167.545144 -11.4593421743981 pleio
199 167.556235 -11.4695555829594 pleio
200 167.567326 -11.4997873839044 pleio
201 167.647654 -11.55948061403 pleio
202 167.755373 -11.5774123355443 pleio
203 167.788738 -11.6079740825755 pleio
204 167.822104 -11.6387914372798 pleio
205 167.836721 -11.663905549081 pleio
206 167.845502 -11.6879508390962 pleio
207 167.854284 -11.7128038289455 pleio
208 167.858563 -11.7384141589108 pleio
209 167.860327 -11.7610013745071 pleio
210 167.862092 -11.7702241646192 pleio
211 167.863857 -11.7836935289355 pleio
212 167.865622 -11.8018136710583 pleio
213 167.86764 -11.8166434884896 pleio
214 167.871511 -11.8319895967583 pleio
215 167.876871 -11.8489157438212 pleio
216 167.882232 -11.8674284513845 pleio
217 167.887593 -11.8875303773699 pleio
218 167.913375 -11.9118355384876 pleio
219 167.920966 -11.9271461248474 pleio
220 167.928557 -11.9369326161182 pleio
221 168.002821 -11.9457415110138 pleio
222 168.013929 -11.954568497573 pleio
223 168.020304 -11.968334596124 pleio
224 168.023961 -12.0009907543817 pleio
225 168.02735 -12.054514662192 pleio
226 168.030739 -12.0924060640485 pleio
227 168.034128 -12.2258954829104 pleio
228 168.037518 -12.2634696584447 pleio
229 168.042103 -12.2954427128876 pleio
230 168.057523 -12.3362690087249 pleio
231 168.241031 -12.3513482754628 pleio
232 168.273712 -12.3689169308453 pleio
233 168.276509 -12.3920929923822 pleio
234 168.279306 -12.4178126773056 pleio
235 168.282103 -12.4459998281327 pleio
236 168.2849 -12.4765576477723 pleio
237 168.287697 -12.5093681173546 pleio
238 168.291368 -12.5084193187305 pleio
239 168.295216 -12.5159636561394 pleio
240 168.301388 -12.554099729729 pleio
241 168.308464 -13.0821682117759 pleio
242 168.31554 -13.7556147588032 pleio
243 168.322616 -14.4607412767309 pleio
244 168.369835 -14.7229941543706 pleio
245 168.372164 -14.7372757365582 pleio
246 168.374493 -14.7514842280485 pleio
247 168.376821 -14.7630665769119 pleio
248 162.797792 -6.30346299863909 profile1
249 162.802465 -6.18071391947329 profile1
250 162.807137 -6.05663438141419 profile1
251 162.891193 -5.87162434028624 profile1
252 162.899169 -5.54223602901516 profile1
253 162.907146 -5.63622535854664 profile1
254 162.915122 -5.9186780473045 profile1
255 162.923098 -5.98074686006212 profile1
256 162.931074 -6.05258559836706 profile1
257 162.93905 -6.13559716142983 profile1
258 162.97044 -6.09904087067478 profile1
259 162.976744 -6.05219253587643 profile1
260 162.983048 -5.99294548388129 profile1
261 162.989352 -6.06297988950481 profile1
262 162.995537 -6.05024036650124 profile1
263 162.997832 -5.12063075045519 profile1
264 163.00011 -4.91012367534934 profile1
265 163.002388 -4.83016911712934 profile1
266 163.004665 -4.74907543882051 profile1
267 163.006943 -4.66695878281195 profile1
268 163.009221 -4.58394405448627 profile1
269 163.011499 -4.50016587675039 profile1
270 163.013777 -4.41576632671895 profile1
271 163.016054 -4.32906139239237 profile1
272 163.018332 -4.23971677444778 profile1
273 163.02061 -4.15038646410528 profile1
274 163.022888 -4.06124383639488 profile1
275 163.025166 -3.97293898800344 profile1
276 163.029526 -3.88582975810075 profile1
277 163.045161 -3.80254441432566 profile1
278 163.061794 -3.72068006456564 profile1
279 163.078427 -3.5147655966822 profile1
280 163.09506 -3.24604986000545 profile1
281 163.111693 -3.01273920717241 profile1
282 163.125708 -2.85544367234623 profile1
283 163.137394 -3.60923995551384 profile1
284 163.14908 -4.76466353847441 profile1
285 163.154021 -4.59490643590629 profile1
286 163.156127 -4.43973895748385 profile1
287 163.157556 -4.30068307865544 profile1
288 163.158891 -4.17905282968372 profile1
289 163.160225 -4.07589689136204 profile1
290 163.161559 -3.99195941446987 profile1
291 163.162894 -3.9276546713787 profile1
292 163.164228 -3.88305902992362 profile1
293 163.165562 -3.85791889679401 profile1
294 163.166897 -3.8516246602342 profile1
295 168.322616 -11.1227637945142 profile1
296 168.369835 -11.3681133003131 profile1
297 168.372164 -11.3741623688008 profile1
298 168.374493 -11.3802207304264 profile1
299 168.376821 -11.3849228943724 profile1
300 163.26265 -3.31998522855516 profile1
301 163.413317 -2.75112756305356 profile1
302 165.485905 -6.62560015715412 profile1
303 165.495439 -6.71613865929077 profile1
304 165.565236 -6.54385473167402 profile1
305 165.715295 -5.93369565748425 profile1
306 165.717029 -6.00158829553127 profile1
307 165.718763 -6.06469475316863 profile1
308 165.720497 -6.11296833581083 profile1
309 165.722231 -6.13879781860338 profile1
310 165.723965 -6.14133911606168 profile1
311 165.725699 -6.19102219738507 profile1
312 165.802549 -6.19364115409544 profile1
313 165.85132 -6.17210801633504 profile1
314 165.858793 -6.15696106691116 profile1
315 165.864624 -6.1711489698169 profile1
316 165.868565 -6.19283422917468 profile1
317 165.872506 -6.22208456193851 profile1
318 165.876447 -6.25891074520767 profile1
319 165.880388 -6.3032635686569 profile1
320 165.884329 -6.29141556938677 profile1
321 165.88827 -6.28067850155933 profile1
322 165.892211 -6.27846547708503 profile1
323 165.896152 -6.26840658867777 profile1
324 165.900093 -6.26496812785911 profile1
325 165.912941 -6.26003167049255 profile1
326 165.925276 -6.23948449592651 profile1
327 165.925359 -6.21170668438991 profile1
328 165.925441 -6.18448029841534 profile1
329 165.930685 -6.15352609365682 profile1
330 166.172164 -6.09859182642904 profile1
331 166.181382 -6.03440841682149 profile1
332 166.1906 -6.03515680694955 profile1
333 166.324274 -6.14448722849389 profile1
334 166.325217 -6.15902558140254 profile1
335 166.32602 -6.18228261398933 profile1
336 166.326823 -6.21362524710182 profile1
337 166.327627 -6.2388789755001 profile1
338 166.32843 -6.25844006937758 profile1
339 166.377584 -6.26773352239388 profile1
340 166.382507 -6.23021287436832 profile1
341 166.38743 -6.19403372347776 profile1
342 166.394815 -6.15928795313753 profile1
343 166.403288 -6.0738065548296 profile1
344 166.407404 -5.98171948287442 profile1
345 166.411519 -5.94654560643389 profile1
346 166.415634 -5.92288041962832 profile1
347 166.419069 -5.91074550827741 profile1
348 166.422503 -5.90990074986275 profile1
349 166.425938 -5.91983468641233 profile1
350 166.429372 -5.93978049962115 profile1
351 166.432807 -5.96875828338441 profile1
352 166.439999 -6.00565010602508 profile1
353 166.448156 -6.04935445988726 profile1
354 166.566886 -6.41484512106188 profile1
355 166.581511 -6.43638993130737 profile1
356 166.592132 -6.29842996263784 profile1
357 166.606199 -6.12983078003273 profile1
358 166.613233 -6.09138225467236 profile1
359 166.62365 -6.08309769974894 profile1
360 166.754477 -6.35373420658669 profile1
361 166.783106 -6.4175997549338 profile1
362 166.802407 -6.49643274668142 profile1
363 166.805057 -6.58764272904008 profile1
364 166.807706 -6.68921359806374 profile1
365 166.811338 -6.78880551361858 profile1
366 166.839967 -6.8559125417397 profile1
367 166.951357 -6.97453638276898 profile1
368 166.992184 -6.98033239572916 profile1
369 167.033011 -7.08633078690411 profile1
370 167.073838 -7.8212897505212 profile1
371 167.142758 -8.22175364711223 profile1
372 167.274124 -8.41204523438485 profile1
373 167.282638 -8.46089239253918 profile1
374 167.286179 -8.53424325345699 profile1
375 167.289719 -8.63256261044125 profile1
376 167.29326 -8.75481144182994 profile1
377 167.306473 -8.83749705396146 profile1
378 167.322761 -8.86280214285213 profile1
379 167.349466 -8.86296733612582 profile1
380 167.360748 -8.85203162220628 profile1
381 167.37203 -8.84110284106904 profile1
382 167.396998 -8.83031966414131 profile1
383 167.523201 -8.83019698738987 profile1
384 167.545144 -8.82922764675788 profile1
385 167.556235 -8.85113938858653 profile1
386 167.567326 -8.8824209018583 profile1
387 167.647654 -8.83675585753194 profile1
388 167.755373 -8.85394655299609 profile1
389 167.788738 -8.8831893936828 profile1
390 167.822104 -8.91262134282781 profile1
391 167.836721 -8.93999470112769 profile1
392 167.845502 -8.96751914766291 profile1
393 167.854284 -8.99592614582581 profile1
394 167.858563 -9.02512721307202 profile1
395 167.860327 -9.05164298530114 profile1
396 167.862092 -9.06589118068852 profile1
397 167.863857 -9.07689945948094 profile1
398 167.865622 -9.08249300267674 profile1
399 167.86764 -9.0821694052253 profile1
400 167.871511 -9.08182710441275 profile1
401 167.876871 -9.08312464321782 profile1
402 167.882232 -9.08610559450038 profile1
403 167.887593 -9.09080764123923 profile1
404 167.913375 -9.10446542639137 profile1
405 167.920966 -9.1130881994542 profile1
406 167.928557 -9.11545890846637 profile1
407 168.002821 -9.11255202058092 profile1
408 168.013929 -9.09528268813478 profile1
409 168.020304 -9.0830567157408 profile1
410 168.023961 -9.0881773320496 profile1
411 168.02735 -9.11330006102109 profile1
412 168.030739 -9.12410796607502 profile1
413 168.034128 -9.30311470127492 profile1
414 168.037518 -9.31717957909406 profile1
415 168.042103 -9.33101156068163 profile1
416 168.057523 -9.35482536466452 profile1
417 168.241031 -9.34572136255604 profile1
418 168.273712 -9.37249472963976 profile1
419 168.276509 -9.40601471995767 profile1
420 168.279306 -9.44197413391625 profile1
421 168.282103 -9.48026900812813 profile1
422 168.2849 -9.52077599270597 profile1
423 168.287697 -9.56335198691516 profile1
424 168.291368 -9.56748995043015 profile1
425 168.295216 -9.58458542144456 profile1
426 168.301388 -9.63040306676415 profile1
427 168.308464 -9.97592729677303 profile1
428 168.31554 -10.5014150006697 profile1
429 163.495816 -1.65167826885157 profile1
430 163.507977 -1.35933599394411 profile1
431 163.520139 -1.13063122201506 profile1
432 163.582672 -0.907556782362545 profile1
433 164.022416 0.0693542718654092 profile1
434 164.027702 -0.199605575134724 profile1
435 164.032987 -0.185949207124751 profile1
436 164.064248 -0.200309459019978 profile1
437 164.070405 -0.206768540478094 profile1
438 164.076561 -0.213702884631724 profile1
439 164.255184 -2.4441560312398 profile1
440 164.291807 -4.21197676519851 profile1
441 164.314068 -4.53643513117618 profile1
442 164.325529 -4.79833805434679 profile1
443 164.336991 -5.08281630681767 profile1
444 164.348452 -5.37018647462823 profile1
445 164.60536 -5.67895437139176 profile1
446 164.617986 -5.55188825250667 profile1
447 164.628884 -5.44909347319782 profile1
448 164.636687 -5.35378469326799 profile1
449 164.648869 -5.26016486780616 profile1
450 164.66892 -5.26259046725637 profile1
451 164.758936 -5.31611401290483 profile1
452 165.053217 -4.67899853661204 profile1
453 165.121823 -4.73097184706027 profile1
454 165.132678 -4.71668945662715 profile1
455 165.143532 -4.53577755219014 profile1
456 165.154046 -4.06856624949376 profile1
457 165.15722 -3.90407256731856 profile1
458 165.160395 -3.69514395303564 profile1
459 165.163569 -3.44482885935315 profile1
460 165.195982 -3.47445358438023 profile1
461 165.223558 -3.48644426610956 profile1
462 165.251135 -3.48757852818726 profile1
463 165.276843 -3.41239461865235 profile1
464 165.283031 -3.55770094507975 profile1
465 165.290201 -3.76052724347181 profile1
466 165.297626 -4.08433448957357 profile1
467 165.445995 -4.18458242759298 profile1
468 165.451594 -4.29934107223019 profile1
469 165.457194 -4.41699430484023 profile1
470 165.462793 -4.49998099168296 profile1
471 165.468393 -4.57447306676079 profile1
472 165.473992 -4.64936767721797 profile1
473 165.479592 -4.72405407434046 profile1
474 165.56991 -6.23671908910374 profile1
475 165.574583 -5.97206031065892 profile1
476 165.581587 -5.84029335589115 profile1
477 165.605467 -5.83868237298594 profile1
478 165.629348 -5.82423743338686 profile1
479 165.653228 -5.81436863086115 profile1
480 165.677109 -5.81168740898291 profile1
481 165.700989 -5.80979156413813 profile1
482 165.704891 -5.80250520925832 profile1
483 165.706625 -5.79787246869241 profile1
484 165.708359 -5.79601291789324 profile1
485 165.710093 -5.79701160506855 profile1
486 165.711827 -5.80091829543537 profile1
487 165.713561 -5.8559632665031 profile1
488 166.475596 -6.09463013772714 profile1
489 166.491355 -6.10673530733898 profile1
490 166.507114 -6.1424367751252 profile1
491 166.522873 -6.1802558099666 profile1
492 166.537635 -6.19256622475848 profile1
493 166.55226 -6.20033941421966 profile1
494 166.599166 -6.18235633356518 profile1
495 162.797792 -1.95827661480686 profile2
496 162.802465 -1.96784516947967 profile2
497 162.807137 -1.99753161802413 profile2
498 162.891193 -2.16318771333472 profile2
499 162.899169 -2.13860651211728 profile2
500 162.907146 -2.17942685757207 profile2
501 162.915122 -2.19085106478203 profile2
502 162.923098 -2.19290126073058 profile2
503 162.931074 -2.19680406204014 profile2
504 162.93905 -2.2028454570313 profile2
505 162.97044 -2.27085904816139 profile2
506 162.976744 -2.28587868008436 profile2
507 162.983048 -2.28359810992545 profile2
508 162.989352 -2.31019443629545 profile2
509 162.995537 -2.22668913859589 profile2
510 162.997832 -2.28463341761149 profile2
511 163.00011 -2.30815306951199 profile2
512 163.002388 -2.30041725005278 profile2
513 163.004665 -2.29311126660717 profile2
514 163.006943 -2.28624723316209 profile2
515 163.009221 -2.27983716575047 profile2
516 163.011499 -2.27389308051113 profile2
517 163.013777 -2.26842705294378 profile2
518 163.016054 -2.2637655760674 profile2
519 163.018332 -2.26000214821268 profile2
520 163.02061 -2.25672292599023 profile2
521 163.022888 -2.2539396214804 profile2
522 163.025166 -2.25180162394495 profile2
523 163.029526 -2.25032415132789 profile2
524 163.045161 -2.24773967225455 profile2
525 163.061794 -2.24345151434845 profile2
526 163.078427 -2.07741915850608 profile2
527 163.09506 -1.8433486759783 profile2
528 163.111693 -1.67064243609253 profile2
529 163.125708 -1.59002461599207 profile2
530 163.137394 -0.795810770497176 profile2
531 163.14908 -0.640670631834336 profile2
532 163.154021 -0.641933485788728 profile2
533 163.156127 -0.662234964893718 profile2
534 163.157556 -0.702609732486413 profile2
535 163.158891 -0.763187387575393 profile2
536 163.160225 -0.843046741093357 profile2
537 163.161559 -0.940198753290371 profile2
538 163.162894 -1.05173884466673 profile2
539 163.164228 -1.17413269596368 profile2
540 163.165562 -1.30359093545587 profile2
541 163.166897 -1.43631355646169 profile2
542 163.26265 -1.1551094324351 profile2
543 163.413317 -0.0112122672833214 profile2
544 163.495816 -0.142994453648125 profile2
545 163.507977 -0.0526540356643945 profile2
546 163.520139 0.0258310938535455 profile2
547 163.582672 0.0693542718654092 profile2
548 164.022416 0 profile2
549 164.027702 -0.232843069463313 profile2
550 164.032987 -0.591955002078641 profile2
551 164.064248 -0.766620148640587 profile2
552 164.070405 -0.759372234708623 profile2
553 164.076561 -0.752113402136415 profile2
554 164.255184 -0.200309459019978 profile2
555 164.291807 -1.23680292593611 profile2
556 164.314068 -1.32444796533659 profile2
557 164.325529 -1.24351629674796 profile2
558 164.336991 -1.19096904026204 profile2
559 164.348452 -1.250364631824 profile2
560 164.60536 -1.39119807898556 profile2
561 164.617986 -1.461777110196 profile2
562 164.628884 -1.55016592608955 profile2
563 164.636687 -1.64343603170915 profile2
564 164.648869 -1.70179879743926 profile2
565 164.66892 -1.63776478378299 profile2
566 164.758936 -1.37358096129009 profile2
567 165.053217 -1.39237841006648 profile2
568 165.121823 -1.39514363457019 profile2
569 165.132678 -1.38549729455786 profile2
570 165.143532 -1.32676163495212 profile2
571 165.154046 -1.30567694817541 profile2
572 165.15722 -1.34922302877493 profile2
573 165.160395 -1.42760445901214 profile2
574 165.163569 -1.48506318109375 profile2
575 165.195982 -1.63451088594908 profile2
576 165.223558 -1.6653396357163 profile2
577 165.251135 -1.6643515630575 profile2
578 165.276843 -1.63846426523935 profile2
579 165.283031 -1.63034539758159 profile2
580 165.290201 -1.65187533507653 profile2
581 165.297626 -1.67360017453876 profile2
582 165.445995 -1.6872238272497 profile2
583 165.451594 -1.69961310004938 profile2
584 165.457194 -1.71546324067162 profile2
585 165.462793 -1.71959498025033 profile2
586 165.468393 -1.72360416524626 profile2
587 165.473992 -1.73160893804942 profile2
588 165.479592 -1.74367403686169 profile2
589 165.485905 -4.04255236442565 profile2
590 165.495439 -4.06466773083713 profile2
591 165.565236 -4.12240182158059 profile2
592 165.56991 -4.23482749601623 profile2
593 165.574583 -4.35488839684168 profile2
594 165.581587 -4.40892547944019 profile2
595 165.605467 -4.44563670212273 profile2
596 165.629348 -4.47505978511765 profile2
597 165.653228 -4.50594502762341 profile2
598 165.677109 -4.52633236385663 profile2
599 165.700989 -4.59225070133445 profile2
600 165.704891 -4.70394878354229 profile2
601 165.706625 -4.81084965500671 profile2
602 165.708359 -4.91210803979191 profile2
603 165.710093 -5.00693757810285 profile2
604 165.711827 -5.09463153418963 profile2
605 165.713561 -5.1530558478033 profile2
606 165.715295 -5.19037791290062 profile2
607 165.717029 -5.21077625759758 profile2
608 165.718763 -5.21473955609766 profile2
609 165.720497 -5.20380198414659 profile2
610 165.722231 -5.18030635240196 profile2
611 165.723965 -5.14726610988997 profile2
612 165.725699 -5.11635100643208 profile2
613 165.802549 -5.09675739103906 profile2
614 165.85132 -5.09390107988517 profile2
615 165.858793 -5.10692686866169 profile2
616 165.864624 -5.1090849944173 profile2
617 165.868565 -5.1131047754542 profile2
618 165.872506 -5.11888224698377 profile2
619 165.876447 -5.12630111237527 profile2
620 165.880388 -5.13523797122125 profile2
621 165.884329 -5.16347080128476 profile2
622 165.88827 -5.19710961239951 profile2
623 165.892211 -5.22941533645318 profile2
624 165.896152 -5.26843764389531 profile2
625 165.900093 -5.31172385365737 profile2
626 165.912941 -5.32961573402541 profile2
627 165.925276 -5.32440777140568 profile2
628 165.925359 -5.32019437040783 profile2
629 165.925441 -5.31647501936513 profile2
630 165.930685 -5.31578720673138 profile2
631 166.172164 -5.26895188149028 profile2
632 166.181382 -5.14930317420038 profile2
633 166.1906 -4.99627372381603 profile2
634 166.324274 -4.9487684243605 profile2
635 166.325217 -4.92541899076682 profile2
636 166.32602 -4.89864720982477 profile2
637 166.326823 -4.87279979452268 profile2
638 166.327627 -4.87114057468227 profile2
639 166.32843 -4.88576747359724 profile2
640 166.377584 -4.90509173660332 profile2
641 166.382507 -4.93700737362246 profile2
642 166.38743 -4.96488208582241 profile2
643 166.394815 -4.98858401625718 profile2
644 166.403288 -5.03442556377598 profile2
645 166.407404 -5.0832294593275 profile2
646 166.411519 -5.12009430916165 profile2
647 166.415634 -5.15898801787427 profile2
648 166.419069 -5.20019178406184 profile2
649 166.422503 -5.24395186868831 profile2
650 166.425938 -5.29044715598087 profile2
651 166.429372 -5.3397590740188 profile2
652 166.432807 -5.39185148311647 profile2
653 166.439999 -5.44655271382741 profile2
654 166.448156 -5.50348114017167 profile2
655 166.475596 -5.54169647200757 profile2
656 166.491355 -5.53790446353678 profile2
657 166.507114 -5.53015416006284 profile2
658 166.522873 -5.51344604824847 profile2
659 166.537635 -5.48758061583627 profile2
660 166.55226 -5.48664070998408 profile2
661 166.566886 -5.49432398251323 profile2
662 166.581511 -5.49753531827185 profile2
663 166.592132 -5.49376761203691 profile2
664 166.599166 -5.48362355777584 profile2
665 166.606199 -5.45793412848993 profile2
666 166.613233 -5.3980909399641 profile2
667 166.62365 -5.42103105546097 profile2
668 166.754477 -5.668761851385 profile2
669 166.783106 -5.68562045753535 profile2
670 166.802407 -5.70920278247203 profile2
671 166.805057 -5.73865329278164 profile2
672 166.807706 -5.77297439241523 profile2
673 166.811338 -5.808023889397 profile2
674 166.839967 -5.83939418447373 profile2
675 166.951357 -5.84864869027363 profile2
676 166.992184 -5.84993109586349 profile2
677 167.033011 -5.87419389911557 profile2
678 167.073838 -5.81794094880018 profile2
679 167.142758 -5.66356496961616 profile2
680 167.274124 -5.65175028380502 profile2
681 167.282638 -5.63395179789221 profile2
682 167.286179 -5.62053734465201 profile2
683 167.289719 -5.61245211200293 profile2
684 167.29326 -5.61068874253551 profile2
685 167.306473 -5.61377723645685 profile2
686 167.322761 -5.60574113108073 profile2
687 167.349466 -5.60174593843983 profile2
688 167.360748 -5.6051006696518 profile2
689 167.37203 -5.60847090488404 profile2
690 167.396998 -5.61183437251182 profile2
691 167.523201 -5.60985102176096 profile2
692 167.545144 -5.61216428149659 profile2
693 167.556235 -5.61415880200473 profile2
694 167.567326 -5.61672820943589 profile2
695 167.647654 -5.73874769406086 profile2
696 167.755373 -5.74337313852735 profile2
697 167.788738 -5.7505654280213 profile2
698 167.822104 -5.75782862748158 profile2
699 167.836721 -5.7624357864829 profile2
700 167.845502 -5.7660708552399 profile2
701 167.854284 -5.76955754370862 profile2
702 167.858563 -5.77293627002253 profile2
703 167.860327 -5.77646462294942 profile2
704 167.862092 -5.7811976215206 profile2
705 167.863857 -5.79131668225829 profile2
706 167.865622 -5.80857393075234 profile2
707 167.86764 -5.82802136778097 profile2
708 167.871511 -5.84822043491876 profile2
709 167.876871 -5.86872634142738 profile2
710 167.882232 -5.88950387676799 profile2
711 167.887593 -5.91051799353073 profile2
712 167.913375 -5.92627479132732 profile2
713 167.920966 -5.934006695879 profile2
714 167.928557 -5.94107943236608 profile2
715 168.002821 -5.95108691455485 profile2
716 168.013929 -5.97135663884311 profile2
717 168.020304 -5.99227986369515 profile2
718 168.023961 -6.01440253762649 profile2
719 168.02735 -6.03750190803186 profile2
720 168.030739 -6.07630562195913 profile2
721 168.034128 -6.20971314251356 profile2
722 168.037518 -6.23181732592238 profile2
723 168.042103 -6.24933997260567 profile2
724 168.057523 -6.26490419634438 profile2
725 168.241031 -6.28598082249438 profile2
726 168.273712 -6.27903007678848 profile2
727 168.276509 -6.27073297986506 profile2
728 168.279306 -6.2621867324624 profile2
729 168.282103 -6.25341291212256 profile2
730 168.2849 -6.24443421525437 profile2
731 168.287697 -6.23527470639811 profile2
732 168.291368 -6.23400484361215 profile2
733 168.295216 -6.2334401364499 profile2
734 168.301388 -6.23767660281394 profile2
735 168.308464 -6.43051942014255 profile2
736 168.31554 -6.64489390719832 profile2
737 168.322616 -6.81972320526578 profile2
738 168.369835 -6.86763624469512 profile2
739 168.372164 -6.8738788900844 profile2
740 168.374493 -6.88005653532119 profile2
741 168.376821 -6.88698243586569 profile2
