marker_position lod trace
1 162.797792 -18.3949343646914 pleio
2 162.802465 -18.1672363724338 pleio
3 162.807137 -18.0138901659813 pleio
4 162.891193 -17.6660689945008 pleio
5 162.899169 -16.2109510480531 pleio
6 162.907146 -15.5964083675006 pleio
7 162.915122 -15.403188398714 pleio
8 162.923098 -15.3182463539272 pleio
9 162.931074 -15.2480776173444 pleio
10 162.93905 -15.1956631444211 pleio
11 162.97044 -15.1006342155803 pleio
12 162.976744 -15.0658622684889 pleio
13 162.983048 -15.0078453573891 pleio
14 162.989352 -15.0408333782288 pleio
15 162.995537 -14.858884303382 pleio
16 162.997832 -14.3655973522115 pleio
17 163.00011 -14.3280143140782 pleio
18 163.002388 -14.2417179173112 pleio
19 163.004665 -14.1550478596291 pleio
20 163.006943 -14.0681538662877 pleio
21 163.009221 -13.9811903804733 pleio
22 163.011499 -13.8943233198757 pleio
23 163.013777 -13.8077185111503 pleio
24 163.016054 -13.7176680642041 pleio
25 163.018332 -13.6230935299757 pleio
26 163.02061 -13.5293629077251 pleio
27 163.022888 -13.4366735631838 pleio
28 163.025166 -13.3462599552248 pleio
29 163.029526 -13.2586802667449 pleio
30 163.045161 -13.1779001736171 pleio
31 163.061794 -13.101144869526 pleio
32 163.078427 -12.9489244403977 pleio
33 163.09506 -12.7659780996477 pleio
34 163.111693 -12.6184209893674 pleio
35 163.125708 -12.531393382588 pleio
36 163.137394 -10.3071166959872 pleio
37 163.14908 -10.8678860301733 pleio
38 163.154021 -10.4903466616435 pleio
39 163.156127 -10.1570789983833 pleio
40 163.157556 -9.87167514042913 pleio
41 163.158891 -9.63706513005433 pleio
42 163.160225 -9.45540385212088 pleio
43 163.161559 -9.3280154325114 pleio
44 163.162894 -9.2553663842177 pleio
45 163.164228 -9.2370846850355 pleio
46 163.165562 -9.27201161929743 pleio
47 163.166897 -9.35823764810842 pleio
48 163.26265 -7.6814300233058 pleio
49 163.413317 -4.79128801255182 pleio
50 163.495816 -3.02805371610036 pleio
51 163.507977 -2.85540193726026 pleio
52 163.520139 -2.77695172210049 pleio
53 163.582672 -2.73851597791994 pleio
54 164.022416 0 pleio
55 164.027702 -0.569695828940897 pleio
56 164.032987 -1.26601538138953 pleio
57 164.064248 -1.72520420562568 pleio
58 164.070405 -1.72684112089373 pleio
59 164.076561 -1.72896789818685 pleio
60 164.255184 -4.70383230049461 pleio
61 164.291807 -6.76427066430813 pleio
62 164.314068 -7.11527451462155 pleio
63 164.325529 -7.45691956425517 pleio
64 164.336991 -7.85935193074284 pleio
65 164.348452 -8.34870363448207 pleio
66 164.60536 -9.05612302384 pleio
67 164.617986 -8.91232046704486 pleio
68 164.628884 -8.85498986912969 pleio
69 164.636687 -8.87420078999827 pleio
70 164.648869 -8.91889180357996 pleio
71 164.66892 -8.8949291682934 pleio
72 164.758936 -8.9800485146488 pleio
73 165.053217 -9.1356883487759 pleio
74 165.121823 -9.19399625762811 pleio
75 165.132678 -9.20114769622052 pleio
76 165.143532 -9.02365320765154 pleio
77 165.154046 -8.64689572733251 pleio
78 165.15722 -9.13755047619008 pleio
79 165.160395 -9.81566796950057 pleio
80 165.163569 -10.4710977687618 pleio
81 165.195982 -11.2458580833507 pleio
82 165.223558 -11.4150697023514 pleio
83 165.251135 -11.4522154255685 pleio
84 165.276843 -11.541508829255 pleio
85 165.283031 -11.7731050632083 pleio
86 165.290201 -11.8442537924804 pleio
87 165.297626 -11.8278248890073 pleio
88 165.445995 -11.8633744722367 pleio
89 165.451594 -11.9915668104137 pleio
90 165.457194 -12.134397223028 pleio
91 165.462793 -12.2702971838632 pleio
92 165.468393 -12.4126819920712 pleio
93 165.473992 -12.5659562263064 pleio
94 165.479592 -12.7289828049738 pleio
95 165.485905 -19.3005766000436 pleio
96 165.495439 -19.5182006077552 pleio
97 165.565236 -19.4646660032475 pleio
98 165.56991 -19.4363652280263 pleio
99 165.574583 -19.5644200470759 pleio
100 165.581587 -19.5155923293423 pleio
101 165.605467 -19.5591812555362 pleio
102 165.629348 -19.5817595498975 pleio
103 165.653228 -19.617130331175 pleio
104 165.677109 -19.6467280858164 pleio
105 165.700989 -19.6873543118715 pleio
106 165.704891 -19.7526921376058 pleio
107 165.706625 -19.8213624798157 pleio
108 165.708359 -19.8929854663988 pleio
109 165.710093 -19.9671406433624 pleio
110 165.711827 -20.0433795955239 pleio
111 165.713561 -20.2498498491168 pleio
112 165.715295 -20.5132493302165 pleio
113 165.717029 -20.7999577171733 pleio
114 165.718763 -21.1064421766799 pleio
115 165.720497 -21.4290900767628 pleio
116 165.722231 -21.7644088178865 pleio
117 165.723965 -22.1077794200312 pleio
118 165.725699 -22.4097346540301 pleio
119 165.802549 -22.5428821697282 pleio
120 165.85132 -22.5693915214499 pleio
121 165.858793 -22.5703831903605 pleio
122 165.864624 -22.493345477757 pleio
123 165.868565 -22.4291598156162 pleio
124 165.872506 -22.3780243084475 pleio
125 165.876447 -22.3400534428383 pleio
126 165.880388 -22.3152859650695 pleio
127 165.884329 -22.349087276881 pleio
128 165.88827 -22.4162934634155 pleio
129 165.892211 -22.5112564245807 pleio
130 165.896152 -22.6725116988756 pleio
131 165.900093 -22.8661238045131 pleio
132 165.912941 -22.9655909852404 pleio
133 165.925276 -22.97101666493 pleio
134 165.925359 -22.9823090447069 pleio
135 165.925441 -22.9926366823142 pleio
136 165.930685 -23.0105635182507 pleio
137 166.172164 -22.9998806786157 pleio
138 166.181382 -22.9485609932203 pleio
139 166.1906 -22.8995746049453 pleio
140 166.324274 -23.0897393781664 pleio
141 166.325217 -23.095036070346 pleio
142 166.32602 -23.1061203338188 pleio
143 166.326823 -23.1360780104086 pleio
144 166.327627 -23.2155875800582 pleio
145 166.32843 -23.3227045954735 pleio
146 166.377584 -23.3993978552954 pleio
147 166.382507 -23.3500309626507 pleio
148 166.38743 -23.29861712516 pleio
149 166.394815 -23.2452760867261 pleio
150 166.403288 -23.229081404342 pleio
151 166.407404 -23.2148764186081 pleio
152 166.411519 -23.1132522438757 pleio
153 166.415634 -23.0268949417338 pleio
154 166.419069 -22.9571254543641 pleio
155 166.422503 -22.9051592647789 pleio
156 166.425938 -22.8720011647196 pleio
157 166.429372 -22.858347052317 pleio
158 166.432807 -22.8645014774401 pleio
159 166.439999 -22.8903087591665 pleio
160 166.448156 -22.9350104952018 pleio
161 166.475596 -22.9839642337303 pleio
162 166.491355 -22.9819041530383 pleio
163 166.507114 -22.9796567712886 pleio
164 166.522873 -22.9738136570558 pleio
165 166.537635 -22.9485546804963 pleio
166 166.55226 -22.9529275024439 pleio
167 166.566886 -23.0858831794521 pleio
168 166.581511 -23.1219878574901 pleio
169 166.592132 -22.9483355349184 pleio
170 166.599166 -22.7874331363118 pleio
171 166.606199 -22.7277944189279 pleio
172 166.613233 -22.8286940998381 pleio
173 166.62365 -22.8612454714566 pleio
174 166.754477 -23.7426493345342 pleio
175 166.783106 -23.9575024843658 pleio
176 166.802407 -24.1861448043995 pleio
177 166.805057 -24.4276840236944 pleio
178 166.807706 -24.6799771704346 pleio
179 166.811338 -24.9324106633524 pleio
180 166.839967 -25.0887985661567 pleio
181 166.951357 -25.1311982743987 pleio
182 166.992184 -25.1360023153148 pleio
183 167.033011 -25.1928525285401 pleio
184 167.073838 -27.271748661311 pleio
185 167.142758 -28.1144111417293 pleio
186 167.274124 -28.4452078047811 pleio
187 167.282638 -28.2645945259767 pleio
188 167.286179 -28.1222836548438 pleio
189 167.289719 -28.0263152221178 pleio
190 167.29326 -27.9757709862701 pleio
191 167.306473 -27.8670085073958 pleio
192 167.322761 -27.9099952552722 pleio
193 167.349466 -27.9452450953894 pleio
194 167.360748 -27.9511589745857 pleio
195 167.37203 -27.956418713956 pleio
196 167.396998 -27.9611166747798 pleio
197 167.523201 -27.9866550287029 pleio
198 167.545144 -27.8684067128993 pleio
199 167.556235 -27.7687189852507 pleio
200 167.567326 -27.7472543191527 pleio
201 167.647654 -27.5549371005927 pleio
202 167.755373 -27.5559713764523 pleio
203 167.788738 -27.5601801084847 pleio
204 167.822104 -27.5645041981471 pleio
205 167.836721 -27.5698918248172 pleio
206 167.845502 -27.5770567842333 pleio
207 167.854284 -27.585874520543 pleio
208 167.858563 -27.5963336462378 pleio
209 167.860327 -27.6080516773171 pleio
210 167.862092 -27.6219806802514 pleio
211 167.863857 -27.6300337677052 pleio
212 167.865622 -27.6277903317474 pleio
213 167.86764 -27.6353233914365 pleio
214 167.871511 -27.6490527703644 pleio
215 167.876871 -27.6677106794951 pleio
216 167.882232 -27.6912723848054 pleio
217 167.887593 -27.719700954299 pleio
218 167.913375 -27.7423762785827 pleio
219 167.920966 -27.7510825346596 pleio
220 167.928557 -27.7587040224328 pleio
221 168.002821 -27.7762563570746 pleio
222 168.013929 -27.833754125316 pleio
223 168.020304 -27.9018296501683 pleio
224 168.023961 -27.9690532670229 pleio
225 168.02735 -28.0423308180768 pleio
226 168.030739 -28.133194661448 pleio
227 168.034128 -28.7516542493053 pleio
228 168.037518 -28.8661875553202 pleio
229 168.042103 -28.9553916918686 pleio
230 168.057523 -28.9703132123155 pleio
231 168.241031 -28.9750816478355 pleio
232 168.273712 -29.0145688632486 pleio
233 168.276509 -29.0567564210733 pleio
234 168.279306 -29.0980248306636 pleio
235 168.282103 -29.1381672072452 pleio
236 168.2849 -29.1769826533204 pleio
237 168.287697 -29.2142767213458 pleio
238 168.291368 -29.3293943736809 pleio
239 168.295216 -29.4978631921655 pleio
240 168.301388 -29.6858063459904 pleio
241 168.308464 -30.1728930281774 pleio
242 168.31554 -31.1800928172139 pleio
243 168.322616 -32.6179141145495 pleio
244 168.369835 -33.2591487947334 pleio
245 168.372164 -33.2777995284252 pleio
246 168.374493 -33.296119520463 pleio
247 168.376821 -33.3183167143445 pleio
248 162.797792 -16.4024195459729 profile1
249 162.802465 -16.1834976055041 profile1
250 162.807137 -16.0120801046652 profile1
251 162.891193 -15.6645626211088 profile1
252 162.899169 -14.5413576601444 profile1
253 162.907146 -14.1504787368863 profile1
254 162.915122 -13.9538180083254 profile1
255 162.923098 -13.814377753951 profile1
256 162.931074 -13.6844495491336 profile1
257 162.93905 -13.5675109477772 profile1
258 162.97044 -13.5652753516833 profile1
259 162.976744 -13.5585922793331 profile1
260 162.983048 -13.4959297136681 profile1
261 162.989352 -13.256124436401 profile1
262 162.995537 -12.9721372961713 profile1
263 162.997832 -12.8967914450769 profile1
264 163.00011 -12.9173596104012 profile1
265 163.002388 -12.8249259442112 profile1
266 163.004665 -12.7322495535159 profile1
267 163.006943 -12.6394880210403 profile1
268 163.009221 -12.5468040749277 profile1
269 163.011499 -12.4543707855002 profile1
270 163.013777 -12.3623623944075 profile1
271 163.016054 -12.2695649211495 profile1
272 163.018332 -12.1756649067017 profile1
273 163.02061 -12.082705773012 profile1
274 163.022888 -11.9908904800049 profile1
275 163.025166 -11.9012131947178 profile1
276 163.029526 -11.814148598256 profile1
277 163.045161 -11.7356563029195 profile1
278 163.061794 -11.6606128892053 profile1
279 163.078427 -11.5942773643147 profile1
280 163.09506 -11.5586922216557 profile1
281 163.111693 -11.5622315374271 profile1
282 163.125708 -11.5609280330899 profile1
283 163.137394 -9.26676715383737 profile1
284 163.14908 -9.68990932580441 profile1
285 163.154021 -9.33785863869921 profile1
286 163.156127 -9.02292082342181 profile1
287 163.157556 -8.74848803335169 profile1
288 163.158891 -8.5173804855651 profile1
289 163.160225 -8.33173969147111 profile1
290 163.161559 -8.19296744271495 profile1
291 163.162894 -8.10169884785379 profile1
292 163.164228 -8.0578101623238 profile1
293 163.165562 -8.06046576096774 profile1
294 163.166897 -8.10812021652863 profile1
295 163.26265 -6.4836306291049 profile1
296 163.413317 -3.6620358458972 profile1
297 163.495816 -2.27616223951267 profile1
298 163.507977 -2.20666604748625 profile1
299 163.520139 -2.20551390606116 profile1
300 163.582672 -2.22500947720488 profile1
301 164.022416 0.133546568971429 profile1
302 164.027702 -0.370862868931791 profile1
303 164.032987 -1.18954855699924 profile1
304 164.064248 -1.72520420562568 profile1
305 164.070405 -1.72366929617111 profile1
306 164.076561 -1.72261561873536 profile1
307 164.255184 -3.3400366942077 profile1
308 164.291807 -5.05441406151729 profile1
309 164.314068 -5.56845655397739 profile1
310 164.325529 -5.94280355850101 profile1
311 164.336991 -6.34849374446262 profile1
312 164.348452 -6.77847164876454 profile1
313 164.60536 -7.39361765660321 profile1
314 164.617986 -7.18743966033967 profile1
315 164.628884 -7.06678659673724 profile1
316 164.636687 -7.00554831346501 profile1
317 164.648869 -6.95206201085029 profile1
318 164.66892 -6.8945988487741 profile1
319 164.758936 -6.8261515486665 profile1
320 165.053217 -7.50079341387159 profile1
321 165.121823 -7.52909800768761 profile1
322 165.132678 -7.49720210005752 profile1
323 165.143532 -7.44174790770116 profile1
324 165.154046 -7.32561160994404 profile1
325 165.15722 -7.80507016274282 profile1
326 165.160395 -8.39967428257107 profile1
327 165.163569 -9.08465303638812 profile1
328 165.195982 -9.86244550764576 profile1
329 165.223558 -10.0287987290212 profile1
330 165.251135 -10.0682483247274 profile1
331 165.276843 -10.1355777204052 profile1
332 165.283031 -10.1697842813843 profile1
333 165.290201 -10.1737291002758 profile1
334 165.297626 -10.0894435506476 profile1
335 165.445995 -10.0645827714153 profile1
336 165.451594 -10.1409154453107 profile1
337 165.457194 -10.2300143087125 profile1
338 165.462793 -10.326286886051 profile1
339 165.468393 -10.432923972204 profile1
340 165.473992 -10.5506050499634 profile1
341 165.479592 -10.6784014442886 profile1
342 165.485905 -17.362377712816 profile1
343 165.495439 -17.463488767834 profile1
344 165.565236 -17.4221952601157 profile1
345 165.56991 -17.4403698524573 profile1
346 165.574583 -17.6017442441293 profile1
347 165.581587 -17.6237584816883 profile1
348 165.605467 -17.6445576218132 profile1
349 165.629348 -17.6446138265124 profile1
350 165.653228 -17.6565608148481 profile1
351 165.677109 -17.6701265265219 profile1
352 165.700989 -17.7123788780881 profile1
353 165.704891 -17.7845643711317 profile1
354 165.706625 -17.8582544892767 profile1
355 165.708359 -17.9329663565048 profile1
356 165.710093 -18.0081897000027 profile1
357 165.711827 -18.0834009154296 profile1
358 165.713561 -18.2017619404066 profile1
359 165.715295 -18.3479066786633 profile1
360 165.717029 -18.5106510290157 profile1
361 165.718763 -18.6878145803525 profile1
362 165.720497 -18.8772189494055 profile1
363 165.722231 -19.0768080868565 profile1
364 165.723965 -19.2841466130463 profile1
365 165.725699 -19.4794221545669 profile1
366 165.802549 -19.5601746447774 profile1
367 165.85132 -19.5853315874909 profile1
368 165.858793 -19.5888656263806 profile1
369 165.864624 -19.5136474100326 profile1
370 165.868565 -19.4508826270286 profile1
371 165.872506 -19.4010107183286 profile1
372 165.876447 -19.3643744144174 profile1
373 165.880388 -19.3412152145667 profile1
374 165.884329 -19.3737065029352 profile1
375 165.88827 -19.4387136572523 profile1
376 165.892211 -19.5300393967157 profile1
377 165.896152 -19.6776170380532 profile1
378 165.900093 -19.8536742830708 profile1
379 165.912941 -19.9419369089069 profile1
380 165.925276 -19.9440963988262 profile1
381 165.925359 -19.9531854365051 profile1
382 165.925441 -19.9618462919627 profile1
383 165.930685 -19.9682038134052 profile1
384 166.172164 -20.0074576092416 profile1
385 166.181382 -20.0794984656388 profile1
386 166.1906 -20.1580507075321 profile1
387 166.324274 -20.2466534459936 profile1
388 166.325217 -20.2479996641269 profile1
389 166.32602 -20.2505759530337 profile1
390 166.326823 -20.2635926429344 profile1
391 166.327627 -20.3059141342857 profile1
392 166.32843 -20.3662801308188 profile1
393 166.377584 -20.4072810186459 profile1
394 166.382507 -20.3632254515698 profile1
395 166.38743 -20.3177789771988 profile1
396 166.394815 -20.27108541683 profile1
397 166.403288 -20.209207782336 profile1
398 166.407404 -20.1506385720949 profile1
399 166.411519 -20.1222439010186 profile1
400 166.415634 -20.105377693119 profile1
401 166.419069 -20.100530915464 profile1
402 166.422503 -20.1081102421111 profile1
403 166.425938 -20.1283981152072 profile1
404 166.429372 -20.1615152701515 profile1
405 166.432807 -20.2073930309351 profile1
406 166.439999 -20.2657634475675 profile1
407 166.448156 -20.3361841217373 profile1
408 166.475596 -20.398352073293 profile1
409 166.491355 -20.4035769229877 profile1
410 166.507114 -20.4254927064138 profile1
411 166.522873 -20.4446127813806 profile1
412 166.537635 -20.4487865583031 profile1
413 166.55226 -20.4537298247904 profile1
414 166.566886 -20.6141028124399 profile1
415 166.581511 -20.6090284482766 profile1
416 166.592132 -20.5545919166929 profile1
417 166.599166 -20.5142970134902 profile1
418 166.606199 -20.4985532340203 profile1
419 166.613233 -20.4905903783963 profile1
420 166.62365 -20.4885153315894 profile1
421 166.754477 -21.3367191153221 profile1
422 166.783106 -21.5050670038526 profile1
423 166.802407 -21.6739186976968 profile1
424 166.805057 -21.8504013918711 profile1
425 166.807706 -22.0376024547996 profile1
426 166.811338 -22.2390765058919 profile1
427 166.839967 -22.3755375821438 profile1
428 166.951357 -22.3703517620514 profile1
429 166.992184 -22.3748564711721 profile1
430 167.033011 -22.4510883566332 profile1
431 167.073838 -24.0538897792682 profile1
432 167.142758 -24.9888743268281 profile1
433 167.274124 -25.2827305082055 profile1
434 167.282638 -25.0774192523778 profile1
435 167.286179 -24.9032562516796 profile1
436 167.289719 -24.7685018475769 profile1
437 167.29326 -24.6751334662575 profile1
438 167.306473 -24.5735216068934 profile1
439 167.322761 -24.5724844874891 profile1
440 167.349466 -24.5776453543885 profile1
441 167.360748 -24.5755282877527 profile1
442 167.37203 -24.572632682459 profile1
443 167.396998 -24.5690587651906 profile1
444 167.523201 -24.599974923584 profile1
445 167.545144 -24.5602853750963 profile1
446 167.556235 -24.5118455388334 profile1
447 167.567326 -24.48113686823 profile1
448 167.647654 -24.2856011308798 profile1
449 167.755373 -24.284371804916 profile1
450 167.788738 -24.284721764103 profile1
451 167.822104 -24.2850636919075 profile1
452 167.836721 -24.2791215072483 profile1
453 167.845502 -24.2720609169326 profile1
454 167.854284 -24.2659640825271 profile1
455 167.858563 -24.2608714537597 profile1
456 167.860327 -24.262101071673 profile1
457 167.862092 -24.2865664568022 profile1
458 167.863857 -24.3107672624887 profile1
459 167.865622 -24.3326330551128 profile1
460 167.86764 -24.3691012254928 profile1
461 167.871511 -24.4120106800639 profile1
462 167.876871 -24.4587751593181 profile1
463 167.882232 -24.509326506914 profile1
464 167.887593 -24.5635871969207 profile1
465 167.913375 -24.5971658488481 profile1
466 167.920966 -24.6024336433523 profile1
467 167.928557 -24.6075902798354 profile1
468 168.002821 -24.6232461454847 profile1
469 168.013929 -24.6790411203308 profile1
470 168.020304 -24.7425372169067 profile1
471 168.023961 -24.8334542971446 profile1
472 168.02735 -24.9473046622183 profile1
473 168.030739 -25.0270076752758 profile1
474 168.034128 -25.0918219679526 profile1
475 168.037518 -25.1893436167387 profile1
476 168.042103 -25.2643089914174 profile1
477 168.057523 -25.2907142409846 profile1
478 168.241031 -25.3027473031062 profile1
479 168.273712 -25.3074036538893 profile1
480 168.276509 -25.3138893827419 profile1
481 168.279306 -25.3210405142904 profile1
482 168.282103 -25.3288412799188 profile1
483 168.2849 -25.3372710777163 profile1
484 168.287697 -25.3463031089135 profile1
485 168.291368 -25.4494709393914 profile1
486 168.295216 -25.6004704753903 profile1
487 168.301388 -25.7774900695984 profile1
488 168.308464 -26.652078283996 profile1
489 168.31554 -27.9185447361309 profile1
490 168.322616 -29.3840026224549 profile1
491 168.369835 -29.9610562044581 profile1
492 168.372164 -29.9739207069816 profile1
493 168.374493 -29.9864805035414 profile1
494 168.376821 -29.9992950122879 profile1
495 162.797792 -3.32746726917048 profile2
496 162.802465 -3.32660324381752 profile2
497 162.807137 -3.35457888396393 profile2
498 162.891193 -3.35912625503105 profile2
499 162.899169 -2.99236238461902 profile2
500 162.907146 -2.7846795089073 profile2
501 162.915122 -2.7937347447329 profile2
502 162.923098 -2.8473552922269 profile2
503 162.931074 -2.9071482246775 profile2
504 162.93905 -2.97240108928321 profile2
505 162.97044 -2.88076886406681 profile2
506 162.976744 -2.85381151377002 profile2
507 162.983048 -2.85539943024144 profile2
508 162.989352 -3.11769811184115 profile2
509 162.995537 -3.20258404439788 profile2
510 162.997832 -2.68047761798969 profile2
511 163.00011 -2.60418156582267 profile2
512 163.002388 -2.60521037927098 profile2
513 163.004665 -2.6061133064049 profile2
514 163.006943 -2.60688946226275 profile2
515 163.009221 -2.60753792584766 profile2
516 163.011499 -2.60805941204177 profile2
517 163.013777 -2.60845360405242 profile2
518 163.016054 -2.60609889318307 profile2
519 163.018332 -2.60020064257642 profile2
520 163.02061 -2.59427705712934 profile2
521 163.022888 -2.58833272628471 profile2
522 163.025166 -2.58265001767376 profile2
523 163.029526 -2.57733264530508 profile2
524 163.045161 -2.57136899319775 profile2
525 163.061794 -2.56626676541023 profile2
526 163.078427 -2.46741187372956 profile2
527 163.09506 -2.30186647051814 profile2
528 163.111693 -2.13407129447619 profile2
529 163.125708 -2.03399314516617 profile2
530 163.137394 -1.81230608430708 profile2
531 163.14908 -1.81980014356422 profile2
532 163.154021 -1.75379357872054 profile2
533 163.156127 -1.69756239818945 profile2
534 163.157556 -1.65171100662411 profile2
535 163.158891 -1.61672424007708 profile2
536 163.160225 -1.59294947664222 profile2
537 163.161559 -1.580591887367 profile2
538 163.162894 -1.57970565622041 profile2
539 163.164228 -1.59019813390168 profile2
540 163.165562 -1.61183039300773 profile2
541 163.166897 -1.64424899991671 profile2
542 163.26265 -1.46872914769668 profile2
543 163.413317 -1.17565554050253 profile2
544 163.495816 -0.643595301888845 profile2
545 163.507977 -0.536557382506479 profile2
546 163.520139 -0.460800176136042 profile2
547 163.582672 -0.400727331473694 profile2
548 164.022416 0 profile2
549 164.027702 -0.0289926314408168 profile2
550 164.032987 0.0835593357797572 profile2
551 164.064248 0.133546568971429 profile2
552 164.070405 0.130363702519574 profile2
553 164.076561 0.12714010682996 profile2
554 164.255184 -1.51114338701208 profile2
555 164.291807 -1.93601146051066 profile2
556 164.314068 -1.8192340109483 profile2
557 164.325529 -1.82222394079074 profile2
558 164.336991 -1.86515484744274 profile2
559 164.348452 -1.96408365847393 profile2
560 164.60536 -2.08867730356988 profile2
561 164.617986 -2.13291988730052 profile2
562 164.628884 -2.18254401010865 profile2
563 164.636687 -2.25489709559423 profile2
564 164.648869 -2.35211502205364 profile2
565 164.66892 -2.3787858806325 profile2
566 164.758936 -2.51606112541814 profile2
567 165.053217 -2.02976544101503 profile2
568 165.121823 -2.0614914046422 profile2
569 165.132678 -2.10200769179918 profile2
570 165.143532 -1.98844960959333 profile2
571 165.154046 -1.72223464118449 profile2
572 165.15722 -1.7467550418863 profile2
573 165.160395 -1.85332519721291 profile2
574 165.163569 -1.87298625154716 profile2
575 165.195982 -1.91652963879514 profile2
576 165.223558 -1.9285264354966 profile2
577 165.251135 -1.92825615123238 profile2
578 165.276843 -1.96892438072367 profile2
579 165.283031 -2.19059039266156 profile2
580 165.290201 -2.26898659087351 profile2
581 165.297626 -2.34094015466995 profile2
582 165.445995 -2.40599883822654 profile2
583 165.451594 -2.45831319299015 profile2
584 165.457194 -2.51202971826129 profile2
585 165.462793 -2.55257781687719 profile2
586 165.468393 -2.58948892392803 profile2
587 165.473992 -2.62613164421975 profile2
588 165.479592 -2.66227212195923 profile2
589 165.485905 -3.14306704595977 profile2
590 165.495439 -3.26013695810729 profile2
591 165.565236 -3.24277200533994 profile2
592 165.56991 -3.19626573834433 profile2
593 165.574583 -3.17860572820704 profile2
594 165.581587 -3.11636399195606 profile2
595 165.605467 -3.1427758762517 profile2
596 165.629348 -3.17017676940708 profile2
597 165.653228 -3.19966652075783 profile2
598 165.677109 -3.2196983059771 profile2
599 165.700989 -3.218945001224 profile2
600 165.704891 -3.21402365856833 profile2
601 165.706625 -3.21093376250999 profile2
602 165.708359 -3.20977001840121 profile2
603 165.710093 -3.21061359274966 profile2
604 165.711827 -3.21353087128348 profile2
605 165.713561 -3.30021498377902 profile2
606 165.715295 -3.416590018771 profile2
607 165.717029 -3.54122776219449 profile2
608 165.718763 -3.67276981250938 profile2
609 165.720497 -3.80979788573913 profile2
610 165.722231 -3.95094309500321 profile2
611 165.723965 -4.09421839652619 profile2
612 165.725699 -4.21244109651407 profile2
613 165.802549 -4.27078886120857 profile2
614 165.85132 -4.2720196204788 profile2
615 165.858793 -4.27006744802759 profile2
616 165.864624 -4.26728575953128 profile2
617 165.868565 -4.26634808281641 profile2
618 165.872506 -4.26701852411499 profile2
619 165.876447 -4.26906459028999 profile2
620 165.880388 -4.27227022174207 profile2
621 165.884329 -4.28196548990383 profile2
622 165.88827 -4.29544116360353 profile2
623 165.892211 -4.31213796799405 profile2
624 165.896152 -4.3402831957917 profile2
625 165.900093 -4.37426202629961 profile2
626 165.912941 -4.39341351847186 profile2
627 165.925276 -4.39541301751012 profile2
628 165.925359 -4.39612135583241 profile2
629 165.925441 -4.39643191450895 profile2
630 165.930685 -4.40772070495775 profile2
631 166.172164 -4.35281507876428 profile2
632 166.181382 -4.21918874481421 profile2
633 166.1906 -4.08584273815764 profile2
634 166.324274 -4.20841224643964 profile2
635 166.325217 -4.21889551316125 profile2
636 166.32602 -4.23498262422582 profile2
637 166.326823 -4.26027122219343 profile2
638 166.327627 -4.30389983245446 profile2
639 166.32843 -4.35586595366367 profile2
640 166.377584 -4.39544993309862 profile2
641 166.382507 -4.38779406115646 profile2
642 166.38743 -4.37952643166768 profile2
643 166.394815 -4.37063722228334 profile2
644 166.403288 -4.41263382692387 profile2
645 166.407404 -4.45332089495971 profile2
646 166.411519 -4.37894114610306 profile2
647 166.415634 -4.3087148158613 profile2
648 166.419069 -4.24342105828264 profile2
649 166.422503 -4.18383486383672 profile2
650 166.425938 -4.13066599097073 profile2
651 166.429372 -4.08450054828554 profile2
652 166.432807 -4.04574576866882 profile2
653 166.439999 -4.01456486769775 profile2
654 166.448156 -3.99068548210588 profile2
655 166.475596 -3.97806840191518 profile2
656 166.491355 -3.98328338973109 profile2
657 166.507114 -3.96732110518777 profile2
658 166.522873 -3.95028508575893 profile2
659 166.537635 -3.92649449279978 profile2
660 166.55226 -3.92635386014703 profile2
661 166.566886 -3.8968707931574 profile2
662 166.581511 -3.93783097026217 profile2
663 166.592132 -3.82268739509691 profile2
664 166.599166 -3.70987487955267 profile2
665 166.606199 -3.67345931457687 profile2
666 166.613233 -3.78047295363217 profile2
667 166.62365 -3.81228342744241 profile2
668 166.754477 -3.8911305500313 profile2
669 166.783106 -3.9459655482759 profile2
670 166.802407 -4.01440220238922 profile2
671 166.805057 -4.08837349434576 profile2
672 166.807706 -4.16264811166542 profile2
673 166.811338 -4.22308187175303 profile2
674 166.839967 -4.249847029327 profile2
675 166.951357 -4.29978356435953 profile2
676 166.992184 -4.30041466924733 profile2
677 167.033011 -4.28450666820895 profile2
678 167.073838 -4.87458704933223 profile2
679 167.142758 -4.82326428384645 profile2
680 167.274124 -4.86561068337445 profile2
681 167.282638 -4.87148408105729 profile2
682 167.286179 -4.89065418556697 profile2
683 167.289719 -4.92380329201899 profile2
684 167.29326 -4.96769633043397 profile2
685 167.306473 -4.9691552840443 profile2
686 167.322761 -5.01738694786342 profile2
687 167.349466 -5.04841340384831 profile2
688 167.360748 -5.05612602963025 profile2
689 167.37203 -5.06382037086177 profile2
690 167.396998 -5.07148801977088 profile2
691 167.523201 -5.06539291193105 profile2
692 167.545144 -4.98794079781724 profile2
693 167.556235 -4.93959215443791 profile2
694 167.567326 -4.95041026594278 profile2
695 167.647654 -4.93801676910633 profile2
696 167.755373 -4.94035242087847 profile2
697 167.788738 -4.94427071132049 profile2
698 167.822104 -4.94832542080188 profile2
699 167.836721 -4.95941335428198 profile2
700 167.845502 -4.9733011425806 profile2
701 167.854284 -4.98788443949409 profile2
702 167.858563 -5.00311933582534 profile2
703 167.860327 -5.01332004869505 profile2
704 167.862092 -5.00277911310635 profile2
705 167.863857 -4.98668241954261 profile2
706 167.865622 -4.96261931550603 profile2
707 167.86764 -4.93449292992109 profile2
708 167.871511 -4.90674386600295 profile2
709 167.876871 -4.88061265622263 profile2
710 167.882232 -4.85613852024743 profile2
711 167.887593 -4.83335636312836 profile2
712 167.913375 -4.82475689510522 profile2
713 167.920966 -4.8287372528737 profile2
714 167.928557 -4.83157641847241 profile2
715 168.002821 -4.83415904505241 profile2
716 168.013929 -4.83813170198131 profile2
717 168.020304 -4.84588998498343 profile2
718 168.023961 -4.82522427745374 profile2
719 168.02735 -4.78789795207427 profile2
720 168.030739 -4.80651106852327 profile2
721 168.034128 -5.43688827898317 profile2
722 168.037518 -5.46103771299872 profile2
723 168.042103 -5.48097656233979 profile2
724 168.057523 -5.47614080333651 profile2
725 168.241031 -5.46668432382566 profile2
726 168.273712 -5.49958496911485 profile2
727 168.276509 -5.5332632861076 profile2
728 168.279306 -5.5655523961899 profile2
729 168.282103 -5.59627100512257 profile2
730 168.2849 -5.62524698180204 profile2
731 168.287697 -5.65231935056114 profile2
732 168.291368 -5.66452426183721 profile2
733 168.295216 -5.68599787335091 profile2
734 168.301388 -5.70333759821358 profile2
735 168.308464 -5.33561538182578 profile2
736 168.31554 -5.14933754438019 profile2
737 168.322616 -5.24250815349967 profile2
738 168.369835 -5.36273144531931 profile2
739 168.372164 -5.36961527586794 profile2
740 168.374493 -5.37646291033855 profile2
741 168.376821 -5.38723357309031 profile2
