marker_position lod trace
1 162.797792 -5.26970162908801 pleio
2 162.802465 -5.14388874405322 pleio
3 162.807137 -5.02311023741293 pleio
4 162.891193 -5.07405754672483 pleio
5 162.899169 -4.90429481833399 pleio
6 162.907146 -4.95014503918892 pleio
7 162.915122 -4.95285601094112 pleio
8 162.923098 -4.88616726400286 pleio
9 162.931074 -4.82648396282229 pleio
10 162.93905 -4.77471440826257 pleio
11 162.97044 -4.63445663034765 pleio
12 162.976744 -4.5854971097831 pleio
13 162.983048 -4.52962059645533 pleio
14 162.989352 -4.44822456795556 pleio
15 162.995537 -4.42413470718392 pleio
16 162.997832 -3.9115031880678 pleio
17 163.00011 -3.79155410785446 pleio
18 163.002388 -3.73526010565167 pleio
19 163.004665 -3.67894223263699 pleio
20 163.006943 -3.62267380513443 pleio
21 163.009221 -3.56653200701422 pleio
22 163.011499 -3.51059605163872 pleio
23 163.013777 -3.45494808637222 pleio
24 163.016054 -3.40300040176042 pleio
25 163.018332 -3.35603158969996 pleio
26 163.02061 -3.30973791112735 pleio
27 163.022888 -3.26420123884036 pleio
28 163.025166 -3.21984000366423 pleio
29 163.029526 -3.176865026227 pleio
30 163.045161 -3.13903561661059 pleio
31 163.061794 -3.10816072689161 pleio
32 163.078427 -3.02834290393229 pleio
33 163.09506 -2.92109468186101 pleio
34 163.111693 -2.83960215633553 pleio
35 163.125708 -2.78835381979922 pleio
36 163.137394 -2.41021970556899 pleio
37 163.14908 -2.35310232947031 pleio
38 163.154021 -2.28334715999667 pleio
39 163.156127 -2.23033728758702 pleio
40 163.157556 -2.19482539859787 pleio
41 163.158891 -2.17732782392795 pleio
42 163.160225 -2.17809664695034 pleio
43 163.161559 -2.19708426366636 pleio
44 163.162894 -2.23394883803545 pleio
45 163.164228 -2.28805607832677 pleio
46 163.165562 -2.35850841937131 pleio
47 163.166897 -2.44385600280823 pleio
48 163.26265 -2.3043394769415 pleio
49 163.413317 -1.84237905420033 pleio
50 163.495816 -1.13078430624867 pleio
51 163.507977 -0.708641146693757 pleio
52 163.520139 -0.313228086428921 pleio
53 163.582672 0 pleio
54 164.022416 -0.0818739109746857 pleio
55 164.027702 -0.444895802913608 pleio
56 164.032987 -0.653392077790308 pleio
57 164.064248 -0.658207850380183 pleio
58 164.070405 -0.641761758840752 pleio
59 164.076561 -0.625506906837184 pleio
60 164.255184 -0.298943291470734 pleio
61 164.291807 -3.06239347707115 pleio
62 164.314068 -3.40434033327305 pleio
63 164.325529 -3.47897775864744 pleio
64 164.336991 -3.50860346107496 pleio
65 164.348452 -3.39391313437096 pleio
66 164.60536 -3.42682367363912 pleio
67 164.617986 -3.43812148400254 pleio
68 164.628884 -3.48054213756146 pleio
69 164.636687 -3.54698418835607 pleio
70 164.648869 -3.60148257241557 pleio
71 164.66892 -3.62778131332068 pleio
72 164.758936 -3.77568906834099 pleio
73 165.053217 -3.95451889593486 pleio
74 165.121823 -3.97248712075112 pleio
75 165.132678 -3.9992068420692 pleio
76 165.143532 -4.09062395785525 pleio
77 165.154046 -3.76175852321181 pleio
78 165.15722 -3.91457834385479 pleio
79 165.160395 -4.09539453323101 pleio
80 165.163569 -4.19049633759738 pleio
81 165.195982 -4.33929997654256 pleio
82 165.223558 -4.39387745347375 pleio
83 165.251135 -4.42942244489745 pleio
84 165.276843 -4.29969900205437 pleio
85 165.283031 -4.30052200985495 pleio
86 165.290201 -4.34586301909353 pleio
87 165.297626 -4.18621360742696 pleio
88 165.445995 -4.1905131323783 pleio
89 165.451594 -4.22602971462123 pleio
90 165.457194 -4.26898499831619 pleio
91 165.462793 -4.33400486958718 pleio
92 165.468393 -4.40907922303891 pleio
93 165.473992 -4.48976887301924 pleio
94 165.479592 -4.57539332597602 pleio
95 165.485905 -5.2357443466287 pleio
96 165.495439 -5.45339592724897 pleio
97 165.565236 -5.46834558375808 pleio
98 165.56991 -5.35571320156678 pleio
99 165.574583 -5.24153395015213 pleio
100 165.581587 -5.03121180511386 pleio
101 165.605467 -5.06023803489214 pleio
102 165.629348 -5.05568427845303 pleio
103 165.653228 -5.05217648256116 pleio
104 165.677109 -5.04808153188722 pleio
105 165.700989 -5.0992368470752 pleio
106 165.704891 -5.2029215365261 pleio
107 165.706625 -5.3096940834616 pleio
108 165.708359 -5.41885610771584 pleio
109 165.710093 -5.52965893388892 pleio
110 165.711827 -5.64131784549071 pleio
111 165.713561 -5.79197620974329 pleio
112 165.715295 -5.98687454283618 pleio
113 165.717029 -6.2133146361841 pleio
114 165.718763 -6.45745472722664 pleio
115 165.720497 -6.6998350431813 pleio
116 165.722231 -6.91968061135222 pleio
117 165.723965 -7.09976406706826 pleio
118 165.725699 -7.22380392003704 pleio
119 165.802549 -7.25576646361629 pleio
120 165.85132 -7.26207955715038 pleio
121 165.858793 -7.26876042844647 pleio
122 165.864624 -7.28048046064974 pleio
123 165.868565 -7.29365192959497 pleio
124 165.872506 -7.30842145300389 pleio
125 165.876447 -7.32489191790415 pleio
126 165.880388 -7.3431089934909 pleio
127 165.884329 -7.34507260486184 pleio
128 165.88827 -7.34705010623067 pleio
129 165.892211 -7.35995340728061 pleio
130 165.896152 -7.37779701044541 pleio
131 165.900093 -7.39463113969209 pleio
132 165.912941 -7.40219567303284 pleio
133 165.925276 -7.39731504018989 pleio
134 165.925359 -7.38938238154674 pleio
135 165.925441 -7.38097697936287 pleio
136 165.930685 -7.3537517366709 pleio
137 166.172164 -7.30144839024103 pleio
138 166.181382 -7.21829277294083 pleio
139 166.1906 -7.15773348165455 pleio
140 166.324274 -6.88560480664051 pleio
141 166.325217 -6.91235270484157 pleio
142 166.32602 -6.95277424533021 pleio
143 166.326823 -7.00477155131522 pleio
144 166.327627 -7.0375131807881 pleio
145 166.32843 -7.05176013845167 pleio
146 166.377584 -7.04555192247156 pleio
147 166.382507 -6.96255461046872 pleio
148 166.38743 -6.88001497675326 pleio
149 166.394815 -6.79843654259735 pleio
150 166.403288 -6.73735340609517 pleio
151 166.407404 -6.69111785425213 pleio
152 166.411519 -6.6534393009847 pleio
153 166.415634 -6.62337667310527 pleio
154 166.419069 -6.60225151427819 pleio
155 166.422503 -6.59132487194435 pleio
156 166.425938 -6.59168244331111 pleio
157 166.429372 -6.60412726955179 pleio
158 166.432807 -6.62908461233344 pleio
159 166.439999 -6.66658308779486 pleio
160 166.448156 -6.7165473041987 pleio
161 166.475596 -6.74397706330226 pleio
162 166.491355 -6.76549685068209 pleio
163 166.507114 -6.80093588290361 pleio
164 166.522873 -6.84656372184368 pleio
165 166.537635 -6.87709613288687 pleio
166 166.55226 -6.87944410178162 pleio
167 166.566886 -7.03569041880244 pleio
168 166.581511 -6.99534756099805 pleio
169 166.592132 -7.03040596512532 pleio
170 166.599166 -7.14801412528223 pleio
171 166.606199 -7.25665250824277 pleio
172 166.613233 -7.15571921415096 pleio
173 166.62365 -7.18662224231768 pleio
174 166.754477 -7.35871504859024 pleio
175 166.783106 -7.33299057415569 pleio
176 166.802407 -7.28968733918631 pleio
177 166.805057 -7.24561447413755 pleio
178 166.807706 -7.20926499482546 pleio
179 166.811338 -7.19662182340374 pleio
180 166.839967 -7.19514760096412 pleio
181 166.951357 -7.22580721263916 pleio
182 166.992184 -7.22633979946433 pleio
183 167.033011 -7.17346530476551 pleio
184 167.073838 -7.45779272658467 pleio
185 167.142758 -7.34739030324623 pleio
186 167.274124 -7.42094437531212 pleio
187 167.282638 -7.45802823174082 pleio
188 167.286179 -7.5082224945642 pleio
189 167.289719 -7.57108922243937 pleio
190 167.29326 -7.64160358661796 pleio
191 167.306473 -7.67109067974069 pleio
192 167.322761 -7.67958858687105 pleio
193 167.349466 -7.67885091395148 pleio
194 167.360748 -7.6741184594411 pleio
195 167.37203 -7.6709734139744 pleio
196 167.396998 -7.66929830956903 pleio
197 167.523201 -7.64892707067236 pleio
198 167.545144 -7.70911730607063 pleio
199 167.556235 -7.93400744611719 pleio
200 167.567326 -8.19894644679819 pleio
201 167.647654 -8.30680419622193 pleio
202 167.755373 -8.31116016397978 pleio
203 167.788738 -8.31766326364526 pleio
204 167.822104 -8.32430717560946 pleio
205 167.836721 -8.35469102322309 pleio
206 167.845502 -8.39428567672 pleio
207 167.854284 -8.43588601937877 pleio
208 167.858563 -8.47935627693009 pleio
209 167.860327 -8.52615735005286 pleio
210 167.862092 -8.58068068282228 pleio
211 167.863857 -8.62144625565912 pleio
212 167.865622 -8.64213539418551 pleio
213 167.86764 -8.67125230908224 pleio
214 167.871511 -8.70215047212102 pleio
215 167.876871 -8.73292034688303 pleio
216 167.882232 -8.76354208228899 pleio
217 167.887593 -8.793998896809 pleio
218 167.913375 -8.81821491586724 pleio
219 167.920966 -8.8302328026167 pleio
220 167.928557 -8.84021523699965 pleio
221 168.002821 -8.8541015124091 pleio
222 168.013929 -8.8812232668359 pleio
223 168.020304 -8.90917997380433 pleio
224 168.023961 -8.93371094141848 pleio
225 168.02735 -8.95838663604005 pleio
226 168.030739 -8.9431092942481 pleio
227 168.034128 -8.71925718963995 pleio
228 168.037518 -8.74487303585628 pleio
229 168.042103 -8.76653905679754 pleio
230 168.057523 -8.78280275705021 pleio
231 168.241031 -8.71034152068875 pleio
232 168.273712 -8.72389832047273 pleio
233 168.276509 -8.74016215124073 pleio
234 168.279306 -8.75804050301604 pleio
235 168.282103 -8.77746756248449 pleio
236 168.2849 -8.79836277283376 pleio
237 168.287697 -8.82063379408178 pleio
238 168.291368 -8.76537888101399 pleio
239 168.295216 -8.69692771339378 pleio
240 168.301388 -8.64487573729252 pleio
241 168.308464 -8.81256632021434 pleio
242 168.31554 -9.00301235096916 pleio
243 168.322616 -9.19620957792166 pleio
244 168.369835 -9.27965967142029 pleio
245 168.372164 -9.29438376925159 pleio
246 168.374493 -9.309163872849 pleio
247 168.376821 -9.32432402346109 pleio
248 162.797792 -1.50612550924042 profile1
249 162.802465 -1.45661677255748 profile1
250 162.807137 -1.42525944732868 profile1
251 162.891193 -1.55289251133965 profile1
252 162.899169 -1.45537145873299 profile1
253 162.907146 -1.57204159932731 profile1
254 162.915122 -1.57751029112874 profile1
255 162.923098 -1.53787841521279 profile1
256 162.931074 -1.5013439358764 profile1
257 162.93905 -1.46941830200817 profile1
258 162.97044 -1.41987780299977 profile1
259 162.976744 -1.41964079594432 profile1
260 162.983048 -1.41165866713185 profile1
261 162.989352 -1.34193997535595 profile1
262 162.995537 -1.27830076445671 profile1
263 162.997832 -1.03229269533883 profile1
264 163.00011 -0.996736659300302 profile1
265 163.002388 -0.985531060559951 profile1
266 163.004665 -0.974158769560241 profile1
267 163.006943 -0.962623572598962 profile1
268 163.009221 -0.950931162355584 profile1
269 163.011499 -0.939088287830958 profile1
270 163.013777 -0.927103121402997 profile1
271 163.016054 -0.917152008232979 profile1
272 163.018332 -0.909976601965001 profile1
273 163.02061 -0.902713538387487 profile1
274 163.022888 -0.895373372467337 profile1
275 163.025166 -0.888175037663566 profile1
276 163.029526 -0.881212222984971 profile1
277 163.045161 -0.876416107172213 profile1
278 163.061794 -0.877179513552171 profile1
279 163.078427 -0.886869822813788 profile1
280 163.09506 -0.893439279787122 profile1
281 163.111693 -0.906321279446552 profile1
282 163.125708 -0.903307865444226 profile1
283 163.137394 -0.232214870375342 profile1
284 163.14908 0.0780896883785777 profile1
285 163.154021 0.137803035821136 profile1
286 163.156127 0.183403873368179 profile1
287 163.157556 0.213935690864917 profile1
288 163.158891 0.228680189014207 profile1
289 163.160225 0.227201761847223 profile1
290 163.161559 0.209396631248951 profile1
291 163.162894 0.175497135776486 profile1
292 163.164228 0.126073893251303 profile1
293 163.165562 0.0620016635505032 profile1
294 163.166897 -0.0152413257803566 profile1
295 163.26265 0.0727006703114108 profile1
296 163.413317 0.320841271575692 profile1
297 163.495816 0.404541702760416 profile1
298 163.507977 0.593272728082482 profile1
299 163.520139 0.752530998439925 profile1
300 163.582672 0.852317866422913 profile1
301 164.022416 0.656440484459108 profile1
302 164.027702 0.626487936189828 profile1
303 164.032987 0.441085854123125 profile1
304 164.064248 0.383715228233121 profile1
305 164.070405 0.385611938021021 profile1
306 164.076561 0.387493552178399 profile1
307 164.255184 -0.298943291470734 profile1
308 164.291807 -0.87736875903722 profile1
309 164.314068 -0.870241356947571 profile1
310 164.325529 -0.868887554242443 profile1
311 164.336991 -0.846354549725127 profile1
312 164.348452 -0.744189436114627 profile1
313 164.60536 -0.721845310457364 profile1
314 164.617986 -0.688134186735519 profile1
315 164.628884 -0.677777025315619 profile1
316 164.636687 -0.7006328533321 profile1
317 164.648869 -0.750208210730179 profile1
318 164.66892 -0.790849871148031 profile1
319 164.758936 -1.00540557574506 profile1
320 165.053217 -1.1046415741616 profile1
321 165.121823 -1.08835036130008 profile1
322 165.132678 -1.10901331624529 profile1
323 165.143532 -1.19841522655081 profile1
324 165.154046 -1.34209784275298 profile1
325 165.15722 -1.49740076926762 profile1
326 165.160395 -1.68056896059352 profile1
327 165.163569 -1.88953576089756 profile1
328 165.195982 -2.04779238655241 profile1
329 165.223558 -2.08666112725983 profile1
330 165.251135 -2.10673993122972 profile1
331 165.276843 -2.06376750616996 profile1
332 165.283031 -2.06925581698973 profile1
333 165.290201 -2.18392360224112 profile1
334 165.297626 -2.2766171065598 profile1
335 165.445995 -2.31705121056761 profile1
336 165.451594 -2.31538159168977 profile1
337 165.457194 -2.31661262088722 profile1
338 165.462793 -2.33905182984556 profile1
339 165.468393 -2.36860825575762 profile1
340 165.473992 -2.40026364800543 profile1
341 165.479592 -2.43372983203768 profile1
342 165.485905 -3.55414659972832 profile1
343 165.495439 -3.61364951116539 profile1
344 165.565236 -3.58930480155422 profile1
345 165.56991 -3.46904321145783 profile1
346 165.574583 -3.3676473834989 profile1
347 165.581587 -3.31881619744338 profile1
348 165.605467 -3.32735936982212 profile1
349 165.629348 -3.32975315567341 profile1
350 165.653228 -3.33316756376225 profile1
351 165.677109 -3.33543388563489 profile1
352 165.700989 -3.33854558951635 profile1
353 165.704891 -3.34371300409303 profile1
354 165.706625 -3.3489228901883 profile1
355 165.708359 -3.35413556539332 profile1
356 165.710093 -3.3593124482174 profile1
357 165.711827 -3.36441649354207 profile1
358 165.713561 -3.38524126581505 profile1
359 165.715295 -3.41360942067242 profile1
360 165.717029 -3.4466762686312 profile1
361 165.718763 -3.48515748865334 profile1
362 165.720497 -3.52914907463778 profile1
363 165.722231 -3.57779132519925 profile1
364 165.723965 -3.62853156240854 profile1
365 165.725699 -3.65456271753454 profile1
366 165.802549 -3.65661690420438 profile1
367 165.85132 -3.65904637446018 profile1
368 165.858793 -3.68224943818378 profile1
369 165.864624 -3.72221143334524 profile1
370 165.868565 -3.76194047972951 profile1
371 165.872506 -3.80130022776669 profile1
372 165.876447 -3.8401530650331 profile1
373 165.880388 -3.87836014893915 profile1
374 165.884329 -3.93389208233021 profile1
375 165.88827 -3.99087183001575 profile1
376 165.892211 -4.04983229007078 profile1
377 165.896152 -4.10108884560323 profile1
378 165.900093 -4.14857168915899 profile1
379 165.912941 -4.17734059397003 profile1
380 165.925276 -4.18691749561013 profile1
381 165.925359 -4.1939096246897 profile1
382 165.925441 -4.2004543590133 profile1
383 165.930685 -4.1856583666919 profile1
384 166.172164 -4.09323453813253 profile1
385 166.181382 -3.8899604438657 profile1
386 166.1906 -3.69108282566669 profile1
387 166.324274 -3.59511681337231 profile1
388 166.325217 -3.6648793264305 profile1
389 166.32602 -3.74483011504092 profile1
390 166.326823 -3.83381236591129 profile1
391 166.327627 -3.89293405641779 profile1
392 166.32843 -3.92764241176918 profile1
393 166.377584 -3.94717540170498 profile1
394 166.382507 -3.91266014185095 profile1
395 166.38743 -3.87718149407792 profile1
396 166.394815 -3.84091769251708 profile1
397 166.403288 -3.82124244621373 profile1
398 166.407404 -3.80453596946722 profile1
399 166.411519 -3.74367688075806 profile1
400 166.415634 -3.68519983516418 profile1
401 166.419069 -3.63070808730688 profile1
402 166.422503 -3.58189950765608 profile1
403 166.425938 -3.54044043908054 profile1
404 166.429372 -3.50782998145454 profile1
405 166.432807 -3.48526318398971 profile1
406 166.439999 -3.4735663463666 profile1
407 166.448156 -3.47345695693289 profile1
408 166.475596 -3.47151735269347 profile1
409 166.491355 -3.48604423023284 profile1
410 166.507114 -3.49038114035712 profile1
411 166.522873 -3.49403331812965 profile1
412 166.537635 -3.48986514415081 profile1
413 166.55226 -3.49244908253092 profile1
414 166.566886 -3.51458715440051 profile1
415 166.581511 -3.50956608405126 profile1
416 166.592132 -3.46003966583113 profile1
417 166.599166 -3.42786507990501 profile1
418 166.606199 -3.3958663570975 profile1
419 166.613233 -3.28143740285481 profile1
420 166.62365 -3.33992186103693 profile1
421 166.754477 -3.47011190434548 profile1
422 166.783106 -3.42572304805196 profile1
423 166.802407 -3.37580131838354 profile1
424 166.805057 -3.32891188294159 profile1
425 166.807706 -3.28938727862915 profile1
426 166.811338 -3.26237494335549 profile1
427 166.839967 -3.24896754211391 profile1
428 166.951357 -3.282737821403 profile1
429 166.992184 -3.28603159583812 profile1
430 167.033011 -3.23003962008834 profile1
431 167.073838 -3.22952154744367 profile1
432 167.142758 -3.16287046046228 profile1
433 167.274124 -3.16974730743571 profile1
434 167.282638 -3.17175276777478 profile1
435 167.286179 -3.18127480182954 profile1
436 167.289719 -3.19830644692547 profile1
437 167.29326 -3.22481333880101 profile1
438 167.306473 -3.23197191677254 profile1
439 167.322761 -3.22926835377992 profile1
440 167.349466 -3.22304031799385 profile1
441 167.360748 -3.21530994968213 profile1
442 167.37203 -3.20831406892675 profile1
443 167.396998 -3.20204748631655 profile1
444 167.523201 -3.1810963823423 profile1
445 167.545144 -3.23960425160625 profile1
446 167.556235 -3.40064777247243 profile1
447 167.567326 -3.57812197014754 profile1
448 167.647654 -3.53439148676824 profile1
449 167.755373 -3.53450830890494 profile1
450 167.788738 -3.53624853195146 profile1
451 167.822104 -3.53811881160788 profile1
452 167.836721 -3.55188933981412 profile1
453 167.845502 -3.57095333165609 profile1
454 167.854284 -3.59181137320617 profile1
455 167.858563 -3.61440067134258 profile1
456 167.860327 -3.64031286229303 profile1
457 167.862092 -3.67430982636977 profile1
458 167.863857 -3.7057302009706 profile1
459 167.865622 -3.73224187339543 profile1
460 167.86764 -3.76513303460865 profile1
461 167.871511 -3.79963724263858 profile1
462 167.876871 -3.83436184780926 profile1
463 167.882232 -3.86925028816942 profile1
464 167.887593 -3.90424776149141 profile1
465 167.913375 -3.92825853363719 profile1
466 167.920966 -3.93578799374063 profile1
467 167.928557 -3.94188135726341 profile1
468 168.002821 -3.95937551466971 profile1
469 168.013929 -4.01541065273278 profile1
470 168.020304 -4.07190288418007 profile1
471 168.023961 -4.12525922294523 profile1
472 168.02735 -4.17700256114191 profile1
473 168.030739 -4.23249328718371 profile1
474 168.034128 -4.43850684432318 profile1
475 168.037518 -4.49156671208966 profile1
476 168.042103 -4.53091091059037 profile1
477 168.057523 -4.54041528843397 profile1
478 168.241031 -4.49061771076568 profile1
479 168.273712 -4.49149298525521 profile1
480 168.276509 -4.49172564036347 profile1
481 168.279306 -4.49170366215562 profile1
482 168.282103 -4.4914312428043 profile1
483 168.2849 -4.49091513675938 profile1
484 168.287697 -4.49016440697493 profile1
485 168.291368 -4.45824881398136 profile1
486 168.295216 -4.42228868912391 profile1
487 168.301388 -4.39262199560849 profile1
488 168.308464 -4.45551147490111 profile1
489 168.31554 -4.54386597047203 profile1
490 168.322616 -4.65520435132256 profile1
491 168.369835 -4.70855694219466 profile1
492 168.372164 -4.71528024756774 profile1
493 168.374493 -4.72192619154979 profile1
494 168.376821 -4.7267952329759 profile1
495 162.797792 -3.39396225071074 profile2
496 162.802465 -3.30450362995769 profile2
497 162.807137 -3.19997158174657 profile2
498 162.891193 -3.11976634070468 profile2
499 162.899169 -3.05853445812822 profile2
500 162.907146 -3.0242856445342 profile2
501 162.915122 -3.03449353427723 profile2
502 162.923098 -3.00338681008196 profile2
503 162.931074 -2.97578803006748 profile2
504 162.93905 -2.95108715979553 profile2
505 162.97044 -2.86619441611623 profile2
506 162.976744 -2.81708640457146 profile2
507 162.983048 -2.76718663568178 profile2
508 162.989352 -2.74654555957814 profile2
509 162.995537 -2.76321414259253 profile2
510 162.997832 -2.43674632587193 profile2
511 163.00011 -2.34141970822111 profile2
512 163.002388 -2.29381222642339 profile2
513 163.004665 -2.24632875213751 profile2
514 163.006943 -2.19904440363231 profile2
515 163.009221 -2.1520366891671 profile2
516 163.011499 -2.10538457627674 profile2
517 163.013777 -2.05916891125939 profile2
518 163.016054 -2.01485823871586 profile2
519 163.018332 -1.9730561343806 profile2
520 163.02061 -1.93202451032525 profile2
521 163.022888 -1.89184272602646 profile2
522 163.025166 -1.85273461040175 profile2
523 163.029526 -1.81483241863064 profile2
524 163.045161 -1.77996199049123 profile2
525 163.061794 -1.74674229077033 profile2
526 163.078427 -1.66082003980765 profile2
527 163.09506 -1.55114462108101 profile2
528 163.111693 -1.45772186492447 profile2
529 163.125708 -1.40607136646859 profile2
530 163.137394 -1.57354649850266 profile2
531 163.14908 -1.77513777541108 profile2
532 163.154021 -1.74423897708663 profile2
533 163.156127 -1.71760979215323 profile2
534 163.157556 -1.69528522510308 profile2
535 163.158891 -1.67728281436057 profile2
536 163.160225 -1.66360944510823 profile2
537 163.161559 -1.65426530194523 profile2
538 163.162894 -1.64924554946109 profile2
539 163.164228 -1.64853835960721 profile2
540 163.165562 -1.65211826802093 profile2
541 163.166897 -1.65996199256512 profile2
542 163.26265 -1.57460203938388 profile2
543 163.413317 -1.3211259969065 profile2
544 163.495816 -0.674339068354104 profile2
545 163.507977 -0.447636423121562 profile2
546 163.520139 -0.215294668059075 profile2
547 163.582672 0 profile2
548 164.022416 0.146220440890248 profile2
549 164.027702 -0.182670099348693 profile2
550 164.032987 -0.22845357981102 profile2
551 164.064248 -0.187580162790301 profile2
552 164.070405 -0.172519690909997 profile2
553 164.076561 -0.157637144907767 profile2
554 164.255184 0.852317866422913 profile2
555 164.291807 -1.27407784236772 profile2
556 164.314068 -1.63164876556226 profile2
557 164.325529 -1.71223443722314 profile2
558 164.336991 -1.77191843548613 profile2
559 164.348452 -1.78960533717458 profile2
560 164.60536 -1.8891352166707 profile2
561 164.617986 -1.92972256681356 profile2
562 164.628884 -1.98240321562599 profile2
563 164.636687 -2.02841762051626 profile2
564 164.648869 -2.03414035699568 profile2
565 164.66892 -2.01813390955408 profile2
566 164.758936 -1.94532828257282 profile2
567 165.053217 -2.08004956235386 profile2
568 165.121823 -2.10985634995325 profile2
569 165.132678 -2.11719790180056 profile2
570 165.143532 -2.12126685582502 profile2
571 165.154046 -1.67300213665197 profile2
572 165.15722 -1.67564609709524 profile2
573 165.160395 -1.69231409220481 profile2
574 165.163569 -1.6171502086025 profile2
575 165.195982 -1.61739575838714 profile2
576 165.223558 -1.6362853257901 profile2
577 165.251135 -1.65450203185046 profile2
578 165.276843 -1.5799925116149 profile2
579 165.283031 -1.55562278672887 profile2
580 165.290201 -1.49832089414784 profile2
581 165.297626 -1.29646459847348 profile2
582 165.445995 -1.30463237203595 profile2
583 165.451594 -1.34099456376826 profile2
584 165.457194 -1.38227360083846 profile2
585 165.462793 -1.4267767181194 profile2
586 165.468393 -1.47525711563212 profile2
587 165.473992 -1.52776660293855 profile2
588 165.479592 -1.58386976904247 profile2
589 165.485905 -1.44183559409422 profile2
590 165.495439 -1.59255834748417 profile2
591 165.565236 -1.62439790995559 profile2
592 165.56991 -1.62533075243941 profile2
593 165.574583 -1.61208959903003 profile2
594 165.581587 -1.46626279416186 profile2
595 165.605467 -1.48731925895535 profile2
596 165.629348 -1.47978339369293 profile2
597 165.653228 -1.47236987854741 profile2
598 165.677109 -1.46547156280116 profile2
599 165.700989 -1.51288942992704 profile2
600 165.704891 -1.61181872625798 profile2
601 165.706625 -1.71392737686778 profile2
602 165.708359 -1.81854185633993 profile2
603 165.710093 -1.92493438572479 profile2
604 165.711827 -2.03233667359863 profile2
605 165.713561 -2.17199074809234 profile2
606 165.715295 -2.34853503164055 profile2
607 165.717029 -2.54871291232147 profile2
608 165.718763 -2.75738756211076 profile2
609 165.720497 -2.95510797999852 profile2
610 165.722231 -3.12290550165315 profile2
611 165.723965 -3.24790245715045 profile2
612 165.725699 -3.34853404455409 profile2
613 165.802549 -3.37581052035732 profile2
614 165.85132 -3.37796777614488 profile2
615 165.858793 -3.36453528105011 profile2
616 165.864624 -3.34123571558701 profile2
617 165.868565 -3.32002696910783 profile2
618 165.872506 -3.30113511023909 profile2
619 165.876447 -3.28473354386089 profile2
620 165.880388 -3.27093205163374 profile2
621 165.884329 -3.22332235947734 profile2
622 165.88827 -3.17462947968263 profile2
623 165.892211 -3.13231709645947 profile2
624 165.896152 -3.1034652995998 profile2
625 165.900093 -3.07939997100569 profile2
626 165.912941 -3.062358530897 profile2
627 165.925276 -3.04952470975534 profile2
628 165.925359 -3.03634706900077 profile2
629 165.925441 -3.02314254135403 profile2
630 165.930685 -3.01094188523938 profile2
631 166.172164 -3.04616892210843 profile2
632 166.181382 -3.15423282872398 profile2
633 166.1906 -3.28219635175395 profile2
634 166.324274 -3.13849419029903 profile2
635 166.325217 -3.09519463736258 profile2
636 166.32602 -3.05368757087959 profile2
637 166.326823 -3.01359201111693 profile2
638 166.327627 -2.98685794301637 profile2
639 166.32843 -2.96838965526361 profile2
640 166.377584 -2.94602702602387 profile2
641 166.382507 -2.90577871969995 profile2
642 166.38743 -2.86703940387115 profile2
643 166.394815 -2.8300741678343 profile2
644 166.403288 -2.79515113662832 profile2
645 166.407404 -2.77125650966054 profile2
646 166.411519 -2.79876507921508 profile2
647 166.415634 -2.83011861613446 profile2
648 166.419069 -2.86478166600424 profile2
649 166.422503 -2.90211827312589 profile2
650 166.425938 -2.94142544764328 profile2
651 166.429372 -2.9819775015694 profile2
652 166.432807 -3.02307487036271 profile2
653 166.439999 -3.06408925836326 profile2
654 166.448156 -3.1044957454889 profile2
655 166.475596 -3.12413987688 profile2
656 166.491355 -3.12916138764916 profile2
657 166.507114 -3.15774327778743 profile2
658 166.522873 -3.19659984972948 profile2
659 166.537635 -3.23032078953115 profile2
660 166.55226 -3.23262387528411 profile2
661 166.566886 -3.377418585357 profile2
662 166.581511 -3.34739345782945 profile2
663 166.592132 -3.44203068375751 profile2
664 166.599166 -3.60664825515512 profile2
665 166.606199 -3.76327065368821 profile2
666 166.613233 -3.78741574873076 profile2
667 166.62365 -3.77699319409472 profile2
668 166.754477 -3.83694874730398 profile2
669 166.783106 -3.85689914169791 profile2
670 166.802407 -3.86603268655971 profile2
671 166.805057 -3.87048230970247 profile2
672 166.807706 -3.8733652721228 profile2
673 166.811338 -3.88244619919948 profile2
674 166.839967 -3.88879361290393 profile2
675 166.951357 -3.86410417792241 profile2
676 166.992184 -3.86333341989506 profile2
677 167.033011 -3.88076325895092 profile2
678 167.073838 -4.20308974508372 profile2
679 167.142758 -4.17758497964219 profile2
680 167.274124 -4.26571368137892 profile2
681 167.282638 -4.31442383185135 profile2
682 167.286179 -4.37063296642516 profile2
683 167.289719 -4.43379562870976 profile2
684 167.29326 -4.49505784696752 profile2
685 167.306473 -4.53555186705803 profile2
686 167.322761 -4.55547160909038 profile2
687 167.349466 -4.56561776490575 profile2
688 167.360748 -4.5716791238225 profile2
689 167.37203 -4.57844426955562 profile2
690 167.396998 -4.58575010344114 profile2
691 167.523201 -4.56448666089333 profile2
692 167.545144 -4.57202333112767 profile2
693 167.556235 -4.62497979127522 profile2
694 167.567326 -4.69420725688833 profile2
695 167.647654 -4.84310352722013 profile2
696 167.755373 -4.8489768761205 profile2
697 167.788738 -4.85566724244392 profile2
698 167.822104 -4.86231347852749 profile2
699 167.836721 -4.87826517808153 profile2
700 167.845502 -4.89730160651946 profile2
701 167.854284 -4.91650001576033 profile2
702 167.858563 -4.93581443376785 profile2
703 167.860327 -4.95520540086319 profile2
704 167.862092 -4.97467996992379 profile2
705 167.863857 -4.98361231826634 profile2
706 167.865622 -4.97805374956868 profile2
707 167.86764 -4.97321801311845 profile2
708 167.871511 -4.96810019165023 profile2
709 167.876871 -4.962440612785 profile2
710 167.882232 -4.95627906885198 profile2
711 167.887593 -4.94965740991863 profile2
712 167.913375 -4.94797656802653 profile2
713 167.920966 -4.95049325820266 profile2
714 167.928557 -4.95215751922786 profile2
715 168.002821 -4.94628360354097 profile2
716 168.013929 -4.9152222099274 profile2
717 168.020304 -4.88462656073413 profile2
718 168.023961 -4.85425674044095 profile2
719 168.02735 -4.82641162724804 profile2
720 168.030739 -4.7534897613942 profile2
721 168.034128 -4.32233178841779 profile2
722 168.037518 -4.29233783375298 profile2
723 168.042103 -4.27215790726761 profile2
724 168.057523 -4.27856430651723 profile2
725 168.241031 -4.26489358268704 profile2
726 168.273712 -4.27376089802822 profile2
727 168.276509 -4.28589235040779 profile2
728 168.279306 -4.2999317593076 profile2
729 168.282103 -4.31582033893108 profile2
730 168.2849 -4.33348154837609 profile2
731 168.287697 -4.35282401240136 profile2
732 168.291368 -4.32806919338477 profile2
733 168.295216 -4.29609815027164 profile2
734 168.301388 -4.27581402559142 profile2
735 168.308464 -4.39486102924793 profile2
736 168.31554 -4.52004572748338 profile2
737 168.322616 -4.62833674612815 profile2
738 168.369835 -4.66609365424017 profile2
739 168.372164 -4.67094985445467 profile2
740 168.374493 -4.67593861190197 profile2
741 168.376821 -4.68455814309298 profile2
