marker_position lod trace
1 40.751751 -21.6187790166262 pleio
2 40.852649 -21.8647339313979 pleio
3 40.963726 -22.0697542831514 pleio
4 41.071368 -22.0974882624214 pleio
5 41.130258 -22.1257178908856 pleio
6 41.189147 -22.1546630666191 pleio
7 41.248037 -22.1843016360975 pleio
8 41.306927 -22.2138461038094 pleio
9 41.376781 -22.2295664620425 pleio
10 41.466542 -22.238533396919 pleio
11 41.467199 -22.2480135322553 pleio
12 41.467856 -22.2586711894408 pleio
13 41.535355 -22.22840449945 pleio
14 41.812857 -21.0155728462078 pleio
15 42.090359 -21.0238625281759 pleio
16 42.192627 -21.0278651524754 pleio
17 42.292082 -21.0365985898904 pleio
18 42.391537 -21.0486909471466 pleio
19 42.490992 -21.0613457453485 pleio
20 42.590447 -21.0679690348356 pleio
21 42.689901 -21.075863787709 pleio
22 42.789356 -21.0850452984189 pleio
23 42.929723 -21.0954060051935 pleio
24 43.030511 -21.0651047942791 pleio
25 43.09059 -21.0136559703581 pleio
26 43.150669 -20.9749284918712 pleio
27 43.210748 -20.949409347146 pleio
28 43.265979 -20.9372373312266 pleio
29 43.296031 -20.9577193517151 pleio
30 43.336485 -20.8997019917228 pleio
31 43.376939 -20.9744936693169 pleio
32 43.399199 -21.0803621904389 pleio
33 43.400566 -20.6387449130204 pleio
34 43.401932 -19.9417643427367 pleio
35 43.416832 -19.550965632312 pleio
36 43.545216 -19.614155514775 pleio
37 43.659927 -19.6431106063694 pleio
38 43.662301 -19.6722738443664 pleio
39 43.664677 -19.70204634503 pleio
40 43.66789 -19.7027786680301 pleio
41 43.746502 -19.6965025606117 pleio
42 43.811623 -19.7107588978941 pleio
43 43.828159 -19.7543778307754 pleio
44 43.836311 -19.8273508986071 pleio
45 43.838406 -19.761214132864 pleio
46 43.840501 -18.9873333682861 pleio
47 43.844466 -18.2958452814371 pleio
48 43.861003 -17.7538074480536 pleio
49 43.901546 -17.4307420827081 pleio
50 43.980158 -15.4042679159767 pleio
51 44.020771 -13.2191258965868 pleio
52 44.053303 -12.4725345888512 pleio
53 44.085836 -12.0201519966583 pleio
54 44.138903 -11.6524961723455 pleio
55 44.294495 -11.2269883484379 pleio
56 44.317834 -11.0950434456631 pleio
57 44.341174 -11.1106754763805 pleio
58 44.364954 -11.1397471898451 pleio
59 44.431929 -10.5739321745616 pleio
60 44.438774 -10.5760208435025 pleio
61 44.445619 -10.5977287288676 pleio
62 44.482294 -10.6327352388914 pleio
63 44.551043 -10.5927467560588 pleio
64 44.564207 -10.5216554076439 pleio
65 44.568298 -10.4544124297268 pleio
66 44.572388 -10.3906546734816 pleio
67 44.576479 -10.3309014727559 pleio
68 44.58057 -10.2751094002802 pleio
69 44.584661 -10.2302308322117 pleio
70 44.588908 -10.1972444700061 pleio
71 44.596324 -10.1709681130558 pleio
72 44.603741 -10.1475309685566 pleio
73 44.608283 -10.1253639780817 pleio
74 44.609389 -10.1073629163983 pleio
75 44.610566 -10.0936450334312 pleio
76 44.612126 -10.0843301210459 pleio
77 44.618941 -10.0795361782675 pleio
78 44.625756 -10.0793751247577 pleio
79 44.632571 -10.0838944307505 pleio
80 44.721343 -10.0159384988983 pleio
81 44.725576 -9.8507613274071 pleio
82 44.729808 -9.6293029864555 pleio
83 44.761322 -9.32378290951106 pleio
84 44.780832 -9.04029188064097 pleio
85 44.800342 -6.05212276725265 pleio
86 44.819852 -4.30351721463304 pleio
87 44.838742 -4.37737703820844 pleio
88 44.856652 -4.30272076377337 pleio
89 44.867332 -4.23910318430245 pleio
90 44.874623 -4.18720811446339 pleio
91 44.881915 -4.14740020944739 pleio
92 44.889206 -4.11998391754098 pleio
93 44.896497 -3.99463229818463 pleio
94 44.940291 -3.11018055599096 pleio
95 44.995858 -3.09759101711915 pleio
96 45.051425 -3.02026240844079 pleio
97 45.101619 -2.9653526777126 pleio
98 45.106404 -2.93211154722205 pleio
99 45.111189 -2.92138355394173 pleio
100 45.144068 -2.9410363816495 pleio
101 45.165 -2.96061674354415 pleio
102 45.174292 -2.9797581918496 pleio
103 45.183584 -2.99846778912088 pleio
104 45.206863 -3.01388403019436 pleio
105 45.270542 -3.02358649315268 pleio
106 45.33422 -3.08919125418174 pleio
107 45.420117 -3.02061902973009 pleio
108 45.434499 -2.85524432785428 pleio
109 45.438006 -2.71660589306279 pleio
110 45.441513 -2.59232886041583 pleio
111 45.445019 -2.47063777602757 pleio
112 45.448526 -2.36708231278555 pleio
113 45.452033 -2.28178705809325 pleio
114 45.455539 -2.24400388380805 pleio
115 45.458985 -2.1782371020269 pleio
116 45.460636 -2.13518465237238 pleio
117 45.462287 -2.12266232736632 pleio
118 45.463938 -2.04595154475369 pleio
119 45.465589 -1.93844886097015 pleio
120 45.46724 -1.84218417000887 pleio
121 45.470001 -1.75729833242387 pleio
122 45.474942 -1.68390036466717 pleio
123 45.479882 -1.62206144814132 pleio
124 45.484823 -1.57182238304614 pleio
125 45.489764 -1.53318915369376 pleio
126 45.494704 -1.50613496843661 pleio
127 45.499645 -1.48940297824676 pleio
128 45.504585 -1.39522579927918 pleio
129 45.622192 -1.13463578582383 pleio
130 45.689416 -0.390388640633647 pleio
131 45.705169 -0.347810845696536 pleio
132 45.720922 -0.332664988938318 pleio
133 46.0005425 -0.0175206609591881 pleio
134 46.280163 0 pleio
135 46.288948 -0.641795867926079 pleio
136 46.297732 -0.87338491230449 pleio
137 46.306516 -0.962650306572998 pleio
138 46.315301 -1.05798499901571 pleio
139 46.32335 -1.38263391018957 pleio
140 46.326762 -2.21057194963228 pleio
141 46.330173 -3.19366156239641 pleio
142 46.333584 -3.79964520733088 pleio
143 46.336995 -3.72974374443357 pleio
144 46.341532 -3.67580790561104 pleio
145 46.350316 -3.638749466164 pleio
146 46.358463 -3.61363014623019 pleio
147 46.360127 -3.57245591906987 pleio
148 46.36179 -3.53944862930199 pleio
149 46.363103 -3.51472626741152 pleio
150 46.364052 -3.49839161985656 pleio
151 46.364976 -3.49053142890081 pleio
152 46.365522 -3.49121581797306 pleio
153 46.366069 -3.50049779616858 pleio
154 46.366615 -3.51841311328963 pleio
155 46.367161 -3.54497845021367 pleio
156 46.367707 -3.58019449229051 pleio
157 46.368253 -3.62404217280773 pleio
158 46.368799 -3.67491020028899 pleio
159 46.485003 -5.48312340146701 pleio
160 46.557864 -5.24918314609521 pleio
161 46.610522 -5.18544239188143 pleio
162 46.616448 -5.16527777255246 pleio
163 46.622375 -5.14867051025187 pleio
164 46.628301 -5.13566591577634 pleio
165 46.687297 -5.12630703902708 pleio
166 46.730117 -5.14734424574794 pleio
167 46.732363 -5.23599007955801 pleio
168 46.73461 -5.35012777985428 pleio
169 46.736857 -5.49037398532953 pleio
170 46.739103 -5.65638225721171 pleio
171 46.74135 -5.8243337178678 pleio
172 46.750658 -5.84467536487863 pleio
173 46.815826 -5.85096000613375 pleio
174 46.828517 -5.93854650588859 pleio
175 46.833526 -6.12139043416615 pleio
176 46.838536 -6.39717089934545 pleio
177 46.843545 -6.76782971968321 pleio
178 46.848554 -7.21972743335291 pleio
179 46.853564 -7.73619359709333 pleio
180 46.921126 -8.29945863321568 pleio
181 47.021298 -8.09622943082977 pleio
182 47.023709 -8.29292057873295 pleio
183 47.02612 -8.54262824512219 pleio
184 47.035721 -8.78426714366419 pleio
185 47.160161 -8.97369831179462 pleio
186 47.295389 -9.08749638957988 pleio
187 47.430616 -9.17645849817441 pleio
188 47.565843 -9.24646413991384 pleio
189 47.70107 -9.31145161177813 pleio
190 47.836298 -9.84473410794403 pleio
191 47.971525 -10.4655083562903 pleio
192 48.106752 -10.5550100567074 pleio
193 48.24198 -10.6346728467971 pleio
194 48.377207 -10.7148622915905 pleio
195 48.474506 -10.7957009350495 pleio
196 48.553159 -10.8770259835547 pleio
197 48.631813 -10.9595550681421 pleio
198 48.717003 -11.0431757309715 pleio
199 48.805261 -11.1446844650685 pleio
200 48.89352 -11.3837933281281 pleio
201 48.982344 -12.3989595712207 pleio
202 49.13026 -12.4040590049654 pleio
203 49.161395 -12.4617390805184 pleio
204 49.168603 -12.6853464447229 pleio
205 49.175812 -13.3213566789777 pleio
206 49.276939 -14.1121448183519 pleio
207 49.413086 -14.5033051668896 pleio
208 49.549232 -15.0587322835225 pleio
209 49.611939 -15.2501769695602 pleio
210 49.614662 -15.4876866031855 pleio
211 49.617384 -15.7129674682524 pleio
212 49.620107 -15.838101496397 pleio
213 49.62283 -15.9703922263738 pleio
214 49.625553 -16.1095339924721 pleio
215 49.628276 -16.2552004460448 pleio
216 49.638989 -16.412831846879 pleio
217 49.65723 -16.5262545096671 pleio
218 49.660035 -16.5499824946097 pleio
219 49.66284 -16.5732710013124 pleio
220 49.665644 -16.5960856905751 pleio
221 49.668449 -16.6184061802664 pleio
222 49.671254 -16.6402256299482 pleio
223 49.674058 -16.6615499892953 pleio
224 49.695383 -16.6824959155434 pleio
225 49.798204 -16.6809107804803 pleio
226 49.807433 -16.677940326823 pleio
227 49.816662 -16.6824883987452 pleio
228 49.911484 -17.0395898015512 pleio
229 50.08976 -17.4227243071383 pleio
230 50.121095 -17.4690258666207 pleio
231 50.152431 -17.5243456971512 pleio
232 50.173971 -17.5888758962491 pleio
233 50.177001 -17.6626090645317 pleio
234 50.180031 -17.9035228164556 pleio
235 50.183061 -18.0086072550621 pleio
236 50.18609 -18.0256274964139 pleio
237 50.18912 -18.0612460849066 pleio
238 50.19215 -18.1051473423751 pleio
239 50.295327 -18.2513124275632 pleio
240 50.302108 -18.3259580775824 pleio
241 50.308889 -18.4032685921329 pleio
242 50.311001 -18.4831690661903 pleio
243 40.751751 -17.5519143457878 profile1
244 40.852649 -17.8383388645022 profile1
245 40.963726 -18.01499659751 profile1
246 41.071368 -18.0403538219524 profile1
247 41.130258 -18.0662261268514 profile1
248 41.189147 -18.0928612179006 profile1
249 41.248037 -18.120243018299 profile1
250 41.306927 -18.1476185573113 profile1
251 41.376781 -18.162519980126 profile1
252 41.466542 -18.1749166333462 profile1
253 41.467199 -18.1877435104286 profile1
254 41.467856 -18.2000935770625 profile1
255 41.535355 -18.180966475293 profile1
256 41.812857 -17.1347618906132 profile1
257 42.090359 -17.1434808506559 profile1
258 42.192627 -17.1508389501479 profile1
259 42.292082 -17.1573256819724 profile1
260 42.391537 -17.1687378565036 profile1
261 42.490992 -17.1837007445995 profile1
262 42.590447 -17.1933225467393 profile1
263 42.689901 -17.203896322281 profile1
264 42.789356 -17.2155578050086 profile1
265 42.929723 -17.2281818798446 profile1
266 43.030511 -17.2003384617673 profile1
267 43.09059 -17.1516200839329 profile1
268 43.150669 -17.1156673955659 profile1
269 43.210748 -17.0929384513634 profile1
270 43.265979 -17.0835785005891 profile1
271 43.296031 -17.0880482885058 profile1
272 43.336485 -16.9977814139176 profile1
273 43.376939 -17.0397295524194 profile1
274 43.399199 -17.0485801535896 profile1
275 43.400566 -16.5775824379585 profile1
276 43.401932 -15.8717754977142 profile1
277 43.416832 -15.4516518624917 profile1
278 43.545216 -15.458226505617 profile1
279 43.659927 -15.4788949807343 profile1
280 43.662301 -15.4992850765605 profile1
281 43.664677 -15.5201211439005 profile1
282 43.66789 -15.5175018933805 profile1
283 43.746502 -15.4882762774591 profile1
284 43.811623 -15.4652329877223 profile1
285 43.828159 -15.4711424540283 profile1
286 43.836311 -15.5051905511618 profile1
287 43.838406 -15.4058549514834 profile1
288 43.840501 -14.6268314198471 profile1
289 43.844466 -13.929175454724 profile1
290 43.861003 -13.3795151589446 profile1
291 43.901546 -13.041044646445 profile1
292 43.980158 -11.5465740646916 profile1
293 44.020771 -10.0387627758624 profile1
294 44.053303 -9.42182844690937 profile1
295 44.085836 -8.97564586991995 profile1
296 44.138903 -8.52155274380869 profile1
297 44.294495 -8.05427830497533 profile1
298 44.317834 -7.83147603875605 profile1
299 44.341174 -7.77759288134023 profile1
300 44.364954 -7.75337935125492 profile1
301 44.431929 -7.09273904094245 profile1
302 44.438774 -7.07445344162109 profile1
303 44.445619 -7.06172102080744 profile1
304 44.482294 -7.03104711296137 profile1
305 44.551043 -6.95973019592518 profile1
306 44.564207 -6.87442119903594 profile1
307 44.568298 -6.79338849618041 profile1
308 44.572388 -6.71311876120901 profile1
309 44.576479 -6.63642180015205 profile1
310 44.58057 -6.55863051854937 profile1
311 44.584661 -6.48777185280061 profile1
312 44.588908 -6.41693439304073 profile1
313 44.596324 -6.34305499446214 profile1
314 44.603741 -6.2878293535756 profile1
315 44.608283 -6.24692713529392 profile1
316 44.609389 -6.20988192076694 profile1
317 44.610566 -6.17673329191194 profile1
318 44.612126 -6.14751973676622 profile1
319 44.618941 -6.12227834282893 profile1
320 44.625756 -6.10104440177582 profile1
321 44.632571 -6.09803324528985 profile1
322 44.721343 -6.00710215631318 profile1
323 44.725576 -5.80290898638696 profile1
324 44.729808 -5.53623872371753 profile1
325 44.761322 -5.19887890679308 profile1
326 44.780832 -4.92387130759627 profile1
327 44.800342 -2.60712758757289 profile1
328 44.819852 -1.88306409352457 profile1
329 44.838742 -2.06285569271641 profile1
330 44.856652 -2.00327480465245 profile1
331 44.867332 -1.95415587159311 profile1
332 44.874623 -1.91612203886165 profile1
333 44.881915 -1.88953297967845 profile1
334 44.889206 -1.87468873575429 profile1
335 44.896497 -1.77390923160688 profile1
336 44.940291 -1.13177599385968 profile1
337 44.995858 -1.11528674326256 profile1
338 45.051425 -0.993569625315508 profile1
339 45.101619 -0.890060174711895 profile1
340 45.106404 -0.804142084543037 profile1
341 45.111189 -0.736819698209731 profile1
342 45.144068 -0.749863499615655 profile1
343 45.165 -0.771652665977305 profile1
344 45.174292 -0.793057762649307 profile1
345 45.183584 -0.813979402436762 profile1
346 45.206863 -0.831295634230918 profile1
347 45.270542 -0.839762137419189 profile1
348 45.33422 -0.948299339954484 profile1
349 45.420117 -0.845203610903253 profile1
350 45.434499 -0.617145230104565 profile1
351 45.438006 -0.413773108916932 profile1
352 45.441513 -0.224133108477741 profile1
353 45.445019 -0.036851967725273 profile1
354 45.448526 0.13448426779934 profile1
355 45.452033 0.289629899942663 profile1
356 45.455539 0.41643998329228 profile1
357 45.458985 0.5458475956262 profile1
358 45.460636 0.656187408776906 profile1
359 45.462287 0.745399329506476 profile1
360 45.463938 0.877674821185857 profile1
361 45.465589 1.030341310936 profile1
362 45.46724 1.17310764612488 profile1
363 45.470001 1.3057547697377 profile1
364 45.474942 1.42809076657873 profile1
365 45.479882 1.53995787469915 profile1
366 45.484823 1.64122463421167 profile1
367 45.489764 1.73179129316693 profile1
368 45.494704 1.81158807985001 profile1
369 45.499645 1.88087243232704 profile1
370 45.504585 1.99052307461012 profile1
371 45.622192 2.11718426157692 profile1
372 45.689416 2.84101869386974 profile1
373 45.705169 2.84118749841248 profile1
374 45.720922 2.7564084641519 profile1
375 46.0005425 2.40494260184131 profile1
376 46.280163 2.16496875133048 profile1
377 46.288948 1.51825224081435 profile1
378 46.297732 1.31912265619419 profile1
379 46.306516 1.24314572480268 profile1
380 46.315301 1.16517444417392 profile1
381 46.32335 0.872383967033271 profile1
382 46.326762 0.0960256587600368 profile1
383 46.330173 -0.901824489954349 profile1
384 46.333584 -1.60162881662846 profile1
385 46.336995 -1.69045170483885 profile1
386 46.341532 -1.78989991273326 profile1
387 46.350316 -1.90170401759266 profile1
388 46.358463 -1.98884705847178 profile1
389 46.360127 -1.98595362145963 profile1
390 46.36179 -1.99017264111274 profile1
391 46.363103 -2.00156574543717 profile1
392 46.364052 -2.02018141199418 profile1
393 46.364976 -2.04605457456027 profile1
394 46.365522 -2.07920624334534 profile1
395 46.366069 -2.11964318926092 profile1
396 46.366615 -2.16735779507711 profile1
397 46.367161 -2.22232744007086 profile1
398 46.367707 -2.28451517878168 profile1
399 46.368253 -2.35386904548765 profile1
400 46.368799 -2.43152113170249 profile1
401 46.485003 -5.16972578013624 profile1
402 46.557864 -5.21090950590559 profile1
403 46.610522 -5.18544239188143 profile1
404 46.616448 -5.15308834168282 profile1
405 46.622375 -5.12367801181712 profile1
406 46.628301 -5.09725637481623 profile1
407 46.687297 -5.07386544449432 profile1
408 46.730117 -5.07831011357491 profile1
409 46.732363 -5.1447966111545 profile1
410 46.73461 -5.2345222977241 profile1
411 46.736857 -5.34808836763108 profile1
412 46.739103 -5.48527877166504 profile1
413 46.74135 -5.62409630425486 profile1
414 46.750658 -5.62570643504662 profile1
415 46.815826 -5.62129101346203 profile1
416 46.828517 -5.77395219603356 profile1
417 46.833526 -5.9798595509084 profile1
418 46.838536 -6.24706476483505 profile1
419 46.843545 -6.60632030893391 profile1
420 46.848554 -7.0432968455187 profile1
421 46.853564 -7.54076127914912 profile1
422 46.921126 -8.0806078239157 profile1
423 47.021298 -7.73871956055506 profile1
424 47.023709 -7.86578013566705 profile1
425 47.02612 -8.04972211394077 profile1
426 47.035721 -8.22140415488156 profile1
427 47.160161 -8.29440754679267 profile1
428 47.295389 -8.34223360975652 profile1
429 47.430616 -8.40817877125667 profile1
430 47.565843 -8.45899820274409 profile1
431 47.70107 -8.50987544083234 profile1
432 47.836298 -8.97823138390896 profile1
433 47.971525 -9.51293248367883 profile1
434 48.106752 -9.5760300665596 profile1
435 48.24198 -9.63435499014991 profile1
436 48.377207 -9.69413082400887 profile1
437 48.474506 -9.7545161676151 profile1
438 48.553159 -9.81541168169506 profile1
439 48.631813 -9.87742928954069 profile1
440 48.717003 -9.94048349639765 profile1
441 48.805261 -10.0000024963355 profile1
442 48.89352 -10.1735281019875 profile1
443 48.982344 -11.1201369195461 profile1
444 49.13026 -11.1628948125686 profile1
445 49.161395 -11.209555620594 profile1
446 49.168603 -11.4191627439005 profile1
447 49.175812 -11.9942025434157 profile1
448 49.276939 -12.7695341309064 profile1
449 49.413086 -13.1767645465443 profile1
450 49.549232 -13.4790424431104 profile1
451 49.611939 -13.5525730921069 profile1
452 49.614662 -13.6333610180885 profile1
453 49.617384 -13.7215982706292 profile1
454 49.620107 -13.8106600332163 profile1
455 49.62283 -13.9061761968745 profile1
456 49.625553 -14.0079664178158 profile1
457 49.628276 -14.1158271049714 profile1
458 49.638989 -14.2369266833433 profile1
459 49.65723 -14.3231019085221 profile1
460 49.660035 -14.3320223630305 profile1
461 49.66284 -14.3403757257573 profile1
462 49.665644 -14.3481692410798 profile1
463 49.668449 -14.3554171061201 profile1
464 49.671254 -14.362139903171 profile1
465 49.674058 -14.3683639375524 profile1
466 49.695383 -14.3742472860862 profile1
467 49.798204 -14.3745488641652 profile1
468 49.807433 -14.3753601970803 profile1
469 49.816662 -14.3789057306922 profile1
470 49.911484 -14.4412803214214 profile1
471 50.08976 -15.0348307437406 profile1
472 50.121095 -15.0634160417302 profile1
473 50.152431 -15.0996115224204 profile1
474 50.173971 -15.1435740644302 profile1
475 50.177001 -15.1954011899928 profile1
476 50.180031 -15.2551712929304 profile1
477 50.183061 -15.2375806202078 profile1
478 50.18609 -15.2081489845619 profile1
479 50.18912 -15.1948443842389 profile1
480 50.19215 -15.1883494812475 profile1
481 50.295327 -15.2494663468816 profile1
482 50.302108 -15.31851459222 profile1
483 50.308889 -15.3892475870101 profile1
484 50.311001 -15.4616004783334 profile1
485 40.751751 -2.23939285716574 profile2
486 40.852649 -2.22006915616089 profile2
487 40.963726 -2.2580341432558 profile2
488 41.071368 -2.26267870524577 profile2
489 41.130258 -2.26730512338802 profile2
490 41.189147 -2.27186850120279 profile2
491 41.248037 -2.27636177826991 profile2
492 41.306927 -2.28072671396126 profile2
493 41.376781 -2.2832922186411 profile2
494 41.466542 -2.28140734337927 profile2
495 41.467199 -2.27960892440688 profile2
496 41.467856 -2.27947082015535 profile2
497 41.535355 -2.26872412392323 profile2
498 41.812857 -2.06480576076673 profile2
499 42.090359 -2.06534613619931 profile2
500 42.192627 -2.0644267964253 profile2
501 42.292082 -2.06988971118837 profile2
502 42.391537 -2.07420725557577 profile2
503 42.490992 -2.07580666310511 profile2
504 42.590447 -2.07583642674984 profile2
505 42.689901 -2.07617277856158 profile2
506 42.789356 -2.0767259239764 profile2
507 42.929723 -2.07750918714713 profile2
508 43.030511 -2.0778819558545 profile2
509 43.09059 -2.07829524461074 profile2
510 43.150669 -2.07927244425038 profile2
511 43.210748 -2.08083971098548 profile2
512 43.265979 -2.08298240203193 profile2
513 43.296031 -2.10783055490432 profile2
514 43.336485 -2.16030276837635 profile2
515 43.376939 -2.2022311447278 profile2
516 43.399199 -2.31263924270298 profile2
517 43.400566 -2.32997755164226 profile2
518 43.401932 -2.3092106284466 profile2
519 43.416832 -2.32158214745764 profile2
520 43.545216 -2.37888990389245 profile2
521 43.659927 -2.38975475530807 profile2
522 43.662301 -2.40092060178052 profile2
523 43.664677 -2.41220565367799 profile2
524 43.66789 -2.41761054522881 profile2
525 43.746502 -2.4405909705546 profile2
526 43.811623 -2.47934324213309 profile2
527 43.828159 -2.52037368176329 profile2
528 43.836311 -2.56361127538552 profile2
529 43.838406 -2.59001972037215 profile2
530 43.840501 -2.53648980517795 profile2
531 43.844466 -2.4896021203891 profile2
532 43.861003 -2.45506131703789 profile2
533 43.901546 -2.44579102383591 profile2
534 43.980158 -1.80719286724411 profile2
535 44.020771 -1.022048342078 profile2
536 44.053303 -0.868925000109556 profile2
537 44.085836 -0.851770736142327 profile2
538 44.138903 -0.932550115209039 profile2
539 44.294495 -0.97920159733742 profile2
540 44.317834 -1.07193825676736 profile2
541 44.341174 -1.14682163873998 profile2
542 44.364954 -1.20081404768563 profile2
543 44.431929 -1.23054838522497 profile2
544 44.438774 -1.24449379016402 profile2
545 44.445619 -1.27781607827824 profile2
546 44.482294 -1.3482235416413 profile2
547 44.551043 -1.37898677691628 profile2
548 44.564207 -1.38722540029585 profile2
549 44.568298 -1.39531829671477 profile2
550 44.572388 -1.40616924842574 profile2
551 44.576479 -1.41770691827093 profile2
552 44.58057 -1.43425717619224 profile2
553 44.584661 -1.45494646277484 profile2
554 44.588908 -1.48717333470382 profile2
555 44.596324 -1.52921729607337 profile2
556 44.603741 -1.55661319400111 profile2
557 44.608283 -1.57171255883083 profile2
558 44.609389 -1.58740066506628 profile2
559 44.610566 -1.60376615985306 profile2
560 44.612126 -1.62090021072286 profile2
561 44.618941 -1.63889238194614 profile2
562 44.625756 -1.65782667432096 profile2
563 44.632571 -1.66581520986417 profile2
564 44.721343 -1.68799881998034 profile2
565 44.725576 -1.72296177108409 profile2
566 44.729808 -1.76235822382771 profile2
567 44.761322 -1.78590705028843 profile2
568 44.780832 -1.76905436314791 profile2
569 44.800342 -0.927889241111517 profile2
570 44.819852 0.218184846530202 profile2
571 44.838742 0.327053609575717 profile2
572 44.856652 0.344267267052368 profile2
573 44.867332 0.360434314524943 profile2
574 44.874623 0.375467941631397 profile2
575 44.881915 0.38934697764367 profile2
576 44.889206 0.402052872116708 profile2
577 44.896497 0.432572327090012 profile2
578 44.940291 0.75043417099412 profile2
579 44.995858 0.747496984831848 profile2
580 45.051425 0.705909203363164 profile2
581 45.101619 0.658702956580482 profile2
582 45.106404 0.606181891624921 profile2
583 45.111189 0.548552452219933 profile2
584 45.144068 0.540295929622241 profile2
585 45.165 0.541517813318058 profile2
586 45.174292 0.542777307192266 profile2
587 45.183584 0.543968132776717 profile2
588 45.206863 0.544905415380131 profile2
589 45.270542 0.54101445733177 profile2
590 45.33422 0.566750974633046 profile2
591 45.420117 0.541302739375659 profile2
592 45.434499 0.491523633147557 profile2
593 45.438006 0.438502809293378 profile2
594 45.441513 0.383254353815214 profile2
595 45.445019 0.326266833968154 profile2
596 45.448526 0.266233023764649 profile2
597 45.452033 0.203255325752456 profile2
598 45.455539 0.118360282345751 profile2
599 45.458985 0.0611282377448441 profile2
600 45.460636 -0.0013995224243382 profile2
601 45.462287 -0.0748042206386598 profile2
602 45.463938 -0.125480952609934 profile2
603 45.465589 -0.165103644879871 profile2
604 45.46724 -0.206683383189707 profile2
605 45.470001 -0.250150752043266 profile2
606 45.474942 -0.295429840717133 profile2
607 45.479882 -0.342439060871115 profile2
608 45.484823 -0.391090992078444 profile2
609 45.489764 -0.441293209618303 profile2
610 45.494704 -0.492948669223189 profile2
611 45.499645 -0.545117943097401 profile2
612 45.504585 -0.564279122086366 profile2
613 45.622192 -0.439106976625707 profile2
614 45.689416 -0.385456542805263 profile2
615 45.705169 -0.347810845696536 profile2
616 45.720922 -0.255199520590778 profile2
617 46.0005425 0.419107991406367 profile2
618 46.280163 0.671220910501262 profile2
619 46.288948 0.667907190149429 profile2
620 46.297732 0.633423367554573 profile2
621 46.306516 0.619445479136296 profile2
622 46.315301 0.601632964376262 profile2
623 46.32335 0.575346200356323 profile2
624 46.326762 0.526623606759888 profile2
625 46.330173 0.529289436659807 profile2
626 46.333584 0.612358718992435 profile2
627 46.336995 0.777861436339363 profile2
628 46.341532 0.937955615637941 profile2
629 46.350316 1.09333303203461 profile2
630 46.358463 1.21115055218872 profile2
631 46.360127 1.25300494477817 profile2
632 46.36179 1.29317807250004 profile2
633 46.363103 1.3316052506107 profile2
634 46.364052 1.3682253614976 profile2
635 46.364976 1.40298135022601 profile2
636 46.365522 1.43582045779242 profile2
637 46.366069 1.46669442970296 profile2
638 46.366615 1.49555954189922 profile2
639 46.367161 1.52237774557854 profile2
640 46.367707 1.54711439227789 profile2
641 46.368253 1.56974115544463 profile2
642 46.368799 1.59313032866628 profile2
643 46.485003 2.5218004404277 profile2
644 46.557864 2.80348353710697 profile2
645 46.610522 2.84118749841248 profile2
646 46.616448 2.82706938257603 profile2
647 46.622375 2.81208553672002 profile2
648 46.628301 2.79623462226479 profile2
649 46.687297 2.77951489081174 profile2
650 46.730117 2.7597239618589 profile2
651 46.732363 2.73261967774235 profile2
652 46.73461 2.70154657212964 profile2
653 46.736857 2.66649759139803 profile2
654 46.739103 2.62762797621493 profile2
655 46.74135 2.58780591831533 profile2
656 46.750658 2.5645122823372 profile2
657 46.815826 2.54741604983245 profile2
658 46.828517 2.60219359256893 profile2
659 46.833526 2.61233292170767 profile2
660 46.838536 2.5882115196353 profile2
661 46.843545 2.55936331291595 profile2
662 46.848554 2.52570655676766 profile2
663 46.853564 2.48727540881614 profile2
664 46.921126 2.44421857592077 profile2
665 47.021298 2.26735649429251 profile2
666 47.023709 2.19096221054745 profile2
667 47.02612 2.116920630744 profile2
668 47.035721 2.04098574501983 profile2
669 47.160161 1.91540896784303 profile2
670 47.295389 1.83911185151252 profile2
671 47.430616 1.80919472637019 profile2
672 47.565843 1.78424241837433 profile2
673 47.70107 1.76437760789882 profile2
674 47.836298 1.673235848583 profile2
675 47.971525 1.55379550188794 profile2
676 48.106752 1.52097325450115 profile2
677 48.24198 1.49359440392985 profile2
678 48.377207 1.4670653054835 profile2
679 48.474506 1.44045547181218 profile2
680 48.553159 1.41384085413597 profile2
681 48.631813 1.38709070220727 profile2
682 48.717003 1.36023918734305 profile2
683 48.805261 1.31593160175827 profile2
684 48.89352 1.25031555857573 profile2
685 48.982344 1.17539173765314 profile2
686 49.13026 1.20224468890283 profile2
687 49.161395 1.17644318908782 profile2
688 49.168603 1.14135817859679 profile2
689 49.175812 1.04900496116734 profile2
690 49.276939 1.0011197191164 profile2
691 49.413086 1.00948916145303 profile2
692 49.549232 0.710479881101284 profile2
693 49.611939 0.584632364466197 profile2
694 49.614662 0.418220654362154 profile2
695 49.617384 0.271372795947492 profile2
696 49.620107 0.229112832668397 profile2
697 49.62283 0.18563014623241 profile2
698 49.625553 0.141070980647953 profile2
699 49.628276 0.0955811716228187 profile2
700 49.638989 0.05074443305168 profile2
701 49.65723 0.0185673589251358 profile2
702 49.660035 0.00523907094899308 profile2
703 49.66284 -0.00824248348708183 profile2
704 49.665644 -0.021849334617671 profile2
705 49.668449 -0.0355604796056734 profile2
706 49.671254 -0.0493617919082865 profile2
707 49.674058 -0.0632457053359009 profile2
708 49.695383 -0.077189687635435 profile2
709 49.798204 -0.0746862007206228 profile2
710 49.807433 -0.0705456180603939 profile2
711 49.816662 -0.071650425519096 profile2
712 49.911484 -0.374867214976909 profile2
713 50.08976 -0.184605352797649 profile2
714 50.121095 -0.202460954977098 profile2
715 50.152431 -0.22195643242139 profile2
716 50.173971 -0.243112785843033 profile2
717 50.177001 -0.265855970804459 profile2
718 50.180031 -0.43367895801435 profile2
719 50.183061 -0.557219945162618 profile2
720 50.18609 -0.60902755230531 profile2
721 50.18912 -0.663988614676676 profile2
722 50.19215 -0.719251672840665 profile2
723 50.295327 -0.798032347658168 profile2
724 50.302108 -0.806523744716294 profile2
725 50.308889 -0.815991627642776 profile2
726 50.311001 -0.826423290005174 profile2
