marker_position lod trace
1 40.751751 -6.79555810907823 pleio
2 40.852649 -6.58416696399517 pleio
3 40.963726 -6.90004158839227 pleio
4 41.071368 -6.89105331785454 pleio
5 41.130258 -6.87901783555338 pleio
6 41.189147 -6.8664235989516 pleio
7 41.248037 -6.85328505562948 pleio
8 41.306927 -6.83947244021007 pleio
9 41.376781 -6.82392260667982 pleio
10 41.466542 -6.81488421060602 pleio
11 41.467199 -6.80701695493928 pleio
12 41.467856 -6.79898189151714 pleio
13 41.535355 -6.78666756159638 pleio
14 41.812857 -7.23525383889548 pleio
15 42.090359 -7.23254004693881 pleio
16 42.192627 -7.21703718693769 pleio
17 42.292082 -7.19959588194464 pleio
18 42.391537 -7.18173335285656 pleio
19 42.490992 -7.16725956533041 pleio
20 42.590447 -7.14997939031422 pleio
21 42.689901 -7.13432819857261 pleio
22 42.789356 -7.11955473868138 pleio
23 42.929723 -7.10572355712689 pleio
24 43.030511 -7.09877477474624 pleio
25 43.09059 -7.09921040176781 pleio
26 43.150669 -7.10304880591654 pleio
27 43.210748 -7.11073641653179 pleio
28 43.265979 -7.1221479721586 pleio
29 43.296031 -7.14016340752886 pleio
30 43.336485 -6.4761925891052 pleio
31 43.376939 -6.49044821412818 pleio
32 43.399199 -6.46580179408356 pleio
33 43.400566 -6.29882810906367 pleio
34 43.401932 -5.9440843446296 pleio
35 43.416832 -5.73517353041389 pleio
36 43.545216 -5.82968515942831 pleio
37 43.659927 -5.82132498066684 pleio
38 43.662301 -5.81329957066207 pleio
39 43.664677 -5.80580881129661 pleio
40 43.66789 -5.80612351432666 pleio
41 43.746502 -5.80000266833102 pleio
42 43.811623 -5.78790349037119 pleio
43 43.828159 -5.77298349649254 pleio
44 43.836311 -5.76114114699466 pleio
45 43.838406 -5.728854320913 pleio
46 43.840501 -5.56019393730158 pleio
47 43.844466 -5.34415889743715 pleio
48 43.861003 -5.09743228217509 pleio
49 43.901546 -4.89011462736255 pleio
50 43.980158 -4.39990108207338 pleio
51 44.020771 -3.69584773866823 pleio
52 44.053303 -3.48864409499377 pleio
53 44.085836 -3.42530812725653 pleio
54 44.138903 -3.42776868172568 pleio
55 44.294495 -3.40580026672072 pleio
56 44.317834 -3.37358348177726 pleio
57 44.341174 -3.38456840734895 pleio
58 44.364954 -3.41540919034389 pleio
59 44.431929 -3.42338019855324 pleio
60 44.438774 -3.29878793359249 pleio
61 44.445619 -3.16154973382982 pleio
62 44.482294 -3.24329179659378 pleio
63 44.551043 -3.3217849129291 pleio
64 44.564207 -3.08096800245479 pleio
65 44.568298 -2.84111341758324 pleio
66 44.572388 -2.60221784326247 pleio
67 44.576479 -2.36743473682472 pleio
68 44.58057 -2.13650757114033 pleio
69 44.584661 -1.91099705928341 pleio
70 44.588908 -1.67646664427621 pleio
71 44.596324 -1.44582563933979 pleio
72 44.603741 -1.23508611588534 pleio
73 44.608283 -1.04372727093886 pleio
74 44.609389 -0.867873437696628 pleio
75 44.610566 -0.70874492880882 pleio
76 44.612126 -0.567299289421135 pleio
77 44.618941 -0.444211512279268 pleio
78 44.625756 -0.339866112078153 pleio
79 44.632571 -0.269276608922858 pleio
80 44.721343 -0.224836831132577 pleio
81 44.725576 -0.197873360002177 pleio
82 44.729808 -0.178568170416629 pleio
83 44.761322 -0.179139762427003 pleio
84 44.780832 -0.199503834570759 pleio
85 44.800342 0 pleio
86 44.819852 -0.157960490364476 pleio
87 44.838742 -0.110835119753372 pleio
88 44.856652 -0.0980484710086353 pleio
89 44.867332 -0.0936552127857834 pleio
90 44.874623 -0.0985533905119423 pleio
91 44.881915 -0.112884683335852 pleio
92 44.889206 -0.136710853490684 pleio
93 44.896497 -0.14438394882609 pleio
94 44.940291 -0.212946088679631 pleio
95 44.995858 -0.252412220598074 pleio
96 45.051425 -0.321270874316082 pleio
97 45.101619 -0.41469857536218 pleio
98 45.106404 -0.529120974604668 pleio
99 45.111189 -0.656756734813129 pleio
100 45.144068 -0.765494221883748 pleio
101 45.165 -0.788108119031962 pleio
102 45.174292 -0.81738235654969 pleio
103 45.183584 -0.852498152056523 pleio
104 45.206863 -0.882770309375227 pleio
105 45.270542 -1.34910995304757 pleio
106 45.33422 -1.49630701854757 pleio
107 45.420117 -1.71456707726501 pleio
108 45.434499 -1.54489470931491 pleio
109 45.438006 -1.38733793508968 pleio
110 45.441513 -1.30161065178319 pleio
111 45.445019 -1.30921435384546 pleio
112 45.448526 -1.3214059783314 pleio
113 45.452033 -1.33804439116193 pleio
114 45.455539 -1.39090449715631 pleio
115 45.458985 -1.39973276040868 pleio
116 45.460636 -1.41533824654393 pleio
117 45.462287 -1.44789926784653 pleio
118 45.463938 -1.4468927270758 pleio
119 45.465589 -1.42901971680237 pleio
120 45.46724 -1.41357548392149 pleio
121 45.470001 -1.40058250519819 pleio
122 45.474942 -1.39005634904977 pleio
123 45.479882 -1.38201269273677 pleio
124 45.484823 -1.37645744276657 pleio
125 45.489764 -1.37339240664334 pleio
126 45.494704 -1.37281299947132 pleio
127 45.499645 -1.37106863870414 pleio
128 45.504585 -1.38153569496221 pleio
129 45.622192 -1.73764258521412 pleio
130 45.689416 -1.43577244450057 pleio
131 45.705169 -1.45951738160023 pleio
132 45.720922 -1.89294426766292 pleio
133 46.0005425 -1.95805676634087 pleio
134 46.280163 -2.68283123938632 pleio
135 46.288948 -3.32279653970614 pleio
136 46.297732 -3.47036554004173 pleio
137 46.306516 -3.47953113515183 pleio
138 46.315301 -3.49681603832342 pleio
139 46.32335 -3.50770922519347 pleio
140 46.326762 -3.56060749619626 pleio
141 46.330173 -3.66684201442791 pleio
142 46.333584 -3.768990583382 pleio
143 46.336995 -3.8134680007546 pleio
144 46.341532 -3.87193473459913 pleio
145 46.350316 -3.94518976896708 pleio
146 46.358463 -4.01541740746052 pleio
147 46.360127 -4.04833837569858 pleio
148 46.36179 -4.08336773020208 pleio
149 46.363103 -4.12049271006196 pleio
150 46.364052 -4.15969693511003 pleio
151 46.364976 -4.20096029964442 pleio
152 46.365522 -4.24425896016591 pleio
153 46.366069 -4.28956534030255 pleio
154 46.366615 -4.33684813286389 pleio
155 46.367161 -4.38607239021681 pleio
156 46.367707 -4.43719959434684 pleio
157 46.368253 -4.49018761190424 pleio
158 46.368799 -4.54576670224021 pleio
159 46.485003 -4.87014511454113 pleio
160 46.557864 -5.0437368573869 pleio
161 46.610522 -5.0414292411514 pleio
162 46.616448 -5.02673055003334 pleio
163 46.622375 -5.01373086728239 pleio
164 46.628301 -5.00255201840034 pleio
165 46.687297 -4.9933124247537 pleio
166 46.730117 -4.99095611842505 pleio
167 46.732363 -5.00326088015185 pleio
168 46.73461 -5.02379143352756 pleio
169 46.736857 -5.05231362111747 pleio
170 46.739103 -5.08866355090593 pleio
171 46.74135 -5.12746430486707 pleio
172 46.750658 -5.13529330193123 pleio
173 46.815826 -5.13669942584292 pleio
174 46.828517 -5.29642226873561 pleio
175 46.833526 -5.38602848842643 pleio
176 46.838536 -5.42290708036164 pleio
177 46.843545 -5.47121647669614 pleio
178 46.848554 -5.52994102561411 pleio
179 46.853564 -5.59782741746883 pleio
180 46.921126 -5.67356616394262 pleio
181 47.021298 -5.88780406196538 pleio
182 47.023709 -5.91124926271959 pleio
183 47.02612 -5.95178170807398 pleio
184 47.035721 -5.94710328811206 pleio
185 47.160161 -6.04968923184214 pleio
186 47.295389 -6.12336501557368 pleio
187 47.430616 -6.14153206835594 pleio
188 47.565843 -6.17686079549916 pleio
189 47.70107 -6.21369818371516 pleio
190 47.836298 -6.28973680529491 pleio
191 47.971525 -6.39062649926938 pleio
192 48.106752 -6.43046071785688 pleio
193 48.24198 -6.46636880442388 pleio
194 48.377207 -6.50540345426295 pleio
195 48.474506 -6.54445008364507 pleio
196 48.553159 -6.58345471266667 pleio
197 48.631813 -6.622900316664 pleio
198 48.717003 -6.66255080912712 pleio
199 48.805261 -6.6668520309643 pleio
200 48.89352 -6.74212874066453 pleio
201 48.982344 -7.09218551039017 pleio
202 49.13026 -7.0807304132435 pleio
203 49.161395 -7.0970218553146 pleio
204 49.168603 -7.18133853886251 pleio
205 49.175812 -7.3769319270155 pleio
206 49.276939 -7.39628069050241 pleio
207 49.413086 -7.47068896106911 pleio
208 49.549232 -8.09341089104297 pleio
209 49.611939 -8.08084307160821 pleio
210 49.614662 -8.06756240738257 pleio
211 49.617384 -8.06488812075077 pleio
212 49.620107 -8.07634776845962 pleio
213 49.62283 -8.08999808688683 pleio
214 49.625553 -8.10581376036723 pleio
215 49.628276 -8.12375905306308 pleio
216 49.638989 -8.13026064252443 pleio
217 49.65723 -8.10962500437394 pleio
218 49.660035 -8.08339015954296 pleio
219 49.66284 -8.05665871309528 pleio
220 49.665644 -8.0295886375434 pleio
221 49.668449 -8.00234065118098 pleio
222 49.671254 -7.97507497215248 pleio
223 49.674058 -7.94794818267185 pleio
224 49.695383 -7.92088271609993 pleio
225 49.798204 -7.9152695379286 pleio
226 49.807433 -7.91129125650971 pleio
227 49.816662 -7.90525943581745 pleio
228 49.911484 -8.53681493131012 pleio
229 50.08976 -9.33944498754099 pleio
230 50.121095 -9.33399073973524 pleio
231 50.152431 -9.3293641983539 pleio
232 50.173971 -9.32540838394452 pleio
233 50.177001 -9.32218939381535 pleio
234 50.180031 -9.30821794347934 pleio
235 50.183061 -9.35052570101246 pleio
236 50.18609 -9.3733373884564 pleio
237 50.18912 -9.39665879508603 pleio
238 50.19215 -9.44034546258441 pleio
239 50.295327 -9.77070489174164 pleio
240 50.302108 -9.76336881128236 pleio
241 50.308889 -9.75733012283333 pleio
242 50.311001 -9.75262767302622 pleio
243 40.751751 -4.64270816424376 profile1
244 40.852649 -4.64588864133525 profile1
245 40.963726 -4.73280252003125 profile1
246 41.071368 -4.70105504414144 profile1
247 41.130258 -4.66694834566302 profile1
248 41.189147 -4.63245089411976 profile1
249 41.248037 -4.59760618811731 profile1
250 41.306927 -4.56250201549068 profile1
251 41.376781 -4.53142156473959 profile1
252 41.466542 -4.51871372879054 profile1
253 41.467199 -4.50703181161225 profile1
254 41.467856 -4.49685875795543 profile1
255 41.535355 -4.4846956385084 profile1
256 41.812857 -4.42495778192563 profile1
257 42.090359 -4.42030122177004 profile1
258 42.192627 -4.40794700191406 profile1
259 42.292082 -4.40054088748739 profile1
260 42.391537 -4.38755068355852 profile1
261 42.490992 -4.36984102542659 profile1
262 42.590447 -4.35644267090396 profile1
263 42.689901 -4.34323169265366 profile1
264 42.789356 -4.33021805231329 profile1
265 42.929723 -4.3174003980189 profile1
266 43.030511 -4.29571614020683 profile1
267 43.09059 -4.26732906425082 profile1
268 43.150669 -4.23902728555 profile1
269 43.210748 -4.21141393526917 profile1
270 43.265979 -4.18454867651434 profile1
271 43.296031 -4.16201078248511 profile1
272 43.336485 -3.52990458640593 profile1
273 43.376939 -3.52221808056239 profile1
274 43.399199 -3.48848652785315 profile1
275 43.400566 -3.39009359661406 profile1
276 43.401932 -3.14073290306826 profile1
277 43.416832 -2.9962750600499 profile1
278 43.545216 -3.10398585858786 profile1
279 43.659927 -3.0888195030493 profile1
280 43.662301 -3.07371023139258 profile1
281 43.664677 -3.05874240689183 profile1
282 43.66789 -3.05256606543407 profile1
283 43.746502 -3.04457175753168 profile1
284 43.811623 -3.03784524495305 profile1
285 43.828159 -3.03259751912435 profile1
286 43.836311 -3.02792073833752 profile1
287 43.838406 -3.02249451923901 profile1
288 43.840501 -3.01054836585944 profile1
289 43.844466 -2.99791572703715 profile1
290 43.861003 -2.98496009845521 profile1
291 43.901546 -2.97327925072189 profile1
292 43.980158 -2.5713956902926 profile1
293 44.020771 -2.05066709268875 profile1
294 44.053303 -1.85965038569552 profile1
295 44.085836 -1.75924611015473 profile1
296 44.138903 -1.71753285057404 profile1
297 44.294495 -1.75012441611203 profile1
298 44.317834 -1.72824117121856 profile1
299 44.341174 -1.73691985538134 profile1
300 44.364954 -1.78365873283448 profile1
301 44.431929 -1.96465829167692 profile1
302 44.438774 -1.93507510985168 profile1
303 44.445619 -1.88220785323029 profile1
304 44.482294 -1.82459943956951 profile1
305 44.551043 -1.7599638003406 profile1
306 44.564207 -1.61084844073279 profile1
307 44.568298 -1.46372330372691 profile1
308 44.572388 -1.32216281142056 profile1
309 44.576479 -1.18634756649961 profile1
310 44.58057 -1.06113484631685 profile1
311 44.584661 -0.940796019173112 profile1
312 44.588908 -0.815660089215919 profile1
313 44.596324 -0.702059714637387 profile1
314 44.603741 -0.588167331480074 profile1
315 44.608283 -0.476884380229942 profile1
316 44.609389 -0.378235703473594 profile1
317 44.610566 -0.293165235114487 profile1
318 44.612126 -0.222375431297029 profile1
319 44.618941 -0.166310269691418 profile1
320 44.625756 -0.125150134672669 profile1
321 44.632571 -0.0935162987897498 profile1
322 44.721343 -0.0711702443436523 profile1
323 44.725576 -0.0479391220464018 profile1
324 44.729808 -0.0195037283545175 profile1
325 44.761322 -0.00642513591487692 profile1
326 44.780832 -0.0313190756047123 profile1
327 44.800342 0.0926947912116487 profile1
328 44.819852 -0.157960490364476 profile1
329 44.838742 -0.0544917371294176 profile1
330 44.856652 0.0136319425405758 profile1
331 44.867332 0.0768971024201077 profile1
332 44.874623 0.134414694400425 profile1
333 44.881915 0.185990793858318 profile1
334 44.889206 0.231490953120538 profile1
335 44.896497 0.277211937237785 profile1
336 44.940291 0.160518400854563 profile1
337 44.995858 0.117708498496733 profile1
338 45.051425 0.0513665769294395 profile1
339 45.101619 -0.027010931226249 profile1
340 45.106404 -0.115390749716102 profile1
341 45.111189 -0.210052475429273 profile1
342 45.144068 -0.302369273199168 profile1
343 45.165 -0.327737757149804 profile1
344 45.174292 -0.356861742239912 profile1
345 45.183584 -0.387873124091142 profile1
346 45.206863 -0.415263457737198 profile1
347 45.270542 -0.291071907790767 profile1
348 45.33422 -0.330988976830001 profile1
349 45.420117 -0.355629588163964 profile1
350 45.434499 -0.30735675393038 profile1
351 45.438006 -0.26632717693128 profile1
352 45.441513 -0.254461835188533 profile1
353 45.445019 -0.278090039762645 profile1
354 45.448526 -0.304206687944732 profile1
355 45.452033 -0.332751242112113 profile1
356 45.455539 -0.372957216825346 profile1
357 45.458985 -0.406843866087865 profile1
358 45.460636 -0.439061245389372 profile1
359 45.462287 -0.476378282818008 profile1
360 45.463938 -0.48322987338062 profile1
361 45.465589 -0.474678202943387 profile1
362 45.46724 -0.467689644233081 profile1
363 45.470001 -0.462287421032605 profile1
364 45.474942 -0.458490459260839 profile1
365 45.479882 -0.456318517430415 profile1
366 45.484823 -0.45578471357034 profile1
367 45.489764 -0.456899641134158 profile1
368 45.494704 -0.459669543969715 profile1
369 45.499645 -0.458464427267677 profile1
370 45.504585 -0.343476509591302 profile1
371 45.622192 -0.281037527485788 profile1
372 45.689416 -0.0145735497516037 profile1
373 45.705169 0.00199841342275802 profile1
374 45.720922 -0.343637736250938 profile1
375 46.0005425 -0.406139621989216 profile1
376 46.280163 -0.595278233998189 profile1
377 46.288948 -1.22772636107011 profile1
378 46.297732 -1.35536391919571 profile1
379 46.306516 -1.39633344397007 profile1
380 46.315301 -1.44699002082419 profile1
381 46.32335 -1.49222817474579 profile1
382 46.326762 -1.53594876145713 profile1
383 46.330173 -1.58651031652617 profile1
384 46.333584 -1.64106434866292 profile1
385 46.336995 -1.6946970560067 profile1
386 46.341532 -1.75923645186611 profile1
387 46.350316 -1.83675968812432 profile1
388 46.358463 -1.90554305157489 profile1
389 46.360127 -1.93299974949571 profile1
390 46.36179 -1.96107356114299 profile1
391 46.363103 -1.98973468664614 profile1
392 46.364052 -2.01895394003756 profile1
393 46.364976 -2.0487027463197 profile1
394 46.365522 -2.07895321000275 profile1
395 46.366069 -2.10967817216235 profile1
396 46.366615 -2.14085121109019 profile1
397 46.367161 -2.17244683967743 profile1
398 46.367707 -2.2044403267361 profile1
399 46.368253 -2.23680778428289 profile1
400 46.368799 -2.27309682072846 profile1
401 46.485003 -2.6258287764105 profile1
402 46.557864 -2.84187160335224 profile1
403 46.610522 -2.86991727322831 profile1
404 46.616448 -2.88860653166211 profile1
405 46.622375 -2.90901899714921 profile1
406 46.628301 -2.93116525014468 profile1
407 46.687297 -2.95504740619228 profile1
408 46.730117 -2.98266881126571 profile1
409 46.732363 -3.0164839000262 profile1
410 46.73461 -3.05325346564949 profile1
411 46.736857 -3.09279216026305 profile1
412 46.739103 -3.13495677672877 profile1
413 46.74135 -3.1782475294367 profile1
414 46.750658 -3.21409676327377 profile1
415 46.815826 -3.25240740628105 profile1
416 46.828517 -3.3618965793016 profile1
417 46.833526 -3.44125077447992 profile1
418 46.838536 -3.48889189754744 profile1
419 46.843545 -3.53884772860913 profile1
420 46.848554 -3.59089797775868 profile1
421 46.853564 -3.64483076767664 profile1
422 46.921126 -3.70035841775031 profile1
423 47.021298 -3.79078347076499 profile1
424 47.023709 -3.84486665542776 profile1
425 47.02612 -3.90013756461391 profile1
426 47.035721 -3.93815826460506 profile1
427 47.160161 -4.02354908714795 profile1
428 47.295389 -4.0794250033956 profile1
429 47.430616 -4.10415835553161 profile1
430 47.565843 -4.12996447891478 profile1
431 47.70107 -4.1582569715809 profile1
432 47.836298 -4.19773251504199 profile1
433 47.971525 -4.23899287968545 profile1
434 48.106752 -4.26739055307693 profile1
435 48.24198 -4.29335306973658 profile1
436 48.377207 -4.32106354335817 profile1
437 48.474506 -4.34865348513917 profile1
438 48.553159 -4.37604955143309 profile1
439 48.631813 -4.40355315986987 profile1
440 48.717003 -4.43109049537566 profile1
441 48.805261 -4.44521720661192 profile1
442 48.89352 -4.49783287687136 profile1
443 48.982344 -4.69432533751447 profile1
444 49.13026 -4.7033136007899 profile1
445 49.161395 -4.73591612927063 profile1
446 49.168603 -4.71471076523322 profile1
447 49.175812 -4.68800233990556 profile1
448 49.276939 -4.683397253531 profile1
449 49.413086 -4.7664482932682 profile1
450 49.549232 -4.77327533653381 profile1
451 49.611939 -4.74908717453793 profile1
452 49.614662 -4.71306932385949 profile1
453 49.617384 -4.69230198129009 profile1
454 49.620107 -4.70896189077539 profile1
455 49.62283 -4.72653880488014 profile1
456 49.625553 -4.7449787890764 profile1
457 49.628276 -4.764223831263 profile1
458 49.638989 -4.77493580257281 profile1
459 49.65723 -4.77744788710836 profile1
460 49.660035 -4.78362525767038 profile1
461 49.66284 -4.78980438466097 profile1
462 49.665644 -4.79598072039421 profile1
463 49.668449 -4.80214999621888 profile1
464 49.671254 -4.80830815798313 profile1
465 49.674058 -4.81445131426 profile1
466 49.695383 -4.82030150165185 profile1
467 49.798204 -4.8247781100841 profile1
468 49.807433 -4.8291524034029 profile1
469 49.816662 -4.83190017138018 profile1
470 49.911484 -5.56337029583329 profile1
471 50.08976 -5.56926665698722 profile1
472 50.121095 -5.58047751890634 profile1
473 50.152431 -5.59195782565344 profile1
474 50.173971 -5.60384087073165 profile1
475 50.177001 -5.61590687588899 profile1
476 50.180031 -5.79136932454189 profile1
477 50.183061 -5.9034069566778 profile1
478 50.18609 -5.94347337688308 profile1
479 50.18912 -5.98412316324637 profile1
480 50.19215 -6.05289230951459 profile1
481 50.295327 -6.34491016590583 profile1
482 50.302108 -6.33658387214434 profile1
483 50.308889 -6.32850862090781 profile1
484 50.311001 -6.32071721526107 profile1
485 40.751751 -2.71282745337051 profile2
486 40.852649 -2.49081441200313 profile2
487 40.963726 -2.69391412786124 profile2
488 41.071368 -2.71704956773812 profile2
489 41.130258 -2.73921461744684 profile2
490 41.189147 -2.76097423526503 profile2
491 41.248037 -2.78229693315018 profile2
492 41.306927 -2.80300775316741 profile2
493 41.376781 -2.81817192058742 profile2
494 41.466542 -2.8198955026648 profile2
495 41.467199 -2.8218101645987 profile2
496 41.467856 -2.82169745308439 profile2
497 41.535355 -2.82010797133869 profile2
498 41.812857 -3.29660357818202 profile2
499 42.090359 -3.29662200065839 profile2
500 42.192627 -3.28894526264208 profile2
501 42.292082 -3.27099884025746 profile2
502 42.391537 -3.25838780477837 profile2
503 42.490992 -3.25441857743776 profile2
504 42.590447 -3.24490706885654 profile2
505 42.689901 -3.23733554081538 profile2
506 42.789356 -3.23039954040646 profile2
507 42.929723 -3.22418915498173 profile2
508 43.030511 -3.23716271319138 profile2
509 43.09059 -3.26575985297765 profile2
510 43.150669 -3.29634956226813 profile2
511 43.210748 -3.32879378508886 profile2
512 43.265979 -3.36291785548268 profile2
513 43.296031 -3.39963224914983 profile2
514 43.336485 -3.34274324611462 profile2
515 43.376939 -3.36091987156374 profile2
516 43.399199 -3.36305939201583 profile2
517 43.400566 -3.3270699934073 profile2
518 43.401932 -3.32511419083099 profile2
519 43.416832 -3.34837048068284 profile2
520 43.545216 -3.3704899511195 profile2
521 43.659927 -3.37358749984203 profile2
522 43.662301 -3.37696579976252 profile2
523 43.664677 -3.38077323783749 profile2
524 43.66789 -3.38778325863885 profile2
525 43.746502 -3.38610808422315 profile2
526 43.811623 -3.37527525865946 profile2
527 43.828159 -3.36228276089316 profile2
528 43.836311 -3.3519135624462 profile2
529 43.838406 -3.31630576680203 profile2
530 43.840501 -3.12781145688733 profile2
531 43.844466 -2.8990029478024 profile2
532 43.861003 -2.64861281334714 profile2
533 43.901546 -2.44646537756985 profile2
534 43.980158 -2.33109367629017 profile2
535 44.020771 -2.12043282361757 profile2
536 44.053303 -2.09865901655027 profile2
537 44.085836 -2.13144819677268 profile2
538 44.138903 -2.17142605282852 profile2
539 44.294495 -2.13909506330216 profile2
540 44.317834 -2.12289140312126 profile2
541 44.341174 -2.11925456764939 profile2
542 44.364954 -2.1023173991996 profile2
543 44.431929 -1.98378014229978 profile2
544 44.438774 -1.89376986782358 profile2
545 44.445619 -1.81228943227135 profile2
546 44.482294 -1.92497079653961 profile2
547 44.551043 -2.02131516705728 profile2
548 44.564207 -1.86973282913729 profile2
549 44.568298 -1.71646885770898 profile2
550 44.572388 -1.5582891350783 profile2
551 44.576479 -1.39913825899763 profile2
552 44.58057 -1.23429513478157 profile2
553 44.584661 -1.07370639744027 profile2
554 44.588908 -0.912819128199787 profile2
555 44.596324 -0.746858114871445 profile2
556 44.603741 -0.606235233375638 profile2
557 44.608283 -0.487708843882491 profile2
558 44.609389 -0.377064768201352 profile2
559 44.610566 -0.275043180954901 profile2
560 44.612126 -0.182237305327504 profile2
561 44.618941 -0.0990788929615706 profile2
562 44.625756 -0.0258311139709532 profile2
563 44.632571 0.0176704987124439 profile2
564 44.721343 0.0422485031350027 profile2
565 44.725576 0.0499223935095436 profile2
566 44.729808 0.0456185579506074 profile2
567 44.761322 0.0361221493360991 profile2
568 44.780832 0.0381083473026383 profile2
569 44.800342 0.159904235339758 profile2
570 44.819852 0.277211937237785 profile2
571 44.838742 0.220729368776914 profile2
572 44.856652 0.16446091976219 profile2
573 44.867332 0.104961859732725 profile2
574 44.874623 0.0422931803219302 profile2
575 44.881915 -0.0234518866150516 profile2
576 44.889206 -0.0921637880299923 profile2
577 44.896497 -0.14438394882609 profile2
578 44.940291 0.0170362008604547 profile2
579 44.995858 0.0114533002578351 profile2
580 45.051425 -0.00101222339259862 profile2
581 45.101619 -0.0262358912648586 profile2
582 45.106404 -0.0625360464600114 profile2
583 45.111189 -0.106523565266712 profile2
584 45.144068 -0.135407030500995 profile2
585 45.165 -0.13683691734866 profile2
586 45.174292 -0.142508549958544 profile2
587 45.183584 -0.153430102772104 profile2
588 45.206863 -0.161845214355472 profile2
589 45.270542 -0.754670987217768 profile2
590 45.33422 -0.884157408442171 profile2
591 45.420117 -1.12916055576353 profile2
592 45.434499 -1.02823240372296 profile2
593 45.438006 -0.929086868027269 profile2
594 45.441513 -0.868648481155247 profile2
595 45.445019 -0.853089346623099 profile2
596 45.448526 -0.838162319306136 profile2
597 45.452033 -0.826771935261301 profile2
598 45.455539 -0.82884230454176 profile2
599 45.458985 -0.816266969780157 profile2
600 45.460636 -0.808711699964196 profile2
601 45.462287 -0.810656090207751 profile2
602 45.463938 -0.805960104670803 profile2
603 45.465589 -0.798012472912556 profile2
604 45.46724 -0.791664842076497 profile2
605 45.470001 -0.786239883921096 profile2
606 45.474942 -0.781782574715586 profile2
607 45.479882 -0.778928982136026 profile2
608 45.484823 -0.777675273103665 profile2
609 45.489764 -0.778013632508355 profile2
610 45.494704 -0.779931718450495 profile2
611 45.499645 -0.784926408970796 profile2
612 45.504585 -0.905964509842129 profile2
613 45.622192 -1.46935826682181 profile2
614 45.689416 -1.43577244450057 profile2
615 45.705169 -1.44872019242753 profile2
616 45.720922 -1.55085110889559 profile2
617 46.0005425 -1.55268097943473 profile2
618 46.280163 -1.97336159165506 profile2
619 46.288948 -2.12938353336924 profile2
620 46.297732 -2.18151433454371 profile2
621 46.306516 -2.14232082523176 profile2
622 46.315301 -2.10527566869586 profile2
623 46.32335 -2.06983497142907 profile2
624 46.326762 -2.07337148689842 profile2
625 46.330173 -2.1195964085213 profile2
626 46.333584 -2.17814595844408 profile2
627 46.336995 -2.21723085889214 profile2
628 46.341532 -2.26575600125589 profile2
629 46.350316 -2.32060484054889 profile2
630 46.358463 -2.369488402452 profile2
631 46.360127 -2.38324022282187 profile2
632 46.36179 -2.39872883746009 profile2
633 46.363103 -2.4159605664181 profile2
634 46.364052 -2.43493651468863 profile2
635 46.364976 -2.4556524965991 profile2
636 46.365522 -2.47809899551138 profile2
637 46.366069 -2.50226115917882 profile2
638 46.366615 -2.5281188322851 profile2
639 46.367161 -2.55564661804368 profile2
640 46.367707 -2.58481399419052 profile2
641 46.368253 -2.61558543725073 profile2
642 46.368799 -2.64424389151809 profile2
643 46.485003 -2.84025979168669 profile2
644 46.557864 -2.79634862632674 profile2
645 46.610522 -2.76484973870381 profile2
646 46.616448 -2.73855398939873 profile2
647 46.622375 -2.71328533570513 profile2
648 46.628301 -2.68917095393093 profile2
649 46.687297 -2.66633646524174 profile2
650 46.730117 -2.64647119508519 profile2
651 46.732363 -2.63246997162201 profile2
652 46.73461 -2.62268272812969 profile2
653 46.736857 -2.61703687110784 profile2
654 46.739103 -2.61551214744606 profile2
655 46.74135 -2.61602482263853 profile2
656 46.750658 -2.60537005256969 profile2
657 46.815826 -2.58835151730394 profile2
658 46.828517 -2.63766456779817 profile2
659 46.833526 -2.65877423231503 profile2
660 46.838536 -2.6698449182972 profile2
661 46.843545 -2.69059205281121 profile2
662 46.848554 -2.71999919300544 profile2
663 46.853564 -2.75682231492961 profile2
664 46.921126 -2.79983627135098 profile2
665 47.021298 -2.92374945461416 profile2
666 47.023709 -2.93305675475433 profile2
667 47.02612 -2.95899871567328 profile2
668 47.035721 -2.95156585034149 profile2
669 47.160161 -2.98569646623249 profile2
670 47.295389 -3.01832147465803 profile2
671 47.430616 -3.03544798112406 profile2
672 47.565843 -3.05214098740811 profile2
673 47.70107 -3.0687738075797 profile2
674 47.836298 -3.1037104824708 profile2
675 47.971525 -3.15908067522068 profile2
676 48.106752 -3.1769068592058 profile2
677 48.24198 -3.19417498639915 profile2
678 48.377207 -3.21230051882319 profile2
679 48.474506 -3.23055123289763 profile2
680 48.553159 -3.24894285942315 profile2
681 48.631813 -3.2675833396425 profile2
682 48.717003 -3.28631207476119 profile2
683 48.805261 -3.26646753339515 profile2
684 48.89352 -3.26837754176269 profile2
685 48.982344 -3.3648838046077 profile2
686 49.13026 -3.35199194616688 profile2
687 49.161395 -3.34474872713914 profile2
688 49.168603 -3.48081070301315 profile2
689 49.175812 -3.73412390179155 profile2
690 49.276939 -3.8207280146633 profile2
691 49.413086 -3.92113886883463 profile2
692 49.549232 -4.43145131372391 profile2
693 49.611939 -4.4249549068648 profile2
694 49.614662 -4.41890684451666 profile2
695 49.617384 -4.40831769170101 profile2
696 49.620107 -4.38909101663645 profile2
697 49.62283 -4.37041118125778 profile2
698 49.625553 -4.35234661982337 profile2
699 49.628276 -4.33496371451117 profile2
700 49.638989 -4.31791332965239 profile2
701 49.65723 -4.29088512964811 profile2
702 49.660035 -4.25741898134435 profile2
703 49.66284 -4.22331716459791 profile2
704 49.665644 -4.18875480495049 profile2
705 49.668449 -4.15391083740748 profile2
706 49.671254 -4.11896445308514 profile2
707 49.674058 -4.08409163136757 profile2
708 49.695383 -4.04946615653114 profile2
709 49.798204 -4.03945999850172 profile2
710 49.807433 -4.03223992519269 profile2
711 49.816662 -4.02455415479152 profile2
712 49.911484 -3.87213365068849 profile2
713 50.08976 -4.56218847433317 profile2
714 50.121095 -4.54915293770833 profile2
715 50.152431 -4.53653641555654 profile2
716 50.173971 -4.52413395447099 profile2
717 50.177001 -4.51215894537863 profile2
718 50.180031 -4.384984730149 profile2
719 50.183061 -4.33765304957918 profile2
720 50.18609 -4.32197894403702 profile2
721 50.18912 -4.30611613174118 profile2
722 50.19215 -4.29111919503488 profile2
723 50.295327 -4.33544300658797 profile2
724 50.302108 -4.33846153935435 profile2
725 50.308889 -4.34260458286535 profile2
726 50.311001 -4.34786266267124 profile2
