marker_position lod trace
1 40.751751 -12.0115509112526 pleio
2 40.852649 -10.9626096853206 pleio
3 40.963726 -10.8172965459694 pleio
4 41.071368 -10.8280528508559 pleio
5 41.130258 -10.84891357661 pleio
6 41.189147 -10.8697535348681 pleio
7 41.248037 -10.8905654336596 pleio
8 41.306927 -10.9114089400473 pleio
9 41.376781 -10.9333694119031 pleio
10 41.466542 -10.9544348191239 pleio
11 41.467199 -10.9720319068768 pleio
12 41.467856 -10.9934760981678 pleio
13 41.535355 -10.9999886714765 pleio
14 41.812857 -11.5534949952797 pleio
15 42.090359 -11.5635858800816 pleio
16 42.192627 -11.5657739580784 pleio
17 42.292082 -11.5743605439513 pleio
18 42.391537 -11.5774651472849 pleio
19 42.490992 -11.5752441843642 pleio
20 42.590447 -11.5724013622979 pleio
21 42.689901 -11.5707261388892 pleio
22 42.789356 -11.5696292865694 pleio
23 42.929723 -11.5690694567925 pleio
24 43.030511 -11.5306251938448 pleio
25 43.09059 -11.4695283223818 pleio
26 43.150669 -11.4160585551834 pleio
27 43.210748 -11.371208293263 pleio
28 43.265979 -11.3350380213036 pleio
29 43.296031 -11.2991622400865 pleio
30 43.336485 -11.1014849716623 pleio
31 43.376939 -11.0737057229153 pleio
32 43.399199 -9.85620609714949 pleio
33 43.400566 -9.52539197222782 pleio
34 43.401932 -8.88315323334758 pleio
35 43.416832 -8.41507497268596 pleio
36 43.545216 -8.3734722622489 pleio
37 43.659927 -8.38894897099235 pleio
38 43.662301 -8.40432704433817 pleio
39 43.664677 -8.42034283723822 pleio
40 43.66789 -8.42084162127122 pleio
41 43.746502 -8.43485564217887 pleio
42 43.811623 -8.48996420551323 pleio
43 43.828159 -8.57208894285668 pleio
44 43.836311 -8.66973413218334 pleio
45 43.838406 -8.76089136851026 pleio
46 43.840501 -8.76639587625947 pleio
47 43.844466 -8.77525432652286 pleio
48 43.861003 -8.79512798311943 pleio
49 43.901546 -8.82719029118697 pleio
50 43.980158 -8.81777859711741 pleio
51 44.020771 -8.85884719641939 pleio
52 44.053303 -8.88145726665452 pleio
53 44.085836 -8.88518208178789 pleio
54 44.138903 -8.90078813157133 pleio
55 44.294495 -8.61949490400485 pleio
56 44.317834 -8.63135541193301 pleio
57 44.341174 -8.64328684740717 pleio
58 44.364954 -8.61560086866217 pleio
59 44.431929 -8.13984357831905 pleio
60 44.438774 -7.93509917389381 pleio
61 44.445619 -7.77401210907233 pleio
62 44.482294 -7.71035735097987 pleio
63 44.551043 -7.70529467038932 pleio
64 44.564207 -7.44870871284168 pleio
65 44.568298 -7.19144949147922 pleio
66 44.572388 -6.93463174926641 pleio
67 44.576479 -6.68021175840954 pleio
68 44.58057 -6.4293406719438 pleio
69 44.584661 -6.17146394504653 pleio
70 44.588908 -5.89872413115606 pleio
71 44.596324 -5.63695317295918 pleio
72 44.603741 -5.39619713430858 pleio
73 44.608283 -5.17826977306943 pleio
74 44.609389 -4.98228466214731 pleio
75 44.610566 -4.80985377442852 pleio
76 44.612126 -4.66227763097905 pleio
77 44.618941 -4.54051552167593 pleio
78 44.625756 -4.445168672531 pleio
79 44.632571 -4.30164744414892 pleio
80 44.721343 -4.18750483884406 pleio
81 44.725576 -4.08768288257612 pleio
82 44.729808 -4.01104706044003 pleio
83 44.761322 -3.96215698796354 pleio
84 44.780832 -3.92880309519939 pleio
85 44.800342 -3.69356906895492 pleio
86 44.819852 -3.42545179260742 pleio
87 44.838742 -3.49214468991432 pleio
88 44.856652 -3.54937092057339 pleio
89 44.867332 -3.63714341274107 pleio
90 44.874623 -3.75508198825296 pleio
91 44.881915 -3.90279951705347 pleio
92 44.889206 -4.07958562014826 pleio
93 44.896497 -4.21503862460989 pleio
94 44.940291 -3.29473465562679 pleio
95 44.995858 -3.13456324968397 pleio
96 45.051425 -2.9526291898965 pleio
97 45.101619 -2.8326908474272 pleio
98 45.106404 -2.76275624354339 pleio
99 45.111189 -2.72740207036128 pleio
100 45.144068 -2.75763521249624 pleio
101 45.165 -2.76008562365854 pleio
102 45.174292 -2.76994438887139 pleio
103 45.183584 -2.78621871541652 pleio
104 45.206863 -2.80439454507676 pleio
105 45.270542 -2.72309533531853 pleio
106 45.33422 -2.30181851443168 pleio
107 45.420117 -2.47762690583121 pleio
108 45.434499 -2.41655507507437 pleio
109 45.438006 -2.41575802857927 pleio
110 45.441513 -2.40645341817383 pleio
111 45.445019 -2.31438255110924 pleio
112 45.448526 -2.22394844587708 pleio
113 45.452033 -2.13549101185297 pleio
114 45.455539 -2.36274480653121 pleio
115 45.458985 -2.08249785015959 pleio
116 45.460636 -1.88766334271858 pleio
117 45.462287 -1.81040491114873 pleio
118 45.463938 -1.74665183035443 pleio
119 45.465589 -1.69026072278381 pleio
120 45.46724 -1.63577019897453 pleio
121 45.470001 -1.58325835593083 pleio
122 45.474942 -1.53279615024399 pleio
123 45.479882 -1.48445326445368 pleio
124 45.484823 -1.43828901963559 pleio
125 45.489764 -1.39435712811611 pleio
126 45.494704 -1.35270342671788 pleio
127 45.499645 -1.30221536644944 pleio
128 45.504585 -1.2273729514524 pleio
129 45.622192 -1.30191149337553 pleio
130 45.689416 -0.768761132139425 pleio
131 45.705169 -0.560946728228187 pleio
132 45.720922 0 pleio
133 46.0005425 -0.220219903686302 pleio
134 46.280163 -0.899963428219221 pleio
135 46.288948 -2.03931523148083 pleio
136 46.297732 -2.27809366255038 pleio
137 46.306516 -2.30239067513504 pleio
138 46.315301 -2.33727804969972 pleio
139 46.32335 -2.35461559190178 pleio
140 46.326762 -2.40866743884198 pleio
141 46.330173 -2.50719507653451 pleio
142 46.333584 -2.53242522016315 pleio
143 46.336995 -2.40350434764431 pleio
144 46.341532 -2.29715515025863 pleio
145 46.350316 -2.21134321777907 pleio
146 46.358463 -2.16686787200572 pleio
147 46.360127 -2.17353800556572 pleio
148 46.36179 -2.18687788307393 pleio
149 46.363103 -2.20693265424457 pleio
150 46.364052 -2.23373573007332 pleio
151 46.364976 -2.26730855209267 pleio
152 46.365522 -2.30766028952702 pleio
153 46.366069 -2.35478759247297 pleio
154 46.366615 -2.40867488651948 pleio
155 46.367161 -2.46929221735888 pleio
156 46.367707 -2.53659852385803 pleio
157 46.368253 -2.61053901528387 pleio
158 46.368799 -2.67956403139308 pleio
159 46.485003 -5.47404050918331 pleio
160 46.557864 -5.31853221271749 pleio
161 46.610522 -5.27845183243604 pleio
162 46.616448 -5.31442044196444 pleio
163 46.622375 -5.35164855949095 pleio
164 46.628301 -5.39006298363111 pleio
165 46.687297 -5.42958185346195 pleio
166 46.730117 -5.47942249536556 pleio
167 46.732363 -5.56318312471849 pleio
168 46.73461 -5.67175549612503 pleio
169 46.736857 -5.80466868503153 pleio
170 46.739103 -5.96124556559064 pleio
171 46.74135 -6.12254395143503 pleio
172 46.750658 -6.16900762586076 pleio
173 46.815826 -6.29054524918139 pleio
174 46.828517 -6.58689847584992 pleio
175 46.833526 -6.94265807431069 pleio
176 46.838536 -7.20420952630461 pleio
177 46.843545 -7.47053184756698 pleio
178 46.848554 -7.73594764074326 pleio
179 46.853564 -7.99533172599116 pleio
180 46.921126 -8.24647207420147 pleio
181 47.021298 -8.43117097469815 pleio
182 47.023709 -8.4492047028498 pleio
183 47.02612 -8.48114761516142 pleio
184 47.035721 -8.53201645776397 pleio
185 47.160161 -8.89801574403055 pleio
186 47.295389 -9.19581283132926 pleio
187 47.430616 -9.23130202595424 pleio
188 47.565843 -9.24214263424978 pleio
189 47.70107 -9.25856384944475 pleio
190 47.836298 -9.28601764381366 pleio
191 47.971525 -9.3436290984505 pleio
192 48.106752 -9.3518670860064 pleio
193 48.24198 -9.35930355098401 pleio
194 48.377207 -9.37004833996672 pleio
195 48.474506 -9.37967530716141 pleio
196 48.553159 -9.38809479313537 pleio
197 48.631813 -9.39635510608783 pleio
198 48.717003 -9.40446603297873 pleio
199 48.805261 -9.53532456944061 pleio
200 48.89352 -9.71355580723911 pleio
201 48.982344 -9.9022588256495 pleio
202 49.13026 -9.79611263632668 pleio
203 49.161395 -9.86181830368503 pleio
204 49.168603 -10.0625621191403 pleio
205 49.175812 -10.3441271084823 pleio
206 49.276939 -10.8892236633252 pleio
207 49.413086 -11.8708636649078 pleio
208 49.549232 -11.4139266571712 pleio
209 49.611939 -11.1523972173615 pleio
210 49.614662 -10.927269040631 pleio
211 49.617384 -10.7862771062472 pleio
212 49.620107 -10.6817964591047 pleio
213 49.62283 -10.5869119368945 pleio
214 49.625553 -10.5018672908254 pleio
215 49.628276 -10.4268581324401 pleio
216 49.638989 -10.3782377094529 pleio
217 49.65723 -10.3148640314711 pleio
218 49.660035 -10.2545047129392 pleio
219 49.66284 -10.1981722932838 pleio
220 49.665644 -10.1459133649023 pleio
221 49.668449 -10.0977679271751 pleio
222 49.671254 -10.0537699339358 pleio
223 49.674058 -10.0139477470886 pleio
224 49.695383 -9.97824481309176 pleio
225 49.798204 -9.96319492963531 pleio
226 49.807433 -9.94968777984852 pleio
227 49.816662 -9.93973009781898 pleio
228 49.911484 -12.3914534518265 pleio
229 50.08976 -12.5610259021892 pleio
230 50.121095 -12.5793524817714 pleio
231 50.152431 -12.5985982817452 pleio
232 50.173971 -12.6183578016119 pleio
233 50.177001 -12.6390697057797 pleio
234 50.180031 -12.4063186283048 pleio
235 50.183061 -12.3713781842949 pleio
236 50.18609 -12.4073586148682 pleio
237 50.18912 -12.446519555276 pleio
238 50.19215 -12.4663965891007 pleio
239 50.295327 -12.2136566093465 pleio
240 50.302108 -12.233034618958 pleio
241 50.308889 -12.2538149158843 pleio
242 50.311001 -12.2759916555905 pleio
243 40.751751 -8.91971229419936 profile1
244 40.852649 -7.81275243751796 profile1
245 40.963726 -7.75658360906042 profile1
246 41.071368 -7.76902030083759 profile1
247 41.130258 -7.79165777299794 profile1
248 41.189147 -7.81431806381939 profile1
249 41.248037 -7.83699619526147 profile1
250 41.306927 -7.85966157290641 profile1
251 41.376781 -7.88210976992311 profile1
252 41.466542 -7.90476456866554 profile1
253 41.467199 -7.92370523768819 profile1
254 41.467856 -7.9453977304571 profile1
255 41.535355 -7.94956703966082 profile1
256 41.812857 -8.2637416171922 profile1
257 42.090359 -8.27150188963023 profile1
258 42.192627 -8.28037050572542 profile1
259 42.292082 -8.29353661257194 profile1
260 42.391537 -8.30321085141212 profile1
261 42.490992 -8.31149009902762 profile1
262 42.590447 -8.31958679593756 profile1
263 42.689901 -8.32827889700932 profile1
264 42.789356 -8.33740985262133 profile1
265 42.929723 -8.34699882396738 profile1
266 43.030511 -8.32328170011152 profile1
267 43.09059 -8.27794326824701 profile1
268 43.150669 -8.23707330894349 profile1
269 43.210748 -8.20171072127618 profile1
270 43.265979 -8.17193703057444 profile1
271 43.296031 -8.13292098759777 profile1
272 43.336485 -7.83831952515566 profile1
273 43.376939 -7.8090025167286 profile1
274 43.399199 -6.79175397596882 profile1
275 43.400566 -6.76063002588778 profile1
276 43.401932 -6.15080210809225 profile1
277 43.416832 -5.67563223932938 profile1
278 43.545216 -5.64110550963102 profile1
279 43.659927 -5.65640724651904 profile1
280 43.662301 -5.67220113212836 profile1
281 43.664677 -5.68853243132921 profile1
282 43.66789 -5.69192657658035 profile1
283 43.746502 -5.71617153467998 profile1
284 43.811623 -5.76543454131447 profile1
285 43.828159 -5.82297354295862 profile1
286 43.836311 -5.88985853926324 profile1
287 43.838406 -5.96501411201655 profile1
288 43.840501 -6.04671008489943 profile1
289 43.844466 -6.13440343506038 profile1
290 43.861003 -6.22637893550183 profile1
291 43.901546 -6.30892414149739 profile1
292 43.980158 -6.3376422747863 profile1
293 44.020771 -6.34140389236306 profile1
294 44.053303 -6.35290334837036 profile1
295 44.085836 -6.37396764025094 profile1
296 44.138903 -6.39590962438041 profile1
297 44.294495 -6.10079992133534 profile1
298 44.317834 -6.11399200729292 profile1
299 44.341174 -6.10977634272487 profile1
300 44.364954 -6.07625232215763 profile1
301 44.431929 -5.98000970549894 profile1
302 44.438774 -5.82992329456913 profile1
303 44.445619 -5.68652625296281 profile1
304 44.482294 -5.55214678299722 profile1
305 44.551043 -5.48356726537592 profile1
306 44.564207 -5.29071088329601 profile1
307 44.568298 -5.09541784397686 profile1
308 44.572388 -4.89811170930252 profile1
309 44.576479 -4.70011369456415 profile1
310 44.58057 -4.50198892712222 profile1
311 44.584661 -4.29146603275205 profile1
312 44.588908 -4.0660074737342 profile1
313 44.596324 -3.84869571594007 profile1
314 44.603741 -3.64615754201474 profile1
315 44.608283 -3.45964134244175 profile1
316 44.609389 -3.28853889785911 profile1
317 44.610566 -3.13429892863704 profile1
318 44.612126 -2.99817061327005 profile1
319 44.618941 -2.88117115599063 profile1
320 44.625756 -2.78406207594966 profile1
321 44.632571 -2.65611993686262 profile1
322 44.721343 -2.57779613311138 profile1
323 44.725576 -2.54129433366157 profile1
324 44.729808 -2.51874415523601 profile1
325 44.761322 -2.50959581601743 profile1
326 44.780832 -2.50539563937579 profile1
327 44.800342 -2.33725998448356 profile1
328 44.819852 -2.13393127700396 profile1
329 44.838742 -2.11695398305204 profile1
330 44.856652 -2.14155279582888 profile1
331 44.867332 -2.19589699046858 profile1
332 44.874623 -2.28015279684033 profile1
333 44.881915 -2.39398838810358 profile1
334 44.889206 -2.53673183057023 profile1
335 44.896497 -2.68064624729611 profile1
336 44.940291 -2.48457343321128 profile1
337 44.995858 -2.36419171023385 profile1
338 45.051425 -2.28323474872098 profile1
339 45.101619 -2.23345071753464 profile1
340 45.106404 -2.21085568227426 profile1
341 45.111189 -2.2165406674641 profile1
342 45.144068 -2.22218525777946 profile1
343 45.165 -2.18442757476145 profile1
344 45.174292 -2.15242775573166 profile1
345 45.183584 -2.12542405711052 profile1
346 45.206863 -2.1073970651811 profile1
347 45.270542 -2.0150945422528 profile1
348 45.33422 -1.5608294015162 profile1
349 45.420117 -1.63895738101261 profile1
350 45.434499 -1.62679355897124 profile1
351 45.438006 -1.67331302658544 profile1
352 45.441513 -1.71045735847476 profile1
353 45.445019 -1.66450977657127 profile1
354 45.448526 -1.61877857680183 profile1
355 45.452033 -1.57349513380126 profile1
356 45.455539 -1.81651699661852 profile1
357 45.458985 -1.59268506253628 profile1
358 45.460636 -1.44473232990709 profile1
359 45.462287 -1.40356479314421 profile1
360 45.463938 -1.38249276153991 profile1
361 45.465589 -1.37199190563788 profile1
362 45.46724 -1.36219843662912 profile1
363 45.470001 -1.35312222221042 profile1
364 45.474942 -1.34477002716873 profile1
365 45.479882 -1.33715145298953 profile1
366 45.484823 -1.33027048584695 profile1
367 45.489764 -1.32413029141858 profile1
368 45.494704 -1.31873123099781 profile1
369 45.499645 -1.30221536644944 profile1
370 45.504585 -1.20348004377608 profile1
371 45.622192 -1.0421798355264 profile1
372 45.689416 -0.447033096253184 profile1
373 45.705169 -0.24357313929931 profile1
374 45.720922 0.327523511734754 profile1
375 46.0005425 0.377032289922747 profile1
376 46.280163 -0.312552477312365 profile1
377 46.288948 -1.30631150645104 profile1
378 46.297732 -1.50331783124445 profile1
379 46.306516 -1.51733604781047 profile1
380 46.315301 -1.5417464201624 profile1
381 46.32335 -1.54478581107921 profile1
382 46.326762 -1.54215886997194 profile1
383 46.330173 -1.52347423357642 profile1
384 46.333584 -1.48058595958021 profile1
385 46.336995 -1.40018966313258 profile1
386 46.341532 -1.33570418805185 profile1
387 46.350316 -1.28433422083587 profile1
388 46.358463 -1.2659404308819 profile1
389 46.360127 -1.29379038783673 profile1
390 46.36179 -1.32638121132675 profile1
391 46.363103 -1.36371066212742 profile1
392 46.364052 -1.40576809112499 profile1
393 46.364976 -1.45253450555298 profile1
394 46.365522 -1.50398249777676 profile1
395 46.366069 -1.56007621629226 profile1
396 46.366615 -1.62077155898674 profile1
397 46.367161 -1.68601579076312 profile1
398 46.367707 -1.75574765673495 profile1
399 46.368253 -1.82989836707199 profile1
400 46.368799 -1.8990668047268 profile1
401 46.485003 -2.93969474036132 profile1
402 46.557864 -2.67166577933811 profile1
403 46.610522 -2.58135420698602 profile1
404 46.616448 -2.56500233351562 profile1
405 46.622375 -2.55016214620395 profile1
406 46.628301 -2.53692989114194 profile1
407 46.687297 -2.52539694303477 profile1
408 46.730117 -2.52058081515326 profile1
409 46.732363 -2.5399591494277 profile1
410 46.73461 -2.58147885131709 profile1
411 46.736857 -2.64499399874019 profile1
412 46.739103 -2.73015516869154 profile1
413 46.74135 -2.82212543862141 profile1
414 46.750658 -2.82560362112489 profile1
415 46.815826 -2.8381520368553 profile1
416 46.828517 -2.96592174752204 profile1
417 46.833526 -3.15279678690672 profile1
418 46.838536 -3.25292212691807 profile1
419 46.843545 -3.36829134435291 profile1
420 46.848554 -3.4962853197499 profile1
421 46.853564 -3.63396191580737 profile1
422 46.921126 -3.78032272633609 profile1
423 47.021298 -3.90377987476021 profile1
424 47.023709 -3.88390357072769 profile1
425 47.02612 -3.89145145220647 profile1
426 47.035721 -3.91951269516798 profile1
427 47.160161 -4.17907288118872 profile1
428 47.295389 -4.44711339559446 profile1
429 47.430616 -4.49378684400545 profile1
430 47.565843 -4.50791087219823 profile1
431 47.70107 -4.52693373615695 profile1
432 47.836298 -4.49594597586444 profile1
433 47.971525 -4.49172540648287 profile1
434 48.106752 -4.50604891306634 profile1
435 48.24198 -4.51928177306168 profile1
436 48.377207 -4.53611810945711 profile1
437 48.474506 -4.55174170102052 profile1
438 48.553159 -4.56606412949974 profile1
439 48.631813 -4.58050305818044 profile1
440 48.717003 -4.59507889310787 profile1
441 48.805261 -4.84832485699316 profile1
442 48.89352 -5.20625983295433 profile1
443 48.982344 -5.63488237547655 profile1
444 49.13026 -5.51157736620063 profile1
445 49.161395 -5.5840089854024 profile1
446 49.168603 -5.66862423291822 profile1
447 49.175812 -5.80721334653895 profile1
448 49.276939 -6.31227721658071 profile1
449 49.413086 -7.25885042081381 profile1
450 49.549232 -6.6220356268682 profile1
451 49.611939 -6.41367733835302 profile1
452 49.614662 -6.24667885592051 profile1
453 49.617384 -6.15658687679728 profile1
454 49.620107 -6.06328726521017 profile1
455 49.62283 -5.97936632488796 profile1
456 49.625553 -5.90507918479857 profile1
457 49.628276 -5.84063366514615 profile1
458 49.638989 -5.80564847355219 profile1
459 49.65723 -5.75003421343896 profile1
460 49.660035 -5.68774874737775 profile1
461 49.66284 -5.62965877270292 profile1
462 49.665644 -5.57581856204745 profile1
463 49.668449 -5.52627227189901 profile1
464 49.671254 -5.48105460288763 profile1
465 49.674058 -5.44019146002505 profile1
466 49.695383 -5.40362150256218 profile1
467 49.798204 -5.39372115911148 profile1
468 49.807433 -5.38580289276258 profile1
469 49.816662 -5.37987849610889 profile1
470 49.911484 -7.66056125720588 profile1
471 50.08976 -7.79592565537236 profile1
472 50.121095 -7.79558398336046 profile1
473 50.152431 -7.79574222638334 profile1
474 50.173971 -7.79600406873767 profile1
475 50.177001 -7.79687622781422 profile1
476 50.180031 -7.59666444222032 profile1
477 50.183061 -7.55925167437971 profile1
478 50.18609 -7.55383310989121 profile1
479 50.18912 -7.54959915390348 profile1
480 50.19215 -7.52783634551883 profile1
481 50.295327 -7.30551767314968 profile1
482 50.302108 -7.28975281114919 profile1
483 50.308889 -7.27494595054848 profile1
484 50.311001 -7.2611801131092 profile1
485 40.751751 -3.26104619500963 profile2
486 40.852649 -3.3092373163981 profile2
487 40.963726 -3.22397346172916 profile2
488 41.071368 -3.22426615378113 profile2
489 41.130258 -3.2243313867527 profile2
490 41.189147 -3.22435145360572 profile2
491 41.248037 -3.22432220729519 profile2
492 41.306927 -3.22432962464093 profile2
493 41.376781 -3.22546793680407 profile2
494 41.466542 -3.22468824031603 profile2
495 41.467199 -3.22406837662717 profile2
496 41.467856 -3.22420452033915 profile2
497 41.535355 -3.22764410873769 profile2
498 41.812857 -3.43044078408908 profile2
499 42.090359 -3.43270935755103 profile2
500 42.192627 -3.42507635010217 profile2
501 42.292082 -3.41913333790067 profile2
502 42.391537 -3.41084376304946 profile2
503 42.490992 -3.39803348716225 profile2
504 42.590447 -3.38506968559099 profile2
505 42.689901 -3.3726044464266 profile2
506 42.789356 -3.36026278501256 profile2
507 42.929723 -3.34800056805315 profile2
508 43.030511 -3.33356727809885 profile2
509 43.09059 -3.31921175061068 profile2
510 43.150669 -3.3071343568311 profile2
511 43.210748 -3.29730393982751 profile2
512 43.265979 -3.28971226854951 profile2
513 43.296031 -3.29091116665082 profile2
514 43.336485 -3.35866229604783 profile2
515 43.376939 -3.35620357961703 profile2
516 43.399199 -3.12041351428194 profile2
517 43.400566 -2.80071668429977 profile2
518 43.401932 -2.81466128581596 profile2
519 43.416832 -2.85781394657819 profile2
520 43.545216 -2.86529587775186 profile2
521 43.659927 -2.86301531944962 profile2
522 43.662301 -2.85990606696454 profile2
523 43.664677 -2.8569650569104 profile2
524 43.66789 -2.85076553729161 profile2
525 43.746502 -2.82291694404396 profile2
526 43.811623 -2.80849352426331 profile2
527 43.828159 -2.81874233855284 profile2
528 43.836311 -2.83809750941764 profile2
529 43.838406 -2.84534596808312 profile2
530 43.840501 -2.75587433396034 profile2
531 43.844466 -2.66458314088292 profile2
532 43.861003 -2.58366123504006 profile2
533 43.901546 -2.52873036314129 profile2
534 43.980158 -2.46401553170858 profile2
535 44.020771 -2.48439644456737 profile2
536 44.053303 -2.49377767013891 profile2
537 44.085836 -2.47322233816221 profile2
538 44.138903 -2.46571930665099 profile2
539 44.294495 -2.48309905818314 profile2
540 44.317834 -2.47933269727182 profile2
541 44.341174 -2.49247591573264 profile2
542 44.364954 -2.48737519856617 profile2
543 44.431929 -2.12285450914456 profile2
544 44.438774 -2.06380514600962 profile2
545 44.445619 -2.04213984056861 profile2
546 44.482294 -2.10331180164722 profile2
547 44.551043 -2.14722798578589 profile2
548 44.564207 -2.05984675435993 profile2
549 44.568298 -1.97432215210702 profile2
550 44.572388 -1.89142807211402 profile2
551 44.576479 -1.81210721612345 profile2
552 44.58057 -1.73706769209229 profile2
553 44.584661 -1.66853443498461 profile2
554 44.588908 -1.60139133017277 profile2
555 44.596324 -1.53818640269268 profile2
556 44.603741 -1.48246662781639 profile2
557 44.608283 -1.43467912008883 profile2
558 44.609389 -1.39468505901575 profile2
559 44.610566 -1.36275786292932 profile2
560 44.612126 -1.33903065405143 profile2
561 44.618941 -1.32349692428512 profile2
562 44.625756 -1.31601686794988 profile2
563 44.632571 -1.29396356193499 profile2
564 44.721343 -1.24857205390881 profile2
565 44.725576 -1.17096271362487 profile2
566 44.729808 -1.10915978259039 profile2
567 44.761322 -1.06832801549973 profile2
568 44.780832 -1.03960446094752 profile2
569 44.800342 -0.970067958836919 profile2
570 44.819852 -0.90509533696986 profile2
571 44.838742 -0.996106162225445 profile2
572 44.856652 -1.02246410442765 profile2
573 44.867332 -1.05038486254147 profile2
574 44.874623 -1.07949558193112 profile2
575 44.881915 -1.1097251394913 profile2
576 44.889206 -1.14100551870874 profile2
577 44.896497 -1.13722406331123 profile2
578 44.940291 -0.510692967834416 profile2
579 44.995858 -0.474536781439544 profile2
580 45.051425 -0.375168323449275 profile2
581 45.101619 -0.30881530354521 profile2
582 45.106404 -0.265898787154503 profile2
583 45.111189 -0.229151946975603 profile2
584 45.144068 -0.257039577732736 profile2
585 45.165 -0.297643590884452 profile2
586 45.174292 -0.339433068462922 profile2
587 45.183584 -0.382181312884251 profile2
588 45.206863 -0.417499049257536 profile2
589 45.270542 -0.418221810899383 profile2
590 45.33422 -0.414482115971393 profile2
591 45.420117 -0.55765655856796 profile2
592 45.434499 -0.499899480993781 profile2
593 45.438006 -0.443671345527234 profile2
594 45.441513 -0.388606609934008 profile2
595 45.445019 -0.334570684937908 profile2
596 45.448526 -0.282434170532415 profile2
597 45.452033 -0.232337529610326 profile2
598 45.455539 -0.215956827536522 profile2
599 45.458985 -0.148907622650885 profile2
600 45.460636 -0.0959103601264402 profile2
601 45.462287 -0.0552480502137107 profile2
602 45.463938 -0.00833715981602137 profile2
603 45.465589 0.041515781754321 profile2
604 45.46724 0.0897835103851221 profile2
605 45.470001 0.136389081494534 profile2
606 45.474942 0.181260942655526 profile2
607 45.479882 0.224333078210071 profile2
608 45.484823 0.265545655405997 profile2
609 45.489764 0.304845103325871 profile2
610 45.494704 0.342184395233829 profile2
611 45.499645 0.377032289922747 profile2
612 45.504585 0.363030707284696 profile2
613 45.622192 0.113485029024347 profile2
614 45.689416 0.0396795313572299 profile2
615 45.705169 0.0592745282284594 profile2
616 45.720922 0.0610859526690374 profile2
617 46.0005425 -0.220219903686302 profile2
618 46.280163 -0.207668816925699 profile2
619 46.288948 -0.483342381102926 profile2
620 46.297732 -0.558486853702467 profile2
621 46.306516 -0.563848700676949 profile2
622 46.315301 -0.570627818323457 profile2
623 46.32335 -0.580480257426916 profile2
624 46.326762 -0.619977205096898 profile2
625 46.330173 -0.704600496263028 profile2
626 46.333584 -0.742228393470774 profile2
627 46.336995 -0.679847006742325 profile2
628 46.341532 -0.621447392963703 profile2
629 46.350316 -0.568090167684653 profile2
630 46.358463 -0.527159803267429 profile2
631 46.360127 -0.507494196792372 profile2
632 46.36179 -0.490297810671688 profile2
633 46.363103 -0.475628382191747 profile2
634 46.364052 -0.463538770059106 profile2
635 46.364976 -0.454076570290993 profile2
636 46.365522 -0.447283804433286 profile2
637 46.366069 -0.44319663229266 profile2
638 46.366615 -0.441845345121756 profile2
639 46.367161 -0.443252805082294 profile2
640 46.367707 -0.447437049111181 profile2
641 46.368253 -0.454408197528799 profile2
642 46.368799 -0.46216098353834 profile2
643 46.485003 -2.55081432394041 profile2
644 46.557864 -2.68379246650308 profile2
645 46.610522 -2.74287545242038 profile2
646 46.616448 -2.80247670292001 profile2
647 46.622375 -2.86197826431032 profile2
648 46.628301 -2.92119462540175 profile2
649 46.687297 -2.97993543278912 profile2
650 46.730117 -3.042345204324 profile2
651 46.732363 -3.11359009778674 profile2
652 46.73461 -3.18618912491703 profile2
653 46.736857 -3.2597566712074 profile2
654 46.739103 -3.33394579660103 profile2
655 46.74135 -3.40553581828376 profile2
656 46.750658 -3.45629783831158 profile2
657 46.815826 -3.57675677788607 profile2
658 46.828517 -3.76503835435861 profile2
659 46.833526 -3.95289075396907 profile2
660 46.838536 -4.13672712920754 profile2
661 46.843545 -4.31143747490531 profile2
662 46.848554 -4.47322426595226 profile2
663 46.853564 -4.61919441307642 profile2
664 46.921126 -4.74757611996087 profile2
665 47.021298 -4.85007576960864 profile2
666 47.023709 -4.89528174622999 profile2
667 47.02612 -4.9236360661438 profile2
668 47.035721 -4.95436496059433 profile2
669 47.160161 -5.07576203908826 profile2
670 47.295389 -5.10968649185369 profile2
671 47.430616 -5.10503590279838 profile2
672 47.565843 -5.10446326917629 profile2
673 47.70107 -5.10431505201293 profile2
674 47.836298 -5.16390803524685 profile2
675 47.971525 -5.23486439353622 profile2
676 48.106752 -5.23108695564397 profile2
677 48.24198 -5.22771015977242 profile2
678 48.377207 -5.2240964117265 profile2
679 48.474506 -5.22056203518932 profile2
680 48.553159 -5.21709872087011 profile2
681 48.631813 -5.21334150194858 profile2
682 48.717003 -5.20927693101152 profile2
683 48.805261 -5.08954478282266 profile2
684 48.89352 -4.91362802271129 profile2
685 48.982344 -4.68876164129898 profile2
686 49.13026 -4.71598914844864 profile2
687 49.161395 -4.72930540222283 profile2
688 49.168603 -4.87618108177677 profile2
689 49.175812 -5.0587794564704 profile2
690 49.276939 -5.11367877891197 profile2
691 49.413086 -5.15916468204616 profile2
692 49.549232 -5.38937925458263 profile2
693 49.611939 -5.35735140571401 profile2
694 49.614662 -5.32277108634683 profile2
695 49.617384 -5.2891710304756 profile2
696 49.620107 -5.27495614044521 profile2
697 49.62283 -5.26103230586712 profile2
698 49.625553 -5.24738851653905 profile2
699 49.628276 -5.23401204890095 profile2
700 49.638989 -5.21943049473605 profile2
701 49.65723 -5.21116445402771 profile2
702 49.660035 -5.21160489589395 profile2
703 49.66284 -5.21157472313436 profile2
704 49.665644 -5.21106590522796 profile2
705 49.668449 -5.21007539354934 profile2
706 49.671254 -5.20860499209669 profile2
707 49.674058 -5.206661106883 profile2
708 49.695383 -5.20424954181602 profile2
709 49.798204 -5.20023374319558 profile2
710 49.807433 -5.19617143165577 profile2
711 49.816662 -5.19319536854329 profile2
712 49.911484 -5.42064251806075 profile2
713 50.08976 -5.48652798898366 profile2
714 50.121095 -5.50134179852038 profile2
715 50.152431 -5.51674547035742 profile2
716 50.173971 -5.53271490349687 profile2
717 50.177001 -5.54921329746896 profile2
718 50.180031 -5.51345103182764 profile2
719 50.183061 -5.52416290322279 profile2
720 50.18609 -5.56550923713423 profile2
721 50.18912 -5.6092080868187 profile2
722 50.19215 -5.6500719454396 profile2
723 50.295327 -5.61397709367072 profile2
724 50.302108 -5.6512032396345 profile2
725 50.308889 -5.68890799464368 profile2
726 50.311001 -5.72699590290957 profile2
