marker_position lod trace
1 40.751751 -1.93750792305509 pleio
2 40.852649 -2.38697270414271 pleio
3 40.963726 -2.38271299431048 pleio
4 41.071368 -2.37976322271478 pleio
5 41.130258 -2.37919838937995 pleio
6 41.189147 -2.37870543986082 pleio
7 41.248037 -2.3782890743513 pleio
8 41.306927 -2.37805996572513 pleio
9 41.376781 -2.37994988852331 pleio
10 41.466542 -2.38278615508696 pleio
11 41.467199 -2.38447775800347 pleio
12 41.467856 -2.38709224411106 pleio
13 41.535355 -2.36869713436966 pleio
14 41.812857 -2.30408401440044 pleio
15 42.090359 -2.30620449010901 pleio
16 42.192627 -2.30542149313976 pleio
17 42.292082 -2.28822885797409 pleio
18 42.391537 -2.28178540376827 pleio
19 42.490992 -2.29074022284937 pleio
20 42.590447 -2.28840095613357 pleio
21 42.689901 -2.28534302521121 pleio
22 42.789356 -2.28259653425545 pleio
23 42.929723 -2.27995618522845 pleio
24 43.030511 -2.25598227615946 pleio
25 43.09059 -2.21966593003667 pleio
26 43.150669 -2.18796322114385 pleio
27 43.210748 -2.16182107325362 pleio
28 43.265979 -2.14133174656857 pleio
29 43.296031 -2.11307253038572 pleio
30 43.336485 -1.44496991030301 pleio
31 43.376939 -1.42660372040578 pleio
32 43.399199 -1.87894258592476 pleio
33 43.400566 -2.20260363098766 pleio
34 43.401932 -2.12435438023866 pleio
35 43.416832 -2.26060578662293 pleio
36 43.545216 -2.49666094442412 pleio
37 43.659927 -2.49840192277091 pleio
38 43.662301 -2.50273731704529 pleio
39 43.664677 -2.50729580111668 pleio
40 43.66789 -2.4982019890645 pleio
41 43.746502 -2.68984581213564 pleio
42 43.811623 -2.91723724689206 pleio
43 43.828159 -2.95949846479149 pleio
44 43.836311 -3.00327066116327 pleio
45 43.838406 -3.0124347912387 pleio
46 43.840501 -2.88723362882826 pleio
47 43.844466 -2.80615345648934 pleio
48 43.861003 -2.77754226256181 pleio
49 43.901546 -2.78256000111655 pleio
50 43.980158 -2.58571894422373 pleio
51 44.020771 -2.43969946099261 pleio
52 44.053303 -2.24377828870148 pleio
53 44.085836 -2.00194455101681 pleio
54 44.138903 -1.91657137311666 pleio
55 44.294495 -1.91403895155509 pleio
56 44.317834 -1.87405831713561 pleio
57 44.341174 -1.81967438262562 pleio
58 44.364954 -1.73947151900172 pleio
59 44.431929 -1.16103731692826 pleio
60 44.438774 -1.16904606159098 pleio
61 44.445619 -1.22817339432057 pleio
62 44.482294 -1.36376074191034 pleio
63 44.551043 -1.44846830665835 pleio
64 44.564207 -1.39350442731835 pleio
65 44.568298 -1.33945690828588 pleio
66 44.572388 -1.28587621837651 pleio
67 44.576479 -1.23428708274037 pleio
68 44.58057 -1.18422995008176 pleio
69 44.584661 -1.14195933899189 pleio
70 44.588908 -1.10542163093216 pleio
71 44.596324 -1.07234757179867 pleio
72 44.603741 -1.04761679785643 pleio
73 44.608283 -1.02976985488334 pleio
74 44.609389 -1.01742999209154 pleio
75 44.610566 -1.01081999875068 pleio
76 44.612126 -1.01007116889567 pleio
77 44.618941 -1.01522117039825 pleio
78 44.625756 -1.02621587377167 pleio
79 44.632571 -1.0180415395886 pleio
80 44.721343 -1.0102523676133 pleio
81 44.725576 -0.999501019528875 pleio
82 44.729808 -1.02836609361501 pleio
83 44.761322 -1.08657220062602 pleio
84 44.780832 -1.11534167951907 pleio
85 44.800342 -0.853708151455048 pleio
86 44.819852 -0.617629384990427 pleio
87 44.838742 -0.432614998967224 pleio
88 44.856652 -0.454547122312809 pleio
89 44.867332 -0.476514469728552 pleio
90 44.874623 -0.496548824433325 pleio
91 44.881915 -0.514285652655313 pleio
92 44.889206 -0.529406848256305 pleio
93 44.896497 -0.589474286732956 pleio
94 44.940291 -2.12421437242621 pleio
95 44.995858 -2.06973102334556 pleio
96 45.051425 -2.03506007458678 pleio
97 45.101619 -2.00057951772945 pleio
98 45.106404 -1.96209558156246 pleio
99 45.111189 -1.92864888486021 pleio
100 45.144068 -1.90361904479236 pleio
101 45.165 -1.89141092685957 pleio
102 45.174292 -1.88070278252253 pleio
103 45.183584 -1.87157221765071 pleio
104 45.206863 -1.86527265134397 pleio
105 45.270542 -1.88787229038522 pleio
106 45.33422 -1.23166097183357 pleio
107 45.420117 -1.10091049461279 pleio
108 45.434499 -1.04086542206029 pleio
109 45.438006 -0.987172584980807 pleio
110 45.441513 -0.940497839057529 pleio
111 45.445019 -0.897983945049699 pleio
112 45.448526 -0.85831952668333 pleio
113 45.452033 -0.82178444983955 pleio
114 45.455539 -1.08737117430102 pleio
115 45.458985 -0.868898741009493 pleio
116 45.460636 -0.732354376671067 pleio
117 45.462287 -0.710513658037152 pleio
118 45.463938 -0.708590533953554 pleio
119 45.465589 -0.716516836796955 pleio
120 45.46724 -0.725416000186128 pleio
121 45.470001 -0.735272290445679 pleio
122 45.474942 -0.746066300487035 pleio
123 45.479882 -0.757781404527385 pleio
124 45.484823 -0.770394855899258 pleio
125 45.489764 -0.783883033020728 pleio
126 45.494704 -0.798219459376319 pleio
127 45.499645 -0.813676038462576 pleio
128 45.504585 -0.853833647781258 pleio
129 45.622192 -0.892139457034837 pleio
130 45.689416 -0.07930904799963 pleio
131 45.705169 -0.0555186732567801 pleio
132 45.720922 0 pleio
133 46.0005425 -0.712467718858609 pleio
134 46.280163 -0.79660575007517 pleio
135 46.288948 -1.7377138253134 pleio
136 46.297732 -1.89246224595512 pleio
137 46.306516 -1.92225029504268 pleio
138 46.315301 -1.95374139536265 pleio
139 46.32335 -2.03816093557915 pleio
140 46.326762 -2.23134393548377 pleio
141 46.330173 -2.45594943295821 pleio
142 46.333584 -2.66582896119078 pleio
143 46.336995 -2.81518877788019 pleio
144 46.341532 -2.96750366717287 pleio
145 46.350316 -3.1134033751431 pleio
146 46.358463 -3.23525983292465 pleio
147 46.360127 -3.29163199250321 pleio
148 46.36179 -3.35030789758983 pleio
149 46.363103 -3.41124829795693 pleio
150 46.364052 -3.47440810691721 pleio
151 46.364976 -3.53973661369921 pleio
152 46.365522 -3.607177591988 pleio
153 46.366069 -3.67666944081154 pleio
154 46.366615 -3.74814596212782 pleio
155 46.367161 -3.82153368908227 pleio
156 46.367707 -3.89675757101687 pleio
157 46.368253 -3.97373607933296 pleio
158 46.368799 -4.04487579752612 pleio
159 46.485003 -5.60568423948934 pleio
160 46.557864 -5.64153328475622 pleio
161 46.610522 -5.61902865307087 pleio
162 46.616448 -5.59554374758011 pleio
163 46.622375 -5.57093115409223 pleio
164 46.628301 -5.54520394855634 pleio
165 46.687297 -5.51838261672052 pleio
166 46.730117 -5.48846084676685 pleio
167 46.732363 -5.45654377949187 pleio
168 46.73461 -5.42780578594548 pleio
169 46.736857 -5.40268604995302 pleio
170 46.739103 -5.38136559248335 pleio
171 46.74135 -5.3619900697579 pleio
172 46.750658 -5.33025238577496 pleio
173 46.815826 -5.26114523964618 pleio
174 46.828517 -5.01304288271724 pleio
175 46.833526 -4.87969792380068 pleio
176 46.838536 -4.82292720776789 pleio
177 46.843545 -4.78231576481304 pleio
178 46.848554 -4.75679333857211 pleio
179 46.853564 -4.74453145431163 pleio
180 46.921126 -4.74369884232939 pleio
181 47.021298 -4.95998350668077 pleio
182 47.023709 -4.90420759763253 pleio
183 47.02612 -4.86676249076608 pleio
184 47.035721 -4.84304917661212 pleio
185 47.160161 -4.81054896338579 pleio
186 47.295389 -4.78094820126272 pleio
187 47.430616 -4.77311836827707 pleio
188 47.565843 -4.76459484692906 pleio
189 47.70107 -4.75239596452083 pleio
190 47.836298 -4.88157206882305 pleio
191 47.971525 -5.05820154395641 pleio
192 48.106752 -5.04909913975921 pleio
193 48.24198 -5.04115546181359 pleio
194 48.377207 -5.03455153313724 pleio
195 48.474506 -5.02867029745763 pleio
196 48.553159 -5.02355938034019 pleio
197 48.631813 -5.01883745601864 pleio
198 48.717003 -5.01450945825396 pleio
199 48.805261 -5.00643498698178 pleio
200 48.89352 -4.90757407351231 pleio
201 48.982344 -4.61395871256209 pleio
202 49.13026 -4.59295045296992 pleio
203 49.161395 -4.58907328122001 pleio
204 49.168603 -4.59606324100035 pleio
205 49.175812 -4.71619661617324 pleio
206 49.276939 -4.8733397939394 pleio
207 49.413086 -5.01384298494473 pleio
208 49.549232 -5.75264645535074 pleio
209 49.611939 -5.68227985674748 pleio
210 49.614662 -5.58413246940538 pleio
211 49.617384 -5.51330794525015 pleio
212 49.620107 -5.54913351850175 pleio
213 49.62283 -5.58601794079689 pleio
214 49.625553 -5.62380375154398 pleio
215 49.628276 -5.66233126564002 pleio
216 49.638989 -5.70705068907728 pleio
217 49.65723 -5.74723652581709 pleio
218 49.660035 -5.77270385119014 pleio
219 49.66284 -5.795782717614 pleio
220 49.665644 -5.81638523768096 pleio
221 49.668449 -5.83444755641814 pleio
222 49.671254 -5.8499305081687 pleio
223 49.674058 -5.86281960448559 pleio
224 49.695383 -5.87375661503847 pleio
225 49.798204 -5.87695458627396 pleio
226 49.807433 -5.87798311913333 pleio
227 49.816662 -5.8811459560881 pleio
228 49.911484 -5.72626506020524 pleio
229 50.08976 -6.49699742954694 pleio
230 50.121095 -6.47913430132496 pleio
231 50.152431 -6.46402055095116 pleio
232 50.173971 -6.45125372377216 pleio
233 50.177001 -6.44155551797079 pleio
234 50.180031 -6.02319664683407 pleio
235 50.183061 -5.87118501374858 pleio
236 50.18609 -5.84789397215006 pleio
237 50.18912 -5.82760837795812 pleio
238 50.19215 -5.85125436712508 pleio
239 50.295327 -6.12421684282335 pleio
240 50.302108 -6.10877621162642 pleio
241 50.308889 -6.09338987083186 pleio
242 50.311001 -6.07813669402608 pleio
243 40.751751 -1.88190864026231 profile1
244 40.852649 -1.96196621982576 profile1
245 40.963726 -2.0489075458752 profile1
246 41.071368 -2.0469569913258 profile1
247 41.130258 -2.04807912411309 profile1
248 41.189147 -2.04936495813594 profile1
249 41.248037 -2.05081527862352 profile1
250 41.306927 -2.05240261855319 profile1
251 41.376781 -2.05342428076047 profile1
252 41.466542 -2.05280538329152 profile1
253 41.467199 -2.05109880991591 profile1
254 41.467856 -2.05047259013151 profile1
255 41.535355 -2.0271241253805 profile1
256 41.812857 -1.78390926840281 profile1
257 42.090359 -1.78242814382765 profile1
258 42.192627 -1.77628410991125 profile1
259 42.292082 -1.74698074175642 profile1
260 42.391537 -1.73380358389646 profile1
261 42.490992 -1.74124931089261 profile1
262 42.590447 -1.7358616016194 profile1
263 42.689901 -1.73017428870315 profile1
264 42.789356 -1.72461935371698 profile1
265 42.929723 -1.71901681079136 profile1
266 43.030511 -1.69269352312526 profile1
267 43.09059 -1.65198835313775 profile1
268 43.150669 -1.61277847788668 profile1
269 43.210748 -1.57549551102148 profile1
270 43.265979 -1.54028037896364 profile1
271 43.296031 -1.49456682505079 profile1
272 43.336485 -1.44496991030301 profile1
273 43.376939 -1.41623049872523 profile1
274 43.399199 -1.60293187810688 profile1
275 43.400566 -1.80474882986764 profile1
276 43.401932 -1.84350817039505 profile1
277 43.416832 -2.03382025495534 profile1
278 43.545216 -2.29052932208724 profile1
279 43.659927 -2.28811474273274 profile1
280 43.662301 -2.28402481528425 profile1
281 43.664677 -2.2802521763928 profile1
282 43.66789 -2.26079251050298 profile1
283 43.746502 -2.16318959717282 profile1
284 43.811623 -2.16899146696685 profile1
285 43.828159 -2.1751415008405 profile1
286 43.836311 -2.18095687216016 profile1
287 43.838406 -2.18702734629106 profile1
288 43.840501 -2.19713464941238 profile1
289 43.844466 -2.20592838750877 profile1
290 43.861003 -2.21227523893776 profile1
291 43.901546 -2.21171203579388 profile1
292 43.980158 -2.21226890561351 profile1
293 44.020771 -2.2302063597879 profile1
294 44.053303 -2.05299243786682 profile1
295 44.085836 -1.8115879905911 profile1
296 44.138903 -1.75371643969803 profile1
297 44.294495 -1.6931175334121 profile1
298 44.317834 -1.66218622668425 profile1
299 44.341174 -1.65618792578104 profile1
300 44.364954 -1.67552492847059 profile1
301 44.431929 -1.16103731692826 profile1
302 44.438774 -1.15052754111342 profile1
303 44.445619 -1.22066741130318 profile1
304 44.482294 -1.33082195823477 profile1
305 44.551043 -1.3249980248025 profile1
306 44.564207 -1.25408204648297 profile1
307 44.568298 -1.18510504152161 profile1
308 44.572388 -1.12181348882329 profile1
309 44.576479 -1.06265418619584 profile1
310 44.58057 -1.01287374597159 profile1
311 44.584661 -0.969132993323368 profile1
312 44.588908 -0.939428626749699 profile1
313 44.596324 -0.915559349362333 profile1
314 44.603741 -0.87722494882518 profile1
315 44.608283 -0.832121613040325 profile1
316 44.609389 -0.792548963518492 profile1
317 44.610566 -0.758904194443657 profile1
318 44.612126 -0.731488963315725 profile1
319 44.618941 -0.710502041120384 profile1
320 44.625756 -0.696036558118025 profile1
321 44.632571 -0.690131266161885 profile1
322 44.721343 -0.662819287849276 profile1
323 44.725576 -0.582311367735713 profile1
324 44.729808 -0.518509677771544 profile1
325 44.761322 -0.478722368486657 profile1
326 44.780832 -0.472175314284227 profile1
327 44.800342 -0.503574632789231 profile1
328 44.819852 -0.508262521237423 profile1
329 44.838742 -0.432614998967224 profile1
330 44.856652 -0.444003387030541 profile1
331 44.867332 -0.452868901436085 profile1
332 44.874623 -0.457320055726403 profile1
333 44.881915 -0.45705207511735 profile1
334 44.889206 -0.451824862504682 profile1
335 44.896497 -0.432020025901065 profile1
336 44.940291 -0.429856158079378 profile1
337 44.995858 -0.382005542770826 profile1
338 45.051425 -0.355558999266523 profile1
339 45.101619 -0.332432691277546 profile1
340 45.106404 -0.307217144581133 profile1
341 45.111189 -0.285412770078008 profile1
342 45.144068 -0.277007464444344 profile1
343 45.165 -0.263336843184086 profile1
344 45.174292 -0.252104845398743 profile1
345 45.183584 -0.242935933275291 profile1
346 45.206863 -0.236866334346843 profile1
347 45.270542 -0.251672105426106 profile1
348 45.33422 0.406921359842361 profile1
349 45.420117 0.388212768423935 profile1
350 45.434499 0.401084384397515 profile1
351 45.438006 0.408037036573518 profile1
352 45.441513 0.411599824886549 profile1
353 45.445019 0.416781348493278 profile1
354 45.448526 0.421276175873736 profile1
355 45.452033 0.425077084519462 profile1
356 45.455539 0.151197944550184 profile1
357 45.458985 0.328102133069438 profile1
358 45.460636 0.431149541997382 profile1
359 45.462287 0.432189277532007 profile1
360 45.463938 0.439006059601719 profile1
361 45.465589 0.449432662254063 profile1
362 45.46724 0.460250051773175 profile1
363 45.470001 0.47143900122307 profile1
364 45.474942 0.482980286176091 profile1
365 45.479882 0.494846540701043 profile1
366 45.484823 0.507014017410423 profile1
367 45.489764 0.519456079755945 profile1
368 45.494704 0.532146081194776 profile1
369 45.499645 0.544574825998931 profile1
370 45.504585 0.541619269286862 profile1
371 45.622192 0.511416192124404 profile1
372 45.689416 0.828714824657902 profile1
373 45.705169 0.834009221454272 profile1
374 45.720922 0.815547606542749 profile1
375 46.0005425 0.740312955405937 profile1
376 46.280163 0.682312610171715 profile1
377 46.288948 0.0768722933982835 profile1
378 46.297732 0.0306760298899497 profile1
379 46.306516 0.0228397240099628 profile1
380 46.315301 0.0102375529805392 profile1
381 46.32335 -0.0308239093332247 profile1
382 46.326762 -0.139791669818164 profile1
383 46.330173 -0.25651995244434 profile1
384 46.333584 -0.399524808159205 profile1
385 46.336995 -0.554448088635434 profile1
386 46.341532 -0.708140934156243 profile1
387 46.350316 -0.853057402364395 profile1
388 46.358463 -0.969634787824951 profile1
389 46.360127 -1.01979293897872 profile1
390 46.36179 -1.07154324306879 profile1
391 46.363103 -1.12485122800402 profile1
392 46.364052 -1.17967803897411 profile1
393 46.364976 -1.23598077074301 profile1
394 46.365522 -1.29371254957269 profile1
395 46.366069 -1.35282264065785 profile1
396 46.366615 -1.4132573814936 profile1
397 46.367161 -1.47495660984205 profile1
398 46.367707 -1.53786075587282 profile1
399 46.368253 -1.60190468477123 profile1
400 46.368799 -1.6613311524211 profile1
401 46.485003 -2.60648975236266 profile1
402 46.557864 -2.67083493236557 profile1
403 46.610522 -2.66517490279883 profile1
404 46.616448 -2.66309912433263 profile1
405 46.622375 -2.6606844448086 profile1
406 46.628301 -2.65791493064812 profile1
407 46.687297 -2.65477626013119 profile1
408 46.730117 -2.64451432803395 profile1
409 46.732363 -2.6238957388516 profile1
410 46.73461 -2.606298824315 profile1
411 46.736857 -2.59201278483683 profile1
412 46.739103 -2.58116297831635 profile1
413 46.74135 -2.57395462318334 profile1
414 46.750658 -2.56897521967414 profile1
415 46.815826 -2.60766285018417 profile1
416 46.828517 -2.56455809773493 profile1
417 46.833526 -2.63342261481337 profile1
418 46.838536 -2.7649472181202 profile1
419 46.843545 -2.90641309075743 profile1
420 46.848554 -3.05279795887573 profile1
421 46.853564 -3.19906014522504 profile1
422 46.921126 -3.34116261111703 profile1
423 47.021298 -3.21124087760785 profile1
424 47.023709 -3.2410825220525 profile1
425 47.02612 -3.28198212582462 profile1
426 47.035721 -3.28488390229567 profile1
427 47.160161 -3.25369671923693 profile1
428 47.295389 -3.24044916249118 profile1
429 47.430616 -3.24478226121762 profile1
430 47.565843 -3.24216510292044 profile1
431 47.70107 -3.23489218274854 profile1
432 47.836298 -3.29081215972101 profile1
433 47.971525 -3.37604625225792 profile1
434 48.106752 -3.37376094870004 profile1
435 48.24198 -3.37111284773875 profile1
436 48.377207 -3.36872887592746 profile1
437 48.474506 -3.36647051328655 profile1
438 48.553159 -3.36433722384099 profile1
439 48.631813 -3.36224104017326 profile1
440 48.717003 -3.3602171058291 profile1
441 48.805261 -3.33227732804276 profile1
442 48.89352 -3.272773861738 profile1
443 48.982344 -3.17824231807909 profile1
444 49.13026 -3.18001807076803 profile1
445 49.161395 -3.19667104676568 profile1
446 49.168603 -3.15306089299136 profile1
447 49.175812 -3.1361292168565 profile1
448 49.276939 -3.06954944443665 profile1
449 49.413086 -3.15743746913542 profile1
450 49.549232 -3.63093008119667 profile1
451 49.611939 -3.59588248659905 profile1
452 49.614662 -3.54538838379257 profile1
453 49.617384 -3.51111257368926 profile1
454 49.620107 -3.53169511378847 profile1
455 49.62283 -3.55295109408529 profile1
456 49.625553 -3.57480383736619 profile1
457 49.628276 -3.59717359569664 profile1
458 49.638989 -3.62232790696709 profile1
459 49.65723 -3.65137655546369 profile1
460 49.660035 -3.67924980707979 profile1
461 49.66284 -3.70659923819645 profile1
462 49.665644 -3.73332807297745 profile1
463 49.668449 -3.75934231995376 profile1
464 49.671254 -3.78455219552305 profile1
465 49.674058 -3.80887343668934 profile1
466 49.695383 -3.83278930747406 profile1
467 49.798204 -3.83871944190301 profile1
468 49.807433 -3.84093162372927 profile1
469 49.816662 -3.84292722180057 profile1
470 49.911484 -3.90972392443236 profile1
471 50.08976 -4.16441580776121 profile1
472 50.121095 -4.16928944425192 profile1
473 50.152431 -4.17527794143084 profile1
474 50.173971 -4.18186498684281 profile1
475 50.177001 -4.18961236193666 profile1
476 50.180031 -3.94442068539742 profile1
477 50.183061 -3.87111320445084 profile1
478 50.18609 -3.85534421095372 profile1
479 50.18912 -3.84239938686295 profile1
480 50.19215 -3.87686735020099 profile1
481 50.295327 -4.12239633852396 profile1
482 50.302108 -4.11155855210795 profile1
483 50.308889 -4.10003958643251 profile1
484 50.311001 -4.08784648464439 profile1
485 40.751751 -0.174373050211678 profile2
486 40.852649 -0.408676449213058 profile2
487 40.963726 -0.309901836547369 profile2
488 41.071368 -0.307642651705251 profile2
489 41.130258 -0.304628351471948 profile2
490 41.189147 -0.301518231030674 profile2
491 41.248037 -0.298316540335864 profile2
492 41.306927 -0.295156594953234 profile2
493 41.376781 -0.29455689745405 profile2
494 41.466542 -0.296388784850396 profile2
495 41.467199 -0.298183927661422 profile2
496 41.467856 -0.299924778720942 profile2
497 41.535355 -0.298997937184694 profile2
498 41.812857 -0.322189274322713 profile2
499 42.090359 -0.324749364933478 profile2
500 42.192627 -0.327984919681098 profile2
501 42.292082 -0.336371564106581 profile2
502 42.391537 -0.340001803419152 profile2
503 42.490992 -0.339189743933616 profile2
504 42.590447 -0.340168731729928 profile2
505 42.689901 -0.340872411243377 profile2
506 42.789356 -0.341783197558535 profile2
507 42.929723 -0.342856834731498 profile2
508 43.030511 -0.339045948624148 profile2
509 43.09059 -0.334905764097348 profile2
510 43.150669 -0.334997234435622 profile2
511 43.210748 -0.339884028228306 profile2
512 43.265979 -0.349542251134145 profile2
513 43.296031 -0.362154674531482 profile2
514 43.336485 0.215383331003532 profile2
515 43.376939 0.206871083655395 profile2
516 43.399199 -0.0337430897813973 profile2
517 43.400566 -0.148605786436049 profile2
518 43.401932 -0.00766886608607145 profile2
519 43.416832 0.0446618333755041 profile2
520 43.545216 0.0541189426025859 profile2
521 43.659927 0.051751045241167 profile2
522 43.662301 0.0455833347039509 profile2
523 43.664677 0.0394590304617727 profile2
524 43.66789 0.0317825532614788 profile2
525 43.746502 -0.246721002522599 profile2
526 43.811623 -0.484646200152061 profile2
527 43.828159 -0.518175344928614 profile2
528 43.836311 -0.554633580165784 profile2
529 43.838406 -0.553455868113198 profile2
530 43.840501 -0.398449642701015 profile2
531 43.844466 -0.292066636592571 profile2
532 43.861003 -0.245358401776737 profile2
533 43.901546 -0.244208831975728 profile2
534 43.980158 -0.00738353846124589 profile2
535 44.020771 0.192138327951906 profile2
536 44.053303 0.227385957968746 profile2
537 44.085836 0.239017901717051 profile2
538 44.138903 0.275607451721434 profile2
539 44.294495 0.257825054355542 profile2
540 44.317834 0.267637166691594 profile2
541 44.341174 0.310668411754015 profile2
542 44.364954 0.409240081646378 profile2
543 44.431929 0.54090936032749 profile2
544 44.438774 0.528618380822809 profile2
545 44.445619 0.542254570791425 profile2
546 44.482294 0.511744277400966 profile2
547 44.551043 0.418732787714686 profile2
548 44.564207 0.415393762345488 profile2
549 44.568298 0.412060814776489 profile2
550 44.572388 0.412351304341855 profile2
551 44.576479 0.413346768093881 profile2
552 44.58057 0.420008966852979 profile2
553 44.584661 0.422699660086485 profile2
554 44.588908 0.430004198318978 profile2
555 44.596324 0.445554876962492 profile2
556 44.603741 0.442755215497419 profile2
557 44.608283 0.425564687938599 profile2
558 44.609389 0.407092207387281 profile2
559 44.610566 0.387431627432231 profile2
560 44.612126 0.366696234063776 profile2
561 44.618941 0.345014969753003 profile2
562 44.625756 0.322528100178542 profile2
563 44.632571 0.326717527973801 profile2
564 44.721343 0.313825014742517 profile2
565 44.725576 0.257805197121647 profile2
566 44.729808 0.173821860108532 profile2
567 44.761322 0.0803345550137081 profile2
568 44.780832 0.0496351661639785 profile2
569 44.800342 0.422175484115088 profile2
570 44.819852 0.719062659802663 profile2
571 44.838742 0.834009221454272 profile2
572 44.856652 0.825484287244732 profile2
573 44.867332 0.814486825402653 profile2
574 44.874623 0.801131327337497 profile2
575 44.881915 0.785487085141543 profile2
576 44.889206 0.767630186423253 profile2
577 44.896497 0.695838412408068 profile2
578 44.940291 -0.84232490526241 profile2
579 44.995858 -0.832056138957342 profile2
580 45.051425 -0.819155470626522 profile2
581 45.101619 -0.805244880538201 profile2
582 45.106404 -0.791757912190404 profile2
583 45.111189 -0.781190482419819 profile2
584 45.144068 -0.765959990884878 profile2
585 45.165 -0.767192790398598 profile2
586 45.174292 -0.767938418004623 profile2
587 45.183584 -0.76861018064328 profile2
588 45.206863 -0.76901895656985 profile2
589 45.270542 -0.77969661906414 profile2
590 45.33422 -0.794875152350693 profile2
591 45.420117 -0.66497867571367 profile2
592 45.434499 -0.611400282883299 profile2
593 45.438006 -0.56040303308869 profile2
594 45.441513 -0.514866024281243 profile2
595 45.445019 -0.475745719364111 profile2
596 45.448526 -0.439529477024306 profile2
597 45.452033 -0.406495725378731 profile2
598 45.455539 -0.38638561036104 profile2
599 45.458985 -0.354758383860253 profile2
600 45.460636 -0.326685306644813 profile2
601 45.462287 -0.30853653028328 profile2
602 45.463938 -0.313167660405657 profile2
603 45.465589 -0.32975194888398 profile2
604 45.46724 -0.34803883885234 profile2
605 45.470001 -0.367995698763994 profile2
606 45.474942 -0.389585055228238 profile2
607 45.479882 -0.412763221310731 profile2
608 45.484823 -0.437482691749033 profile2
609 45.489764 -0.463691158489999 profile2
610 45.494704 -0.491332326345394 profile2
611 45.499645 -0.520182356416029 profile2
612 45.504585 -0.558618504188898 profile2
613 45.622192 -0.56547721109594 profile2
614 45.689416 -0.0740637774786836 profile2
615 45.705169 -0.0555186732567801 profile2
616 45.720922 0.02107384859993 profile2
617 46.0005425 -0.60473919266504 profile2
618 46.280163 -0.619894034696998 profile2
619 46.288948 -0.909492322292634 profile2
620 46.297732 -1.01417702273515 profile2
621 46.306516 -1.03441873444213 profile2
622 46.315301 -1.05147964799964 profile2
623 46.32335 -1.09733414738431 profile2
624 46.326762 -1.20095095793546 profile2
625 46.330173 -1.34325650346233 profile2
626 46.333584 -1.43546097668683 profile2
627 46.336995 -1.42811171817624 profile2
628 46.341532 -1.42420403075345 profile2
629 46.350316 -1.42209496513514 profile2
630 46.358463 -1.42517122371786 profile2
631 46.360127 -1.43309705680901 profile2
632 46.36179 -1.44246621664799 profile2
633 46.363103 -1.45327834555611 profile2
634 46.364052 -1.46552982125539 profile2
635 46.364976 -1.47921364199455 profile2
636 46.365522 -1.49431941999866 profile2
637 46.366069 -1.51083339247381 profile2
638 46.366615 -1.52873830421402 profile2
639 46.367161 -1.5480141123565 profile2
640 46.367707 -1.56863687809006 profile2
641 46.368253 -1.59057987141997 profile2
642 46.368799 -1.6115389893371 profile2
643 46.485003 -2.48035429165873 profile2
644 46.557864 -2.45156865647853 profile2
645 46.610522 -2.43807006679843 profile2
646 46.616448 -2.42006929287259 profile2
647 46.622375 -2.40168992385452 profile2
648 46.628301 -2.38296407271244 profile2
649 46.687297 -2.36392785394953 profile2
650 46.730117 -2.34877223408108 profile2
651 46.732363 -2.34216539504495 profile2
652 46.73461 -2.33723092617019 profile2
653 46.736857 -2.3341120342358 profile2
654 46.739103 -2.33283879428305 profile2
655 46.74135 -2.33076229953355 profile2
656 46.750658 -2.31113035590582 profile2
657 46.815826 -2.21315098721407 profile2
658 46.828517 -2.01465386291205 profile2
659 46.833526 -1.82918091578437 profile2
660 46.838536 -1.66666234676991 profile2
661 46.843545 -1.51465100537832 profile2
662 46.848554 -1.37614404041291 profile2
663 46.853564 -1.25326522182495 profile2
664 46.921126 -1.14709338563601 profile2
665 47.021298 -1.5882533245078 profile2
666 47.023709 -1.52189922725875 profile2
667 47.02612 -1.46653057821687 profile2
668 47.035721 -1.4569347279144 profile2
669 47.160161 -1.46019409700323 profile2
670 47.295389 -1.4471715295699 profile2
671 47.430616 -1.44250814802031 profile2
672 47.565843 -1.44078234872448 profile2
673 47.70107 -1.43947678715579 profile2
674 47.836298 -1.53676039245362 profile2
675 47.971525 -1.66203524215221 profile2
676 48.106752 -1.6595310320482 profile2
677 48.24198 -1.65835123402589 profile2
678 48.377207 -1.65776268184059 profile2
679 48.474506 -1.65787396042461 profile2
680 48.553159 -1.65872770472573 profile2
681 48.631813 -1.65993155615168 profile2
682 48.717003 -1.6614534923908 profile2
683 48.805261 -1.69584896742977 profile2
684 48.89352 -1.67826128869367 profile2
685 48.982344 -1.53807583805636 profile2
686 49.13026 -1.52618038623016 profile2
687 49.161395 -1.51905533810295 profile2
688 49.168603 -1.61202436840992 profile2
689 49.175812 -1.79076447947873 profile2
690 49.276939 -2.01450452411206 profile2
691 49.413086 -2.10976497324374 profile2
692 49.549232 -2.46091738039007 profile2
693 49.611939 -2.44059338440248 profile2
694 49.614662 -2.41087660250277 profile2
695 49.617384 -2.39002528118573 profile2
696 49.620107 -2.40777962501521 profile2
697 49.62283 -2.42610048289615 profile2
698 49.625553 -2.44489327045402 profile2
699 49.628276 -2.4640627202395 profile2
700 49.638989 -2.48784993744132 profile2
701 49.65723 -2.50807192736664 profile2
702 49.660035 -2.51467753609165 profile2
703 49.66284 -2.5194522711995 profile2
704 49.665644 -2.52239129528849 profile2
705 49.668449 -2.52351150791447 profile2
706 49.671254 -2.52285079259132 profile2
707 49.674058 -2.52046668414565 profile2
708 49.695383 -2.51652372113879 profile2
709 49.798204 -2.51666491244357 profile2
710 49.807433 -2.51783327041194 profile2
711 49.816662 -2.52061416544686 profile2
712 49.911484 -2.38444600542831 profile2
713 50.08976 -2.97204787642534 profile2
714 50.121095 -2.94817937525758 profile2
715 50.152431 -2.92597050767297 profile2
716 50.173971 -2.90553537035672 profile2
717 50.177001 -2.88703554865233 profile2
718 50.180031 -2.71745629038969 profile2
719 50.183061 -2.64362769226452 profile2
720 50.18609 -2.64051904984179 profile2
721 50.18912 -2.63797457810873 profile2
722 50.19215 -2.6344318936667 profile2
723 50.295327 -2.67415923052461 profile2
724 50.302108 -2.67357955483593 profile2
725 50.308889 -2.67356888637259 profile2
726 50.311001 -2.6741859002867 profile2
