marker_position lod trace
1 67.606765 -7.91302837171651 pleio
2 67.613251 -7.91653538370071 pleio
3 67.619736 -7.92018986023163 pleio
4 67.626222 -7.92399111033339 pleio
5 67.641347 -7.92793860522925 pleio
6 67.654855 -7.93201417605891 pleio
7 67.658769 -7.93585576521059 pleio
8 67.662682 -7.93979801858125 pleio
9 67.666596 -7.94386351693282 pleio
10 67.679986 -7.94807067424817 pleio
11 67.708923 -7.9179046119051 pleio
12 67.715069 -7.88778000625239 pleio
13 67.721215 -7.86150829489854 pleio
14 67.746869 -7.8379104402267 pleio
15 67.778018 -7.84233063723343 pleio
16 67.809168 -7.84856752608663 pleio
17 67.895218 -7.84115145670404 pleio
18 67.900561 -7.8338347348323 pleio
19 67.905905 -7.83909165901096 pleio
20 67.911248 -7.8579477212508 pleio
21 67.920171 -7.85255529797715 pleio
22 67.929072 -7.79212187720043 pleio
23 67.937973 -7.75674461273427 pleio
24 67.946874 -7.74659867777328 pleio
25 67.962131 -7.7584507644929 pleio
26 68.103338 -7.76745759106186 pleio
27 68.122257 -7.77120804409066 pleio
28 68.141177 -7.78589151238049 pleio
29 68.410128 -7.78697496389414 pleio
30 68.415239 -7.78121320443721 pleio
31 68.42035 -7.77666998728065 pleio
32 68.640199 -7.7655891813594 pleio
33 68.652056 -7.76103795692207 pleio
34 68.656091 -7.77131714674388 pleio
35 68.660126 -7.79534535770344 pleio
36 68.664161 -7.83181331131706 pleio
37 68.685197 -7.87527144188949 pleio
38 68.806919 -7.89687387680687 pleio
39 68.816104 -7.89875370665831 pleio
40 68.825289 -7.90069537937337 pleio
41 68.885575 -7.91027179135533 pleio
42 68.886394 -7.92697523053256 pleio
43 68.887213 -7.94415541247497 pleio
44 68.888033 -7.96175443762961 pleio
45 68.888852 -7.97971091944122 pleio
46 68.889671 -7.99795960286126 pleio
47 68.89049 -8.08614274801561 pleio
48 68.89131 -8.17650533165181 pleio
49 68.892129 -8.26112953581946 pleio
50 68.987403 -8.07283342058832 pleio
51 69.064645 -7.02962649269882 pleio
52 69.131341 -6.73434159677902 pleio
53 69.198036 -6.75458674824204 pleio
54 69.214855 -6.75323680679533 pleio
55 69.21825 -6.75880397769007 pleio
56 69.221446 -6.77165222788192 pleio
57 69.224642 -6.79189820954032 pleio
58 69.227838 -6.81939793951758 pleio
59 69.231034 -6.18991454713709 pleio
60 69.23423 -6.09686761938717 pleio
61 69.237426 -6.09193786030187 pleio
62 69.240621 -6.08725345620061 pleio
63 69.244859 -6.08281899415388 pleio
64 69.252696 -6.07874037917966 pleio
65 69.260534 -6.0732909919542 pleio
66 69.416362 -5.8568047945719 pleio
67 69.484146 -5.87580428117238 pleio
68 69.505599 -5.87082432020269 pleio
69 69.508945 -5.86128303900176 pleio
70 69.512291 -5.85422019119528 pleio
71 69.515636 -5.84965088343325 pleio
72 69.542556 -5.86990856489499 pleio
73 69.592546 -6.58640141897664 pleio
74 69.66328 -6.66754207328224 pleio
75 69.721392 -6.67105091233506 pleio
76 69.724456 -6.67540660244491 pleio
77 69.727519 -6.67981538508223 pleio
78 69.733033 -6.68427514485445 pleio
79 69.768364 -6.51301445911797 pleio
80 69.782339 -6.26113855965268 pleio
81 69.796313 -5.92938648970986 pleio
82 69.810287 -0.400750531049233 pleio
83 69.829176 -0.0573962721762741 pleio
84 69.837051 -0.143206436017223 pleio
85 69.844926 -0.265452867638828 pleio
86 69.869428 -0.396640030169104 pleio
87 69.876397 -0.545970527573214 pleio
88 69.876657 -0.692732256047194 pleio
89 69.876917 -0.834554111985724 pleio
90 69.924127 -0.664846801158837 pleio
91 69.978753 -0.4736239603624 pleio
92 70.033378 -0.449309350255208 pleio
93 70.042973 -0.42549331279417 pleio
94 70.043703 -0.402017456217951 pleio
95 70.044434 -0.379092315408532 pleio
96 70.087246 -0.356948252179655 pleio
97 70.141872 -0.335533277344072 pleio
98 70.196497 -0.248383243579322 pleio
99 70.400832 -0.219797389667462 pleio
100 70.421006 -0.181264187358129 pleio
101 70.441181 -0.141231905158002 pleio
102 70.60917 -0.104692855962861 pleio
103 70.612702 -0.0836552477390714 pleio
104 70.616235 -0.0583248236153019 pleio
105 70.661194 -0.0177761067285928 pleio
106 70.728481 -0.00419790833833628 pleio
107 70.750402 0 pleio
108 70.772323 -0.0504076555233228 pleio
109 70.779053 -0.132085163783613 pleio
110 70.782062 -0.210884128932545 pleio
111 70.785072 -0.290312675620022 pleio
112 71.12066 -0.231774831620281 pleio
113 71.198629 -0.229885988095715 pleio
114 71.276599 -0.228149790606402 pleio
115 71.354568 -0.308632629564671 pleio
116 71.418821 -0.340621441224786 pleio
117 71.422464 -0.466119733036138 pleio
118 71.425934 -0.634040416192221 pleio
119 71.429405 -0.687408026572809 pleio
120 71.432875 -0.672170807678586 pleio
121 71.436346 -0.665334522066521 pleio
122 71.439817 -0.66703199279982 pleio
123 71.443287 -0.67734408654723 pleio
124 71.449172 -0.680190323766802 pleio
125 71.46043 -0.650303904192133 pleio
126 71.475844 -0.619806898865244 pleio
127 71.510771 -0.58976656965734 pleio
128 71.658293 -0.561516711056819 pleio
129 71.675712 -0.536202214895056 pleio
130 71.693132 -0.512709938198554 pleio
131 71.782692 -1.24554085308659 pleio
132 71.793079 -1.26635415063713 pleio
133 71.803404 -1.16673469330502 pleio
134 71.813729 -1.02657097634478 pleio
135 71.824055 -1.25189078161447 pleio
136 71.83438 -1.34884611751154 pleio
137 71.859513 -1.32689517134003 pleio
138 71.937774 -1.41928485608855 pleio
139 71.945079 -1.54163827921994 pleio
140 71.952385 -1.58584864092443 pleio
141 71.98473 -1.59808596208018 pleio
142 72.012709 -1.63248464264871 pleio
143 72.040688 -1.64494108186605 pleio
144 72.210521 -1.60444643969872 pleio
145 72.314268 -2.19812859213191 pleio
146 72.366456 -2.02593604772622 pleio
147 72.411367 -2.01027929798477 pleio
148 72.450663 -2.00510955947485 pleio
149 72.471305 -2.07244770583373 pleio
150 72.491946 -2.05083672252126 pleio
151 72.512588 -2.09627769737042 pleio
152 72.601385 -2.59427289657409 pleio
153 72.621813 -2.561815012274 pleio
154 72.642242 -2.60778818529645 pleio
155 72.66267 -2.66134801542172 pleio
156 72.771429 -3.14608352681914 pleio
157 72.883243 -3.1348011578866 pleio
158 72.898448 -3.14958263182439 pleio
159 72.913654 -3.17243309765516 pleio
160 72.928859 -3.20262844982495 pleio
161 72.944065 -3.24451581661458 pleio
162 72.95927 -3.29757241502575 pleio
163 72.974476 -3.74032951924584 pleio
164 72.989681 -4.08859582837395 pleio
165 72.996574 -4.0287098047332 pleio
166 72.9996 -4.0471099849234 pleio
167 73.002626 -4.0917456965605 pleio
168 73.005652 -4.14387661762989 pleio
169 73.012925 -4.19721017384446 pleio
170 73.023956 -4.25369230850947 pleio
171 73.034987 -4.31513703091287 pleio
172 73.046018 -4.3413580683141 pleio
173 73.057049 -4.37077039944083 pleio
174 73.06808 -4.41101483121058 pleio
175 73.079353 -4.47446218037573 pleio
176 73.111862 -4.18217953043539 pleio
177 73.146945 -4.50129420495722 pleio
178 73.171837 -4.92834203451515 pleio
179 73.196729 -5.04745500403808 pleio
180 73.629401 -5.07458876712391 pleio
181 74.062073 -5.06591239130224 pleio
182 74.066223 -5.06699385486973 pleio
183 74.070373 -5.06766316074683 pleio
184 74.074523 -5.06791246855632 pleio
185 74.078673 -5.0677388235904 pleio
186 74.082823 -5.00360928512974 pleio
187 74.3761735 -5.0016171899408 pleio
188 74.669524 -4.90937621330988 pleio
189 74.672012 -4.80409749831746 pleio
190 74.674499 -4.74551147610107 pleio
191 74.716248 -4.7406315279889 pleio
192 74.724515 -4.79239270705067 pleio
193 74.732783 -4.75277984372094 pleio
194 75.0995546666667 -4.88561366908102 pleio
195 75.4663263333333 -4.92814805888214 pleio
196 75.833098 -4.85607296393297 pleio
197 75.863363 -4.84960792234929 pleio
198 75.875899 -4.85183818352361 pleio
199 75.888435 -4.89575748500873 pleio
200 75.900971 -5.05219356985277 pleio
201 75.903257 -5.27659810471192 pleio
202 75.904489 -5.33802393764805 pleio
203 75.905721 -5.33193952604775 pleio
204 75.917304 -5.32949755805071 pleio
205 76.287653 -5.32286539319392 pleio
206 76.288899 -5.33141131481734 pleio
207 76.290145 -5.34603337857571 pleio
208 76.397032 -5.35382627444382 pleio
209 76.403847 -5.37165159501338 pleio
210 76.410663 -5.39306610354708 pleio
211 76.607927 -5.20097433076752 pleio
212 76.623625 -4.96568407070591 pleio
213 76.633554 -4.95399969067138 pleio
214 76.643483 -4.94860101863287 pleio
215 76.653411 -4.94939163953514 pleio
216 76.66334 -4.95615959953152 pleio
217 76.700004 -5.0141603436265 pleio
218 67.606765 -5.56817790714334 profile1
219 67.613251 -5.57040346978244 profile1
220 67.619736 -5.57269196596714 profile1
221 67.626222 -5.57504310514174 profile1
222 67.641347 -5.57745607209436 profile1
223 67.654855 -5.57992097519635 profile1
224 67.658769 -5.58222960909753 profile1
225 67.662682 -5.58452432334408 profile1
226 67.666596 -5.58684492793055 profile1
227 67.679986 -5.5892244619707 profile1
228 67.708923 -5.59248588508166 profile1
229 67.715069 -5.59442744848167 profile1
230 67.721215 -5.59483653397299 profile1
231 67.746869 -5.59158874591143 profile1
232 67.778018 -5.59424606864777 profile1
233 67.809168 -5.59692913315565 profile1
234 67.895218 -5.62398560080841 profile1
235 67.900561 -5.67256608877544 profile1
236 67.905905 -5.73004431269676 profile1
237 67.911248 -5.79615425443737 profile1
238 67.920171 -5.81794650738524 profile1
239 67.929072 -5.74908385987876 profile1
240 67.937973 -5.69653034777537 profile1
241 67.946874 -5.66064986701056 profile1
242 67.962131 -5.6499060552595 profile1
243 68.103338 -5.64624597417371 profile1
244 68.122257 -5.64523074427012 profile1
245 68.141177 -5.65723809948069 profile1
246 68.410128 -5.65271899283529 profile1
247 68.415239 -5.67812768389102 profile1
248 68.42035 -5.70709789115611 profile1
249 68.640199 -5.73449494322947 profile1
250 68.652056 -5.76546097691051 profile1
251 68.656091 -5.80773786717897 profile1
252 68.660126 -5.86087282940142 profile1
253 68.664161 -5.92403171896492 profile1
254 68.685197 -5.9888963042803 profile1
255 68.806919 -6.01964144776667 profile1
256 68.816104 -6.02068139359886 profile1
257 68.825289 -6.02174721548161 profile1
258 68.885575 -6.02455750564106 profile1
259 68.886394 -6.0289175344844 profile1
260 68.887213 -6.03330305792212 profile1
261 68.888033 -6.0376988606876 profile1
262 68.888852 -6.04209051456539 profile1
263 68.889671 -6.04646302047731 profile1
264 68.89049 -6.11294474104799 profile1
265 68.89131 -6.17824048785578 profile1
266 68.892129 -6.23495238844338 profile1
267 68.987403 -5.96607933609675 profile1
268 69.064645 -5.18062561535962 profile1
269 69.131341 -5.23742581248373 profile1
270 69.198036 -5.24267407459004 profile1
271 69.214855 -5.25172306345608 profile1
272 69.21825 -5.26388930216515 profile1
273 69.221446 -5.27917371444297 profile1
274 69.224642 -5.2974610020255 profile1
275 69.227838 -5.31852477055206 profile1
276 69.231034 -5.42049195307322 profile1
277 69.23423 -5.45942064561391 profile1
278 69.237426 -5.45314600412605 profile1
279 69.240621 -5.4469646865383 profile1
280 69.244859 -5.4408812651151 profile1
281 69.252696 -5.43465091524039 profile1
282 69.260534 -5.42462706209591 profile1
283 69.416362 -5.19603510223711 profile1
284 69.484146 -4.87886988098256 profile1
285 69.505599 -4.87986505910514 profile1
286 69.508945 -4.88410085009217 profile1
287 69.512291 -4.88872477620631 profile1
288 69.515636 -4.89367436411112 profile1
289 69.542556 -4.90755547763207 profile1
290 69.592546 -4.65287507814312 profile1
291 69.66328 -4.8231333007242 profile1
292 69.721392 -4.81986283939701 profile1
293 69.724456 -4.81324140028056 profile1
294 69.727519 -4.80645702779448 profile1
295 69.733033 -4.79952382223543 profile1
296 69.768364 -4.74646742872274 profile1
297 69.782339 -4.6712683243983 profile1
298 69.796313 -4.61944991466324 profile1
299 69.810287 -0.400750531049233 profile1
300 69.829176 -0.0573962721762741 profile1
301 69.837051 -0.0627916786066797 profile1
302 69.844926 -0.0601353547348596 profile1
303 69.869428 -0.057736395761982 profile1
304 69.876397 -0.0619516791448714 profile1
305 69.876657 -0.066163577327886 profile1
306 69.876917 -0.0700734039806105 profile1
307 69.924127 0.0940299438079717 profile1
308 69.978753 0.228394952278711 profile1
309 70.033378 0.232899482496574 profile1
310 70.042973 0.238295534356013 profile1
311 70.043703 0.244701129719148 profile1
312 70.044434 0.252040119779625 profile1
313 70.087246 0.259339359206916 profile1
314 70.141872 0.265807112743627 profile1
315 70.196497 0.287618813495099 profile1
316 70.400832 0.294787125846788 profile1
317 70.421006 0.301576778908411 profile1
318 70.441181 0.31084193535862 profile1
319 70.60917 0.325923632239792 profile1
320 70.612702 0.360467267108244 profile1
321 70.616235 0.43205260951768 profile1
322 70.661194 0.445664060497666 profile1
323 70.728481 0.435944706162497 profile1
324 70.750402 0.416353679024053 profile1
325 70.772323 0.378896999801022 profile1
326 70.779053 0.333117000166083 profile1
327 70.782062 0.292974603245322 profile1
328 70.785072 0.256704063643131 profile1
329 71.12066 0.460602914979348 profile1
330 71.198629 0.457077646395001 profile1
331 71.276599 0.453698556838675 profile1
332 71.354568 0.322410394140313 profile1
333 71.418821 0.332427469533816 profile1
334 71.422464 0.311173115178896 profile1
335 71.425934 0.250222984561944 profile1
336 71.429405 0.218632830091374 profile1
337 71.432875 0.213659026633382 profile1
338 71.436346 0.200708798613631 profile1
339 71.439817 0.17965067899352 profile1
340 71.443287 0.15040666240882 profile1
341 71.449172 0.123919016660375 profile1
342 71.46043 0.119383009679494 profile1
343 71.475844 0.115865775433063 profile1
344 71.510771 0.112828860546789 profile1
345 71.658293 0.108870168715441 profile1
346 71.675712 0.103286112310616 profile1
347 71.693132 0.0983872914296196 profile1
348 71.782692 -0.553968041634878 profile1
349 71.793079 -0.523853634776403 profile1
350 71.803404 -0.49701660348181 profile1
351 71.813729 -0.449695598898491 profile1
352 71.824055 -0.382142800959141 profile1
353 71.83438 -0.306032423022145 profile1
354 71.859513 -0.266702128721643 profile1
355 71.937774 -0.363151703115789 profile1
356 71.945079 -0.388004236742873 profile1
357 71.952385 -0.397512931801728 profile1
358 71.98473 -0.392382695783771 profile1
359 72.012709 -0.386280453481584 profile1
360 72.040688 -0.379105763649826 profile1
361 72.210521 -0.381046257004824 profile1
362 72.314268 -0.315110401552546 profile1
363 72.366456 -0.271691025423736 profile1
364 72.411367 -0.250165843581559 profile1
365 72.450663 -0.229820295819587 profile1
366 72.471305 -0.214882702007986 profile1
367 72.491946 -0.151102196445641 profile1
368 72.512588 -0.161481076552205 profile1
369 72.601385 -0.403166205868824 profile1
370 72.621813 -0.501098277234713 profile1
371 72.642242 -0.621752533816109 profile1
372 72.66267 -0.748351832390299 profile1
373 72.771429 -0.999471419327975 profile1
374 72.883243 -0.983030146245133 profile1
375 72.898448 -0.979594985028186 profile1
376 72.913654 -0.982589403496288 profile1
377 72.928859 -0.992009540848369 profile1
378 72.944065 -1.0096343885072 profile1
379 72.95927 -1.05279303207789 profile1
380 72.974476 -1.41518153057579 profile1
381 72.989681 -2.11876682174456 profile1
382 72.996574 -2.07088894740984 profile1
383 72.9996 -2.07924318881749 profile1
384 73.002626 -2.09692584925329 profile1
385 73.005652 -2.11720885825182 profile1
386 73.012925 -2.13584836847202 profile1
387 73.023956 -2.15458946327709 profile1
388 73.034987 -2.17504264036414 profile1
389 73.046018 -2.15980361933934 profile1
390 73.057049 -2.14348245463521 profile1
391 73.06808 -2.1337040173663 profile1
392 73.079353 -2.14224048640263 profile1
393 73.111862 -1.63937141011353 profile1
394 73.146945 -1.85801109521431 profile1
395 73.171837 -2.13895410713366 profile1
396 73.196729 -2.12659009223933 profile1
397 73.629401 -2.14650704968461 profile1
398 74.062073 -2.13969146263521 profile1
399 74.066223 -2.15033844868538 profile1
400 74.070373 -2.16017281921207 profile1
401 74.074523 -2.169172421343 profile1
402 74.078673 -2.17732325658932 profile1
403 74.082823 -2.23676193035146 profile1
404 74.3761735 -2.20118686036662 profile1
405 74.669524 -2.20299384363812 profile1
406 74.672012 -2.17443299956115 profile1
407 74.674499 -2.17578333258196 profile1
408 74.716248 -2.21080060691251 profile1
409 74.724515 -2.28134796218282 profile1
410 74.732783 -2.3056865397517 profile1
411 75.0995546666667 -2.51646977242401 profile1
412 75.4663263333333 -2.57473481021494 profile1
413 75.833098 -2.56660275158983 profile1
414 75.863363 -2.65352168289642 profile1
415 75.875899 -2.74699706525845 profile1
416 75.888435 -2.83425750542653 profile1
417 75.900971 -2.92579238356797 profile1
418 75.903257 -3.05465711500153 profile1
419 75.904489 -3.0930344987148 profile1
420 75.905721 -3.09458770111384 profile1
421 75.917304 -3.09950816513669 profile1
422 76.287653 -3.09432459550112 profile1
423 76.288899 -3.09074216803872 profile1
424 76.290145 -3.08937141451857 profile1
425 76.397032 -3.08656063833749 profile1
426 76.403847 -3.08551338741964 profile1
427 76.410663 -3.06602614945974 profile1
428 76.607927 -2.95285730708354 profile1
429 76.623625 -2.71689607384676 profile1
430 76.633554 -2.6440746269734 profile1
431 76.643483 -2.57668944628846 profile1
432 76.653411 -2.51530726125034 profile1
433 76.66334 -2.46054604729586 profile1
434 76.700004 -2.45349468891155 profile1
435 67.606765 -3.29145183994523 profile2
436 67.613251 -3.2929790081807 profile2
437 67.619736 -3.29459436739328 profile2
438 67.626222 -3.29629761396496 profile2
439 67.641347 -3.2980890041678 profile2
440 67.654855 -3.29995806558406 profile2
441 67.658769 -3.30171140601353 profile2
442 67.662682 -3.30358575491743 profile2
443 67.666596 -3.30556246277139 profile2
444 67.679986 -3.30762570602354 profile2
445 67.708923 -3.27134609036532 profile2
446 67.715069 -3.23536028074606 profile2
447 67.721215 -3.20405735403101 profile2
448 67.746869 -3.1787109640601 profile2
449 67.778018 -3.18052432000793 profile2
450 67.809168 -3.18445531892877 profile2
451 67.895218 -3.13910347816866 profile2
452 67.900561 -3.0664642687873 profile2
453 67.905905 -2.99870467455798 profile2
454 67.911248 -2.93739939747052 profile2
455 67.920171 -2.89839912673795 profile2
456 67.929072 -2.89852467160075 profile2
457 67.937973 -2.91030429591447 profile2
458 67.946874 -2.93357242710801 profile2
459 67.962131 -2.95481048682487 profile2
460 68.103338 -2.96741396585319 profile2
461 68.122257 -2.97257164160244 profile2
462 68.141177 -2.95976356179201 profile2
463 68.410128 -2.94103203148243 profile2
464 68.415239 -2.91391838724442 profile2
465 68.42035 -2.88418428895847 profile2
466 68.640199 -2.84569030806534 profile2
467 68.652056 -2.8087648961643 profile2
468 68.656091 -2.77761325069035 profile2
469 68.660126 -2.75140924488077 profile2
470 68.664161 -2.72940247236441 profile2
471 68.685197 -2.71321931402989 profile2
472 68.806919 -2.70690817090187 profile2
473 68.816104 -2.70781147926292 profile2
474 68.825289 -2.70874615556498 profile2
475 68.885575 -2.71732902326384 profile2
476 68.886394 -2.7329073555875 profile2
477 68.887213 -2.74873834277396 profile2
478 68.888033 -2.76477093372282 profile2
479 68.888852 -2.78095103176101 profile2
480 68.889671 -2.79722260167041 profile2
481 68.89049 -2.8217269525091 profile2
482 68.89131 -2.84943864472476 profile2
483 68.892129 -2.87963629119055 profile2
484 68.987403 -2.96522608067151 profile2
485 69.064645 -2.62867616520319 profile2
486 69.131341 -2.22354576687689 profile2
487 69.198036 -2.24625384641674 profile2
488 69.214855 -2.2476280218983 profile2
489 69.21825 -2.25135315538734 profile2
490 69.221446 -2.25763598453536 profile2
491 69.224642 -2.26659181869166 profile2
492 69.227838 -2.27822805051623 profile2
493 69.231034 -1.47312450765341 profile2
494 69.23423 -1.33325458293291 profile2
495 69.237426 -1.33466583404614 profile2
496 69.240621 -1.3361875284175 profile2
497 69.244859 -1.33781819529582 profile2
498 69.252696 -1.339910802808 profile2
499 69.260534 -1.34439856421983 profile2
500 69.416362 -1.28753955070759 profile2
501 69.484146 -1.56863652759501 profile2
502 69.505599 -1.56409547023494 profile2
503 69.508945 -1.55346711245002 profile2
504 69.512291 -1.54438502230518 profile2
505 69.515636 -1.53690956254463 profile2
506 69.542556 -1.54915592301857 profile2
507 69.592546 -2.43659656978063 profile2
508 69.66328 -2.35351500733818 profile2
509 69.721392 -2.36061716488637 profile2
510 69.724456 -2.37226262878595 profile2
511 69.727519 -2.38402104462245 profile2
512 69.733033 -2.39587394543511 profile2
513 69.768364 -2.25952526909232 profile2
514 69.782339 -2.05706512939535 profile2
515 69.796313 -1.7540305926237 profile2
516 69.810287 0.410342993355852 profile2
517 69.829176 0.460602914979348 profile2
518 69.837051 0.379088882823414 profile2
519 69.844926 0.253627982505054 profile2
520 69.869428 0.118453555205888 profile2
521 69.876397 -0.0292881849985536 profile2
522 69.876657 -0.17380799999206 profile2
523 69.876917 -0.309634930015024 profile2
524 69.924127 -0.296346660480116 profile2
525 69.978753 -0.248636786741214 profile2
526 70.033378 -0.233680008151743 profile2
527 70.042973 -0.219363043164197 profile2
528 70.043703 -0.205630362741151 profile2
529 70.044434 -0.192602784404322 profile2
530 70.087246 -0.179664401171653 profile2
531 70.141872 -0.166139820670522 profile2
532 70.196497 -0.10111808002739 profile2
533 70.400832 -0.0801638073158652 profile2
534 70.421006 -0.0487390526871753 profile2
535 70.441181 -0.0178690097889147 profile2
536 70.60917 0.00426635995925915 profile2
537 70.612702 -0.00685710999635983 profile2
538 70.616235 -0.0474622243432649 profile2
539 70.661194 -0.0177761067285928 profile2
540 70.728481 0.00837325887765848 profile2
541 70.750402 0.0362081238038144 profile2
542 70.772323 0.0274825352582451 profile2
543 70.779053 -0.00298850846920208 profile2
544 70.782062 -0.034712673836087 profile2
545 70.785072 -0.0695271541185962 profile2
546 71.12066 -0.226682569988481 profile2
547 71.198629 -0.219858880797689 profile2
548 71.276599 -0.213285110708785 profile2
549 71.354568 -0.1821735862898 profile2
550 71.418821 -0.235841540325673 profile2
551 71.422464 -0.354860389491985 profile2
552 71.425934 -0.485868825876935 profile2
553 71.429405 -0.521595132744786 profile2
554 71.432875 -0.506874322134582 profile2
555 71.436346 -0.493352926932049 profile2
556 71.439817 -0.481005588949677 profile2
557 71.443287 -0.469802979816042 profile2
558 71.449172 -0.452075645289723 profile2
559 71.46043 -0.418131598731751 profile2
560 71.475844 -0.384376310098021 profile2
561 71.510771 -0.351405974641582 profile2
562 71.658293 -0.319714914374327 profile2
563 71.675712 -0.289963328830741 profile2
564 71.693132 -0.26241186316277 profile2
565 71.782692 -0.384174202470818 profile2
566 71.793079 -0.439065214265723 profile2
567 71.803404 -0.377997735337385 profile2
568 71.813729 -0.291910346502846 profile2
569 71.824055 -0.659389716339177 profile2
570 71.83438 -0.86746087255187 profile2
571 71.859513 -0.880196121585996 profile2
572 71.937774 -0.909887262410029 profile2
573 71.945079 -1.02131860757881 profile2
574 71.952385 -1.06163901943778 profile2
575 71.98473 -1.07611644129606 profile2
576 72.012709 -1.11116707076046 profile2
577 72.040688 -1.12712000373387 profile2
578 72.210521 -1.12722274405197 profile2
579 72.314268 -1.97626933537387 profile2
580 72.366456 -1.84394413404445 profile2
581 72.411367 -1.84842152527499 profile2
582 72.450663 -1.86147707565119 profile2
583 72.471305 -1.93796167871203 profile2
584 72.491946 -1.98085649706725 profile2
585 72.512588 -2.03829644183139 profile2
586 72.601385 -2.33212752969357 profile2
587 72.621813 -2.2110697448702 profile2
588 72.642242 -2.13346543902865 profile2
589 72.66267 -2.05842499250489 profile2
590 72.771429 -2.33035270465139 profile2
591 72.883243 -2.33700148205966 profile2
592 72.898448 -2.3596545481891 profile2
593 72.913654 -2.38544275969935 profile2
594 72.928859 -2.41362741149546 profile2
595 72.944065 -2.44657597452329 profile2
596 72.95927 -2.48255242271787 profile2
597 72.974476 -2.69422902604338 profile2
598 72.989681 -2.57362523312936 profile2
599 72.996574 -2.57114999077142 profile2
600 72.9996 -2.58022853804906 profile2
601 73.002626 -2.60444369874409 profile2
602 73.005652 -2.63309084535101 profile2
603 73.012925 -2.66502524232768 profile2
604 73.023956 -2.70009191144676 profile2
605 73.034987 -2.73807211286679 profile2
606 73.046018 -2.77974578342297 profile2
607 73.057049 -2.82698753309683 profile2
608 73.06808 -2.87920996167469 profile2
609 73.079353 -2.93523812518315 profile2
610 73.111862 -3.07421603962304 profile2
611 73.146945 -3.16867350313836 profile2
612 73.171837 -3.33211278959054 profile2
613 73.196729 -3.46986399281585 profile2
614 73.629401 -3.47990403974014 profile2
615 74.062073 -3.47605806770938 profile2
616 74.066223 -3.46612488047422 profile2
617 74.070373 -3.45631927896982 profile2
618 74.074523 -3.44665922571473 profile2
619 74.078673 -3.43716099289843 profile2
620 74.082823 -3.32280902160104 profile2
621 74.3761735 -3.3512503403083 profile2
622 74.669524 -3.2575803355729 profile2
623 74.672012 -3.15926852794334 profile2
624 74.674499 -3.07876584806761 profile2
625 74.716248 -3.02048982585164 profile2
626 74.724515 -2.9869515533549 profile2
627 74.732783 -2.9089017288351 profile2
628 75.0995546666667 -2.96812332748801 profile2
629 75.4663263333333 -2.95177267859773 profile2
630 75.833098 -2.89231620817519 profile2
631 75.863363 -2.80066292616716 profile2
632 75.875899 -2.71230341467126 profile2
633 75.888435 -2.66496888231709 profile2
634 75.900971 -2.71654169198468 profile2
635 75.903257 -2.80800111866645 profile2
636 75.904489 -2.82815779003354 profile2
637 75.905721 -2.81489690278729 profile2
638 75.917304 -2.80073280925253 profile2
639 76.287653 -2.79523316841809 profile2
640 76.288899 -2.80411288610224 profile2
641 76.290145 -2.81669559996571 profile2
642 76.397032 -2.82355641902459 profile2
643 76.403847 -2.83908426062736 profile2
644 76.410663 -2.87907488001532 profile2
645 76.607927 -2.79970552917015 profile2
646 76.623625 -2.80684661235596 profile2
647 76.633554 -2.87825491355543 profile2
648 76.643483 -2.94968480855098 profile2
649 76.653411 -3.01999395436536 profile2
650 76.66334 -3.0879745621928 profile2
651 76.700004 -3.16167708644413 profile2
