marker_position lod trace
1 67.606765 -5.98920615117916 pleio
2 67.613251 -6.00038221947912 pleio
3 67.619736 -6.01165809330563 pleio
4 67.626222 -6.02303146690758 pleio
5 67.641347 -6.03450416671356 pleio
6 67.654855 -6.04612506568613 pleio
7 67.658769 -6.05882530594383 pleio
8 67.662682 -6.07157624807159 pleio
9 67.666596 -6.08440319988871 pleio
10 67.679986 -6.09732743909678 pleio
11 67.708923 -6.17166642520267 pleio
12 67.715069 -6.2672579556757 pleio
13 67.721215 -6.37750805784496 pleio
14 67.746869 -6.49359582538177 pleio
15 67.778018 -6.51022072275097 pleio
16 67.809168 -6.52602789508401 pleio
17 67.895218 -6.47799445564364 pleio
18 67.900561 -6.40049968235529 pleio
19 67.905905 -6.33718740489333 pleio
20 67.911248 -6.28961941957806 pleio
21 67.920171 -6.23070617481501 pleio
22 67.929072 -6.13599249858446 pleio
23 67.937973 -6.06345291197429 pleio
24 67.946874 -6.01360785479267 pleio
25 67.962131 -6.00870282797616 pleio
26 68.103338 -6.01534038076914 pleio
27 68.122257 -6.02145489489433 pleio
28 68.141177 -6.15692605014999 pleio
29 68.410128 -6.21651941713927 pleio
30 68.415239 -6.14128858031135 pleio
31 68.42035 -6.05629270822202 pleio
32 68.640199 -5.87269801785883 pleio
33 68.652056 -5.61655602426799 pleio
34 68.656091 -5.36173762224788 pleio
35 68.660126 -5.11019827959368 pleio
36 68.664161 -4.86407949444349 pleio
37 68.685197 -4.62348663257201 pleio
38 68.806919 -4.5177305582107 pleio
39 68.816104 -4.51464113484077 pleio
40 68.825289 -4.51156812647686 pleio
41 68.885575 -4.50319640724385 pleio
42 68.886394 -4.4906469555481 pleio
43 68.887213 -4.47882117831816 pleio
44 68.888033 -4.46774881350686 pleio
45 68.888852 -4.45745502474722 pleio
46 68.889671 -4.44795932989575 pleio
47 68.89049 -4.40716416735289 pleio
48 68.89131 -4.37277110215925 pleio
49 68.892129 -4.3477985923847 pleio
50 68.987403 -4.34946427678168 pleio
51 69.064645 -2.75464156433827 pleio
52 69.131341 -1.35304035467515 pleio
53 69.198036 -1.38271136262383 pleio
54 69.214855 -1.4370567463725 pleio
55 69.21825 -1.49482351118924 pleio
56 69.221446 -1.55543307326551 pleio
57 69.224642 -1.61823201802807 pleio
58 69.227838 -1.68248396757084 pleio
59 69.231034 -0.550221668675502 pleio
60 69.23423 -0.456837224923758 pleio
61 69.237426 -0.454940481372485 pleio
62 69.240621 -0.453171486751952 pleio
63 69.244859 -0.45151079010764 pleio
64 69.252696 -0.44997793732655 pleio
65 69.260534 -0.447348249422335 pleio
66 69.416362 -0.484710703487088 pleio
67 69.484146 -1.14516327826881 pleio
68 69.505599 -1.16494139152358 pleio
69 69.508945 -1.21057577725856 pleio
70 69.512291 -1.25454211948401 pleio
71 69.515636 -1.2963153413621 pleio
72 69.542556 -1.29555517548444 pleio
73 69.592546 -1.4118435603236 pleio
74 69.66328 -1.25677872781676 pleio
75 69.721392 -1.27146554655823 pleio
76 69.724456 -1.27326921474378 pleio
77 69.727519 -1.27508897581292 pleio
78 69.733033 -1.2769220961084 pleio
79 69.768364 -0.972558821112773 pleio
80 69.782339 -0.528721385950207 pleio
81 69.796313 -0.20077269320769 pleio
82 69.810287 -0.0156834789595783 pleio
83 69.829176 -0.569410599727859 pleio
84 69.837051 -0.626205459325795 pleio
85 69.844926 -0.676991197434896 pleio
86 69.869428 -0.716126075622958 pleio
87 69.876397 -0.707957808602006 pleio
88 69.876657 -0.700452266110725 pleio
89 69.876917 -0.695500662484751 pleio
90 69.924127 -0.746111304946746 pleio
91 69.978753 -0.838930894629633 pleio
92 70.033378 -0.856174699299693 pleio
93 70.042973 -0.873037142263652 pleio
94 70.043703 -0.888047314485881 pleio
95 70.044434 -0.900725827896108 pleio
96 70.087246 -0.897188868254166 pleio
97 70.141872 -0.868633528425156 pleio
98 70.196497 -0.861654945442672 pleio
99 70.400832 -0.842819765058446 pleio
100 70.421006 -0.83443796497073 pleio
101 70.441181 -0.828756513180803 pleio
102 70.60917 -0.828244334932492 pleio
103 70.612702 -0.850643851175802 pleio
104 70.616235 -0.904762066025796 pleio
105 70.661194 -0.911308491028877 pleio
106 70.728481 -0.884309048996448 pleio
107 70.750402 -0.84478180213831 pleio
108 70.772323 -0.81067140983227 pleio
109 70.779053 -0.777202543535213 pleio
110 70.782062 -0.73606419893576 pleio
111 70.785072 -0.703004375055542 pleio
112 71.12066 -0.570154423999381 pleio
113 71.198629 -0.560898661591061 pleio
114 71.276599 -0.552218036629518 pleio
115 71.354568 -0.662533081553901 pleio
116 71.418821 -0.539109890299556 pleio
117 71.422464 -0.306429011618049 pleio
118 71.425934 -0.11974988902883 pleio
119 71.429405 -0.0717771988338933 pleio
120 71.432875 -0.067445518464852 pleio
121 71.436346 -0.0649325234683454 pleio
122 71.439817 -0.0641822819695507 pleio
123 71.443287 -0.0651292347085292 pleio
124 71.449172 -0.0612213816796389 pleio
125 71.46043 -0.0435646801198293 pleio
126 71.475844 -0.0252943712146166 pleio
127 71.510771 -0.00742185331561693 pleio
128 71.658293 0 pleio
129 71.675712 -0.01109991843424 pleio
130 71.693132 -0.0256841854285958 pleio
131 71.782692 -0.641788935266177 pleio
132 71.793079 -1.28983709450963 pleio
133 71.803404 -1.75445370736292 pleio
134 71.813729 -1.54467556914067 pleio
135 71.824055 -2.05631864063533 pleio
136 71.83438 -2.45657171494697 pleio
137 71.859513 -2.52719338003525 pleio
138 71.937774 -2.4054268075029 pleio
139 71.945079 -2.51242440240765 pleio
140 71.952385 -2.51578939748096 pleio
141 71.98473 -2.50686835617202 pleio
142 72.012709 -2.53798767247948 pleio
143 72.040688 -2.56160362517933 pleio
144 72.210521 -2.75681707023735 pleio
145 72.314268 -3.562946146076 pleio
146 72.366456 -3.50152678803083 pleio
147 72.411367 -3.53056539545872 pleio
148 72.450663 -3.56090399688771 pleio
149 72.471305 -3.60399506900889 pleio
150 72.491946 -3.63110117068214 pleio
151 72.512588 -3.65849076358048 pleio
152 72.601385 -3.31041578559496 pleio
153 72.621813 -3.31159321345567 pleio
154 72.642242 -3.33881450787454 pleio
155 72.66267 -3.36957173414803 pleio
156 72.771429 -4.44617232847524 pleio
157 72.883243 -4.43320541578088 pleio
158 72.898448 -4.42449682783108 pleio
159 72.913654 -4.41887251649694 pleio
160 72.928859 -4.41624606939304 pleio
161 72.944065 -4.4178095294485 pleio
162 72.95927 -4.36127284678313 pleio
163 72.974476 -4.27652105147288 pleio
164 72.989681 -6.16864315438363 pleio
165 72.996574 -6.17754641586757 pleio
166 72.9996 -6.16557208394873 pleio
167 73.002626 -6.13103504154614 pleio
168 73.005652 -6.08954529412672 pleio
169 73.012925 -6.07326162365013 pleio
170 73.023956 -6.07026173981594 pleio
171 73.034987 -6.0695278572379 pleio
172 73.046018 -6.04248363810476 pleio
173 73.057049 -6.01904811369327 pleio
174 73.06808 -6.00551877998099 pleio
175 73.079353 -6.00460366849472 pleio
176 73.111862 -6.02207403157466 pleio
177 73.146945 -6.1419171921225 pleio
178 73.171837 -6.47416371213304 pleio
179 73.196729 -6.5873852959243 pleio
180 73.629401 -6.61104805174846 pleio
181 74.062073 -6.60959910430485 pleio
182 74.066223 -6.61663506678525 pleio
183 74.070373 -6.62344113230763 pleio
184 74.074523 -6.6300242042089 pleio
185 74.078673 -6.63639289272425 pleio
186 74.082823 -6.69729577121249 pleio
187 74.3761735 -6.57636527128028 pleio
188 74.669524 -6.57359275229211 pleio
189 74.672012 -6.48076871814456 pleio
190 74.674499 -6.45131912375391 pleio
191 74.716248 -6.49102628505094 pleio
192 74.724515 -6.59730505702903 pleio
193 74.732783 -6.66130459264893 pleio
194 75.0995546666667 -6.79652601133816 pleio
195 75.4663263333333 -6.77598186959716 pleio
196 75.833098 -6.73430367256633 pleio
197 75.863363 -6.6429980966263 pleio
198 75.875899 -6.55018905281531 pleio
199 75.888435 -6.55770159717672 pleio
200 75.900971 -6.78339807263621 pleio
201 75.903257 -7.04612524977917 pleio
202 75.904489 -7.17482532183219 pleio
203 75.905721 -7.2483187755202 pleio
204 75.917304 -7.32152043745057 pleio
205 76.287653 -7.32734693518892 pleio
206 76.288899 -7.31030492974805 pleio
207 76.290145 -7.29720097646826 pleio
208 76.397032 -7.29983023260557 pleio
209 76.403847 -7.28836831252178 pleio
210 76.410663 -7.20811921761239 pleio
211 76.607927 -6.7436157046527 pleio
212 76.623625 -6.77599474376824 pleio
213 76.633554 -6.81925923538255 pleio
214 76.643483 -6.86185170830201 pleio
215 76.653411 -6.90215297338367 pleio
216 76.66334 -6.9386606790515 pleio
217 76.700004 -6.98864740569581 pleio
218 67.606765 -2.72164299057907 profile1
219 67.613251 -2.72964781703308 profile1
220 67.619736 -2.73770089965837 profile1
221 67.626222 -2.74580088786658 profile1
222 67.641347 -2.75394850047302 profile1
223 67.654855 -2.76217939038399 profile1
224 67.658769 -2.77116462942203 profile1
225 67.662682 -2.78015770907127 profile1
226 67.666596 -2.78918035238551 profile1
227 67.679986 -2.79825026043699 profile1
228 67.708923 -2.86825715434389 profile1
229 67.715069 -2.94440638009002 profile1
230 67.721215 -3.01999041507888 profile1
231 67.746869 -3.09238278430807 profile1
232 67.778018 -3.10364004187358 profile1
233 67.809168 -3.11483759391174 profile1
234 67.895218 -3.05790269363185 profile1
235 67.900561 -2.96364249466568 profile1
236 67.905905 -2.87539142521358 profile1
237 67.911248 -2.79417129573016 profile1
238 67.920171 -2.69651985364392 profile1
239 67.929072 -2.56063641771177 profile1
240 67.937973 -2.43646433330294 profile1
241 67.946874 -2.32506116890713 profile1
242 67.962131 -2.28982578268571 profile1
243 68.103338 -2.28001458938877 profile1
244 68.122257 -2.27810243974589 profile1
245 68.141177 -2.23444195074592 profile1
246 68.410128 -2.16587617395585 profile1
247 68.415239 -2.12978063681186 profile1
248 68.42035 -2.08945684141789 profile1
249 68.640199 -1.98572136359143 profile1
250 68.652056 -1.83301730516123 profile1
251 68.656091 -1.677778365338 profile1
252 68.660126 -1.52122443275335 profile1
253 68.664161 -1.36471372135883 profile1
254 68.685197 -1.20945611508168 profile1
255 68.806919 -1.14152159447374 profile1
256 68.816104 -1.14296528962195 profile1
257 68.825289 -1.14443422643565 profile1
258 68.885575 -1.14526260393491 profile1
259 68.886394 -1.14584599319822 profile1
260 68.887213 -1.14687125160266 profile1
261 68.888033 -1.14833328386696 profile1
262 68.888852 -1.15022492408017 profile1
263 68.889671 -1.15253625089421 profile1
264 68.89049 -1.14053617814 profile1
265 68.89131 -1.13038918598594 profile1
266 68.892129 -1.12348342280258 profile1
267 68.987403 -1.06937931794113 profile1
268 69.064645 -0.0703297387347034 profile1
269 69.131341 1.0628815048441 profile1
270 69.198036 1.06105249905419 profile1
271 69.214855 1.04743431595595 profile1
272 69.21825 1.03216880018527 profile1
273 69.221446 1.01543172652079 profile1
274 69.224642 0.997437875989758 profile1
275 69.227838 0.978459278479857 profile1
276 69.231034 1.12821637322185 profile1
277 69.23423 1.01528891506915 profile1
278 69.237426 1.01657260420742 profile1
279 69.240621 1.01779400223714 profile1
280 69.244859 1.01896448207151 profile1
281 69.252696 1.02041102778064 profile1
282 69.260534 1.02365055900088 profile1
283 69.416362 0.969232611026908 profile1
284 69.484146 0.563641932362339 profile1
285 69.505599 0.562093365350153 profile1
286 69.508945 0.558394487471649 profile1
287 69.512291 0.554847234794712 profile1
288 69.515636 0.551493810388518 profile1
289 69.542556 0.553635810312032 profile1
290 69.592546 0.95274779667093 profile1
291 69.66328 0.952475559007868 profile1
292 69.721392 0.94803542547097 profile1
293 69.724456 0.94960896241674 profile1
294 69.727519 0.951172856175829 profile1
295 69.733033 0.952726799454763 profile1
296 69.768364 1.08216884858706 profile1
297 69.782339 1.25863543478695 profile1
298 69.796313 1.34154252771648 profile1
299 69.810287 0.43307082727473 profile1
300 69.829176 -0.231871806087139 profile1
301 69.837051 -0.249971440230869 profile1
302 69.844926 -0.252950627481081 profile1
303 69.869428 -0.245948606535038 profile1
304 69.876397 -0.214035126836702 profile1
305 69.876657 -0.180013519128971 profile1
306 69.876917 -0.141987923887363 profile1
307 69.924127 -0.168054075639249 profile1
308 69.978753 -0.247897139648676 profile1
309 70.033378 -0.285182530437627 profile1
310 70.042973 -0.32215226035887 profile1
311 70.043703 -0.357161694716134 profile1
312 70.044434 -0.389633455450261 profile1
313 70.087246 -0.405655720000833 profile1
314 70.141872 -0.39637126802661 profile1
315 70.196497 -0.380379016295238 profile1
316 70.400832 -0.376218473305356 profile1
317 70.421006 -0.378612469097353 profile1
318 70.441181 -0.381382552724641 profile1
319 70.60917 -0.38503283113775 profile1
320 70.612702 -0.393457280799897 profile1
321 70.616235 -0.384881088171488 profile1
322 70.661194 -0.365810362588808 profile1
323 70.728481 -0.354106636733319 profile1
324 70.750402 -0.338897008661455 profile1
325 70.772323 -0.32127092978595 profile1
326 70.779053 -0.30268560085121 profile1
327 70.782062 -0.285064027570767 profile1
328 70.785072 -0.26895954416213 profile1
329 71.12066 -0.450840197391287 profile1
330 71.198629 -0.451507963196157 profile1
331 71.276599 -0.452126708174704 profile1
332 71.354568 -0.662533081553901 profile1
333 71.418821 -0.430636580987118 profile1
334 71.422464 -0.0889713600620982 profile1
335 71.425934 0.232055536560041 profile1
336 71.429405 0.304060125211374 profile1
337 71.432875 0.262465479562492 profile1
338 71.436346 0.220091134308422 profile1
339 71.439817 0.177107050681838 profile1
340 71.443287 0.133690096581914 profile1
341 71.449172 0.103163789104965 profile1
342 71.46043 0.102129807313999 profile1
343 71.475844 0.101882867452305 profile1
344 71.510771 0.102016774174889 profile1
345 71.658293 0.0907077908767649 profile1
346 71.675712 0.0589153072506133 profile1
347 71.693132 0.0255862498779665 profile1
348 71.782692 -0.022285919683228 profile1
349 71.793079 -0.343651555574921 profile1
350 71.803404 -0.639417496920321 profile1
351 71.813729 -0.700632195890775 profile1
352 71.824055 -1.22846835932042 profile1
353 71.83438 -1.49120329827841 profile1
354 71.859513 -1.53790130033416 profile1
355 71.937774 -1.58683270670603 profile1
356 71.945079 -1.59176840143689 profile1
357 71.952385 -1.61325257582605 profile1
358 71.98473 -1.64191760289293 profile1
359 72.012709 -1.68269685872579 profile1
360 72.040688 -1.71483916246645 profile1
361 72.210521 -1.73443886026977 profile1
362 72.314268 -1.90439812921283 profile1
363 72.366456 -1.89959580840547 profile1
364 72.411367 -1.89529958082504 profile1
365 72.450663 -1.8918993678588 profile1
366 72.471305 -1.88771366803994 profile1
367 72.491946 -1.95236057612588 profile1
368 72.512588 -2.06541512746447 profile1
369 72.601385 -2.11387439065103 profile1
370 72.621813 -2.13799344019482 profile1
371 72.642242 -2.16400319238206 profile1
372 72.66267 -2.19108019885115 profile1
373 72.771429 -2.75709748104436 profile1
374 72.883243 -2.75202151936212 profile1
375 72.898448 -2.73795860768232 profile1
376 72.913654 -2.72470853955091 profile1
377 72.928859 -2.71225704770597 profile1
378 72.944065 -2.70117429539283 profile1
379 72.95927 -2.7271899890719 profile1
380 72.974476 -2.86410215494881 profile1
381 72.989681 -4.31068125894011 profile1
382 72.996574 -4.28038162398321 profile1
383 72.9996 -4.32826123159697 profile1
384 73.002626 -4.35007014238231 profile1
385 73.005652 -4.35931822336385 profile1
386 73.012925 -4.36947532996418 profile1
387 73.023956 -4.37971950211709 profile1
388 73.034987 -4.38925468917507 profile1
389 73.046018 -4.39125610958724 profile1
390 73.057049 -4.3917721492967 profile1
391 73.06808 -4.39207605277121 profile1
392 73.079353 -4.39473762724694 profile1
393 73.111862 -4.6672727961351 profile1
394 73.146945 -4.80747117333255 profile1
395 73.171837 -4.97853097445227 profile1
396 73.196729 -4.98706311045959 profile1
397 73.629401 -4.99393444897729 profile1
398 74.062073 -4.99689053781302 profile1
399 74.066223 -5.00644529057837 profile1
400 74.070373 -5.01513998414195 profile1
401 74.074523 -5.02296783276032 profile1
402 74.078673 -5.02992652733168 profile1
403 74.082823 -5.04227698140355 profile1
404 74.3761735 -5.03554422982072 profile1
405 74.669524 -5.04684044777791 profile1
406 74.672012 -5.06406729673425 profile1
407 74.674499 -5.08679891158762 profile1
408 74.716248 -5.11495001578767 profile1
409 74.724515 -5.14790457663028 profile1
410 74.732783 -5.18405909512002 profile1
411 75.0995546666667 -5.60268475317694 profile1
412 75.4663263333333 -5.60375518606589 profile1
413 75.833098 -5.61729670384568 profile1
414 75.863363 -5.63394410486576 profile1
415 75.875899 -5.65250153157407 profile1
416 75.888435 -5.67877558987403 profile1
417 75.900971 -5.72450687079387 profile1
418 75.903257 -5.77572005238444 profile1
419 75.904489 -5.82692184897043 profile1
420 75.905721 -5.87995490971849 profile1
421 75.917304 -5.93534946730846 profile1
422 76.287653 -5.94590575094856 profile1
423 76.288899 -5.94461080498581 profile1
424 76.290145 -5.94343120747236 profile1
425 76.397032 -5.9360700989047 profile1
426 76.403847 -5.9151613917374 profile1
427 76.410663 -5.88840262870473 profile1
428 76.607927 -5.49725738767243 profile1
429 76.623625 -5.50341273853053 profile1
430 76.633554 -5.54825523721999 profile1
431 76.643483 -5.59807463550584 profile1
432 76.653411 -5.65196048506186 profile1
433 76.66334 -5.70891159416347 profile1
434 76.700004 -5.84296946521777 profile1
435 67.606765 -1.95372898982354 profile2
436 67.613251 -1.95687114496147 profile2
437 67.619736 -1.96006511610719 profile2
438 67.626222 -1.96330995533009 profile2
439 67.641347 -1.96660676984662 profile2
440 67.654855 -1.96996867070119 profile2
441 67.658769 -1.97365362381155 profile2
442 67.662682 -1.97738176067498 profile2
443 67.666596 -1.98115666976128 profile2
444 67.679986 -1.98498193150789 profile2
445 67.708923 -1.98939255794856 profile2
446 67.715069 -2.00887763104604 profile2
447 67.721215 -2.04353209117654 profile2
448 67.746869 -2.08719807776591 profile2
449 67.778018 -2.09254109835013 profile2
450 67.809168 -2.09711411173814 profile2
451 67.895218 -2.10555450818818 profile2
452 67.900561 -2.12168271530535 profile2
453 67.905905 -2.14604350205755 profile2
454 67.911248 -2.17918793282069 profile2
455 67.920171 -2.21743093388659 profile2
456 67.929072 -2.25803596817031 profile2
457 67.937973 -2.30916345695969 profile2
458 67.946874 -2.37028415763658 profile2
459 67.962131 -2.40035200174467 profile2
460 68.103338 -2.4167139827125 profile2
461 68.122257 -2.42472807635349 profile2
462 68.141177 -2.60302276240012 profile2
463 68.410128 -2.730577626162 profile2
464 68.415239 -2.69129663104305 profile2
465 68.42035 -2.64649121335971 profile2
466 68.640199 -2.56622365785213 profile2
467 68.652056 -2.46216998346165 profile2
468 68.656091 -2.36198956893892 profile2
469 68.660126 -2.26642041112776 profile2
470 68.664161 -2.17624928687843 profile2
471 68.685197 -2.09038800450622 profile2
472 68.806919 -2.05234400938765 profile2
473 68.816104 -2.04780665822654 profile2
474 68.825289 -2.04326041622288 profile2
475 68.885575 -2.03404307077929 profile2
476 68.886394 -2.02088291363379 profile2
477 68.887213 -2.00800634815447 profile2
478 68.888033 -1.99544809320779 profile2
479 68.888852 -1.98324033601694 profile2
480 68.889671 -1.97141235192457 profile2
481 68.89049 -1.94254449015287 profile2
482 68.89131 -1.91820605223703 profile2
483 68.892129 -1.90003420355287 profile2
484 68.987403 -1.95548680521859 profile2
485 69.064645 -1.35787023865177 profile2
486 69.131341 -1.08427764548835 profile2
487 69.198036 -1.11214206213071 profile2
488 69.214855 -1.15293536673115 profile2
489 69.21825 -1.1954842371773 profile2
490 69.221446 -1.23938461360714 profile2
491 69.224642 -1.28419759948026 profile2
492 69.227838 -1.32945952996598 profile2
493 69.231034 -0.344814299937719 profile2
494 69.23423 -0.138214825393177 profile2
495 69.237426 -0.137610490024531 profile2
496 69.240621 -0.137071985605228 profile2
497 69.244859 -0.136591230668656 profile2
498 69.252696 -0.136515310337688 profile2
499 69.260534 -0.137142262691121 profile2
500 69.416362 -0.118859854817682 profile2
501 69.484146 -0.372644616950187 profile2
502 69.505599 -0.390875685556924 profile2
503 69.508945 -0.432812324121836 profile2
504 69.512291 -0.47322550166007 profile2
505 69.515636 -0.511632153241258 profile2
506 69.542556 -0.513070850020934 profile2
507 69.592546 -1.02668948093867 profile2
508 69.66328 -0.871159352157761 profile2
509 69.721392 -0.881420739865419 profile2
510 69.724456 -0.884812429504315 profile2
511 69.727519 -0.888210522046176 profile2
512 69.733033 -0.891611930872731 profile2
513 69.768364 -0.71563258108636 profile2
514 69.782339 -0.44686816437051 profile2
515 69.796313 -0.20077269320769 profile2
516 69.810287 0.894892061901188 profile2
517 69.829176 1.00343454281214 profile2
518 69.837051 0.964630287976807 profile2
519 69.844926 0.916773570874182 profile2
520 69.869428 0.870617497459569 profile2
521 69.876397 0.846949770581317 profile2
522 69.876657 0.8205145663479 profile2
523 69.876917 0.787509116192688 profile2
524 69.924127 0.76304399381566 profile2
525 69.978753 0.750132892507236 profile2
526 70.033378 0.770253538719144 profile2
527 70.042973 0.790436968185629 profile2
528 70.043703 0.810509048103969 profile2
529 70.044434 0.830371761303203 profile2
530 70.087246 0.850001584425919 profile2
531 70.141872 0.869349465916425 profile2
532 70.196497 0.86015671225255 profile2
533 70.400832 0.874883456094781 profile2
534 70.421006 0.885686518462834 profile2
535 70.441181 0.894157311466599 profile2
536 70.60917 0.898342744947751 profile2
537 70.612702 0.88441310080094 profile2
538 70.616235 0.821723643954829 profile2
539 70.661194 0.796060734257256 profile2
540 70.728481 0.811294758762762 profile2
541 70.750402 0.835500308319297 profile2
542 70.772323 0.851846324944559 profile2
543 70.779053 0.866573827314272 profile2
544 70.782062 0.889938297677141 profile2
545 70.785072 0.906751129752965 profile2
546 71.12066 1.22153755010849 profile2
547 71.198629 1.23150413986239 profile2
548 71.276599 1.24084593500224 profile2
549 71.354568 1.34154252771648 profile2
550 71.418821 1.23338599354718 profile2
551 71.422464 1.12448430487559 profile2
552 71.425934 0.989964185357713 profile2
553 71.429405 0.965958549806748 profile2
554 71.432875 1.01208856068744 profile2
555 71.436346 1.05717341225373 profile2
556 71.439817 1.1010988823171 profile2
557 71.443287 1.14375355152716 profile2
558 71.449172 1.17835145836634 profile2
559 71.46043 1.19717161446751 profile2
560 71.475844 1.21581945428182 profile2
561 71.510771 1.23368799814701 profile2
562 71.658293 1.25256926571356 profile2
563 71.675712 1.27345135611409 profile2
564 71.693132 1.29239003573296 profile2
565 71.782692 0.723500664771997 profile2
566 71.793079 0.396550281625777 profile2
567 71.803404 0.227239196204173 profile2
568 71.813729 0.498975883386551 profile2
569 71.824055 0.512292391833394 profile2
570 71.83438 0.373177392191599 profile2
571 71.859513 0.349427965990608 profile2
572 71.937774 0.520135825630383 profile2
573 71.945079 0.417511783626974 profile2
574 71.952385 0.435718118169453 profile2
575 71.98473 0.473445312861216 profile2
576 72.012709 0.483244273767934 profile2
577 72.040688 0.491879348375226 profile2
578 72.210521 0.317463395878911 profile2
579 72.314268 -0.318899508079875 profile2
580 72.366456 -0.262871442129339 profile2
581 72.411367 -0.296260129129576 profile2
582 72.450663 -0.330058646087325 profile2
583 72.471305 -0.377460218704955 profile2
584 72.491946 -0.33989094085913 profile2
585 72.512588 -0.254110903177711 profile2
586 72.601385 0.142127696259781 profile2
587 72.621813 0.164662942017609 profile2
588 72.642242 0.16321808054633 profile2
589 72.66267 0.15931048255951 profile2
590 72.771429 -0.35348656242739 profile2
591 72.883243 -0.345609024104871 profile2
592 72.898448 -0.351005366000734 profile2
593 72.913654 -0.358679942439494 profile2
594 72.928859 -0.368563250564076 profile2
595 72.944065 -0.38127069757992 profile2
596 72.95927 -0.299041653497145 profile2
597 72.974476 -0.0790637356094241 profile2
598 72.989681 -0.534495438532816 profile2
599 72.996574 -0.57428451212413 profile2
600 72.9996 -0.51459041901934 profile2
601 73.002626 -0.458430159965793 profile2
602 73.005652 -0.407769964370492 profile2
603 73.012925 -0.381482839298944 profile2
604 73.023956 -0.368421818620143 profile2
605 73.034987 -0.358324639152275 profile2
606 73.046018 -0.329301956863354 profile2
607 73.057049 -0.305340276885193 profile2
608 73.06808 -0.291488673159819 profile2
609 73.079353 -0.287928055828567 profile2
610 73.111862 -0.0335164503129542 profile2
611 73.146945 -0.0115550400686555 profile2
612 73.171837 -0.172428034315326 profile2
613 73.196729 -0.27689875164939 profile2
614 73.629401 -0.293833138307971 profile2
615 74.062073 -0.289289500475538 profile2
616 74.066223 -0.286770555447303 profile2
617 74.070373 -0.28488635478752 profile2
618 74.074523 -0.283650181946737 profile2
619 74.078673 -0.283072540440993 profile2
620 74.082823 -0.332504936450521 profile2
621 74.3761735 -0.21770861222067 profile2
622 74.669524 -0.203978779021294 profile2
623 74.672012 -0.0929816643564828 profile2
624 74.674499 -0.0400292048927252 profile2
625 74.716248 -0.0509918247156721 profile2
626 74.724515 -0.123888033210876 profile2
627 74.732783 -0.15161741418446 profile2
628 75.0995546666667 0.130664405252217 profile2
629 75.4663263333333 0.152335961631517 profile2
630 75.833098 0.207613445063245 profile2
631 75.863363 0.315616439812479 profile2
632 75.875899 0.426947462074136 profile2
633 75.888435 0.445476000421929 profile2
634 75.900971 0.264831286933444 profile2
635 75.903257 0.052467713175344 profile2
636 75.904489 -0.0254421993257748 profile2
637 75.905721 -0.0461266310869247 profile2
638 75.917304 -0.0641698508778855 profile2
639 76.287653 -0.0595647583792326 profile2
640 76.288899 -0.043903062674649 profile2
641 76.290145 -0.0320598741284138 profile2
642 76.397032 -0.041905117483342 profile2
643 76.403847 -0.0510228045631719 profile2
644 76.410663 0.00294204965441583 profile2
645 76.607927 0.0767991217141921 profile2
646 76.623625 0.0504490380721608 profile2
647 76.633554 0.0519512128364344 profile2
648 76.643483 0.0590878124039056 profile2
649 76.653411 0.0725686160635566 profile2
650 76.66334 0.09289723159689 profile2
651 76.700004 0.177281425202137 profile2
