marker_position lod trace
1 67.606765 -8.78052413643116 pleio
2 67.613251 -8.79299283509222 pleio
3 67.619736 -8.80574225981224 pleio
4 67.626222 -8.81877018258642 pleio
5 67.641347 -8.83207894412401 pleio
6 67.654855 -8.84561716844027 pleio
7 67.658769 -8.85849125908572 pleio
8 67.662682 -8.87167397988124 pleio
9 67.666596 -8.88514598844357 pleio
10 67.679986 -8.8988902414632 pleio
11 67.708923 -8.77478527282432 pleio
12 67.715069 -8.66485713574042 pleio
13 67.721215 -8.58587084229614 pleio
14 67.746869 -8.55510862511925 pleio
15 67.778018 -8.57075561031023 pleio
16 67.809168 -8.58406683676594 pleio
17 67.895218 -8.48067562785389 pleio
18 67.900561 -8.35950928468102 pleio
19 67.905905 -8.29292209517598 pleio
20 67.911248 -8.28291958427256 pleio
21 67.920171 -8.31480715936751 pleio
22 67.929072 -8.3620762589152 pleio
23 67.937973 -8.44948613481576 pleio
24 67.946874 -8.57638212571789 pleio
25 67.962131 -8.58585739075946 pleio
26 68.103338 -8.59552554283557 pleio
27 68.122257 -8.61177704894635 pleio
28 68.141177 -8.76406298349476 pleio
29 68.410128 -8.96828247165582 pleio
30 68.415239 -8.81624735147252 pleio
31 68.42035 -8.65853568622585 pleio
32 68.640199 -8.4402993040287 pleio
33 68.652056 -8.1986196531669 pleio
34 68.656091 -7.9817490808223 pleio
35 68.660126 -7.79199733248646 pleio
36 68.664161 -7.63085429829405 pleio
37 68.685197 -7.50886449838676 pleio
38 68.806919 -7.46367289310789 pleio
39 68.816104 -7.46280968352894 pleio
40 68.825289 -7.46197508918177 pleio
41 68.885575 -7.46463676717906 pleio
42 68.886394 -7.47100478075563 pleio
43 68.887213 -7.4781815010003 pleio
44 68.888033 -7.48613757813195 pleio
45 68.888852 -7.4948363008732 pleio
46 68.889671 -7.50423421697115 pleio
47 68.89049 -7.44197427492997 pleio
48 68.89131 -7.384182105855 pleio
49 68.892129 -7.33768091589462 pleio
50 68.987403 -7.47503426489907 pleio
51 69.064645 -5.48211422973082 pleio
52 69.131341 -6.37887500143831 pleio
53 69.198036 -6.41780199151498 pleio
54 69.214855 -6.50602486121545 pleio
55 69.21825 -6.59894506554764 pleio
56 69.221446 -6.69555776505317 pleio
57 69.224642 -6.79473590619179 pleio
58 69.227838 -6.895290555929 pleio
59 69.231034 -4.25574011352698 pleio
60 69.23423 -3.89441811016282 pleio
61 69.237426 -3.89410603445418 pleio
62 69.240621 -3.89386765194305 pleio
63 69.244859 -3.89370744245215 pleio
64 69.252696 -3.89382068502109 pleio
65 69.260534 -3.89539391830719 pleio
66 69.416362 -3.67311320612974 pleio
67 69.484146 -4.29887465929649 pleio
68 69.505599 -4.30234347039947 pleio
69 69.508945 -4.31364073638353 pleio
70 69.512291 -4.32931797734138 pleio
71 69.515636 -4.34912207282851 pleio
72 69.542556 -4.2582409927838 pleio
73 69.592546 -3.94039555711156 pleio
74 69.66328 -3.3968559180172 pleio
75 69.721392 -3.40403216829411 pleio
76 69.724456 -3.41289462126901 pleio
77 69.727519 -3.42207673734678 pleio
78 69.733033 -3.43156202592103 pleio
79 69.768364 -3.04623476645979 pleio
80 69.782339 -2.48982118451417 pleio
81 69.796313 -1.98414584866333 pleio
82 69.810287 -0.450369999765475 pleio
83 69.829176 -0.227181565226741 pleio
84 69.837051 -0.125757374285134 pleio
85 69.844926 -0.0558908407070295 pleio
86 69.869428 -0.0171865084375083 pleio
87 69.876397 0 pleio
88 69.876657 -0.00166891860893809 pleio
89 69.876917 -0.0270161154350084 pleio
90 69.924127 -0.113762141007918 pleio
91 69.978753 -0.173797046088671 pleio
92 70.033378 -0.194107196808293 pleio
93 70.042973 -0.238256326651448 pleio
94 70.043703 -0.306321668256971 pleio
95 70.044434 -0.39730128240653 pleio
96 70.087246 -0.4683103975986 pleio
97 70.141872 -0.472654947725619 pleio
98 70.196497 -0.453250183108277 pleio
99 70.400832 -0.462739059215132 pleio
100 70.421006 -0.473883595047182 pleio
101 70.441181 -0.485134910487993 pleio
102 70.60917 -0.493164529289881 pleio
103 70.612702 -0.484451198870993 pleio
104 70.616235 -0.499393031257855 pleio
105 70.661194 -0.502769307086625 pleio
106 70.728481 -0.470854123333906 pleio
107 70.750402 -0.405435895377533 pleio
108 70.772323 -0.330746022233275 pleio
109 70.779053 -0.262490773163108 pleio
110 70.782062 -0.203903667119523 pleio
111 70.785072 -0.171726255171534 pleio
112 71.12066 -0.320668187406294 pleio
113 71.198629 -0.332924907566876 pleio
114 71.276599 -0.344547298992352 pleio
115 71.354568 -0.142274443879124 pleio
116 71.418821 -0.0396360315209094 pleio
117 71.422464 -0.102029264340595 pleio
118 71.425934 -0.469825489128437 pleio
119 71.429405 -0.664954450912962 pleio
120 71.432875 -0.643075986892725 pleio
121 71.436346 -0.622114173636517 pleio
122 71.439817 -0.602019218384674 pleio
123 71.443287 -0.582737941767645 pleio
124 71.449172 -0.56195634379922 pleio
125 71.46043 -0.536486185037125 pleio
126 71.475844 -0.510044976429162 pleio
127 71.510771 -0.484069384976246 pleio
128 71.658293 -0.449942719555767 pleio
129 71.675712 -0.428571383697831 pleio
130 71.693132 -0.445434888517356 pleio
131 71.782692 -0.614744463539455 pleio
132 71.793079 -1.1279696692324 pleio
133 71.803404 -1.62831299167757 pleio
134 71.813729 -0.884613245521336 pleio
135 71.824055 -0.783609640637581 pleio
136 71.83438 -1.27012304070716 pleio
137 71.859513 -1.4026206336281 pleio
138 71.937774 -1.211269471337 pleio
139 71.945079 -1.14466537957371 pleio
140 71.952385 -1.11182014668845 pleio
141 71.98473 -1.08705854771225 pleio
142 72.012709 -1.16316009062568 pleio
143 72.040688 -1.2237641150854 pleio
144 72.210521 -1.09756383181514 pleio
145 72.314268 -0.27985229102301 pleio
146 72.366456 -0.0624603398401558 pleio
147 72.411367 -0.0750427948599828 pleio
148 72.450663 -0.105472270823088 pleio
149 72.471305 -0.197915428164651 pleio
150 72.491946 -0.212918741885482 pleio
151 72.512588 -0.210030458062997 pleio
152 72.601385 -0.226915901049549 pleio
153 72.621813 -0.15180615327787 pleio
154 72.642242 -0.14740664357466 pleio
155 72.66267 -0.143597474546933 pleio
156 72.771429 -0.459149282484353 pleio
157 72.883243 -0.448014891106734 pleio
158 72.898448 -0.435866807262093 pleio
159 72.913654 -0.424849559889129 pleio
160 72.928859 -0.414562980955019 pleio
161 72.944065 -0.406351469214074 pleio
162 72.95927 -0.428639893933472 pleio
163 72.974476 -0.704664050058959 pleio
164 72.989681 -3.26837627979093 pleio
165 72.996574 -3.82144858477364 pleio
166 72.9996 -4.38358300358315 pleio
167 73.002626 -4.88391694311879 pleio
168 73.005652 -4.97533903051374 pleio
169 73.012925 -5.07683951518418 pleio
170 73.023956 -5.18487806457574 pleio
171 73.034987 -5.29858381214973 pleio
172 73.046018 -5.42074150921748 pleio
173 73.057049 -5.55446192983253 pleio
174 73.06808 -5.69879166679399 pleio
175 73.079353 -5.84584745031284 pleio
176 73.111862 -6.23816951990298 pleio
177 73.146945 -6.36307730573225 pleio
178 73.171837 -6.75987108482659 pleio
179 73.196729 -6.62896387665339 pleio
180 73.629401 -6.63740696052951 pleio
181 74.062073 -6.63594197503111 pleio
182 74.066223 -6.65107189742496 pleio
183 74.070373 -6.66563730954505 pleio
184 74.074523 -6.6796201932782 pleio
185 74.078673 -6.69300522688947 pleio
186 74.082823 -6.66361497216568 pleio
187 74.3761735 -6.69041760984723 pleio
188 74.669524 -6.68834905415849 pleio
189 74.672012 -6.77959725699049 pleio
190 74.674499 -6.98268907034107 pleio
191 74.716248 -7.28369695369471 pleio
192 74.724515 -7.65841029424712 pleio
193 74.732783 -8.13491779027394 pleio
194 75.0995546666667 -8.2337730816799 pleio
195 75.4663263333333 -8.20480100069819 pleio
196 75.833098 -8.22078028160547 pleio
197 75.863363 -8.16492070416448 pleio
198 75.875899 -8.11185408932736 pleio
199 75.888435 -8.19108957951367 pleio
200 75.900971 -8.58981893581272 pleio
201 75.903257 -9.12828295090888 pleio
202 75.904489 -9.42740212657609 pleio
203 75.905721 -9.62795975809921 pleio
204 75.917304 -9.84029174427483 pleio
205 76.287653 -9.77043604539248 pleio
206 76.288899 -9.61977162087092 pleio
207 76.290145 -9.48988881766393 pleio
208 76.397032 -9.44521523698796 pleio
209 76.403847 -9.4781416165015 pleio
210 76.410663 -9.52315544522854 pleio
211 76.607927 -9.6837226928056 pleio
212 76.623625 -9.75928795094726 pleio
213 76.633554 -9.85854948327163 pleio
214 76.643483 -9.98753692809883 pleio
215 76.653411 -10.1450261735175 pleio
216 76.66334 -10.3288485694029 pleio
217 76.700004 -10.3823410697623 pleio
218 67.920171 -7.64335036614486 profile1
219 67.929072 -7.72688108512039 profile1
220 67.937973 -7.84497182926356 profile1
221 67.946874 -7.99671023574046 profile1
222 67.962131 -8.01450026177031 profile1
223 68.103338 -8.01396504991842 profile1
224 68.122257 -8.01077725438218 profile1
225 68.141177 -7.92207093981247 profile1
226 68.410128 -7.94165882242259 profile1
227 68.415239 -7.79831472684975 profile1
228 68.42035 -7.65604079391693 profile1
229 68.640199 -7.49171246038613 profile1
230 68.652056 -7.31896837145725 profile1
231 68.656091 -7.15844622692925 profile1
232 68.660126 -7.01238237075304 profile1
233 68.664161 -6.88276135528758 profile1
234 68.685197 -6.77697647574673 profile1
235 68.806919 -6.73304273068254 profile1
236 68.816104 -6.73161178631629 profile1
237 68.825289 -6.73018388692876 profile1
238 68.885575 -6.73150512689083 profile1
239 68.886394 -6.73460989118119 profile1
240 68.887213 -6.73687468559679 profile1
241 68.888033 -6.73827252788864 profile1
242 68.888852 -6.73878174421463 profile1
243 68.889671 -6.73838649085923 profile1
244 68.89049 -6.72557716564957 profile1
245 68.89131 -6.70930394363981 profile1
246 68.892129 -6.69075432778426 profile1
247 68.987403 -6.58456106093761 profile1
248 69.064645 -4.41925650836956 profile1
249 69.131341 -5.3040384930491 profile1
250 69.198036 -5.29884382628321 profile1
251 69.214855 -5.30068101256494 profile1
252 69.21825 -5.30300050002618 profile1
253 69.221446 -5.30577260694992 profile1
254 69.224642 -5.3089308017581 profile1
255 69.227838 -5.3123862194987 profile1
256 69.231034 -2.51367367449529 profile1
257 69.23423 -2.11012843156621 profile1
258 69.237426 -2.10702548279833 profile1
259 69.240621 -2.10393194465207 profile1
260 69.244859 -2.10085162892649 profile1
261 69.252696 -2.09859817523478 profile1
262 69.260534 -2.0975887020469 profile1
263 69.416362 -2.08801747881957 profile1
264 69.484146 -3.15856421118053 profile1
265 69.505599 -3.16201465289142 profile1
266 69.508945 -3.16739668390402 profile1
267 69.512291 -3.17348811525203 profile1
268 69.515636 -3.18019955672789 profile1
269 69.542556 -3.12305195555946 profile1
270 69.592546 -2.42139779909744 profile1
271 69.66328 -2.07822712671296 profile1
272 69.721392 -2.07042776902634 profile1
273 69.724456 -2.06817105587387 profile1
274 69.727519 -2.06584890355576 profile1
275 69.733033 -2.06344855393586 profile1
276 69.768364 -1.68468579091813 profile1
277 69.782339 -1.14308311867111 profile1
278 69.796313 -0.664553110376735 profile1
279 69.810287 0.425145101959859 profile1
280 69.829176 0.604690051255829 profile1
281 69.837051 0.649190291745787 profile1
282 69.844926 0.656677848840832 profile1
283 69.869428 0.640362217883453 profile1
284 69.876397 0.619878281521959 profile1
285 69.876657 0.594121107312809 profile1
286 69.876917 0.556952481553805 profile1
287 69.924127 0.540971143671466 profile1
288 69.978753 0.502294611735107 profile1
289 70.033378 0.467486960756049 profile1
290 70.042973 0.411429128153089 profile1
291 70.043703 0.334659218720031 profile1
292 70.044434 0.238281317589239 profile1
293 70.087246 0.164536440627827 profile1
294 70.141872 0.158641876029453 profile1
295 70.196497 0.166161788696461 profile1
296 70.400832 0.1580125915406 profile1
297 70.421006 0.147990232981071 profile1
298 70.441181 0.139539616060013 profile1
299 70.60917 0.134728845390161 profile1
300 70.612702 0.140981723424341 profile1
301 70.616235 0.164395626864247 profile1
302 70.661194 0.170122603933367 profile1
303 70.728481 0.166475846139434 profile1
304 70.750402 0.162137923106128 profile1
305 70.772323 0.160331326511856 profile1
306 70.779053 0.144853249498123 profile1
307 70.782062 0.112736822853655 profile1
308 70.785072 0.0552546604319841 profile1
309 71.12066 -0.225194090575361 profile1
310 71.198629 -0.229130195743662 profile1
311 71.276599 -0.232351811133198 profile1
312 71.354568 -0.056606780441932 profile1
313 71.418821 -0.0396360315209094 profile1
314 71.422464 -0.0443043444758349 profile1
315 71.425934 -0.249412369515395 profile1
316 71.429405 -0.385057735424636 profile1
317 71.432875 -0.389817628692862 profile1
318 71.436346 -0.39470981031746 profile1
319 71.439817 -0.399647895412401 profile1
320 71.443287 -0.404546320874576 profile1
321 71.449172 -0.403704847543975 profile1
322 71.46043 -0.389936150451529 profile1
323 71.475844 -0.374624427153228 profile1
324 71.510771 -0.359036314790473 profile1
325 71.658293 -0.33451976827541 profile1
326 71.675712 -0.321839870435272 profile1
327 71.693132 -0.345976200151125 profile1
328 71.782692 -0.326726330436925 profile1
329 71.793079 -0.687776528644982 profile1
330 71.803404 -1.19564242134195 profile1
331 71.824055 -0.630727553914656 profile1
332 71.813729 -0.651380722187586 profile1
333 71.83438 -1.02874777230162 profile1
334 71.859513 -1.08934251781042 profile1
335 71.937774 -1.17308434717906 profile1
336 71.945079 -1.12481691054022 profile1
337 71.952385 -1.10287738420022 profile1
338 71.98473 -1.06631130955735 profile1
339 72.012709 -0.996340877217505 profile1
340 72.040688 -0.956248422333536 profile1
341 72.210521 -0.671022265203492 profile1
342 72.314268 -0.27985229102301 profile1
343 72.366456 0.136201650835538 profile1
344 72.411367 0.14964466697855 profile1
345 72.450663 0.152949754158454 profile1
346 72.471305 0.155478220505091 profile1
347 72.491946 0.166489293628768 profile1
348 72.512588 0.149963862625425 profile1
349 67.606765 -7.45946303028527 profile1
350 67.613251 -7.46894564939462 profile1
351 67.619736 -7.47868579900989 profile1
352 67.626222 -7.48868209630272 profile1
353 67.641347 -7.49893582398631 profile1
354 67.654855 -7.50944066197547 profile1
355 67.658769 -7.52011345846041 profile1
356 67.662682 -7.53111952080936 profile1
357 67.666596 -7.54241443669589 profile1
358 67.679986 -7.55396217324424 profile1
359 67.708923 -7.55389553438639 profile1
360 67.715069 -7.55516441089626 profile1
361 67.721215 -7.55911400332074 profile1
362 67.746869 -7.56589834049213 profile1
363 67.778018 -7.57846648757063 profile1
364 67.809168 -7.58860910810411 profile1
365 67.895218 -7.53444232021118 profile1
366 67.900561 -7.49005916363741 profile1
367 67.905905 -7.49737515663228 profile1
368 67.911248 -7.55711434470593 profile1
369 72.601385 -0.0373545950629869 profile1
370 72.621813 0.0241472332735595 profile1
371 72.642242 0.0382250343892026 profile1
372 72.66267 0.0522755101642518 profile1
373 72.771429 0.339063382841933 profile1
374 72.883243 0.33128973757609 profile1
375 72.898448 0.326091770663449 profile1
376 72.913654 0.320279085561437 profile1
377 72.928859 0.313927797302222 profile1
378 72.944065 0.30712191811602 profile1
379 72.95927 0.120594819081558 profile1
380 72.974476 -0.597057793441671 profile1
381 72.989681 -3.26837627979093 profile1
382 72.996574 -3.78142849197802 profile1
383 73.111862 -5.90366755395822 profile1
384 73.146945 -6.05398046665735 profile1
385 73.171837 -6.49984901769253 profile1
386 73.196729 -6.35667038102312 profile1
387 73.629401 -6.35213203365916 profile1
388 74.062073 -6.35227719498941 profile1
389 74.066223 -6.35859782137499 profile1
390 74.070373 -6.36466555299921 profile1
391 74.074523 -6.37048006247987 profile1
392 74.078673 -6.37604293267042 profile1
393 74.082823 -6.38789033163333 profile1
394 74.3761735 -6.40137960479953 profile1
395 74.669524 -6.33875603481285 profile1
396 74.672012 -6.337338463527 profile1
397 74.674499 -6.43090971410263 profile1
398 74.716248 -6.61047267129985 profile1
399 74.724515 -6.85608542088107 profile1
400 74.732783 -7.29630955834187 profile1
401 75.0995546666667 -7.81341327763418 profile1
402 75.4663263333333 -7.80204274962153 profile1
403 75.833098 -7.84771635564171 profile1
404 73.002626 -4.88391694311879 profile1
405 72.9996 -4.37168452499465 profile1
406 73.005652 -4.97533903051374 profile1
407 73.012925 -5.0284960685302 profile1
408 73.023956 -5.0628959695616 profile1
409 73.034987 -5.10037033254402 profile1
410 73.046018 -5.14542931276062 profile1
411 73.057049 -5.19587962775224 profile1
412 73.06808 -5.25069487555481 profile1
413 73.079353 -5.30450505359021 profile1
414 75.863363 -7.85950283196737 profile1
415 75.875899 -7.87406500569238 profile1
416 75.888435 -7.97094024285952 profile1
417 75.900971 -8.28519545276736 profile1
418 75.903257 -8.73761627374586 profile1
419 75.904489 -9.02460889427914 profile1
420 75.905721 -9.23954359113007 profile1
421 75.917304 -9.46686434271531 profile1
422 76.287653 -9.42131704783854 profile1
423 76.288899 -9.30537025265231 profile1
424 76.290145 -9.21302236911355 profile1
425 76.397032 -9.1845309142714 profile1
426 76.403847 -9.19347815696932 profile1
427 76.410663 -9.24052653050841 profile1
428 76.607927 -9.37222560613983 profile1
429 76.623625 -9.51635534891048 profile1
430 76.633554 -9.66202514755887 profile1
431 76.643483 -9.83036887086271 profile1
432 76.653411 -10.020165569523 profile1
433 76.66334 -10.2298044857198 profile1
434 76.700004 -10.3823410697623 profile1
435 67.606765 -3.0983468022991 profile2
436 67.613251 -3.09989219449268 profile2
437 67.619736 -3.10148572261404 profile2
438 67.626222 -3.1031268360198 profile2
439 67.641347 -3.10481650876358 profile2
440 67.654855 -3.10651307740287 profile2
441 67.658769 -3.10746501573102 profile2
442 67.662682 -3.10842557635884 profile2
443 67.666596 -3.10941570643425 profile2
444 67.679986 -3.11045127492678 profile2
445 67.708923 -2.97968424588904 profile2
446 67.715069 -2.86063708895229 profile2
447 67.721215 -2.76955362988805 profile2
448 67.746869 -2.72460659521596 profile2
449 67.778018 -2.72649356378863 profile2
450 67.809168 -2.72929223818966 profile2
451 67.895218 -2.67949711602796 profile2
452 67.900561 -2.60427404253805 profile2
453 67.905905 -2.53630056466254 profile2
454 67.911248 -2.4769611428691 profile2
455 67.920171 -2.42733486888407 profile2
456 67.929072 -2.38825966805875 profile2
457 67.937973 -2.36038350836122 profile2
458 67.946874 -2.3439664985955 profile2
459 67.962131 -2.32665124055003 profile2
460 68.103338 -2.33197357228079 profile2
461 68.122257 -2.35001802073581 profile2
462 68.141177 -2.5389449139853 profile2
463 68.410128 -2.68831211769175 profile2
464 68.415239 -2.65050110582163 profile2
465 68.42035 -2.60588496594491 profile2
466 68.640199 -2.51744205662849 profile2
467 68.652056 -2.40968926242726 profile2
468 68.656091 -2.31578564030879 profile2
469 68.660126 -2.23627232004004 profile2
470 68.664161 -2.17109278961789 profile2
471 68.685197 -2.12177755390866 profile2
472 68.806919 -2.10613507976496 profile2
473 68.816104 -2.10627942998577 profile2
474 68.825289 -2.10644441451217 profile2
475 68.885575 -2.10496909367733 profile2
476 68.886394 -2.10331499403137 profile2
477 68.887213 -2.10333915988907 profile2
478 68.888033 -2.10505468362401 profile2
479 68.888852 -2.10846194914245 profile2
480 68.889671 -2.11354864827283 profile2
481 68.89049 -2.05988781770614 profile2
482 68.89131 -2.01516479501683 profile2
483 68.892129 -1.98498636251248 profile2
484 68.987403 -2.22044329017861 profile2
485 69.064645 -2.30013618805854 profile2
486 69.131341 -2.12918321578281 profile2
487 69.198036 -2.17086220390925 profile2
488 69.214855 -2.25722014862661 profile2
489 69.21825 -2.34730188884916 profile2
490 69.221446 -2.44003263227504 profile2
491 69.224642 -2.5342639218442 profile2
492 69.227838 -2.62882826833732 profile2
493 69.231034 -2.46770889190309 profile2
494 69.23423 -2.48868371196571 profile2
495 69.237426 -2.49145133752644 profile2
496 69.240621 -2.49427622609408 profile2
497 69.244859 -2.49715713910754 profile2
498 69.252696 -2.49952144693224 profile2
499 69.260534 -2.50210269101638 profile2
500 69.416362 -2.12773338244208 profile2
501 69.484146 -1.51541882370437 profile2
502 69.505599 -1.5122731759674 profile2
503 69.508945 -1.51127606204899 profile2
504 69.512291 -1.51439106576234 profile2
505 69.515636 -1.52153588256998 profile2
506 69.542556 -1.47207692495986 profile2
507 69.592546 -1.5187672593365 profile2
508 69.66328 -1.24889936689797 profile2
509 69.721392 -1.26275887714085 profile2
510 69.724456 -1.27353514264934 profile2
511 69.727519 -1.28470899697652 profile2
512 69.733033 -1.2962742785512 profile2
513 69.768364 -1.23167730101915 profile2
514 69.782339 -1.13767907954375 profile2
515 69.796313 -1.04569041298798 profile2
516 69.810287 -0.283609920611502 profile2
517 69.829176 -0.196375244265894 profile2
518 69.837051 -0.125757374285134 profile2
519 69.844926 -0.052352351014409 profile2
520 69.869428 0.00955913986094606 profile2
521 69.876397 0.0507432884817636 profile2
522 69.876657 0.0748046784872942 profile2
523 69.876917 0.0820652549627473 profile2
524 69.924127 0.00385993917125449 profile2
525 69.978753 -0.0216074717466302 profile2
526 70.033378 -0.00884249716564745 profile2
527 70.042973 0.00132877508687535 profile2
528 70.043703 0.00843010654163398 profile2
529 70.044434 0.0125211598308683 profile2
530 70.087246 0.0143760254306901 profile2
531 70.141872 0.0148492202682286 profile2
532 70.196497 0.0256025366234592 profile2
533 70.400832 0.0243970058071508 profile2
534 70.421006 0.0257008700098442 profile2
535 70.441181 0.0253498153533065 profile2
536 70.60917 0.0239207221906576 profile2
537 70.612702 0.0250949163258898 profile2
538 70.616235 -0.0132988061635254 profile2
539 70.661194 -0.0225963255277932 profile2
540 70.728481 0.0144245017034095 profile2
541 70.750402 0.086387811572848 profile2
542 70.772323 0.169238572552559 profile2
543 70.779053 0.259693506379099 profile2
544 70.782062 0.355271362196541 profile2
545 70.785072 0.44481381816574 profile2
546 71.12066 0.573064435854403 profile2
547 71.198629 0.564170302609503 profile2
548 71.276599 0.555099969226771 profile2
549 71.354568 0.585404386243649 profile2
550 71.418821 0.656677848840832 profile2
551 71.422464 0.537134714550066 profile2
552 71.425934 0.265396130091977 profile2
553 71.429405 0.157548500176527 profile2
554 71.432875 0.184349309150202 profile2
555 71.436346 0.210027198927168 profile2
556 71.439817 0.234552583256434 profile2
557 71.443287 0.257899764129019 profile2
558 71.449172 0.276955049472693 profile2
559 71.46043 0.288068598494977 profile2
560 71.475844 0.29857713043653 profile2
561 71.510771 0.307998217617332 profile2
562 71.658293 0.316009414764818 profile2
563 71.675712 0.322342202595737 profile2
564 71.693132 0.327120610589611 profile2
565 71.782692 0.0670856433466984 profile2
566 71.793079 -0.119484268176449 profile2
567 71.803404 -0.198789354386858 profile2
568 71.813729 0.0490416461073675 profile2
569 71.824055 0.173662837725196 profile2
570 71.83438 0.0251693972300272 profile2
571 71.859513 -0.055638200635459 profile2
572 71.937774 0.220052848975592 profile2
573 71.945079 0.235287303998254 profile2
574 71.952385 0.241147751692996 profile2
575 71.98473 0.22473888192517 profile2
576 72.012709 0.0751672085448498 profile2
577 72.040688 -0.0297178942970727 profile2
578 72.210521 -0.196233966332976 profile2
579 72.314268 0.255551010720393 profile2
580 72.366456 0.0559477005767431 profile2
581 72.411367 0.0282165054840872 profile2
582 72.450663 -0.00620552430977953 profile2
583 72.471305 -0.101971926659082 profile2
584 72.491946 -0.139831815096338 profile2
585 72.512588 -0.150340784069987 profile2
586 72.601385 0.0140073154179903 profile2
587 72.621813 0.0237292224799973 profile2
588 72.642242 0.015561550675507 profile2
589 72.66267 0.00641878978504621 profile2
590 72.771429 -0.459149282484353 profile2
591 72.883243 -0.438958234127852 profile2
592 72.898448 -0.419995417828387 profile2
593 72.913654 -0.402108734128181 profile2
594 72.928859 -0.38502471986861 profile2
595 72.944065 -0.370058948645774 profile2
596 72.95927 -0.178641435098153 profile2
597 72.974476 0.307481916192029 profile2
598 72.989681 0.339063382841933 profile2
599 72.996574 0.209491658410999 profile2
600 72.9996 0.202279926992812 profile2
601 73.002626 0.188692410978652 profile2
602 73.005652 0.180572405422672 profile2
603 73.012925 0.126502058698344 profile2
604 73.023956 0.0476714930258225 profile2
605 73.034987 -0.0351932825706671 profile2
606 73.046018 -0.121037427581882 profile2
607 73.057049 -0.21554980328825 profile2
608 73.06808 -0.31858264560566 profile2
609 73.079353 -0.425654105192307 profile2
610 73.111862 -0.976290107112266 profile2
611 73.146945 -0.990266119995939 profile2
612 73.171837 -1.03915007648711 profile2
613 73.196729 -1.10029159802288 profile2
614 73.629401 -1.11910359372669 profile2
615 74.062073 -1.11906173168858 profile2
616 74.066223 -1.12948217837146 profile2
617 74.070373 -1.13933850929182 profile2
618 74.074523 -1.14860674554102 profile2
619 74.078673 -1.15726550734361 profile2
620 74.082823 -1.11835462296366 profile2
621 74.3761735 -1.13137452955731 profile2
622 74.669524 -1.18281329300595 profile2
623 74.672012 -1.28410156639406 profile2
624 74.674499 -1.41982276466528 profile2
625 74.716248 -1.58297235246152 profile2
626 74.724515 -1.76556408811086 profile2
627 74.732783 -1.85400886604727 profile2
628 75.0995546666667 -1.40945601292402 profile2
629 75.4663263333333 -1.40237321149721 profile2
630 75.833098 -1.36900761492661 profile2
631 75.863363 -1.31058275967287 profile2
632 75.875899 -1.24770450084826 profile2
633 75.888435 -1.21594560690977 profile2
634 75.900971 -1.25309427319219 profile2
635 75.903257 -1.32445225420875 profile2
636 75.904489 -1.34025543657123 profile2
637 75.905721 -1.3292600973593 profile2
638 75.917304 -1.31882689211028 profile2
639 76.287653 -1.29705804430118 profile2
640 76.288899 -1.26834006367277 profile2
641 76.290145 -1.24323711363858 profile2
642 76.397032 -1.24332313836409 profile2
643 76.403847 -1.27936031020194 profile2
644 76.410663 -1.28032868826694 profile2
645 76.607927 -1.30269175802425 profile2
646 76.623625 -1.21318821674735 profile2
647 76.633554 -1.15447371551399 profile2
648 76.643483 -1.10787515006285 profile2
649 76.653411 -1.07348097731277 profile2
650 76.66334 -1.05060137723391 profile2
651 76.700004 -0.933797278922853 profile2
