marker_position lod trace
1 67.606765 -5.37301867505878 pleio
2 67.613251 -5.36158551234522 pleio
3 67.619736 -5.35049535151241 pleio
4 67.626222 -5.33974998804555 pleio
5 67.641347 -5.32934944263754 pleio
6 67.654855 -5.31931728796954 pleio
7 67.658769 -5.31006195829629 pleio
8 67.662682 -5.30127104694014 pleio
9 67.666596 -5.29288063633275 pleio
10 67.679986 -5.28483701333684 pleio
11 67.708923 -5.27871721967349 pleio
12 67.715069 -5.28824153412857 pleio
13 67.721215 -5.31358997907796 pleio
14 67.746869 -5.34327747680339 pleio
15 67.778018 -5.33778446076931 pleio
16 67.809168 -5.33090536676568 pleio
17 67.895218 -5.07501511689785 pleio
18 67.900561 -4.74965410243768 pleio
19 67.905905 -4.5108361579301 pleio
20 67.911248 -4.36051936553242 pleio
21 67.920171 -4.24071318748961 pleio
22 67.929072 -4.10559823706309 pleio
23 67.937973 -4.07678285374372 pleio
24 67.946874 -4.15276289711373 pleio
25 67.962131 -4.18410425176605 pleio
26 68.103338 -4.19777821632931 pleio
27 68.122257 -4.2051950742987 pleio
28 68.141177 -4.33583655635571 pleio
29 68.410128 -4.39682632106666 pleio
30 68.415239 -4.26462235231696 pleio
31 68.42035 -4.14328818558481 pleio
32 68.640199 -3.65507292791118 pleio
33 68.652056 -2.9919425107403 pleio
34 68.656091 -2.48060529414498 pleio
35 68.660126 -2.13118617235534 pleio
36 68.664161 -1.949089487518 pleio
37 68.685197 -1.9301878473937 pleio
38 68.806919 -1.9681674673281 pleio
39 68.816104 -1.96362655664021 pleio
40 68.825289 -1.95905451154808 pleio
41 68.885575 -1.95211528508544 pleio
42 68.886394 -1.9426582241505 pleio
43 68.887213 -1.93264487289302 pleio
44 68.888033 -1.92210431678945 pleio
45 68.888852 -1.91106528784725 pleio
46 68.889671 -1.89955623828254 pleio
47 68.89049 -1.86281005150206 pleio
48 68.89131 -1.8293611867127 pleio
49 68.892129 -1.80174170281288 pleio
50 68.987403 -1.93189268523182 pleio
51 69.064645 -0.136910707117617 pleio
52 69.131341 -0.897245090096191 pleio
53 69.198036 -0.920114701215613 pleio
54 69.214855 -0.952272785553683 pleio
55 69.21825 -0.986107340515989 pleio
56 69.221446 -1.02136101337664 pleio
57 69.224642 -1.05774725994471 pleio
58 69.227838 -1.09494490167574 pleio
59 69.231034 -0.16673702198992 pleio
60 69.23423 0 pleio
61 69.237426 -0.00211371750517203 pleio
62 69.240621 -0.00427461953029913 pleio
63 69.244859 -0.00646878314491988 pleio
64 69.252696 -0.00911164834878609 pleio
65 69.260534 -0.0137981039642345 pleio
66 69.416362 -0.583152847548422 pleio
67 69.484146 -3.13479197546544 pleio
68 69.505599 -3.14936594920163 pleio
69 69.508945 -3.17532452421174 pleio
70 69.512291 -3.1975021468838 pleio
71 69.515636 -3.21567920364558 pleio
72 69.542556 -3.18822051599972 pleio
73 69.592546 -3.84970471160692 pleio
74 69.66328 -3.52717117112683 pleio
75 69.721392 -3.5349433468611 pleio
76 69.724456 -3.53825768505661 pleio
77 69.727519 -3.54164877113402 pleio
78 69.733033 -3.54510824000986 pleio
79 69.768364 -3.39222101850718 pleio
80 69.782339 -3.18427866313217 pleio
81 69.796313 -2.91632865435322 pleio
82 69.810287 -13.2703881432804 pleio
83 69.829176 -19.9142866433864 pleio
84 69.837051 -19.9336679430126 pleio
85 69.844926 -19.9904531010336 pleio
86 69.869428 -20.0509705477185 pleio
87 69.876397 -20.0626327514209 pleio
88 69.876657 -20.089586072775 pleio
89 69.876917 -20.1449591724635 pleio
90 69.924127 -20.1429476959298 pleio
91 69.978753 -20.3160459398308 pleio
92 70.033378 -20.3111831154511 pleio
93 70.042973 -20.3142682953143 pleio
94 70.043703 -20.3249413099649 pleio
95 70.044434 -20.3429842665642 pleio
96 70.087246 -20.359112942949 pleio
97 70.141872 -20.3628732655383 pleio
98 70.196497 -20.3940657243938 pleio
99 70.400832 -20.401337226093 pleio
100 70.421006 -20.4082919750057 pleio
101 70.441181 -20.4175373911332 pleio
102 70.60917 -20.4294630667702 pleio
103 70.612702 -20.4522235166572 pleio
104 70.616235 -20.5299664877017 pleio
105 70.661194 -20.5847555905851 pleio
106 70.728481 -20.5892964979079 pleio
107 70.750402 -20.5833501994648 pleio
108 70.772323 -20.6059839652635 pleio
109 70.779053 -20.6464500698271 pleio
110 70.782062 -20.6826308009479 pleio
111 70.785072 -20.7282634622007 pleio
112 71.12066 -20.5915627150016 pleio
113 71.198629 -20.591996339353 pleio
114 71.276599 -20.5936380331239 pleio
115 71.354568 -21.0693431108755 pleio
116 71.418821 -21.1892247293337 pleio
117 71.422464 -21.3084435272218 pleio
118 71.425934 -21.5123884599607 pleio
119 71.429405 -21.589793974122 pleio
120 71.432875 -21.56917577398 pleio
121 71.436346 -21.5619129049326 pleio
122 71.439817 -21.5679538829156 pleio
123 71.443287 -21.5871732616315 pleio
124 71.449172 -21.6056820467017 pleio
125 71.46043 -21.5988314172434 pleio
126 71.475844 -21.5927593002143 pleio
127 71.510771 -21.587783055194 pleio
128 71.658293 -21.5788477018277 pleio
129 71.675712 -21.5662881030838 pleio
130 71.693132 -21.5612283904704 pleio
131 71.782692 -22.0856222379354 pleio
132 71.793079 -22.3774018836578 pleio
133 71.803404 -22.7327572402238 pleio
134 71.813729 -22.6363378901875 pleio
135 71.824055 -22.6453405539749 pleio
136 71.83438 -22.7772312819963 pleio
137 71.859513 -22.7787007146021 pleio
138 71.937774 -21.9649827361283 pleio
139 71.945079 -22.08856766952 pleio
140 71.952385 -22.0749245020727 pleio
141 71.98473 -22.0358150108982 pleio
142 72.012709 -22.0423687168717 pleio
143 72.040688 -22.0481612640825 pleio
144 72.210521 -22.0536817435485 pleio
145 72.314268 -23.2750949818441 pleio
146 72.366456 -23.3057218222149 pleio
147 72.411367 -23.3619751054308 pleio
148 72.450663 -23.4086390287145 pleio
149 72.471305 -23.4428032659369 pleio
150 72.491946 -23.4044993317386 pleio
151 72.512588 -23.4963222450266 pleio
152 72.601385 -23.1815136738119 pleio
153 72.621813 -23.0903256369311 pleio
154 72.642242 -23.0626101145924 pleio
155 72.66267 -23.0707047579861 pleio
156 72.771429 -23.6996359225748 pleio
157 72.883243 -23.63130898289 pleio
158 72.898448 -23.5275362136871 pleio
159 72.913654 -23.4520089263245 pleio
160 72.928859 -23.4051224725555 pleio
161 72.944065 -23.3892567077736 pleio
162 72.95927 -23.2893144641471 pleio
163 72.974476 -23.6960577996899 pleio
164 72.989681 -25.1667246432696 pleio
165 72.996574 -25.0367040056115 pleio
166 72.9996 -24.8197982969796 pleio
167 73.002626 -24.7604395755945 pleio
168 73.005652 -24.7651851286871 pleio
169 73.012925 -24.8143720094602 pleio
170 73.023956 -24.8894951257369 pleio
171 73.034987 -24.9737474272149 pleio
172 73.046018 -25.0420562422166 pleio
173 73.057049 -25.1299983397128 pleio
174 73.06808 -25.2436089740658 pleio
175 73.079353 -25.3807211504182 pleio
176 73.111862 -25.1586862568459 pleio
177 73.146945 -25.3149926780453 pleio
178 73.171837 -25.7390658305204 pleio
179 73.196729 -26.0684132942179 pleio
180 73.629401 -26.1172270110034 pleio
181 74.062073 -26.0974973902254 pleio
182 74.066223 -26.0759297349151 pleio
183 74.070373 -26.054688980105 pleio
184 74.074523 -26.0338617658458 pleio
185 74.078673 -26.0135295049005 pleio
186 74.082823 -26.0513767824216 pleio
187 74.3761735 -25.8808513669783 pleio
188 74.669524 -25.8254756898847 pleio
189 74.672012 -25.602286599834 pleio
190 74.674499 -25.5318759897755 pleio
191 74.716248 -25.6233975651606 pleio
192 74.724515 -25.8701680177371 pleio
193 74.732783 -26.1654767866583 pleio
194 75.0995546666667 -29.118943836043 pleio
195 75.4663263333333 -29.1093837907786 pleio
196 75.833098 -29.174983625728 pleio
197 75.863363 -29.1910495159132 pleio
198 75.875899 -29.2235205014585 pleio
199 75.888435 -29.2568298664093 pleio
200 75.900971 -29.3274793342905 pleio
201 75.903257 -29.4875471260656 pleio
202 75.904489 -29.5406685722581 pleio
203 75.905721 -29.541856595401 pleio
204 75.917304 -29.5534689085803 pleio
205 76.287653 -29.5633158836293 pleio
206 76.288899 -29.5646869383538 pleio
207 76.290145 -29.5697166828828 pleio
208 76.397032 -29.6312933644297 pleio
209 76.403847 -29.7228325831204 pleio
210 76.410663 -29.8062885335786 pleio
211 76.607927 -29.7594152645866 pleio
212 76.623625 -29.7635407952579 pleio
213 76.633554 -29.8725296844686 pleio
214 76.643483 -29.9929544334702 pleio
215 76.653411 -30.123409155668 pleio
216 76.66334 -30.2623584317435 pleio
217 76.700004 -30.4271610489453 pleio
218 67.606765 -2.27352519671421 profile1
219 67.613251 -2.25725978062326 profile1
220 67.619736 -2.24131532806446 profile1
221 67.626222 -2.22569491378661 profile1
222 67.641347 -2.21039729171334 profile1
223 67.654855 -2.19543642615142 profile1
224 67.658769 -2.18101880748491 profile1
225 67.662682 -2.16705785992271 profile1
226 67.666596 -2.15348380076879 profile1
227 67.679986 -2.14023724394722 profile1
228 67.708923 -2.13421176198053 profile1
229 67.715069 -2.12895405273402 profile1
230 67.721215 -2.12388046195059 profile1
231 67.746869 -2.11360746290938 profile1
232 67.778018 -2.10162618835683 profile1
233 67.809168 -2.08896617231883 profile1
234 67.895218 -1.80798434560679 profile1
235 67.900561 -1.44333791499639 profile1
236 67.905905 -1.16010022538776 profile1
237 67.911248 -0.959973910569429 profile1
238 67.920171 -0.786297116030124 profile1
239 67.929072 -0.594103267272156 profile1
240 67.937973 -0.502363826330934 profile1
241 67.946874 -0.510196587984122 profile1
242 67.962131 -0.505693646135166 profile1
243 68.103338 -0.501080576957296 profile1
244 68.122257 -0.500271946309868 profile1
245 68.141177 -0.473815021550523 profile1
246 68.410128 -0.429443476626297 profile1
247 68.415239 -0.363680556360804 profile1
248 68.42035 -0.313041051546013 profile1
249 68.640199 0.0908549572133759 profile1
250 68.652056 0.658744827261132 profile1
251 68.656091 1.0752606640143 profile1
252 68.660126 1.33108021192347 profile1
253 68.664161 1.42176260847601 profile1
254 68.685197 1.35046448441855 profile1
255 68.806919 1.27149630607664 profile1
256 68.816104 1.27152095054762 profile1
257 68.825289 1.27156785969155 profile1
258 68.885575 1.26797259700966 profile1
259 68.886394 1.26174589713247 profile1
260 68.887213 1.25634068213022 profile1
261 68.888033 1.25176816630231 profile1
262 68.888852 1.2480373026761 profile1
263 68.889671 1.24515440724054 profile1
264 68.89049 1.25103719110223 profile1
265 68.89131 1.25844286078347 profile1
266 68.892129 1.26638887753138 profile1
267 68.987403 1.15610386066767 profile1
268 69.064645 2.49155980200381 profile1
269 69.131341 1.37959911327145 profile1
270 69.198036 1.38586255576627 profile1
271 69.214855 1.39707887779482 profile1
272 69.21825 1.40843562401288 profile1
273 69.221446 1.41973227056062 profile1
274 69.224642 1.43076227443823 profile1
275 69.227838 1.44133026577966 profile1
276 69.231034 1.40989226011421 profile1
277 69.23423 1.36089762101575 profile1
278 69.237426 1.358338567425 profile1
279 69.240621 1.35579320108587 profile1
280 69.244859 1.35326649942303 profile1
281 69.252696 1.35072879120719 profile1
282 69.260534 1.34702928084155 profile1
283 69.416362 0.824404575585129 profile1
284 69.484146 -1.52972980609003 profile1
285 69.505599 -1.52788106825715 profile1
286 69.508945 -1.51571908200111 profile1
287 69.512291 -1.50134629289946 profile1
288 69.515636 -1.48497508704012 profile1
289 69.542556 -1.46418902762 profile1
290 69.592546 -1.6167815925083 profile1
291 69.66328 -1.48842063429408 profile1
292 69.721392 -1.48563944324539 profile1
293 69.724456 -1.48398076120966 profile1
294 69.727519 -1.48236494704149 profile1
295 69.733033 -1.4807890705987 profile1
296 69.768364 -1.48632783398351 profile1
297 69.782339 -1.52891603017897 profile1
298 69.796313 -1.47589521118512 profile1
299 69.810287 -12.5694527367309 profile1
300 69.829176 -19.6640123279554 profile1
301 69.837051 -19.6499950237757 profile1
302 69.844926 -19.6634455970489 profile1
303 69.869428 -19.6827181678093 profile1
304 69.876397 -19.681719606069 profile1
305 69.876657 -19.690025890238 profile1
306 69.876917 -19.7159529117308 profile1
307 69.924127 -19.6797924656673 profile1
308 69.978753 -19.8367562642942 profile1
309 70.033378 -19.8491401988505 profile1
310 70.042973 -19.8689000322832 profile1
311 70.043703 -19.8954894901148 profile1
312 70.044434 -19.9286192965947 profile1
313 70.087246 -19.959141725905 profile1
314 70.141872 -19.9767351041993 profile1
315 70.196497 -19.9981015282133 profile1
316 70.400832 -20.014925530806 profile1
317 70.421006 -20.0285127120857 profile1
318 70.441181 -20.041919376282 profile1
319 70.60917 -20.0530688800936 profile1
320 70.612702 -20.0546455009319 profile1
321 70.616235 -20.0635768369368 profile1
322 70.661194 -20.0875226365263 profile1
323 70.728481 -20.1021439666335 profile1
324 70.750402 -20.1160823771643 profile1
325 70.772323 -20.1494300063977 profile1
326 70.779053 -20.1974089326157 profile1
327 70.782062 -20.2491007703101 profile1
328 70.785072 -20.3022295248018 profile1
329 71.12066 -20.4834661937615 profile1
330 71.198629 -20.4864871057257 profile1
331 71.276599 -20.4899463682548 profile1
332 71.354568 -21.0693431108755 profile1
333 71.418821 -21.0869930170444 profile1
334 71.422464 -21.0885572075942 profile1
335 71.425934 -21.1435197552576 profile1
336 71.429405 -21.1893289913008 profile1
337 71.432875 -21.2133020478466 profile1
338 71.436346 -21.2506040793224 profile1
339 71.439817 -21.3010556825243 profile1
340 71.443287 -21.3643978220027 profile1
341 71.449172 -21.4182375607533 profile1
342 71.46043 -21.4274825457143 profile1
343 71.475844 -21.4372543766756 profile1
344 71.510771 -21.447321674069 profile1
345 71.658293 -21.4544642375367 profile1
346 71.675712 -21.4597242968695 profile1
347 71.693132 -21.4700506365275 profile1
348 71.782692 -21.4242648680512 profile1
349 71.793079 -21.4391566295478 profile1
350 71.803404 -21.6903542196573 profile1
351 71.813729 -21.8543261855646 profile1
352 71.824055 -21.8764515398916 profile1
353 71.83438 -21.8848222607751 profile1
354 71.859513 -21.8639108770258 profile1
355 71.937774 -21.1837628919088 profile1
356 71.945079 -21.2099078852937 profile1
357 71.952385 -21.2236121405393 profile1
358 71.98473 -21.2269761208812 profile1
359 72.012709 -21.2455445687555 profile1
360 72.040688 -21.2615704544179 profile1
361 72.210521 -21.0507698467298 profile1
362 72.314268 -21.7411615690509 profile1
363 72.366456 -21.8178885153998 profile1
364 72.411367 -21.8401902893767 profile1
365 72.450663 -21.8538482822445 profile1
366 72.471305 -21.8450594698275 profile1
367 72.491946 -21.8508094398147 profile1
368 72.512588 -22.0517277588162 profile1
369 72.601385 -22.1559083192918 profile1
370 72.621813 -22.0930928348787 profile1
371 72.642242 -22.0666802378211 profile1
372 72.66267 -22.0748826629051 profile1
373 72.771429 -22.2658785584853 profile1
374 72.883243 -22.207750954153 profile1
375 72.898448 -22.1016617854174 profile1
376 72.913654 -22.022620706582 profile1
377 72.928859 -21.9710648642217 profile1
378 72.944065 -21.9485792822948 profile1
379 72.95927 -21.9518255531413 profile1
380 72.974476 -22.7043290718142 profile1
381 72.989681 -23.9781699954482 profile1
382 72.996574 -23.8254459975449 profile1
383 72.9996 -23.6835561930251 profile1
384 73.002626 -23.6855821736872 profile1
385 73.005652 -23.7450807482084 profile1
386 73.012925 -23.8241387786586 profile1
387 73.023956 -23.9156752149638 profile1
388 73.034987 -24.0132082065689 profile1
389 73.046018 -24.1177955961845 profile1
390 73.057049 -24.238524136718 profile1
391 73.06808 -24.3756020428119 profile1
392 73.079353 -24.5233962990208 profile1
393 73.111862 -24.2883068896223 profile1
394 73.146945 -24.4506713904945 profile1
395 73.171837 -24.717558701517 profile1
396 73.196729 -24.9696132689847 profile1
397 73.629401 -25.0045761487433 profile1
398 74.062073 -24.9906432488429 profile1
399 74.066223 -24.9734565906795 profile1
400 74.070373 -24.9558892461376 profile1
401 74.074523 -24.9380073711203 profile1
402 74.078673 -24.9198748107955 profile1
403 74.082823 -24.9021301074324 profile1
404 74.3761735 -24.8514091269505 profile1
405 74.669524 -24.803855092949 profile1
406 74.672012 -24.6761995746334 profile1
407 74.674499 -24.6429879831053 profile1
408 74.716248 -24.7087491187078 profile1
409 74.724515 -24.870656810668 profile1
410 74.732783 -25.1285424572066 profile1
411 75.0995546666667 -28.2510527631533 profile1
412 75.4663263333333 -28.2651099639046 profile1
413 75.833098 -28.3892768160139 profile1
414 75.863363 -28.5208233664325 profile1
415 75.875899 -28.6729153997104 profile1
416 75.888435 -28.7279326896853 profile1
417 75.900971 -28.6131770371298 profile1
418 75.903257 -28.5623373401305 profile1
419 75.904489 -28.5359398540563 profile1
420 75.905721 -28.5098773807376 profile1
421 75.917304 -28.494274545226 profile1
422 76.287653 -28.5056453146503 profile1
423 76.288899 -28.5214404616019 profile1
424 76.290145 -28.5370038603996 profile1
425 76.397032 -28.5827785150121 profile1
426 76.403847 -28.6526885024108 profile1
427 76.410663 -28.7771102354466 profile1
428 76.607927 -28.7710607193889 profile1
429 76.623625 -28.723698050079 profile1
430 76.633554 -28.8248712166015 profile1
431 76.643483 -28.9412401187955 profile1
432 76.653411 -29.0723160031279 profile1
433 76.66334 -29.2173753831629 profile1
434 76.700004 -29.4479384115534 profile1
435 67.606765 -0.904265024521031 profile2
436 67.613251 -0.907866120917984 profile2
437 67.619736 -0.911520330061772 profile2
438 67.626222 -0.91522665269234 profile2
439 67.641347 -0.91898622113985 profile2
440 67.654855 -0.922810726896185 profile2
441 67.658769 -0.926934870750163 profile2
442 67.662682 -0.931103879869596 profile2
443 67.666596 -0.935320869369548 profile2
444 67.679986 -0.939589233440374 profile2
445 67.708923 -0.939807312080667 profile2
446 67.715069 -0.954265401182673 profile2
447 67.721215 -0.983560464389195 profile2
448 67.746869 -1.02126779991004 profile2
449 67.778018 -1.02684699300111 profile2
450 67.809168 -1.03183164068133 profile2
451 67.895218 -1.03753672299267 profile2
452 67.900561 -1.04890125234205 profile2
453 67.905905 -1.06821078586126 profile2
454 67.911248 -1.09618737730693 profile2
455 67.920171 -1.13008035840178 profile2
456 67.929072 -1.16816301725318 profile2
457 67.937973 -1.21716861044339 profile2
458 67.946874 -1.27657384399339 profile2
459 67.962131 -1.30757139113248 profile2
460 68.103338 -1.3244512442409 profile2
461 68.122257 -1.33229514601912 profile2
462 68.141177 -1.49509788459997 profile2
463 68.410128 -1.61261064925524 profile2
464 68.415239 -1.57162738931523 profile2
465 68.42035 -1.52505770882391 profile2
466 68.640199 -1.43973934939311 profile2
467 68.652056 -1.3282915511858 profile2
468 68.656091 -1.22100818241965 profile2
469 68.660126 -1.11874685945226 profile2
470 68.664161 -1.02239319136978 profile2
471 68.685197 -0.931073242348485 profile2
472 68.806919 -0.890978011393537 profile2
473 68.816104 -0.886622286258079 profile2
474 68.825289 -0.882260385443919 profile2
475 68.885575 -0.872597413908551 profile2
476 68.886394 -0.858311887362976 profile2
477 68.887213 -0.844158686807885 profile2
478 68.888033 -0.830177111421706 profile2
479 68.888852 -0.816404632087557 profile2
480 68.889671 -0.802876412882319 profile2
481 68.89049 -0.772888183401573 profile2
482 68.89131 -0.747688347101707 profile2
483 68.892129 -0.728828941941905 profile2
484 68.987403 -0.724600172335921 profile2
485 69.064645 -0.136910707117617 profile2
486 69.131341 0.174020049504517 profile2
487 69.198036 0.146113069956452 profile2
488 69.214855 0.104244787559436 profile2
489 69.21825 0.0604631754278115 profile2
490 69.221446 0.0152182700419649 profile2
491 69.224642 -0.0310051429861133 profile2
492 69.227838 -0.077699748614038 profile2
493 69.231034 0.878112999455425 profile2
494 69.23423 1.07132046650907 profile2
495 69.237426 1.07186184668345 profile2
496 69.240621 1.07233326150241 profile2
497 69.244859 1.07274369419726 profile2
498 69.252696 1.0727600623685 profile2
499 69.260534 1.07217636262679 profile2
500 69.416362 1.10773840928349 profile2
501 69.484146 0.890707543066339 profile2
502 69.505599 0.874585076138157 profile2
503 69.508945 0.83707438780028 profile2
504 69.512291 0.800264112976356 profile2
505 69.515636 0.764612589924311 profile2
506 69.542556 0.766421861019397 profile2
507 69.592546 0.272223034956775 profile2
508 69.66328 0.461929052457683 profile2
509 69.721392 0.45057388398073 profile2
510 69.724456 0.44583163020563 profile2
511 69.727519 0.441059959249836 profile2
512 69.733033 0.436262985129076 profile2
513 69.768364 0.611688734414693 profile2
514 69.782339 0.879247914928575 profile2
515 69.796313 1.1175851337003 profile2
516 69.810287 2.18426788471395 profile2
517 69.829176 2.28534398968823 profile2
518 69.837051 2.24458342368679 profile2
519 69.844926 2.19428818044375 profile2
520 69.869428 2.14586481418651 profile2
521 69.876397 2.12222910224853 profile2
522 69.876657 2.09562486938996 profile2
523 69.876917 2.0617390677428 profile2
524 69.924127 2.0303625012073 profile2
525 69.978753 2.01071617349359 profile2
526 70.033378 2.02868386310429 profile2
527 70.042973 2.04664758183393 profile2
528 70.043703 2.06446880663091 profile2
529 70.044434 2.08204611175489 profile2
530 70.087246 2.09951066479559 profile2
531 70.141872 2.11691443365504 profile2
532 70.196497 2.09570971570659 profile2
533 70.400832 2.10735662116545 profile2
534 70.421006 2.11398809102392 profile2
535 70.441181 2.1182374456982 profile2
536 70.60917 2.11796324719244 profile2
537 70.612702 2.0967391586962 profile2
538 70.616235 2.03192798402534 profile2
539 70.661194 2.00089804589898 profile2
540 70.728481 2.01172831937398 profile2
541 70.750402 2.03104601904604 profile2
542 70.772323 2.03912023456364 profile2
543 70.779053 2.04360333049547 profile2
544 70.782062 2.05694542279793 profile2
545 70.785072 2.06349601290767 profile2
546 71.12066 2.37458958578355 profile2
547 71.198629 2.38103726161621 profile2
548 71.276599 2.38680025313499 profile2
549 71.354568 2.49155980200381 profile2
550 71.418821 2.39257125968213 profile2
551 71.422464 2.27996374484486 profile2
552 71.425934 2.13589429465351 profile2
553 71.429405 2.10404899872964 profile2
554 71.432875 2.14451426875963 profile2
555 71.436346 2.1838889414334 profile2
556 71.439817 2.22207043663525 profile2
557 71.443287 2.25895960735403 profile2
558 71.449172 2.2889639398197 profile2
559 71.46043 2.30582371490814 profile2
560 71.475844 2.32252683268448 profile2
561 71.510771 2.33845737669357 profile2
562 71.658293 2.35542449423891 profile2
563 71.675712 2.3743117124466 profile2
564 71.693132 2.39094973812063 profile2
565 71.782692 1.76766030032964 profile2
566 71.793079 1.44487695310018 profile2
567 71.803404 1.28219259626897 profile2
568 71.813729 1.52231067960686 profile2
569 71.824055 1.44555910497743 profile2
570 71.83438 1.2772788621912 profile2
571 71.859513 1.2517619300301 profile2
572 71.937774 1.3737802198197 profile2
573 71.945079 1.27049996192777 profile2
574 71.952385 1.29388363606879 profile2
575 71.98473 1.33492598012722 profile2
576 72.012709 1.34756039288269 profile2
577 72.040688 1.35855531999706 profile2
578 72.210521 1.17542492650446 profile2
579 72.314268 0.492554195409947 profile2
580 72.366456 0.524850543805039 profile2
581 72.411367 0.491932413839268 profile2
582 72.450663 0.459132319982115 profile2
583 72.471305 0.412024434425202 profile2
584 72.491946 0.440072395997862 profile2
585 72.512588 0.511530333605478 profile2
586 72.601385 0.90046450217152 profile2
587 72.621813 0.917821632868191 profile2
588 72.642242 0.912302063932149 profile2
589 72.66267 0.904674099925683 profile2
590 72.771429 0.414738044334525 profile2
591 72.883243 0.421569068677642 profile2
592 72.898448 0.414000893056655 profile2
593 72.913654 0.404490531290471 profile2
594 72.928859 0.393138903319871 profile2
595 72.944065 0.379428233744112 profile2
596 72.95927 0.454185330797944 profile2
597 72.974476 0.664195924607854 profile2
598 72.989681 0.166417699751985 profile2
599 72.996574 0.116606214007568 profile2
600 72.9996 0.176520658249888 profile2
601 73.002626 0.230843567255215 profile2
602 73.005652 0.279305660148345 profile2
603 73.012925 0.301894735224511 profile2
604 73.023956 0.310576715809747 profile2
605 73.034987 0.316390716948913 profile2
606 73.046018 0.341490671169738 profile2
607 73.057049 0.362135530602191 profile2
608 73.06808 0.373300101383596 profile2
609 73.079353 0.374105952422627 profile2
610 73.111862 0.546361480696479 profile2
611 73.146945 0.571780049745495 profile2
612 73.171837 0.422842030262869 profile2
613 73.196729 0.332387774635833 profile2
614 73.629401 0.317613325269704 profile2
615 74.062073 0.323336446733728 profile2
616 74.066223 0.327956681602736 profile2
617 74.070373 0.332016881416558 profile2
618 74.074523 0.335495904705463 profile2
619 74.078673 0.338374917219313 profile2
620 74.082823 0.278728768888357 profile2
621 74.3761735 0.403578374125157 profile2
622 74.669524 0.413274010326466 profile2
623 74.672012 0.528810285001033 profile2
624 74.674499 0.586757579823288 profile2
625 74.716248 0.580801601806261 profile2
626 74.724515 0.512741539837936 profile2
627 74.732783 0.497829803279534 profile2
628 75.0995546666667 0.75410705320004 profile2
629 75.4663263333333 0.775513952755023 profile2
630 75.833098 0.838744146527407 profile2
631 75.863363 0.955312710717509 profile2
632 75.875899 1.07620882699251 profile2
633 75.888435 1.10419680739107 profile2
634 75.900971 0.932545604148472 profile2
635 75.903257 0.731047730678306 profile2
636 75.904489 0.660973080433539 profile2
637 75.905721 0.645986030628653 profile2
638 75.917304 0.632811916057901 profile2
639 76.287653 0.639394753013327 profile2
640 76.288899 0.656913456815111 profile2
641 76.290145 0.670449332996837 profile2
642 76.397032 0.663980174947517 profile2
643 76.403847 0.658426738650092 profile2
644 76.410663 0.713719217811598 profile2
645 76.607927 0.783998921602232 profile2
646 76.623625 0.75383334607517 profile2
647 76.633554 0.758315002135658 profile2
648 76.643483 0.768780432214792 profile2
649 76.653411 0.785878919073086 profile2
650 76.66334 0.810038376260112 profile2
651 76.700004 0.891207826595783 profile2
