marker_position lod trace
1 67.606765 -3.08310451972677 pleio
2 67.613251 -3.07665784818785 pleio
3 67.619736 -3.07031529782871 pleio
4 67.626222 -3.06407631411899 pleio
5 67.641347 -3.05794157407247 pleio
6 67.654855 -3.05195571254304 pleio
7 67.658769 -3.04690968154145 pleio
8 67.662682 -3.04195927578327 pleio
9 67.666596 -3.03711273748937 pleio
10 67.679986 -3.03237597536882 pleio
11 67.708923 -2.91737775003863 pleio
12 67.715069 -2.79512192579932 pleio
13 67.721215 -2.67769299079965 pleio
14 67.746869 -2.56766376139037 pleio
15 67.778018 -2.56091842207749 pleio
16 67.809168 -2.55713595405026 pleio
17 67.895218 -2.58428217274124 pleio
18 67.900561 -2.64333542032798 pleio
19 67.905905 -2.71955564963841 pleio
20 67.911248 -2.81253329752499 pleio
21 67.920171 -2.91076547861273 pleio
22 67.929072 -3.00122939892903 pleio
23 67.937973 -3.10341365185378 pleio
24 67.946874 -3.21607179673219 pleio
25 67.962131 -3.28272814413404 pleio
26 68.103338 -3.30142005099497 pleio
27 68.122257 -3.29206949507212 pleio
28 68.141177 -3.35791864467874 pleio
29 68.410128 -3.43132007589355 pleio
30 68.415239 -3.42335058059198 pleio
31 68.42035 -3.41325081094638 pleio
32 68.640199 -3.30223045060668 pleio
33 68.652056 -3.12330906405609 pleio
34 68.656091 -2.95184696058569 pleio
35 68.660126 -2.78798420249362 pleio
36 68.664161 -2.63196436687295 pleio
37 68.685197 -2.49065817426919 pleio
38 68.806919 -2.43070126563135 pleio
39 68.816104 -2.42093848268385 pleio
40 68.825289 -2.41123502836135 pleio
41 68.885575 -2.3946704489975 pleio
42 68.886394 -2.37281895856966 pleio
43 68.887213 -2.3521637307347 pleio
44 68.888033 -2.33280956926586 pleio
45 68.888852 -2.31485163407574 pleio
46 68.889671 -2.29837636988269 pleio
47 68.89049 -2.29156932887634 pleio
48 68.89131 -2.29342542061175 pleio
49 68.892129 -2.30359386229634 pleio
50 68.987403 -2.06018549422073 pleio
51 69.064645 -1.05714042631449 pleio
52 69.131341 -0.988004006272148 pleio
53 69.198036 -0.999924292519016 pleio
54 69.214855 -0.987851362297007 pleio
55 69.21825 -0.987137047406672 pleio
56 69.221446 -0.99879871294806 pleio
57 69.224642 -1.02349017023698 pleio
58 69.227838 -1.06147387733125 pleio
59 69.231034 -0.665727081424174 pleio
60 69.23423 -0.608809120090096 pleio
61 69.237426 -0.623640647571963 pleio
62 69.240621 -0.638828685466583 pleio
63 69.244859 -0.654376023110475 pleio
64 69.252696 -0.670028490402475 pleio
65 69.260534 -0.696568461793249 pleio
66 69.416362 -0.317597623152808 pleio
67 69.484146 -0.0598000415727601 pleio
68 69.505599 -0.0778181846911512 pleio
69 69.508945 -0.127279958945872 pleio
70 69.512291 -0.182446568241551 pleio
71 69.515636 -0.242502789601862 pleio
72 69.542556 -0.317572563056969 pleio
73 69.592546 -0.846625229503115 pleio
74 69.66328 -0.954663176399269 pleio
75 69.721392 -0.960912743208261 pleio
76 69.724456 -0.949674904320238 pleio
77 69.727519 -0.939062281722678 pleio
78 69.733033 -0.929080534534652 pleio
79 69.768364 -0.953171628253061 pleio
80 69.782339 -1.03592489941924 pleio
81 69.796313 -1.08811897293149 pleio
82 69.810287 0 pleio
83 69.829176 -0.71839735058072 pleio
84 69.837051 -0.800539755478222 pleio
85 69.844926 -0.909702588488459 pleio
86 69.869428 -1.03432878338161 pleio
87 69.876397 -1.187504825005 pleio
88 69.876657 -1.33528297100757 pleio
89 69.876917 -1.48307542313315 pleio
90 69.924127 -1.49761182891789 pleio
91 69.978753 -1.49229138167681 pleio
92 70.033378 -1.48331164446447 pleio
93 70.042973 -1.47627175580223 pleio
94 70.043703 -1.47104460534758 pleio
95 70.044434 -1.46779458069787 pleio
96 70.087246 -1.4674241006247 pleio
97 70.141872 -1.46971470439468 pleio
98 70.196497 -1.5088804524526 pleio
99 70.400832 -1.52347201220146 pleio
100 70.421006 -1.54894211760529 pleio
101 70.441181 -1.57777641917167 pleio
102 70.60917 -1.61179480306488 pleio
103 70.612702 -1.65134594729858 pleio
104 70.616235 -1.75203212931167 pleio
105 70.661194 -1.76291011183644 pleio
106 70.728481 -1.80232529440797 pleio
107 70.750402 -1.85698885377827 pleio
108 70.772323 -1.91468439168796 pleio
109 70.779053 -1.97381634653305 pleio
110 70.782062 -2.03390740972349 pleio
111 70.785072 -2.09272906593521 pleio
112 71.12066 -2.15117125645267 pleio
113 71.198629 -2.16282583239036 pleio
114 71.276599 -2.17397115832996 pleio
115 71.354568 -2.11413388012554 pleio
116 71.418821 -2.16637089530475 pleio
117 71.422464 -2.28980466838877 pleio
118 71.425934 -2.40098754890939 pleio
119 71.429405 -2.44587272783082 pleio
120 71.432875 -2.46807916114057 pleio
121 71.436346 -2.49308408743371 pleio
122 71.439817 -2.52082220202885 pleio
123 71.443287 -2.55122048338322 pleio
124 71.449172 -2.57641389411109 pleio
125 71.46043 -2.5858223110793 pleio
126 71.475844 -2.59574501759697 pleio
127 71.510771 -2.60682486803563 pleio
128 71.658293 -2.61780195015333 pleio
129 71.675712 -2.6292391702778 pleio
130 71.693132 -2.644841251405 pleio
131 71.782692 -3.1691722040882 pleio
132 71.793079 -3.30628052314555 pleio
133 71.803404 -3.35699129871493 pleio
134 71.813729 -3.12997638969828 pleio
135 71.824055 -2.94887799095403 pleio
136 71.83438 -2.95561672764436 pleio
137 71.859513 -2.94977976341842 pleio
138 71.937774 -2.90757585414411 pleio
139 71.945079 -3.11201493466297 pleio
140 71.952385 -3.21186327733918 pleio
141 71.98473 -3.23481474569168 pleio
142 72.012709 -3.2395520058746 pleio
143 72.040688 -3.24944102547309 pleio
144 72.210521 -3.35422842814704 pleio
145 72.314268 -3.89018700164237 pleio
146 72.366456 -3.96613720743898 pleio
147 72.411367 -3.98298546126897 pleio
148 72.450663 -4.00364554167533 pleio
149 72.471305 -4.06276309078388 pleio
150 72.491946 -4.13689029828084 pleio
151 72.512588 -4.26941418755281 pleio
152 72.601385 -4.2800504437355 pleio
153 72.621813 -4.12743413087112 pleio
154 72.642242 -4.18845722615932 pleio
155 72.66267 -4.25340985796915 pleio
156 72.771429 -4.23606853256611 pleio
157 72.883243 -4.24228808746753 pleio
158 72.898448 -4.25947541547523 pleio
159 72.913654 -4.27988449230799 pleio
160 72.928859 -4.30425289312571 pleio
161 72.944065 -4.33284010607007 pleio
162 72.95927 -4.26486168213061 pleio
163 72.974476 -4.22832798540904 pleio
164 72.989681 -3.91407537117529 pleio
165 72.996574 -3.75189703679332 pleio
166 72.9996 -3.68083750555714 pleio
167 73.002626 -3.64218136207766 pleio
168 73.005652 -3.62182682716487 pleio
169 73.012925 -3.60566189898661 pleio
170 73.023956 -3.5946696863493 pleio
171 73.034987 -3.58979914891179 pleio
172 73.046018 -3.57965233845734 pleio
173 73.057049 -3.57746600991228 pleio
174 73.06808 -3.58553141301724 pleio
175 73.079353 -3.60300053818274 pleio
176 73.111862 -3.55384841495548 pleio
177 73.146945 -3.83628428857998 pleio
178 73.171837 -4.15765877663991 pleio
179 73.196729 -4.57842280931933 pleio
180 73.629401 -4.61227302139374 pleio
181 74.062073 -4.60980996849026 pleio
182 74.066223 -4.59351725962315 pleio
183 74.070373 -4.57748317481937 pleio
184 74.074523 -4.5617590460916 pleio
185 74.078673 -4.54639727190197 pleio
186 74.082823 -4.47582295821733 pleio
187 74.3761735 -4.49681970741981 pleio
188 74.669524 -4.45417705546215 pleio
189 74.672012 -4.42316516404541 pleio
190 74.674499 -4.42104828840983 pleio
191 74.716248 -4.44843971841998 pleio
192 74.724515 -4.50429646837043 pleio
193 74.732783 -4.31921702486299 pleio
194 75.0995546666667 -5.58382996740593 pleio
195 75.4663263333333 -5.63336228928648 pleio
196 75.833098 -5.52190065708892 pleio
197 75.863363 -5.506710723348 pleio
198 75.875899 -5.49423838199177 pleio
199 75.888435 -5.52544684545726 pleio
200 75.900971 -5.65383145808243 pleio
201 75.903257 -5.81461334644191 pleio
202 75.904489 -5.87613606062198 pleio
203 75.905721 -5.89829998401166 pleio
204 75.917304 -5.92394509083883 pleio
205 76.287653 -5.97665316536367 pleio
206 76.288899 -6.04741517780004 pleio
207 76.290145 -6.12183427679372 pleio
208 76.397032 -6.1647653438785 pleio
209 76.403847 -6.16729690927666 pleio
210 76.410663 -6.14174690671883 pleio
211 76.607927 -6.11807994305682 pleio
212 76.623625 -6.02807000226911 pleio
213 76.633554 -6.01822707615507 pleio
214 76.643483 -6.00496724949801 pleio
215 76.653411 -5.98924721736924 pleio
216 76.66334 -5.97225854763271 pleio
217 76.700004 -5.87649227773545 pleio
218 67.606765 -0.127313906445243 profile1
219 67.613251 -0.121512995296871 profile1
220 67.619736 -0.115764129591693 profile1
221 67.626222 -0.110066856861903 profile1
222 67.641347 -0.104422009350062 profile1
223 67.654855 -0.0988773102355139 profile1
224 67.658769 -0.0942803779520911 profile1
225 67.662682 -0.0897493937666724 profile1
226 67.666596 -0.0852800704694544 profile1
227 67.679986 -0.080867190036759 profile1
228 67.708923 0.0358230103870925 profile1
229 67.715069 0.160113129718397 profile1
230 67.721215 0.279621087277541 profile1
231 67.746869 0.39154460910043 profile1
232 67.778018 0.398318115779241 profile1
233 67.809168 0.401843391476985 profile1
234 67.895218 0.421466041607941 profile1
235 67.900561 0.441168007277118 profile1
236 67.905905 0.449582991401342 profile1
237 67.911248 0.446560486686543 profile1
238 67.920171 0.43552005750576 profile1
239 67.929072 0.422033167312022 profile1
240 67.937973 0.401006861002586 profile1
241 67.946874 0.37301126598961 profile1
242 67.962131 0.322817481536241 profile1
243 68.103338 0.30559126654049 profile1
244 68.122257 0.3137011293516 profile1
245 68.141177 0.240019716904936 profile1
246 68.410128 0.176868139885111 profile1
247 68.415239 0.187326952837968 profile1
248 68.42035 0.199494857972448 profile1
249 68.640199 0.308459239586957 profile1
250 68.652056 0.47916034509888 profile1
251 68.656091 0.636130863091462 profile1
252 68.660126 0.777080006284635 profile1
253 68.664161 0.900165531933915 profile1
254 68.685197 1.00189396988078 profile1
255 68.806919 1.04488714874428 profile1
256 68.816104 1.05356009098873 profile1
257 68.825289 1.06220503231288 profile1
258 68.885575 1.08059897940332 profile1
259 68.886394 1.10657231118975 profile1
260 68.887213 1.13103250277274 profile1
261 68.888033 1.1538818148437 profile1
262 68.888852 1.17503462567661 profile1
263 68.889671 1.1944163312814 profile1
264 68.89049 1.19202321564871 profile1
265 68.89131 1.17974455199957 profile1
266 68.892129 1.15903516549521 profile1
267 68.987403 1.27103204446219 profile1
268 69.064645 1.94794772740454 profile1
269 69.131341 1.96316093809579 profile1
270 69.198036 1.94836062083557 profile1
271 69.214855 1.95003873279895 profile1
272 69.21825 1.94257402610035 profile1
273 69.221446 1.92526938252892 profile1
274 69.224642 1.89768654686802 profile1
275 69.227838 1.85969065652781 profile1
276 69.231034 2.77199922099367 profile1
277 69.23423 3.01496285253669 profile1
278 69.237426 3.00391988084599 profile1
279 69.240621 2.99261752124305 profile1
280 69.244859 2.981068122238 profile1
281 69.252696 2.96876971627569 profile1
282 69.260534 2.94570472035329 profile1
283 69.416362 2.92546912701642 profile1
284 69.484146 2.54386036996329 profile1
285 69.505599 2.52988088360642 profile1
286 69.508945 2.4901844362093 profile1
287 69.512291 2.44392885889944 profile1
288 69.515636 2.39182445738022 profile1
289 69.542556 2.3231810587187 profile1
290 69.592546 1.70629006186686 profile1
291 69.66328 1.57217483407274 profile1
292 69.721392 1.56434294030243 profile1
293 69.724456 1.5688756206631 profile1
294 69.727519 1.57292911180923 profile1
295 69.733033 1.57651110525478 profile1
296 69.768364 1.54970077790517 profile1
297 69.782339 1.4739475877436 profile1
298 69.796313 1.33814926077477 profile1
299 69.810287 0.59301643424846 profile1
300 69.829176 -0.0840879687641577 profile1
301 69.837051 -0.207939863699182 profile1
302 69.844926 -0.344689165074597 profile1
303 69.869428 -0.495297667654457 profile1
304 69.876397 -0.66886003230727 profile1
305 69.876657 -0.832124245448643 profile1
306 69.876917 -0.98799861477247 profile1
307 69.924127 -1.05455198452376 profile1
308 69.978753 -1.09930038529764 profile1
309 70.033378 -1.13179574329133 profile1
310 70.042973 -1.16454307153258 profile1
311 70.043703 -1.19654418307525 profile1
312 70.044434 -1.22765044348865 profile1
313 70.087246 -1.25981910107735 profile1
314 70.141872 -1.29451852545649 profile1
315 70.196497 -1.3522139934454 profile1
316 70.400832 -1.36540226433438 profile1
317 70.421006 -1.35517955269865 profile1
318 70.441181 -1.34604005041231 profile1
319 70.60917 -1.34224388682008 profile1
320 70.612702 -1.34769439852175 profile1
321 70.616235 -1.41814545172751 profile1
322 70.661194 -1.41692511695769 profile1
323 70.728481 -1.47538589569785 profile1
324 70.750402 -1.58778150588377 profile1
325 70.772323 -1.69545924925552 profile1
326 70.779053 -1.79810486789054 profile1
327 70.782062 -1.89702422646306 profile1
328 70.785072 -1.99350708097206 profile1
329 71.12066 -2.03632470103068 profile1
330 71.198629 -2.03314489806123 profile1
331 71.276599 -2.0299780591791 profile1
332 71.354568 -2.06171777134332 profile1
333 71.418821 -2.16637089530475 profile1
334 71.422464 -2.23538064290886 profile1
335 71.425934 -2.27252249897427 profile1
336 71.429405 -2.28932760646466 profile1
337 71.432875 -2.30568608024224 profile1
338 71.436346 -2.32267648824237 profile1
339 71.439817 -2.34027489287008 profile1
340 71.443287 -2.35845644369978 profile1
341 71.449172 -2.37862284179264 profile1
342 71.46043 -2.40227392321592 profile1
343 71.475844 -2.42567408064769 profile1
344 71.510771 -2.44930255932247 profile1
345 71.658293 -2.47151307710468 profile1
346 71.675712 -2.49096798538377 profile1
347 71.693132 -2.51040060687895 profile1
348 71.782692 -2.65652317061871 profile1
349 71.793079 -2.86316258325834 profile1
350 71.803404 -3.02551028486776 profile1
351 71.813729 -2.89997978264525 profile1
352 71.824055 -2.83575385779868 profile1
353 71.83438 -2.88892779527988 profile1
354 71.859513 -2.90847601999834 profile1
355 71.937774 -2.8233413406007 profile1
356 71.945079 -2.90115727981094 profile1
357 71.952385 -2.93088554555524 profile1
358 71.98473 -2.93883142379341 profile1
359 72.012709 -2.94721047858978 profile1
360 72.040688 -2.94788871418573 profile1
361 72.210521 -2.96653985378221 profile1
362 72.314268 -3.29371160926388 profile1
363 72.366456 -3.32027555144194 profile1
364 72.411367 -3.32883902879934 profile1
365 72.450663 -3.33797332887635 profile1
366 72.471305 -3.3485040249401 profile1
367 72.491946 -3.35622067107221 profile1
368 72.512588 -3.36728840428845 profile1
369 72.601385 -3.38356868832105 profile1
370 72.621813 -3.4112560050387 profile1
371 72.642242 -3.42646532816806 profile1
372 72.66267 -3.44338918226453 profile1
373 72.771429 -3.39769737687824 profile1
374 72.883243 -3.41803174180369 profile1
375 72.898448 -3.46745531064361 profile1
376 72.913654 -3.51731793064295 profile1
377 72.928859 -3.56738403100171 profile1
378 72.944065 -3.61875062388622 profile1
379 72.95927 -3.6643694029478 profile1
380 72.974476 -3.69788292699005 profile1
381 72.989681 -3.39493857379632 profile1
382 72.996574 -3.37750095865054 profile1
383 72.9996 -3.35427238837898 profile1
384 73.002626 -3.33530531351092 profile1
385 73.005652 -3.33406434191168 profile1
386 73.012925 -3.33104794622596 profile1
387 73.023956 -3.32745982410539 profile1
388 73.034987 -3.32444681518316 profile1
389 73.046018 -3.31298724694945 profile1
390 73.057049 -3.29979777297247 profile1
391 73.06808 -3.28636039499029 profile1
392 73.079353 -3.27781736703985 profile1
393 73.111862 -3.27922328284684 profile1
394 73.146945 -3.41310242219725 profile1
395 73.171837 -3.48864226503936 profile1
396 73.196729 -3.58982798132692 profile1
397 73.629401 -3.60305795847773 profile1
398 74.062073 -3.58677809327892 profile1
399 74.066223 -3.56825832354289 profile1
400 74.070373 -3.54940606627471 profile1
401 74.074523 -3.53028397159145 profile1
402 74.078673 -3.51095528886704 profile1
403 74.082823 -3.50093903015241 profile1
404 74.3761735 -3.49375229090547 profile1
405 74.669524 -3.48946588989996 profile1
406 74.672012 -3.46254692576625 profile1
407 74.674499 -3.43961955042954 profile1
408 74.716248 -3.42122764013069 profile1
409 74.724515 -3.40773650351762 profile1
410 74.732783 -3.2606046188422 profile1
411 75.0995546666667 -3.69769656338892 profile1
412 75.4663263333333 -3.73402212239266 profile1
413 75.833098 -3.66398276838319 profile1
414 75.863363 -3.66633870247919 profile1
415 75.875899 -3.66936439755194 profile1
416 75.888435 -3.65898530651706 profile1
417 75.900971 -3.62381706885379 profile1
418 75.903257 -3.5967961033007 profile1
419 75.904489 -3.60071630432317 profile1
420 75.905721 -3.61452050389275 profile1
421 75.917304 -3.62833157422649 profile1
422 76.287653 -3.64132285903116 profile1
423 76.288899 -3.66218831935816 profile1
424 76.290145 -3.68479546068946 profile1
425 76.397032 -3.69093753325605 profile1
426 76.403847 -3.67814374447675 profile1
427 76.410663 -3.66488876848576 profile1
428 76.607927 -3.65234006602148 profile1
429 76.623625 -3.71618697631163 profile1
430 76.633554 -3.73543462387664 profile1
431 76.643483 -3.74766426980111 profile1
432 76.653411 -3.75360694116483 profile1
433 76.66334 -3.75431541996928 profile1
434 76.700004 -3.73443000191517 profile1
435 67.606765 -0.462293377931012 profile2
436 67.613251 -0.460816988280318 profile2
437 67.619736 -0.459420579446978 profile2
438 67.626222 -0.458104402146309 profile2
439 67.641347 -0.456868268127665 profile2
440 67.654855 -0.455710553142566 profile2
441 67.658769 -0.454599513917432 profile2
442 67.662682 -0.453547833280439 profile2
443 67.666596 -0.452567275257683 profile2
444 67.679986 -0.451668155740765 profile2
445 67.708923 -0.454879491726015 profile2
446 67.715069 -0.457651798849351 profile2
447 67.721215 -0.459484215652181 profile2
448 67.746869 -0.460296205147478 profile2
449 67.778018 -0.459717129960012 profile2
450 67.809168 -0.458920623682522 profile2
451 67.895218 -0.495970689382648 profile2
452 67.900561 -0.561695278313022 profile2
453 67.905905 -0.635749778677826 profile2
454 67.911248 -0.717739890194179 profile2
455 67.920171 -0.799000194580161 profile2
456 67.929072 -0.871328043832274 profile2
457 67.937973 -0.950457609217087 profile2
458 67.946874 -1.0356669127495 profile2
459 67.962131 -1.05039839839749 profile2
460 68.103338 -1.05112277587994 profile2
461 68.122257 -1.04984051627864 profile2
462 68.141177 -1.05050239366683 profile2
463 68.410128 -1.07194518264205 profile2
464 68.415239 -1.07712392161297 profile2
465 68.42035 -1.08157846802089 profile2
466 68.640199 -1.06608537823471 profile2
467 68.652056 -1.03575574113861 profile2
468 68.656091 -1.00321003410379 profile2
469 68.660126 -0.966394117864477 profile2
470 68.664161 -0.923664522094347 profile2
471 68.685197 -0.878583494225184 profile2
472 68.806919 -0.860466480256305 profile2
473 68.816104 -0.859816646668587 profile2
474 68.825289 -0.859204631459146 profile2
475 68.885575 -0.860878061452344 profile2
476 68.886394 -0.864507420614146 profile2
477 68.887213 -0.868086167251901 profile2
478 68.888033 -0.871622968572863 profile2
479 68.888852 -0.875127741178525 profile2
480 68.889671 -0.878611091901976 profile2
481 68.89049 -0.872018174036542 profile2
482 68.89131 -0.864686932183252 profile2
483 68.892129 -0.857585348815918 profile2
484 68.987403 -0.745641778474434 profile2
485 69.064645 -0.275070422700715 profile2
486 69.131341 -0.0502041977556075 profile2
487 69.198036 -0.0402055807409588 profile2
488 69.214855 -0.0112088057702308 profile2
489 69.21825 0.0148362862482336 profile2
490 69.221446 0.0372295473119195 profile2
491 69.224642 0.0553995908448264 profile2
492 69.227838 0.0689142554469008 profile2
493 69.231034 -0.42229691890281 profile2
494 69.23423 -0.608809120090096 profile2
495 69.237426 -0.610367870804896 profile2
496 69.240621 -0.61209495844163 profile2
497 69.244859 -0.614005972423608 profile2
498 69.252696 -0.615348032779806 profile2
499 69.260534 -0.615938109999865 profile2
500 69.416362 -0.172789332159849 profile2
501 69.484146 0.398496982184944 profile2
502 69.505599 0.396354962274615 profile2
503 69.508945 0.390247840645392 profile2
504 69.512291 0.383947787937382 profile2
505 69.515636 0.377560245038447 profile2
506 69.542556 0.371790129027905 profile2
507 69.592546 0.46048112411697 profile2
508 69.66328 0.504202864984894 profile2
509 69.721392 0.50782394796229 profile2
510 69.724456 0.517872098995171 profile2
511 69.727519 0.527651350568536 profile2
512 69.733033 0.537144417464692 profile2
513 69.768364 0.564456235861009 profile2
514 69.782339 0.585945673708391 profile2
515 69.796313 0.692428310800284 profile2
516 69.810287 2.74056973943523 profile2
517 69.829176 2.44807168967264 profile2
518 69.837051 2.48624099793832 profile2
519 69.844926 2.51108904107303 profile2
520 69.869428 2.52943044238074 profile2
521 69.876397 2.5338775099289 profile2
522 69.876657 2.5297679197596 profile2
523 69.876917 2.51459124476917 profile2
524 69.924127 2.55637049323957 profile2
525 69.978753 2.60111245373751 profile2
526 70.033378 2.64422210341921 profile2
527 70.042973 2.68550518453721 profile2
528 70.043703 2.72416289335312 profile2
529 70.044434 2.75990873026523 profile2
530 70.087246 2.79373670877688 profile2
531 70.141872 2.82712818596104 profile2
532 70.196497 2.84858994944599 profile2
533 70.400832 2.8497331462299 profile2
534 70.421006 2.81873970189627 profile2
535 70.441181 2.78587966935517 profile2
536 70.60917 2.7534931697931 profile2
537 70.612702 2.72514594474651 profile2
538 70.616235 2.70206529805166 profile2
539 70.661194 2.69325677348839 profile2
540 70.728481 2.71575462028044 profile2
541 70.750402 2.77445831983469 profile2
542 70.772323 2.82292168163406 profile2
543 70.779053 2.8633709384455 profile2
544 70.782062 2.89847163365906 profile2
545 70.785072 2.9307956451721 profile2
546 71.12066 2.91372986621204 profile2
547 71.198629 2.89925973070959 profile2
548 71.276599 2.8852744700984 profile2
549 71.354568 2.97240614912681 profile2
550 71.418821 3.01496285253669 profile2
551 71.422464 2.94481013403298 profile2
552 71.425934 2.84779739845952 profile2
553 71.429405 2.81070494577684 profile2
554 71.432875 2.80588252553034 profile2
555 71.436346 2.79834909733792 profile2
556 71.439817 2.7881557692268 profile2
557 71.443287 2.7753609709447 profile2
558 71.449172 2.76968366820712 profile2
559 71.46043 2.78380003769499 profile2
560 71.475844 2.79677404872611 profile2
561 71.510771 2.80838605600232 profile2
562 71.658293 2.81763410849245 profile2
563 71.675712 2.82245262725865 profile2
564 71.693132 2.82295057224601 profile2
565 71.782692 2.41150532485688 profile2
566 71.793079 2.46769000780673 profile2
567 71.803404 2.55964158976163 profile2
568 71.813729 2.65756677920685 profile2
569 71.824055 2.7015314038154 profile2
570 71.83438 2.7071686303585 profile2
571 71.859513 2.72705267370312 profile2
572 71.937774 2.70135830892226 profile2
573 71.945079 2.58004977893172 profile2
574 71.952385 2.50898292879428 profile2
575 71.98473 2.49522508430207 profile2
576 72.012709 2.50899962163336 profile2
577 72.040688 2.50459164236874 profile2
578 72.210521 2.42604581299462 profile2
579 72.314268 2.14052193414958 profile2
580 72.366456 2.08615009175101 profile2
581 72.411367 2.07813848813821 profile2
582 72.450663 2.06700560073911 profile2
583 72.471305 2.01636540590424 profile2
584 72.491946 1.93866575487468 profile2
585 72.512588 1.79144920789624 profile2
586 72.601385 1.77684968152876 profile2
587 72.621813 1.9442985288169 profile2
588 72.642242 1.89950052520737 profile2
589 72.66267 1.85183798471696 profile2
590 72.771429 1.76805769333129 profile2
591 72.883243 1.78072210952785 profile2
592 72.898448 1.80779897940536 profile2
593 72.913654 1.83165229273128 profile2
594 72.928859 1.85134307910195 profile2
595 72.944065 1.86782482621439 profile2
596 72.95927 1.96986394873783 profile2
597 72.974476 1.95990415189615 profile2
598 72.989681 1.81531471487551 profile2
599 72.996574 1.94908861166999 profile2
600 72.9996 2.01032030852309 profile2
601 73.002626 2.03481513902235 profile2
602 73.005652 2.05049955400116 profile2
603 73.012925 2.05976532585209 profile2
604 73.023956 2.06266342513037 profile2
605 73.034987 2.05924857506251 profile2
606 73.046018 2.0501309585099 profile2
607 73.057049 2.02948972631257 profile2
608 73.06808 1.99687231369081 profile2
609 73.079353 1.9595744334062 profile2
610 73.111862 2.01462295805806 profile2
611 73.146945 1.84991435018642 profile2
612 73.171837 1.58283654092408 profile2
613 73.196729 1.24603647308545 profile2
614 73.629401 1.22435994461818 profile2
615 74.062073 1.21198454919459 profile2
616 74.066223 1.212866212765 profile2
617 74.070373 1.21316547250481 profile2
618 74.074523 1.21288355090464 profile2
619 74.078673 1.21202152955735 profile2
620 74.082823 1.26957701643134 profile2
621 74.3761735 1.24489250399942 profile2
622 74.669524 1.27844195404328 profile2
623 74.672012 1.27798008420382 profile2
624 74.674499 1.24927436638927 profile2
625 74.716248 1.19250132003554 profile2
626 74.724515 1.10931275499924 profile2
627 74.732783 1.14450342707106 profile2
628 75.0995546666667 0.228074947221093 profile2
629 75.4663263333333 0.209098994111559 profile2
630 75.833098 0.26035334977973 profile2
631 75.863363 0.27626468687796 profile2
632 75.875899 0.288718884089252 profile2
633 75.888435 0.246018884257109 profile2
634 75.900971 0.0850217442525123 profile2
635 75.903257 -0.102667959428812 profile2
636 75.904489 -0.158805273224234 profile2
637 75.905721 -0.164075565087905 profile2
638 75.917304 -0.172127486236048 profile2
639 76.287653 -0.209810848018154 profile2
640 76.288899 -0.259186328580613 profile2
641 76.290145 -0.311115874213238 profile2
642 76.397032 -0.34925226540499 profile2
643 76.403847 -0.366391658694478 profile2
644 76.410663 -0.357282361383288 profile2
645 76.607927 -0.352257283084384 profile2
646 76.623625 -0.202788267501408 profile2
647 76.633554 -0.170453667543623 profile2
648 76.643483 -0.140821698464973 profile2
649 76.653411 -0.114231847131283 profile2
650 76.66334 -0.0910007676345945 profile2
651 76.700004 -0.0175059104022481 profile2
