marker_position lod trace
1 67.606765 -17.3240976224954 pleio
2 67.613251 -17.3229908726566 pleio
3 67.619736 -17.3219179748055 pleio
4 67.626222 -17.3208785886034 pleio
5 67.641347 -17.3198727363242 pleio
6 67.654855 -17.3189002653646 pleio
7 67.658769 -17.3179333393728 pleio
8 67.662682 -17.3169703075898 pleio
9 67.666596 -17.316021610645 pleio
10 67.679986 -17.3150933989395 pleio
11 67.708923 -17.1541427922409 pleio
12 67.715069 -16.9917597947677 pleio
13 67.721215 -16.8451990630269 pleio
14 67.746869 -16.7194899502825 pleio
15 67.778018 -16.7155163709391 pleio
16 67.809168 -16.7088953835492 pleio
17 67.895218 -16.6122285275278 pleio
18 67.900561 -16.4874169960501 pleio
19 67.905905 -16.3768394057546 pleio
20 67.911248 -16.2816998984723 pleio
21 67.920171 -16.2105241038523 pleio
22 67.929072 -16.1712407293322 pleio
23 67.937973 -16.1489238832462 pleio
24 67.946874 -16.1434656838046 pleio
25 67.962131 -16.1033162046554 pleio
26 68.103338 -16.0861779983238 pleio
27 68.122257 -16.0857644040184 pleio
28 68.141177 -16.1833642735774 pleio
29 68.410128 -16.1884740959014 pleio
30 68.415239 -15.9719978515547 pleio
31 68.42035 -15.7751618376541 pleio
32 68.640199 -15.4650474045886 pleio
33 68.652056 -15.0864201954475 pleio
34 68.656091 -14.7545065388539 pleio
35 68.660126 -14.476909946478 pleio
36 68.664161 -14.2594510652359 pleio
37 68.685197 -14.1004326593514 pleio
38 68.806919 -14.0606745149601 pleio
39 68.816104 -14.0632508896696 pleio
40 68.825289 -14.0658676073308 pleio
41 68.885575 -14.0581927028796 pleio
42 68.886394 -14.041815107659 pleio
43 68.887213 -14.0260825768286 pleio
44 68.888033 -14.0110391930555 pleio
45 68.888852 -13.9967259216078 pleio
46 68.889671 -13.983180848868 pleio
47 68.89049 -13.900152141063 pleio
48 68.89131 -13.8367838674338 pleio
49 68.892129 -13.7997029129589 pleio
50 68.987403 -13.6991097321445 pleio
51 69.064645 -12.9188159358874 pleio
52 69.131341 -12.5179122383813 pleio
53 69.198036 -12.5026195361449 pleio
54 69.214855 -12.4554875795305 pleio
55 69.21825 -12.4178503397224 pleio
56 69.221446 -12.3908791974013 pleio
57 69.224642 -12.3755594337242 pleio
58 69.227838 -12.3725563920057 pleio
59 69.231034 -11.0896049058796 pleio
60 69.23423 -10.8936470182418 pleio
61 69.237426 -10.8987516931768 pleio
62 69.240621 -10.9041594263251 pleio
63 69.244859 -10.9098295049333 pleio
64 69.252696 -10.9160660272825 pleio
65 69.260534 -10.926618046392 pleio
66 69.416362 -10.8515970178193 pleio
67 69.484146 -10.7490704082899 pleio
68 69.505599 -10.7685030433766 pleio
69 69.508945 -10.8128381353889 pleio
70 69.512291 -10.856617630751 pleio
71 69.515636 -10.8993443171126 pleio
72 69.542556 -10.5361755793257 pleio
73 69.592546 -8.66371475848508 pleio
74 69.66328 -8.63532069128496 pleio
75 69.721392 -8.62530427721206 pleio
76 69.724456 -8.62001975974736 pleio
77 69.727519 -8.61575029261423 pleio
78 69.733033 -8.61249234306919 pleio
79 69.768364 -8.43600549301387 pleio
80 69.782339 -8.23260720706222 pleio
81 69.796313 -8.00808835887582 pleio
82 69.810287 -6.96596407696817 pleio
83 69.829176 -7.03970657994148 pleio
84 69.837051 -7.0416171408172 pleio
85 69.844926 -7.06610080923087 pleio
86 69.869428 -7.09487598957045 pleio
87 69.876397 -7.12060100921089 pleio
88 69.876657 -7.14937046954111 pleio
89 69.876917 -7.17793795295309 pleio
90 69.924127 -7.03985029012761 pleio
91 69.978753 -6.81324389237206 pleio
92 70.033378 -6.67916363178913 pleio
93 70.042973 -6.55537558160056 pleio
94 70.043703 -6.44319994723101 pleio
95 70.044434 -6.34372004719073 pleio
96 70.087246 -6.25985009154537 pleio
97 70.141872 -6.18546395589162 pleio
98 70.196497 -5.94985448735312 pleio
99 70.400832 -5.90548261366088 pleio
100 70.421006 -5.89501591246239 pleio
101 70.441181 -5.88282539272718 pleio
102 70.60917 -5.85871099055425 pleio
103 70.612702 -5.78138731411119 pleio
104 70.616235 -5.75536818930747 pleio
105 70.661194 -5.7226684450915 pleio
106 70.728481 -5.63413318416763 pleio
107 70.750402 -5.51075154663973 pleio
108 70.772323 -5.35150666466283 pleio
109 70.779053 -5.16362006392202 pleio
110 70.782062 -4.96458485285837 pleio
111 70.785072 -4.78286872819255 pleio
112 71.12066 -4.31394964298445 pleio
113 71.198629 -4.28298763458204 pleio
114 71.276599 -4.25196745447521 pleio
115 71.354568 -4.15241438541848 pleio
116 71.418821 -4.22440629396687 pleio
117 71.422464 -4.18973532950483 pleio
118 71.425934 -4.27072371553109 pleio
119 71.429405 -4.30882105890317 pleio
120 71.432875 -4.26307182446183 pleio
121 71.436346 -4.21781765234507 pleio
122 71.439817 -4.17315236065346 pleio
123 71.443287 -4.12917811159146 pleio
124 71.449172 -4.08459650292747 pleio
125 71.46043 -4.03875859183019 pleio
126 71.475844 -3.99566339025822 pleio
127 71.510771 -3.95496397783114 pleio
128 71.658293 -3.94552320649188 pleio
129 71.675712 -3.99157489980022 pleio
130 71.693132 -4.04739543795669 pleio
131 71.782692 -3.54031397780342 pleio
132 71.793079 -3.00217645074639 pleio
133 71.803404 -2.19427692056596 pleio
134 71.813729 -1.0065883915743 pleio
135 71.824055 -0.246640161484214 pleio
136 71.83438 -0.347819287441767 pleio
137 71.859513 -0.421679921555508 pleio
138 71.937774 -0.494594305845539 pleio
139 71.945079 -0.573176343223471 pleio
140 71.952385 -0.618734624865686 pleio
141 71.98473 -0.660638042105001 pleio
142 72.012709 -0.682290707179798 pleio
143 72.040688 -0.671181892273485 pleio
144 72.210521 0 pleio
145 72.314268 -0.864044545708494 pleio
146 72.366456 -1.17068519057491 pleio
147 72.411367 -1.21494237523268 pleio
148 72.450663 -1.24641012945331 pleio
149 72.471305 -1.21907834714311 pleio
150 72.491946 -1.28495439731289 pleio
151 72.512588 -1.41857277609126 pleio
152 72.601385 -1.71261755676467 pleio
153 72.621813 -2.09623597086744 pleio
154 72.642242 -2.09149787247927 pleio
155 72.66267 -2.09043773336597 pleio
156 72.771429 -2.47031967854435 pleio
157 72.883243 -2.43618309601467 pleio
158 72.898448 -2.40155412737878 pleio
159 72.913654 -2.37262161684227 pleio
160 72.928859 -2.35063377355039 pleio
161 72.944065 -2.33558124625091 pleio
162 72.95927 -2.33358437351917 pleio
163 72.974476 -2.52459440790826 pleio
164 72.989681 -5.99139937212077 pleio
165 72.996574 -6.62518617047966 pleio
166 72.9996 -6.59944326528138 pleio
167 73.002626 -6.5855302012055 pleio
168 73.005652 -6.58306391391035 pleio
169 73.012925 -6.59730928510796 pleio
170 73.023956 -6.62565858545406 pleio
171 73.034987 -6.6645664997779 pleio
172 73.046018 -6.73889807353634 pleio
173 73.057049 -6.83332039771597 pleio
174 73.06808 -6.94291048054332 pleio
175 73.079353 -7.06446514094487 pleio
176 73.111862 -8.24423219937801 pleio
177 73.146945 -8.77391123992198 pleio
178 73.171837 -8.95261716609013 pleio
179 73.196729 -8.81415761442899 pleio
180 73.629401 -8.89890655465357 pleio
181 74.062073 -8.84186149665612 pleio
182 74.066223 -8.8656669893067 pleio
183 74.070373 -8.89046938995282 pleio
184 74.074523 -8.91617182420029 pleio
185 74.078673 -8.94267179104799 pleio
186 74.082823 -9.02893566871872 pleio
187 74.3761735 -8.97476400142479 pleio
188 74.669524 -9.05302641089664 pleio
189 74.672012 -9.06414309794831 pleio
190 74.674499 -9.11256419000641 pleio
191 74.716248 -9.19361827603586 pleio
192 74.724515 -9.30009356525068 pleio
193 74.732783 -9.40378155647064 pleio
194 75.0995546666667 -9.81276932355401 pleio
195 75.4663263333333 -9.79644559088874 pleio
196 75.833098 -9.83117231629446 pleio
197 75.863363 -9.80348089686403 pleio
198 75.875899 -9.76056309257229 pleio
199 75.888435 -9.77985867324777 pleio
200 75.900971 -9.97274725729759 pleio
201 75.903257 -10.2482552815416 pleio
202 75.904489 -10.5359940552225 pleio
203 75.905721 -10.8686397806548 pleio
204 75.917304 -11.256203407701 pleio
205 76.287653 -11.3804564527357 pleio
206 76.288899 -11.4647587440489 pleio
207 76.290145 -11.552107025933 pleio
208 76.397032 -11.5571104034599 pleio
209 76.403847 -11.5205745955785 pleio
210 76.410663 -11.4959878626666 pleio
211 76.607927 -12.127339603646 pleio
212 76.623625 -12.3247934020394 pleio
213 76.633554 -12.3594925366872 pleio
214 76.643483 -12.4417427355464 pleio
215 76.653411 -12.5736876850394 pleio
216 76.66334 -12.7557919156399 pleio
217 76.700004 -12.9700334747263 pleio
218 67.606765 -14.7503877892365 profile1
219 67.613251 -14.7475412603433 profile1
220 67.619736 -14.7446931642573 profile1
221 67.626222 -14.7418435613091 profile1
222 67.641347 -14.7389927615745 profile1
223 67.654855 -14.7361457778006 profile1
224 67.658769 -14.7333730469052 profile1
225 67.662682 -14.7305750560669 profile1
226 67.666596 -14.727763939785 profile1
227 67.679986 -14.7249472990861 profile1
228 67.708923 -14.7000910490509 profile1
229 67.715069 -14.677497338235 profile1
230 67.721215 -14.6596109423654 profile1
231 67.746869 -14.6465535381945 profile1
232 67.778018 -14.6435044683259 profile1
233 67.809168 -14.632117189136 profile1
234 67.895218 -14.5661559943467 profile1
235 67.900561 -14.4944435469967 profile1
236 67.905905 -14.4334484207216 profile1
237 67.911248 -14.3833988603279 profile1
238 67.920171 -14.3375381102886 profile1
239 67.929072 -14.289288652718 profile1
240 67.937973 -14.2524376876072 profile1
241 67.946874 -14.2270981941537 profile1
242 67.962131 -14.1802043861733 profile1
243 68.103338 -14.1595855460366 profile1
244 68.122257 -14.157884077558 profile1
245 68.141177 -14.0763043309672 profile1
246 68.410128 -13.9062777517116 profile1
247 68.415239 -13.6970094892792 profile1
248 68.42035 -13.5086635200224 profile1
249 68.640199 -13.2360980491914 profile1
250 68.652056 -12.9070829581316 profile1
251 68.656091 -12.6132272609883 profile1
252 68.660126 -12.3622684390557 profile1
253 68.664161 -12.1605507994561 profile1
254 68.685197 -12.0065003400262 profile1
255 68.806919 -11.9652691809797 profile1
256 68.816104 -11.9646472193983 profile1
257 68.825289 -11.9640327037411 profile1
258 68.885575 -11.9614609646225 profile1
259 68.886394 -11.9570025921312 profile1
260 68.887213 -11.9523839231722 profile1
261 68.888033 -11.947613570367 profile1
262 68.888852 -11.9427018144948 profile1
263 68.889671 -11.9376610718719 profile1
264 68.89049 -11.8984149897049 profile1
265 68.89131 -11.8668524554238 profile1
266 68.892129 -11.846291102885 profile1
267 68.987403 -11.6814839747571 profile1
268 69.064645 -10.7380042271025 profile1
269 69.131341 -10.1490840223762 profile1
270 69.198036 -10.1058146699584 profile1
271 69.214855 -10.039273179342 profile1
272 69.21825 -9.97509658093071 profile1
273 69.221446 -9.91416533208744 profile1
274 69.224642 -9.85735214408612 profile1
275 69.227838 -9.80542768139425 profile1
276 69.231034 -8.46598176997486 profile1
277 69.23423 -8.2433571724656 profile1
278 69.237426 -8.24412919682243 profile1
279 69.240621 -8.24502404757349 profile1
280 69.244859 -8.24601389563903 profile1
281 69.252696 -8.24772578893899 profile1
282 69.260534 -8.25254198411298 profile1
283 69.416362 -8.23440983133377 profile1
284 69.484146 -8.21681964764361 profile1
285 69.505599 -8.21769209658018 profile1
286 69.508945 -8.22068625407452 profile1
287 69.512291 -8.22310971802093 profile1
288 69.515636 -8.22491715590018 profile1
289 69.542556 -7.82128025556493 profile1
290 69.592546 -5.99427921445655 profile1
291 69.66328 -5.93136039667541 profile1
292 69.721392 -5.91595203014023 profile1
293 69.724456 -5.9094150486316 profile1
294 69.727519 -5.90334079833639 profile1
295 69.733033 -5.89772394271673 profile1
296 69.768364 -5.7267029007326 profile1
297 69.782339 -5.52781471433413 profile1
298 69.796313 -5.3285821329118 profile1
299 69.810287 -4.64232813105931 profile1
300 69.829176 -4.72008708227554 profile1
301 69.837051 -4.68047610236266 profile1
302 69.844926 -4.66673165811254 profile1
303 69.869428 -4.65699547135596 profile1
304 69.876397 -4.64753080493439 profile1
305 69.876657 -4.63906629527036 profile1
306 69.876917 -4.63156846312282 profile1
307 69.924127 -4.5291547085549 profile1
308 69.978753 -4.38330959924839 profile1
309 70.033378 -4.30570360986436 profile1
310 70.042973 -4.23722265853404 profile1
311 70.043703 -4.17921560164103 profile1
312 70.044434 -4.132576437799 profile1
313 70.087246 -4.09656235772186 profile1
314 70.141872 -4.06287207355552 profile1
315 70.196497 -3.9106928422201 profile1
316 70.400832 -3.87999928790642 profile1
317 70.421006 -3.85393522078614 profile1
318 70.441181 -3.8284578481486 profile1
319 70.60917 -3.79757747317349 profile1
320 70.612702 -3.72313771342791 profile1
321 70.616235 -3.68588266253349 profile1
322 70.661194 -3.6557286623397 profile1
323 70.728481 -3.6331494868816 profile1
324 70.750402 -3.6144622843442 profile1
325 70.772323 -3.56419110315183 profile1
326 70.779053 -3.48569743581437 profile1
327 70.782062 -3.39225805867783 profile1
328 70.785072 -3.3080548658467 profile1
329 71.12066 -2.91060388958449 profile1
330 71.198629 -2.90416048047708 profile1
331 71.276599 -2.8976481319791 profile1
332 71.354568 -2.86273354764041 profile1
333 71.418821 -2.98726897275653 profile1
334 71.422464 -2.97678989106579 profile1
335 71.425934 -3.0872868101536 profile1
336 71.429405 -3.17264422799692 profile1
337 71.432875 -3.17640445596152 profile1
338 71.436346 -3.18065512355057 profile1
339 71.439817 -3.18533759524707 profile1
340 71.443287 -3.19039686540461 profile1
341 71.449172 -3.19134395744093 profile1
342 71.46043 -3.18291923809464 profile1
343 71.475844 -3.17557374410853 profile1
344 71.510771 -3.16871424342726 profile1
345 71.658293 -3.15890193519126 profile1
346 71.675712 -3.15523222177347 profile1
347 71.693132 -3.16675438016332 profile1
348 71.782692 -2.64575304076765 profile1
349 71.793079 -2.37113026305945 profile1
350 71.803404 -1.94721344633581 profile1
351 71.813729 -1.0065883915743 profile1
352 71.824055 -0.217715625106594 profile1
353 71.83438 -0.301501300191555 profile1
354 71.859513 -0.345452618736262 profile1
355 71.937774 -0.438425388606773 profile1
356 71.945079 -0.462240784248084 profile1
357 71.952385 -0.451701101509379 profile1
358 71.98473 -0.435755395203162 profile1
359 72.012709 -0.449858686446458 profile1
360 72.040688 -0.455986406912836 profile1
361 72.210521 0.393221250090477 profile1
362 72.314268 -0.177286029213084 profile1
363 72.366456 -0.252572307809363 profile1
364 72.411367 -0.275456471369057 profile1
365 72.450663 -0.294144418699999 profile1
366 72.471305 -0.306644899430266 profile1
367 72.491946 -0.346219585369975 profile1
368 72.512588 -0.403739369647084 profile1
369 72.601385 -0.621186315403989 profile1
370 72.621813 -1.08385572916966 profile1
371 72.642242 -1.12231395219901 profile1
372 72.66267 -1.16386004412479 profile1
373 72.771429 -1.56691160296993 profile1
374 72.883243 -1.57776213834403 profile1
375 72.898448 -1.57751246210637 profile1
376 72.913654 -1.58115609615534 profile1
377 72.928859 -1.59006698352208 profile1
378 72.944065 -1.60320781871824 profile1
379 72.95927 -1.63812334212166 profile1
380 72.974476 -1.87578778727142 profile1
381 72.989681 -5.26705628772085 profile1
382 72.996574 -5.91343392302807 profile1
383 72.9996 -5.95209874153562 profile1
384 73.002626 -6.00060440962375 profile1
385 73.005652 -6.04423433338754 profile1
386 73.012925 -6.08062098836022 profile1
387 73.023956 -6.11543858261306 profile1
388 73.034987 -6.15364415873646 profile1
389 73.046018 -6.19458651653688 profile1
390 73.057049 -6.23928203611258 profile1
391 73.06808 -6.28770828528875 profile1
392 73.079353 -6.34686456754625 profile1
393 73.111862 -7.24054925276549 profile1
394 73.146945 -7.60247988713059 profile1
395 73.171837 -7.76170367419275 profile1
396 73.196729 -7.52340086939587 profile1
397 73.629401 -7.56501570092446 profile1
398 74.062073 -7.52220528501346 profile1
399 74.066223 -7.53559580926603 profile1
400 74.070373 -7.55027040781306 profile1
401 74.074523 -7.56616930916088 profile1
402 74.078673 -7.58322672157857 profile1
403 74.082823 -7.75763220457763 profile1
404 74.3761735 -7.6787417488484 profile1
405 74.669524 -7.77450966685569 profile1
406 74.672012 -7.77772313580897 profile1
407 74.674499 -7.78830777409068 profile1
408 74.716248 -7.80579727338771 profile1
409 74.724515 -7.83004064698118 profile1
410 74.732783 -7.87774268089985 profile1
411 75.0995546666667 -8.31249011390785 profile1
412 75.4663263333333 -8.31907195055754 profile1
413 75.833098 -8.34019038422083 profile1
414 75.863363 -8.35427672575171 profile1
415 75.875899 -8.3578016158102 profile1
416 75.888435 -8.38039751842309 profile1
417 75.900971 -8.49051071080495 profile1
418 75.903257 -8.67846401647856 profile1
419 75.904489 -8.92892479535302 profile1
420 75.905721 -9.243066161064 profile1
421 75.917304 -9.61460881494013 profile1
422 76.287653 -9.66923760759018 profile1
423 76.288899 -9.63293712874617 profile1
424 76.290145 -9.59860401535774 profile1
425 76.397032 -9.54262078148128 profile1
426 76.403847 -9.48675397819348 profile1
427 76.410663 -9.45508292015004 profile1
428 76.607927 -10.0128436980159 profile1
429 76.623625 -10.1600741382892 profile1
430 76.633554 -10.1705035132233 profile1
431 76.643483 -10.234663704643 profile1
432 76.653411 -10.3548084829691 profile1
433 76.66334 -10.5310002698833 profile1
434 76.700004 -10.7789402419445 profile1
435 67.606765 -2.83990220003618 profile2
436 67.613251 -2.84150428035806 profile2
437 67.619736 -2.84315698109896 profile2
438 67.626222 -2.84486015997672 profile2
439 67.641347 -2.84661364634122 profile2
440 67.654855 -2.84840807968688 profile2
441 67.658769 -2.85007043782665 profile2
442 67.662682 -2.85177093792428 profile2
443 67.666596 -2.85351068664058 profile2
444 67.679986 -2.85529073136519 profile2
445 67.708923 -2.71174085267009 profile2
446 67.715069 -2.56564679177394 profile2
447 67.721215 -2.43262875094274 profile2
448 67.746869 -2.31769338921826 profile2
449 67.778018 -2.31672724634581 profile2
450 67.809168 -2.32157511265385 profile2
451 67.895218 -2.29523846162411 profile2
452 67.900561 -2.24840002157209 profile2
453 67.905905 -2.20452449157314 profile2
454 67.911248 -2.16446917556863 profile2
455 67.920171 -2.14293969187794 profile2
456 67.929072 -2.15345433799378 profile2
457 67.937973 -2.16801411551006 profile2
458 67.946874 -2.18642572503648 profile2
459 67.962131 -2.194279452394 profile2
460 68.103338 -2.19940168127354 profile2
461 68.122257 -2.20269840340546 profile2
462 68.141177 -2.39630363416905 profile2
463 68.410128 -2.58355700507915 profile2
464 68.415239 -2.58954605887724 profile2
465 68.42035 -2.5949109293724 profile2
466 68.640199 -2.55578227526631 profile2
467 68.652056 -2.49404446675928 profile2
468 68.656091 -2.4471376306945 profile2
469 68.660126 -2.4153194256166 profile2
470 68.664161 -2.39832525985359 profile2
471 68.685197 -2.39376363876669 profile2
472 68.806919 -2.39661315844933 profile2
473 68.816104 -2.39981191577302 profile2
474 68.825289 -2.40304899637659 profile2
475 68.885575 -2.39853180582031 profile2
476 68.886394 -2.38775779532756 profile2
477 68.887213 -2.37786268034719 profile2
478 68.888033 -2.3688777504138 profile2
479 68.888852 -2.36082911777772 profile2
480 68.889671 -2.3537373152283 profile2
481 68.89049 -2.29000374275394 profile2
482 68.89131 -2.2417574092661 profile2
483 68.892129 -2.21466601420253 profile2
484 68.987403 -2.24571973622059 profile2
485 69.064645 -2.37598697024823 profile2
486 69.131341 -2.54674442752492 profile2
487 69.198036 -2.55851235416311 profile2
488 69.214855 -2.55673943157134 profile2
489 69.21825 -2.56355512847321 profile2
490 69.221446 -2.57960464749203 profile2
491 69.224642 -2.60529492503748 profile2
492 69.227838 -2.64074805824343 profile2
493 69.231034 -2.74193028631672 profile2
494 69.23423 -2.77473879587465 profile2
495 69.237426 -2.77842094902996 profile2
496 69.240621 -2.7823498134357 profile2
497 69.244859 -2.78651764281673 profile2
498 69.252696 -2.7905852015365 profile2
499 69.260534 -2.79578397533235 profile2
500 69.416362 -2.73129635416705 profile2
501 69.484146 -2.63714969910173 profile2
502 69.505599 -2.65312586606436 profile2
503 69.508945 -2.68879561847918 profile2
504 69.512291 -2.72464776223892 profile2
505 69.515636 -2.76028061356384 profile2
506 69.542556 -2.79146408294822 profile2
507 69.592546 -2.82410704797356 profile2
508 69.66328 -2.86338156995589 profile2
509 69.721392 -2.86604299358461 profile2
510 69.724456 -2.86525482496428 profile2
511 69.727519 -2.86517965005073 profile2
512 69.733033 -2.86582380878249 profile2
513 69.768364 -2.87442039373453 profile2
514 69.782339 -2.88979559650051 profile2
515 69.796313 -2.8694730852319 profile2
516 69.810287 -2.32174748556824 profile2
517 69.829176 -2.30510506203484 profile2
518 69.837051 -2.33227547456131 profile2
519 69.844926 -2.36420023269173 profile2
520 69.869428 -2.39715136904111 profile2
521 69.876397 -2.42572210908242 profile2
522 69.876657 -2.45568119750799 profile2
523 69.876917 -2.48403325730963 profile2
524 69.924127 -2.43437474056753 profile2
525 69.978753 -2.33945750726579 profile2
526 70.033378 -2.27119714473099 profile2
527 70.042973 -2.20535794092026 profile2
528 70.043703 -2.14217923716407 profile2
529 70.044434 -2.08204562740238 profile2
530 70.087246 -2.02890953064895 profile2
531 70.141872 -1.98405922692282 profile2
532 70.196497 -1.89184112638009 profile2
533 70.400832 -1.87572194470887 profile2
534 70.421006 -1.89082408175813 profile2
535 70.441181 -1.90456627676882 profile2
536 70.60917 -1.91245449708635 profile2
537 70.612702 -1.91209013399847 profile2
538 70.616235 -1.9299015637647 profile2
539 70.661194 -1.93226433537502 profile2
540 70.728481 -1.86350456099102 profile2
541 70.750402 -1.75486089253797 profile2
542 70.772323 -1.64845298282053 profile2
543 70.779053 -1.54595950541595 profile2
544 70.782062 -1.44888580703015 profile2
545 70.785072 -1.36025979226298 profile2
546 71.12066 -1.33056700926041 profile2
547 71.198629 -1.30664463106765 profile2
548 71.276599 -1.28258833837222 profile2
549 71.354568 -1.20176003625385 profile2
550 71.418821 -1.09816159795584 profile2
551 71.422464 -1.04392446818804 profile2
552 71.425934 -1.01214274558477 profile2
553 71.429405 -0.965885646772674 profile2
554 71.432875 -0.909487471383047 profile2
555 71.436346 -0.853420252036647 profile2
556 71.439817 -0.797848090838561 profile2
557 71.443287 -0.742939280342601 profile2
558 71.449172 -0.692047154348047 profile2
559 71.46043 -0.649915802222969 profile2
560 71.475844 -0.609726199943794 profile2
561 71.510771 -0.571730261213243 profile2
562 71.658293 -0.569885310028556 profile2
563 71.675712 -0.622372451819348 profile2
564 71.693132 -0.672596870115203 profile2
565 71.782692 -0.685820839874693 profile2
566 71.793079 -0.349923006524508 profile2
567 71.803404 0.131404095266381 profile2
568 71.813729 0.393221250090477 profile2
569 71.824055 0.37260445800926 profile2
570 71.83438 0.371337340203995 profile2
571 71.859513 0.342330937047657 profile2
572 71.937774 0.36534205166985 profile2
573 71.945079 0.307117388596059 profile2
574 71.952385 0.248197261764719 profile2
575 71.98473 0.188073167640756 profile2
576 72.012709 0.178534630049316 profile2
577 72.040688 0.192507444333348 profile2
578 72.210521 0 profile2
579 72.314268 -0.524584223508104 profile2
580 72.366456 -0.757157475175171 profile2
581 72.411367 -0.781773805322679 profile2
582 72.450663 -0.798696048000635 profile2
583 72.471305 -0.765004314265052 profile2
584 72.491946 -0.799914484997653 profile2
585 72.512588 -0.88769486517945 profile2
586 72.601385 -0.968421596801494 profile2
587 72.621813 -0.90768667052006 profile2
588 72.642242 -0.866534242134869 profile2
589 72.66267 -0.826716227569131 profile2
590 72.771429 -0.766540751187915 profile2
591 72.883243 -0.7231600623136 profile2
592 72.898448 -0.691976576218585 profile2
593 72.913654 -0.663988903871084 profile2
594 72.928859 -0.639153174369811 profile2
595 72.944065 -0.618374209255695 profile2
596 72.95927 -0.586998256042236 profile2
597 72.974476 -0.563930430371935 profile2
598 72.989681 -0.557614568588085 profile2
599 72.996574 -0.532199757587133 profile2
600 72.9996 -0.484480123857565 profile2
601 73.002626 -0.440890164564026 profile2
602 73.005652 -0.412696434107734 profile2
603 73.012925 -0.409307423546779 profile2
604 73.023956 -0.422699721676059 profile2
605 73.034987 -0.444702692967377 profile2
606 73.046018 -0.50070854937915 profile2
607 73.057049 -0.574713954355104 profile2
608 73.06808 -0.661626575240104 profile2
609 73.079353 -0.749499535888129 profile2
610 73.111862 -1.00827892887357 profile2
611 73.146945 -1.17103524112839 profile2
612 73.171837 -1.1836134296683 profile2
613 73.196729 -1.29713318519768 profile2
614 73.629401 -1.34417693801592 profile2
615 74.062073 -1.33078044472279 profile2
616 74.066223 -1.34371571083711 profile2
617 74.070373 -1.35665561231633 profile2
618 74.074523 -1.36955153587478 profile2
619 74.078673 -1.38235356732207 profile2
620 74.082823 -1.30144672899524 profile2
621 74.3761735 -1.3287813483188 profile2
622 74.669524 -1.31741915845858 profile2
623 74.672012 -1.32936479238646 profile2
624 74.674499 -1.37068641126726 profile2
625 74.716248 -1.43690988886251 profile2
626 74.724515 -1.52117421507421 profile2
627 74.732783 -1.57354087583801 profile2
628 75.0995546666667 -1.49840717706876 profile2
629 75.4663263333333 -1.48057199004885 profile2
630 75.833098 -1.48929902074914 profile2
631 75.863363 -1.45110186931334 profile2
632 75.875899 -1.40765694364216 profile2
633 75.888435 -1.40681829937889 profile2
634 75.900971 -1.49224782603157 profile2
635 75.903257 -1.58614427708489 profile2
636 75.904489 -1.63146146303834 profile2
637 75.905721 -1.65927763815139 profile2
638 75.917304 -1.68587076870692 profile2
639 76.287653 -1.75734672691955 profile2
640 76.288899 -1.87729168370829 profile2
641 76.290145 -1.9982051797954 profile2
642 76.397032 -2.05814972424374 profile2
643 76.403847 -2.07814188281272 profile2
644 76.410663 -2.08915461661388 profile2
645 76.607927 -2.18428803476854 profile2
646 76.623625 -2.23358555189969 profile2
647 76.633554 -2.24796354366559 profile2
648 76.643483 -2.25929019228035 profile2
649 76.653411 -2.26776125602747 profile2
650 76.66334 -2.27385050514892 profile2
651 76.700004 -2.24079460449312 profile2
