marker_position lod trace
1 40.751751 -9.51111949460164 pleio
2 40.852649 -9.43766387107995 pleio
3 40.963726 -9.44992519902011 pleio
4 41.071368 -9.45234025849013 pleio
5 41.130258 -9.45216227737124 pleio
6 41.189147 -9.45190640395022 pleio
7 41.248037 -9.45157117204773 pleio
8 41.306927 -9.45114519809002 pleio
9 41.376781 -9.45031365684817 pleio
10 41.466542 -9.44869911708783 pleio
11 41.467199 -9.44696855726482 pleio
12 41.467856 -9.44565596539591 pleio
13 41.535355 -9.42389492673555 pleio
14 41.812857 -8.93724503637303 pleio
15 42.090359 -8.93668688486696 pleio
16 42.192627 -8.93409954066477 pleio
17 42.292082 -8.91587869298713 pleio
18 42.391537 -8.91615843418505 pleio
19 42.490992 -8.9350914639337 pleio
20 42.590447 -8.93518020311213 pleio
21 42.689901 -8.9344387735787 pleio
22 42.789356 -8.93332281600576 pleio
23 42.929723 -8.93171317182426 pleio
24 43.030511 -8.92050034106921 pleio
25 43.09059 -8.90461934245023 pleio
26 43.150669 -8.89196115346297 pleio
27 43.210748 -8.8827430976016 pleio
28 43.265979 -8.87696043149942 pleio
29 43.296031 -8.86926581384743 pleio
30 43.336485 -8.98863425438526 pleio
31 43.376939 -8.9835242636554 pleio
32 43.399199 -8.48544268446894 pleio
33 43.400566 -8.11363139915741 pleio
34 43.401932 -8.01313360164991 pleio
35 43.416832 -7.92941709104892 pleio
36 43.545216 -7.8277637689466 pleio
37 43.659927 -7.82911168282965 pleio
38 43.662301 -7.82317206285246 pleio
39 43.664677 -7.81673889743882 pleio
40 43.66789 -7.81311894548846 pleio
41 43.746502 -7.44952349491611 pleio
42 43.811623 -7.2184491192238 pleio
43 43.828159 -7.26447002910301 pleio
44 43.836311 -7.3089250266298 pleio
45 43.838406 -7.30993315588911 pleio
46 43.840501 -7.09742912237304 pleio
47 43.844466 -6.83988136849152 pleio
48 43.861003 -6.55908388771482 pleio
49 43.901546 -6.31713849250688 pleio
50 43.980158 -5.96557765310245 pleio
51 44.020771 -5.5457333264543 pleio
52 44.053303 -5.38539826072388 pleio
53 44.085836 -5.27641630881147 pleio
54 44.138903 -5.22881982685045 pleio
55 44.294495 -5.45163351282259 pleio
56 44.317834 -5.43890145083849 pleio
57 44.341174 -5.43475154230957 pleio
58 44.364954 -5.37474749742012 pleio
59 44.431929 -5.05888583807504 pleio
60 44.438774 -5.04718574934849 pleio
61 44.445619 -5.05876715224875 pleio
62 44.482294 -5.01854203657832 pleio
63 44.551043 -4.89480702222111 pleio
64 44.564207 -4.7351224010126 pleio
65 44.568298 -4.57653804335745 pleio
66 44.572388 -4.42032688261766 pleio
67 44.576479 -4.26750548380685 pleio
68 44.58057 -4.11970709900856 pleio
69 44.584661 -3.98591607005271 pleio
70 44.588908 -3.87138254271556 pleio
71 44.596324 -3.76774987549699 pleio
72 44.603741 -3.67156322863173 pleio
73 44.608283 -3.58343662949844 pleio
74 44.609389 -3.50660008187813 pleio
75 44.610566 -3.44160074586694 pleio
76 44.612126 -3.38880586433232 pleio
77 44.618941 -3.34839698653219 pleio
78 44.625756 -3.32037176819262 pleio
79 44.632571 -3.28240615531832 pleio
80 44.721343 -3.18979293072176 pleio
81 44.725576 -3.02644345601013 pleio
82 44.729808 -2.89517409205377 pleio
83 44.761322 -2.81936785164243 pleio
84 44.780832 -2.80124508688559 pleio
85 44.800342 -2.46206014855791 pleio
86 44.819852 -2.12777679241481 pleio
87 44.838742 -2.10564135750543 pleio
88 44.856652 -2.10492777967125 pleio
89 44.867332 -2.10699513642647 pleio
90 44.874623 -2.11113881445056 pleio
91 44.881915 -2.11729154777545 pleio
92 44.889206 -2.12539701900099 pleio
93 44.896497 -2.1187107440812 pleio
94 44.940291 -2.32756814932141 pleio
95 44.995858 -2.28771260010249 pleio
96 45.051425 -2.20546706910366 pleio
97 45.101619 -2.13452246916955 pleio
98 45.106404 -2.0730770308213 pleio
99 45.111189 -2.02219883576372 pleio
100 45.144068 -2.01085738178731 pleio
101 45.165 -2.02658143071925 pleio
102 45.174292 -2.04647064102042 pleio
103 45.183584 -2.07026965612517 pleio
104 45.206863 -2.09283748647929 pleio
105 45.270542 -2.50217065127222 pleio
106 45.33422 -2.3935718982929 pleio
107 45.420117 -2.01086954944034 pleio
108 45.434499 -1.83576778984987 pleio
109 45.438006 -1.6742079515382 pleio
110 45.441513 -1.57752590255869 pleio
111 45.445019 -1.56145761184846 pleio
112 45.448526 -1.54829085585251 pleio
113 45.452033 -1.53803297475136 pleio
114 45.455539 -1.56947604653747 pleio
115 45.458985 -1.53698850337101 pleio
116 45.460636 -1.52496683540301 pleio
117 45.462287 -1.52638696061795 pleio
118 45.463938 -1.46610135682516 pleio
119 45.465589 -1.3734472049865 pleio
120 45.46724 -1.28217650378412 pleio
121 45.470001 -1.19242415535448 pleio
122 45.474942 -1.10432035582749 pleio
123 45.479882 -1.01799385954146 pleio
124 45.484823 -0.933565975450384 pleio
125 45.489764 -0.851153127871647 pleio
126 45.494704 -0.770865069440196 pleio
127 45.499645 -0.689181717824014 pleio
128 45.504585 -0.581584519498737 pleio
129 45.622192 -0.595058964788899 pleio
130 45.689416 0 pleio
131 45.705169 -0.00394400771824341 pleio
132 45.720922 -0.217370778448596 pleio
133 46.0005425 -0.562859480776029 pleio
134 46.280163 -1.09891810253551 pleio
135 46.288948 -1.62464670339196 pleio
136 46.297732 -1.74398768527631 pleio
137 46.306516 -1.70232055392278 pleio
138 46.315301 -1.65749652995813 pleio
139 46.32335 -1.69400306585538 pleio
140 46.326762 -1.91484929764872 pleio
141 46.330173 -2.28611107693257 pleio
142 46.333584 -2.5841578063842 pleio
143 46.336995 -2.66276792980121 pleio
144 46.341532 -2.74998781308032 pleio
145 46.350316 -2.84546404188179 pleio
146 46.358463 -2.93171233040787 pleio
147 46.360127 -2.97556366135941 pleio
148 46.36179 -3.02308418013044 pleio
149 46.363103 -3.07425030619884 pleio
150 46.364052 -3.12903015991234 pleio
151 46.364976 -3.1873836732188 pleio
152 46.365522 -3.24926261720106 pleio
153 46.366069 -3.31461067602294 pleio
154 46.366615 -3.38336371487076 pleio
155 46.367161 -3.45544936488676 pleio
156 46.367707 -3.53078809952145 pleio
157 46.368253 -3.60929293292753 pleio
158 46.368799 -3.68775016255515 pleio
159 46.485003 -6.35811534597008 pleio
160 46.557864 -6.56309925002658 pleio
161 46.610522 -6.61736329392906 pleio
162 46.616448 -6.63139441487123 pleio
163 46.622375 -6.64573604330541 pleio
164 46.628301 -6.66032529353372 pleio
165 46.687297 -6.67509879078562 pleio
166 46.730117 -6.69662090473781 pleio
167 46.732363 -6.73598921417722 pleio
168 46.73461 -6.78292862064496 pleio
169 46.736857 -6.83775695218107 pleio
170 46.739103 -6.90029435949037 pleio
171 46.74135 -6.96274185874596 pleio
172 46.750658 -6.97623657649652 pleio
173 46.815826 -7.01600430602232 pleio
174 46.828517 -7.22702877844524 pleio
175 46.833526 -7.38593436832749 pleio
176 46.838536 -7.49345076348248 pleio
177 46.843545 -7.61065197413781 pleio
178 46.848554 -7.73372966442139 pleio
179 46.853564 -7.85885590108424 pleio
180 46.921126 -7.98260508880254 pleio
181 47.021298 -7.99316368370495 pleio
182 47.023709 -8.14457505385642 pleio
183 47.02612 -8.29870134755078 pleio
184 47.035721 -8.36600697714322 pleio
185 47.160161 -8.48735197265924 pleio
186 47.295389 -8.53319488200349 pleio
187 47.430616 -8.51902252925274 pleio
188 47.565843 -8.53179834973387 pleio
189 47.70107 -8.55246320420272 pleio
190 47.836298 -8.77223824803831 pleio
191 47.971525 -9.01188032105874 pleio
192 48.106752 -9.02938860625665 pleio
193 48.24198 -9.04266584097877 pleio
194 48.377207 -9.05577760045485 pleio
195 48.474506 -9.06938807779463 pleio
196 48.553159 -9.08338924440025 pleio
197 48.631813 -9.09763705902036 pleio
198 48.717003 -9.11219008016086 pleio
199 48.805261 -9.2658443362605 pleio
200 48.89352 -9.41106526771009 pleio
201 48.982344 -9.47731229109375 pleio
202 49.13026 -9.69345079451361 pleio
203 49.161395 -9.70892340184348 pleio
204 49.168603 -9.77651596449099 pleio
205 49.175812 -9.87513617614482 pleio
206 49.276939 -9.81251014645875 pleio
207 49.413086 -9.6919855540077 pleio
208 49.549232 -10.0050735557775 pleio
209 49.611939 -9.90843360344904 pleio
210 49.614662 -9.79996135654925 pleio
211 49.617384 -9.71711787443501 pleio
212 49.620107 -9.71095527980736 pleio
213 49.62283 -9.70679859160065 pleio
214 49.625553 -9.70461156895365 pleio
215 49.628276 -9.70434768428189 pleio
216 49.638989 -9.70404331932886 pleio
217 49.65723 -9.70310637541261 pleio
218 49.660035 -9.71888340080898 pleio
219 49.66284 -9.73448002380796 pleio
220 49.665644 -9.74984022249178 pleio
221 49.668449 -9.76491260752625 pleio
222 49.671254 -9.77965077204364 pleio
223 49.674058 -9.79401352941461 pleio
224 49.695383 -9.80811861898154 pleio
225 49.798204 -9.82109879755968 pleio
226 49.807433 -9.83163426334608 pleio
227 49.816662 -9.83906496532925 pleio
228 49.911484 -10.7295872966783 pleio
229 50.08976 -11.2571911058425 pleio
230 50.121095 -11.3331645033257 pleio
231 50.152431 -11.4100453734685 pleio
232 50.173971 -11.4875588127983 pleio
233 50.177001 -11.5655691936852 pleio
234 50.180031 -11.5639385995215 pleio
235 50.183061 -11.6066951055707 pleio
236 50.18609 -11.6510465098014 pleio
237 50.18912 -11.697509177145 pleio
238 50.19215 -11.7838934853067 pleio
239 50.295327 -11.8420434992519 pleio
240 50.302108 -11.8350035580843 pleio
241 50.308889 -11.8270168528426 pleio
242 50.311001 -11.8181296020748 pleio
243 44.551043 -3.17675739645362 profile1
244 44.564207 -3.07406299767948 profile1
245 44.568298 -2.97418354502566 profile1
246 44.572388 -2.87785754337281 profile1
247 44.576479 -2.78600924007191 profile1
248 44.58057 -2.69934544925994 profile1
249 44.584661 -2.6206605309592 profile1
250 44.588908 -2.55116814450325 profile1
251 44.596324 -2.48910560364832 profile1
252 44.603741 -2.43546828049114 profile1
253 44.608283 -2.39052235703436 profile1
254 44.609389 -2.35434121596796 profile1
255 44.610566 -2.32706179280302 profile1
256 44.612126 -2.30867819203025 profile1
257 44.618941 -2.29904597115878 profile1
258 44.625756 -2.29789192757893 profile1
259 44.632571 -2.29831042543982 profile1
260 44.721343 -2.27720797603916 profile1
261 44.725576 -2.2389291174087 profile1
262 44.729808 -2.22164893839884 profile1
263 44.761322 -2.21936468280414 profile1
264 44.780832 -2.20818166239791 profile1
265 44.800342 -2.12105296172298 profile1
266 44.819852 -2.08025811379971 profile1
267 44.838742 -2.10112489990527 profile1
268 44.856652 -2.10367501261775 profile1
269 44.867332 -2.10699513642647 profile1
270 44.874623 -2.11019656097352 profile1
271 44.881915 -2.11311437112328 profile1
272 44.889206 -2.1156024078394 profile1
273 44.896497 -2.09831104093711 profile1
274 40.751751 -4.62588920728935 profile1
275 40.852649 -4.73017653042825 profile1
276 40.963726 -4.76268992416179 profile1
277 41.071368 -4.76735606399523 profile1
278 41.130258 -4.76930057700774 profile1
279 41.189147 -4.77114892861605 profile1
280 41.248037 -4.77289902149915 profile1
281 41.306927 -4.77450705966854 profile1
282 41.376781 -4.77514368796782 profile1
283 41.466542 -4.77492997229647 profile1
284 41.467199 -4.77452610493389 profile1
285 41.467856 -4.77412735035207 profile1
286 41.535355 -4.7724993375891 profile1
287 41.812857 -5.01251910179105 profile1
288 42.090359 -5.01150134969818 profile1
289 42.192627 -5.00866118833398 profile1
290 42.292082 -5.003957990438 profile1
291 42.391537 -5.00276457796988 profile1
292 42.490992 -5.00121466552811 profile1
293 42.590447 -4.99729124054191 profile1
294 42.689901 -4.9932551831133 profile1
295 42.789356 -4.98900081624668 profile1
296 42.929723 -4.98451457954677 profile1
297 43.030511 -4.9849081725425 profile1
298 43.09059 -4.98901393881884 profile1
299 43.150669 -4.99319871681436 profile1
300 43.210748 -4.99746183667747 profile1
301 43.265979 -5.00176632503824 profile1
302 43.296031 -5.00856782248786 profile1
303 43.336485 -5.05484649634776 profile1
304 43.376939 -5.05836247210346 profile1
305 43.399199 -5.09860607203255 profile1
306 43.400566 -5.21102945701207 profile1
307 43.401932 -5.1622111264512 profile1
308 43.416832 -5.13655019972629 profile1
309 43.545216 -5.14567342860407 profile1
310 43.659927 -5.14384439966862 profile1
311 43.662301 -5.13762079595025 profile1
312 43.664677 -5.13090120369198 profile1
313 43.66789 -5.1254192694806 profile1
314 43.746502 -4.97408661632285 profile1
315 43.811623 -4.91021865036307 profile1
316 43.828159 -4.96053797369067 profile1
317 43.836311 -5.00905223948876 profile1
318 43.838406 -5.03918540606841 profile1
319 43.840501 -4.99527240834122 profile1
320 43.844466 -4.94645607875492 profile1
321 43.861003 -4.89789949266222 profile1
322 43.901546 -4.85219962351137 profile1
323 43.980158 -4.59006573821916 profile1
324 44.020771 -4.28944566684245 profile1
325 44.053303 -4.18685628258689 profile1
326 44.085836 -4.12142647326202 profile1
327 44.138903 -4.0573199682268 profile1
328 44.294495 -3.94080202391266 profile1
329 44.317834 -3.89830111821403 profile1
330 44.341174 -3.88021134434959 profile1
331 44.364954 -3.82709417898819 profile1
332 44.431929 -3.54459901981559 profile1
333 44.438774 -3.46532974990396 profile1
334 44.445619 -3.41815642504196 profile1
335 44.482294 -3.31853060657149 profile1
336 44.940291 -1.80591243648053 profile1
337 44.995858 -1.78729620447902 profile1
338 45.051425 -1.7358984845773 profile1
339 45.101619 -1.68679911991791 profile1
340 45.106404 -1.63957829727584 profile1
341 45.111189 -1.59840835818576 profile1
342 45.144068 -1.58962267982543 profile1
343 45.165 -1.59611361942829 profile1
344 45.174292 -1.60430382274713 profile1
345 45.183584 -1.61416284818879 profile1
346 45.206863 -1.62457829162661 profile1
347 45.270542 -1.71169375479309 profile1
348 45.33422 -1.78680647210009 profile1
349 45.420117 -1.65287900866358 profile1
350 45.434499 -1.59712334714145 profile1
351 45.438006 -1.54385390689533 profile1
352 45.441513 -1.49691570434374 profile1
353 45.445019 -1.45787091944213 profile1
354 45.448526 -1.42137617878213 profile1
355 45.452033 -1.3876546693284 profile1
356 45.455539 -1.36840357358466 profile1
357 45.458985 -1.33123019124012 profile1
358 45.460636 -1.30512046472901 profile1
359 45.462287 -1.28436113423686 profile1
360 45.463938 -1.22028663894717 profile1
361 45.465589 -1.13282394551261 profile1
362 45.46724 -1.04619178220324 profile1
363 45.470001 -0.960517707736438 profile1
364 45.474942 -0.875926311555971 profile1
365 45.479882 -0.792539241483262 profile1
366 45.484823 -0.710473807811459 profile1
367 45.489764 -0.629842945299831 profile1
368 45.494704 -0.550754527232881 profile1
369 45.499645 -0.472514488395814 profile1
370 45.504585 -0.359294951011843 profile1
371 45.622192 -0.355077397107448 profile1
372 45.689416 0.00217718173819459 profile1
373 45.705169 -0.00394400771824341 profile1
374 45.720922 -0.213414548205074 profile1
375 46.0005425 -0.40790222309196 profile1
376 46.280163 -0.65172857053569 profile1
377 46.288948 -1.39105658272421 profile1
378 46.297732 -1.53083765079259 profile1
379 46.306516 -1.48715063836682 profile1
380 46.315301 -1.44321403219947 profile1
381 46.32335 -1.43526922403371 profile1
382 46.326762 -1.50752354309331 profile1
383 46.330173 -1.64554419185813 profile1
384 46.333584 -1.75409333360804 profile1
385 46.336995 -1.77094619483689 profile1
386 46.341532 -1.79634076313785 profile1
387 46.350316 -1.83023366242228 profile1
388 46.358463 -1.86004571291861 profile1
389 46.360127 -1.86003530741996 profile1
390 46.36179 -1.86192203325544 profile1
391 46.363103 -1.86572617140387 profile1
392 46.364052 -1.87146389213712 profile1
393 46.364976 -1.87914711761549 profile1
394 46.365522 -1.88878338824545 profile1
395 46.366069 -1.90037575193736 profile1
396 46.366615 -1.91392266214367 profile1
397 46.367161 -1.92941800997411 profile1
398 46.367707 -1.94685087742619 profile1
399 46.368253 -1.96620577429337 profile1
400 46.368799 -1.9868510213099 profile1
401 46.485003 -3.40914042612771 profile1
402 46.557864 -3.45867514159787 profile1
403 46.610522 -3.46449297847574 profile1
404 46.616448 -3.46922095946981 profile1
405 46.622375 -3.47445310098097 profile1
406 46.628301 -3.48013647230233 profile1
407 46.687297 -3.48621610467546 profile1
408 46.730117 -3.50036828848845 profile1
409 46.732363 -3.53099172247475 profile1
410 46.73461 -3.56496599572286 profile1
411 46.736857 -3.60226338147669 profile1
412 46.739103 -3.64275700144891 profile1
413 46.74135 -3.68163794840433 profile1
414 46.750658 -3.68957849439421 profile1
415 46.815826 -3.72411726363506 profile1
416 46.828517 -3.817247074156 profile1
417 46.833526 -3.91207201287286 profile1
418 46.838536 -4.00838439417823 profile1
419 46.843545 -4.11231553244039 profile1
420 46.848554 -4.22011753558607 profile1
421 46.853564 -4.32813057982911 profile1
422 46.921126 -4.43321295967358 profile1
423 47.021298 -4.45143679027113 profile1
424 47.023709 -4.57167521813779 profile1
425 47.02612 -4.69282708906698 profile1
426 47.035721 -4.77570080103995 profile1
427 47.160161 -4.83284119493843 profile1
428 47.295389 -4.84605145374245 profile1
429 47.430616 -4.84588044480521 profile1
430 47.565843 -4.85514493852372 profile1
431 47.70107 -4.86239033347805 profile1
432 47.836298 -4.95638423849341 profile1
433 47.971525 -5.0696446415863 profile1
434 48.106752 -5.08451786021952 profile1
435 48.24198 -5.09535335643905 profile1
436 48.377207 -5.10583965438449 profile1
437 48.474506 -5.11676383095686 profile1
438 48.553159 -5.12805405489942 profile1
439 48.631813 -5.13962253451957 profile1
440 48.717003 -5.15147579931026 profile1
441 48.805261 -5.26163999884426 profile1
442 48.89352 -5.3207076539922 profile1
443 48.982344 -5.22250419121995 profile1
444 49.13026 -5.30043808205214 profile1
445 49.161395 -5.2884844711725 profile1
446 49.168603 -5.33998003324858 profile1
447 49.175812 -5.42749299558656 profile1
448 49.276939 -5.47134143016255 profile1
449 49.413086 -5.5376817900004 profile1
450 49.549232 -5.92138381113317 profile1
451 49.611939 -5.84998807523081 profile1
452 49.614662 -5.7576411683328 profile1
453 49.617384 -5.67941818976687 profile1
454 49.620107 -5.67476902001164 profile1
455 49.62283 -5.67235866267256 profile1
456 49.625553 -5.67213042151125 profile1
457 49.628276 -5.67401582582161 profile1
458 49.638989 -5.67776553846209 profile1
459 49.65723 -5.68128357790735 profile1
460 49.660035 -5.69568245726474 profile1
461 49.66284 -5.70984778170285 profile1
462 49.665644 -5.72372718530098 profile1
463 49.668449 -5.73727015873433 profile1
464 49.671254 -5.75042836215033 profile1
465 49.674058 -5.76315590880922 profile1
466 49.695383 -5.77544578445876 profile1
467 49.798204 -5.78845200243126 profile1
468 49.807433 -5.79960358079865 profile1
469 49.816662 -5.80780602601277 profile1
470 49.911484 -5.89102378268253 profile1
471 50.08976 -5.88483304014055 profile1
472 50.121095 -5.96531397178748 profile1
473 50.152431 -6.04674888002756 profile1
474 50.173971 -6.12893411059061 profile1
475 50.177001 -6.21163592904534 profile1
476 50.180031 -6.20715753517789 profile1
477 50.183061 -6.20119292343067 profile1
478 50.18609 -6.22456960481093 profile1
479 50.18912 -6.24889809177766 profile1
480 50.19215 -6.27222141255657 profile1
481 50.295327 -6.23628145829381 profile1
482 50.302108 -6.23031560596967 profile1
483 50.308889 -6.22425437474116 profile1
484 50.311001 -6.21813328543885 profile1
485 40.751751 -5.47077620875446 profile2
486 40.852649 -5.33813652262137 profile2
487 40.963726 -5.31757643144827 profile2
488 41.071368 -5.31601147217784 profile2
489 41.130258 -5.31442335941529 profile2
490 41.189147 -5.31285538805497 profile2
491 41.248037 -5.3113076594641 profile2
492 41.306927 -5.30980610359609 profile2
493 41.376781 -5.30872066556001 profile2
494 41.466542 -5.30745316329241 profile2
495 41.467199 -5.30625351317505 profile2
496 41.467856 -5.30541806752682 profile2
497 41.535355 -5.28476376645612 profile2
498 41.812857 -4.54146212251879 profile2
499 42.090359 -4.54182479171338 profile2
500 42.192627 -4.54200257393777 profile2
501 42.292082 -4.52753933845852 profile2
502 42.391537 -4.52864686584013 profile2
503 42.490992 -4.54949147386535 profile2
504 42.590447 -4.55331873958973 profile2
505 42.689901 -4.55628123629471 profile2
506 42.789356 -4.55905601082593 profile2
507 42.929723 -4.5615367553856 profile2
508 43.030511 -4.54903607004827 profile2
509 43.09059 -4.52814271391028 profile2
510 43.150669 -4.51085329694777 profile2
511 43.210748 -4.49737927179733 profile2
512 43.265979 -4.48775365583766 profile2
513 43.296031 -4.47518856971864 profile2
514 43.336485 -4.56426257134217 profile2
515 43.376939 -4.55751416541636 profile2
516 43.399199 -3.99323557259838 profile2
517 43.400566 -3.48241074686925 profile2
518 43.401932 -3.41039597852913 profile2
519 43.416832 -3.34567416224022 profile2
520 43.545216 -3.24101990902129 profile2
521 43.659927 -3.24351810583635 profile2
522 43.662301 -3.24280902943588 profile2
523 43.664677 -3.24212645537168 profile2
524 43.66789 -3.24339933949896 profile2
525 43.746502 -3.01528126308353 profile2
526 43.811623 -2.84541670538398 profile2
527 43.828159 -2.84243254557082 profile2
528 43.836311 -2.83993410617849 profile2
529 43.838406 -2.80922032625602 profile2
530 43.840501 -2.62432857893324 profile2
531 43.844466 -2.40047853527857 profile2
532 43.861003 -2.15596188338691 profile2
533 43.901546 -1.95238771627506 profile2
534 43.980158 -1.82250616023423 profile2
535 44.020771 -1.65863444234089 profile2
536 44.053303 -1.59483323161482 profile2
537 44.085836 -1.55234200991456 profile2
538 44.138903 -1.56840152389749 profile2
539 44.294495 -1.91063560802357 profile2
540 44.317834 -1.94185332109549 profile2
541 44.341174 -1.95851574002726 profile2
542 44.364954 -1.95004870487174 profile2
543 44.431929 -1.87187934331199 profile2
544 44.438774 -1.93560838488492 profile2
545 44.445619 -1.99392664489064 profile2
546 44.482294 -2.05660238888553 profile2
547 44.551043 -2.0745324537756 profile2
548 44.564207 -2.00787544676517 profile2
549 44.568298 -1.93969093043641 profile2
550 44.572388 -1.87063612017172 profile2
551 44.576479 -1.80084194735149 profile2
552 44.58057 -1.73136350017541 profile2
553 44.584661 -1.668392316689 profile2
554 44.588908 -1.61616662687777 profile2
555 44.596324 -1.56811745667637 profile2
556 44.603741 -1.51987481245241 profile2
557 44.608283 -1.47195306157834 profile2
558 44.609389 -1.42751181338189 profile2
559 44.610566 -1.38699143482938 profile2
560 44.612126 -1.35077981724369 profile2
561 44.618941 -1.31920212422286 profile2
562 44.625756 -1.29251329020499 profile2
563 44.632571 -1.25442287636678 profile2
564 44.721343 -1.18203426833776 profile2
565 44.725576 -1.0533063777898 profile2
566 44.729808 -0.937790269179651 profile2
567 44.761322 -0.864402556148352 profile2
568 44.780832 -0.856905634560559 profile2
569 44.800342 -0.56521164747404 profile2
570 44.819852 -0.240240410388456 profile2
571 44.838742 -0.194468409322061 profile2
572 44.856652 -0.189444814589709 profile2
573 44.867332 -0.186902012203389 profile2
574 44.874623 -0.187035761165776 profile2
575 44.881915 -0.189945696543662 profile2
576 44.889206 -0.195722363152317 profile2
577 44.896497 -0.204739595220713 profile2
578 44.940291 -0.698438318765532 profile2
579 44.995858 -0.671769145628904 profile2
580 45.051425 -0.635568012754342 profile2
581 45.101619 -0.609787304937727 profile2
582 45.106404 -0.592508228557498 profile2
583 45.111189 -0.580628132925144 profile2
584 45.144068 -0.576486577062747 profile2
585 45.165 -0.583919265157952 profile2
586 45.174292 -0.594018376095293 profile2
587 45.183584 -0.606567636917138 profile2
588 45.206863 -0.617685679335066 profile2
589 45.270542 -0.932003789495995 profile2
590 45.33422 -0.731891692596224 profile2
591 45.420117 -0.456607039874347 profile2
592 45.434499 -0.330713251316061 profile2
593 45.438006 -0.216459986703679 profile2
594 45.441513 -0.161052214858141 profile2
595 45.445019 -0.178313581106088 profile2
596 45.448526 -0.196209220050241 profile2
597 45.452033 -0.214544784027813 profile2
598 45.455539 -0.263147929956675 profile2
599 45.458985 -0.26116239063662 profile2
600 45.460636 -0.270656436242269 profile2
601 45.462287 -0.289134785837953 profile2
602 45.463938 -0.289603763324051 profile2
603 45.465589 -0.281340846792794 profile2
604 45.46724 -0.27386509513721 profile2
605 45.470001 -0.267189635807372 profile2
606 45.474942 -0.261325166570976 profile2
607 45.479882 -0.256283120889207 profile2
608 45.484823 -0.252071105404968 profile2
609 45.489764 -0.248695445935161 profile2
610 45.494704 -0.246160091166597 profile2
611 45.499645 -0.241653848073566 profile2
612 45.504585 -0.24715236446251 profile2
613 45.622192 -0.262403121954171 profile2
614 45.689416 0 profile2
615 45.705169 0.00217718173819459 profile2
616 45.720922 0.00216082664719467 profile2
617 46.0005425 -0.156414264124332 profile2
618 46.280163 -0.466174094333127 profile2
619 46.288948 -0.264619390019374 profile2
620 46.297732 -0.247994529536821 profile2
621 46.306516 -0.248796346873834 profile2
622 46.315301 -0.247121333847678 profile2
623 46.32335 -0.293224937969298 profile2
624 46.326762 -0.455362506160655 profile2
625 46.330173 -0.712559351123962 profile2
626 46.333584 -0.921485862942437 profile2
627 46.336995 -0.987219478937028 profile2
628 46.341532 -1.05521077945187 profile2
629 46.350316 -1.12504805372008 profile2
630 46.358463 -1.18960339559326 profile2
631 46.360127 -1.23685068129152 profile2
632 46.36179 -1.28628831122 profile2
633 46.363103 -1.33787079233023 profile2
634 46.364052 -1.39154738031759 profile2
635 46.364976 -1.44726232869957 profile2
636 46.365522 -1.50495505142212 profile2
637 46.366069 -1.56456031555988 profile2
638 46.366615 -1.6260086267951 profile2
639 46.367161 -1.68922580679782 profile2
640 46.367707 -1.75413432185291 profile2
641 46.368253 -1.82065281648098 profile2
642 46.368799 -1.886029518829 profile2
643 46.485003 -3.26249076230614 profile2
644 46.557864 -3.42756173425558 profile2
645 46.610522 -3.47775813792327 profile2
646 46.616448 -3.48666818792163 profile2
647 46.622375 -3.4954767339793 profile2
648 46.628301 -3.5041771123598 profile2
649 46.687297 -3.51276400768531 profile2
650 46.730117 -3.52016216168106 profile2
651 46.732363 -3.52955985278857 profile2
652 46.73461 -3.54392589348288 profile2
653 46.736857 -3.56361825761154 profile2
654 46.739103 -3.58857548639929 profile2
655 46.74135 -3.61535793621277 profile2
656 46.750658 -3.62151375634834 profile2
657 46.815826 -3.63062402314071 profile2
658 46.828517 -3.75813765094021 profile2
659 46.833526 -3.83406318277485 profile2
660 46.838536 -3.85895314541889 profile2
661 46.843545 -3.88745716152617 profile2
662 46.848554 -3.91895750342374 profile2
663 46.853564 -3.95271823763281 profile2
664 46.921126 -3.98795266565373 profile2
665 47.021298 -4.007378882702 profile2
666 47.023709 -4.05034055869033 profile2
667 47.02612 -4.0967259327896 profile2
668 47.035721 -4.08931097661321 profile2
669 47.160161 -4.15970909987519 profile2
670 47.295389 -4.19569518199368 profile2
671 47.430616 -4.18230149753785 profile2
672 47.565843 -4.1872692791631 profile2
673 47.70107 -4.20224052113112 profile2
674 47.836298 -4.34414618481391 profile2
675 47.971525 -4.49120041505478 profile2
676 48.106752 -4.49554092872509 profile2
677 48.24198 -4.49943647510231 profile2
678 48.377207 -4.5034261515502 profile2
679 48.474506 -4.50749435605025 profile2
680 48.553159 -4.51160142841488 profile2
681 48.631813 -4.51568042873995 profile2
682 48.717003 -4.51978546792605 profile2
683 48.805261 -4.56490876834322 profile2
684 48.89352 -4.65060302933973 profile2
685 48.982344 -4.8166029000736 profile2
686 49.13026 -4.97325517393878 profile2
687 49.161395 -5.01217939150396 profile2
688 49.168603 -5.04553151390449 profile2
689 49.175812 -5.0774509314848 profile2
690 49.276939 -4.97149866346837 profile2
691 49.413086 -4.7701029900392 profile2
692 49.549232 -4.73746309241506 profile2
693 49.611939 -4.70894321110105 profile2
694 49.614662 -4.68904805251702 profile2
695 49.617384 -4.68280585222955 profile2
696 49.620107 -4.68387833754516 profile2
697 49.62283 -4.68483322422421 profile2
698 49.625553 -4.68568101558655 profile2
699 49.628276 -4.68643325599431 profile2
700 49.638989 -4.68534245743227 profile2
701 49.65723 -4.68253188951684 profile2
702 49.660035 -4.683939549079 profile2
703 49.66284 -4.68532572595013 profile2
704 49.665644 -4.68668996898784 profile2
705 49.668449 -4.68803496789736 profile2
706 49.671254 -4.68936649846781 profile2
707 49.674058 -4.69069328606409 profile2
708 49.695383 -4.69214595147248 profile2
709 49.798204 -4.69152258675311 profile2
710 49.807433 -4.69022274382318 profile2
711 49.816662 -4.68894180657963 profile2
712 49.911484 -5.54455529423305 profile2
713 50.08976 -6.12283431667569 profile2
714 50.121095 -6.11933318449939 profile2
715 50.152431 -6.11593254924844 profile2
716 50.173971 -6.11258098733221 profile2
717 50.177001 -6.10934982574138 profile2
718 50.180031 -6.13493072964105 profile2
719 50.183061 -6.19689676386677 profile2
720 50.18609 -6.22050512775375 profile2
721 50.18912 -6.2454857268425 profile2
722 50.19215 -6.31179660324881 profile2
723 50.295327 -6.4071509515582 profile2
724 50.302108 -6.40640306112677 profile2
725 50.308889 -6.40460616410389 profile2
726 50.311001 -6.40177073469014 profile2
