marker_position lod trace
1 40.751751 -9.2017671263835 pleio
2 40.852649 -9.39579697517518 pleio
3 40.963726 -9.37445319524651 pleio
4 41.071368 -9.37374455401009 pleio
5 41.130258 -9.37284371211665 pleio
6 41.189147 -9.37169041745501 pleio
7 41.248037 -9.37029241474025 pleio
8 41.306927 -9.36853407221879 pleio
9 41.376781 -9.36524990837571 pleio
10 41.466542 -9.36590489556314 pleio
11 41.467199 -9.36649083477419 pleio
12 41.467856 -9.36690381453584 pleio
13 41.535355 -9.36625051404043 pleio
14 41.812857 -9.1807413596871 pleio
15 42.090359 -9.18303066716017 pleio
16 42.192627 -9.17899725978599 pleio
17 42.292082 -9.16971751486234 pleio
18 42.391537 -9.16243115223927 pleio
19 42.490992 -9.16038828729908 pleio
20 42.590447 -9.15378326857574 pleio
21 42.689901 -9.14647381116819 pleio
22 42.789356 -9.13915541004413 pleio
23 42.929723 -9.13171294339247 pleio
24 43.030511 -9.11460805692759 pleio
25 43.09059 -9.09143113039065 pleio
26 43.150669 -9.0698909875568 pleio
27 43.210748 -9.05009331198908 pleio
28 43.265979 -9.03210503799983 pleio
29 43.296031 -9.01014965950308 pleio
30 43.336485 -9.01802979172411 pleio
31 43.376939 -8.99726833897009 pleio
32 43.399199 -9.06063162495175 pleio
33 43.400566 -9.04945681379932 pleio
34 43.401932 -9.11637774718918 pleio
35 43.416832 -9.17218749158059 pleio
36 43.545216 -9.14729256333948 pleio
37 43.659927 -9.14479164010054 pleio
38 43.662301 -9.13793591570286 pleio
39 43.664677 -9.13119754374657 pleio
40 43.66789 -9.12470053653487 pleio
41 43.746502 -9.02406103080756 pleio
42 43.811623 -8.91559650668318 pleio
43 43.828159 -8.93462427185822 pleio
44 43.836311 -8.95375613236282 pleio
45 43.838406 -8.95013020531926 pleio
46 43.840501 -8.82343824340792 pleio
47 43.844466 -8.66117778894904 pleio
48 43.861003 -8.47548918527241 pleio
49 43.901546 -8.31089470513757 pleio
50 43.980158 -7.95975233975543 pleio
51 44.020771 -7.48973826729627 pleio
52 44.053303 -7.25949001259309 pleio
53 44.085836 -7.05841951495452 pleio
54 44.138903 -7.03801525177005 pleio
55 44.294495 -6.99038606842106 pleio
56 44.317834 -7.04137995039741 pleio
57 44.341174 -7.10362684070179 pleio
58 44.364954 -7.10417800919146 pleio
59 44.431929 -6.72987444669818 pleio
60 44.438774 -6.67192792178175 pleio
61 44.445619 -6.64281421513506 pleio
62 44.482294 -6.29195221841139 pleio
63 44.551043 -5.99118314891733 pleio
64 44.564207 -5.84487564509139 pleio
65 44.568298 -5.69487441204655 pleio
66 44.572388 -5.54261057879124 pleio
67 44.576479 -5.38817630524156 pleio
68 44.58057 -5.23352315954668 pleio
69 44.584661 -5.07803941195504 pleio
70 44.588908 -4.91916944465532 pleio
71 44.596324 -4.76101833926878 pleio
72 44.603741 -4.60072343733735 pleio
73 44.608283 -4.44013999577742 pleio
74 44.609389 -4.28281529952711 pleio
75 44.610566 -4.12965676228213 pleio
76 44.612126 -3.98150323731764 pleio
77 44.618941 -3.83910446492557 pleio
78 44.625756 -3.70310477151149 pleio
79 44.632571 -3.60272173554472 pleio
80 44.721343 -3.59450666165852 pleio
81 44.725576 -3.66362320756383 pleio
82 44.729808 -3.73652993572625 pleio
83 44.761322 -3.77133735886541 pleio
84 44.780832 -3.71511264926054 pleio
85 44.800342 -3.01441004961594 pleio
86 44.819852 -2.10205980130922 pleio
87 44.838742 -2.05757010552619 pleio
88 44.856652 -2.04095132171278 pleio
89 44.867332 -2.0252693822961 pleio
90 44.874623 -2.01039811386769 pleio
91 44.881915 -1.99635645780205 pleio
92 44.889206 -1.98317489485512 pleio
93 44.896497 -1.93187649306964 pleio
94 44.940291 -1.17501711794993 pleio
95 44.995858 -1.17874099582632 pleio
96 45.051425 -1.19592161477209 pleio
97 45.101619 -1.21481745616512 pleio
98 45.106404 -1.236769468291 pleio
99 45.111189 -1.26377035044124 pleio
100 45.144068 -1.26437755111159 pleio
101 45.165 -1.25566799481414 pleio
102 45.174292 -1.24885421621183 pleio
103 45.183584 -1.24344327767327 pleio
104 45.206863 -1.23989499417793 pleio
105 45.270542 -1.30554998576261 pleio
106 45.33422 -1.09926790085464 pleio
107 45.420117 -1.00820072546511 pleio
108 45.434499 -0.887734245129626 pleio
109 45.438006 -0.777608409578614 pleio
110 45.441513 -0.696181741745522 pleio
111 45.445019 -0.647034298322617 pleio
112 45.448526 -0.60215266427493 pleio
113 45.452033 -0.561732284532572 pleio
114 45.455539 -0.59798184571057 pleio
115 45.458985 -0.524704402259356 pleio
116 45.460636 -0.470828350970853 pleio
117 45.462287 -0.449743640127486 pleio
118 45.463938 -0.445505021978012 pleio
119 45.465589 -0.450579969164993 pleio
120 45.46724 -0.45840383364989 pleio
121 45.470001 -0.468989701071467 pleio
122 45.474942 -0.48234268582342 pleio
123 45.479882 -0.498457515804538 pleio
124 45.484823 -0.517321759513699 pleio
125 45.489764 -0.538913988749224 pleio
126 45.494704 -0.563204634146126 pleio
127 45.499645 -0.587761014442176 pleio
128 45.504585 -0.638501194113438 pleio
129 45.622192 -0.755526326157256 pleio
130 45.689416 -0.449906049372858 pleio
131 45.705169 -0.424317890429118 pleio
132 45.720922 -0.223716279124349 pleio
133 46.0005425 -0.279192852600515 pleio
134 46.280163 0 pleio
135 46.288948 -0.474571493687366 pleio
136 46.297732 -0.533567805600808 pleio
137 46.306516 -0.588731615221042 pleio
138 46.315301 -0.64107273958404 pleio
139 46.32335 -0.599253740571257 pleio
140 46.326762 -0.464453191043168 pleio
141 46.330173 -0.388192652051891 pleio
142 46.333584 -0.355132275368042 pleio
143 46.336995 -0.308520373230099 pleio
144 46.341532 -0.263893172165775 pleio
145 46.350316 -0.222458189749813 pleio
146 46.358463 -0.197936723190962 pleio
147 46.360127 -0.208921025333189 pleio
148 46.36179 -0.222965685881158 pleio
149 46.363103 -0.240063742990844 pleio
150 46.364052 -0.260202333062734 pleio
151 46.364976 -0.283362742168045 pleio
152 46.365522 -0.309520432317346 pleio
153 46.366069 -0.338645092622721 pleio
154 46.366615 -0.370701032853387 pleio
155 46.367161 -0.405645803481545 pleio
156 46.367707 -0.443433073083419 pleio
157 46.368253 -0.484010227301885 pleio
158 46.368799 -0.527051444266417 pleio
159 46.485003 -1.52485079218715 pleio
160 46.557864 -1.37291815439672 pleio
161 46.610522 -1.37531249204048 pleio
162 46.616448 -1.41597085076098 pleio
163 46.622375 -1.45726212799053 pleio
164 46.628301 -1.49905280406384 pleio
165 46.687297 -1.54120324422358 pleio
166 46.730117 -1.58863406553456 pleio
167 46.732363 -1.65053148141973 pleio
168 46.73461 -1.71962811901093 pleio
169 46.736857 -1.79588874006048 pleio
170 46.739103 -1.87910502169593 pleio
171 46.74135 -1.96242248915662 pleio
172 46.750658 -2.00271885608304 pleio
173 46.815826 -2.0481220844325 pleio
174 46.828517 -2.15831545300464 pleio
175 46.833526 -2.26953325242911 pleio
176 46.838536 -2.38228898361932 pleio
177 46.843545 -2.51546199074113 pleio
178 46.848554 -2.66467533986518 pleio
179 46.853564 -2.82489091004742 pleio
180 46.921126 -2.99112689889249 pleio
181 47.021298 -2.92096554978042 pleio
182 47.023709 -3.12698692956899 pleio
183 47.02612 -3.35138864541499 pleio
184 47.035721 -3.46162910265695 pleio
185 47.160161 -3.5782881885629 pleio
186 47.295389 -3.62411869900726 pleio
187 47.430616 -3.63044541483201 pleio
188 47.565843 -3.64317074006578 pleio
189 47.70107 -3.66428143634314 pleio
190 47.836298 -3.86732285119164 pleio
191 47.971525 -4.09791606239409 pleio
192 48.106752 -4.11172024825406 pleio
193 48.24198 -4.12452547819301 pleio
194 48.377207 -4.13676918474953 pleio
195 48.474506 -4.14885087841345 pleio
196 48.553159 -4.16075517712432 pleio
197 48.631813 -4.1724944379643 pleio
198 48.717003 -4.18411719664853 pleio
199 48.805261 -4.26109826449434 pleio
200 48.89352 -4.34969555021281 pleio
201 48.982344 -4.56672808600002 pleio
202 49.13026 -4.62437842047906 pleio
203 49.161395 -4.64377023924532 pleio
204 49.168603 -4.60910104616188 pleio
205 49.175812 -4.58887677137381 pleio
206 49.276939 -4.59005402260034 pleio
207 49.413086 -4.59711404198456 pleio
208 49.549232 -5.17210015130536 pleio
209 49.611939 -5.05626842002931 pleio
210 49.614662 -4.90429852357312 pleio
211 49.617384 -4.79214915497202 pleio
212 49.620107 -4.78988325297871 pleio
213 49.62283 -4.78900938467485 pleio
214 49.625553 -4.78956215795809 pleio
215 49.628276 -4.79157297239769 pleio
216 49.638989 -4.7946260477145 pleio
217 49.65723 -4.79435078236575 pleio
218 49.660035 -4.78745909065994 pleio
219 49.66284 -4.78180163829289 pleio
220 49.665644 -4.77747278949368 pleio
221 49.668449 -4.77455697146792 pleio
222 49.671254 -4.77312724402331 pleio
223 49.674058 -4.77324418344795 pleio
224 49.695383 -4.77491119750687 pleio
225 49.798204 -4.77720673212569 pleio
226 49.807433 -4.78037507617477 pleio
227 49.816662 -4.78200824771536 pleio
228 49.911484 -4.73487689322517 pleio
229 50.08976 -4.95646978014993 pleio
230 50.121095 -4.98383817948375 pleio
231 50.152431 -5.01394136302965 pleio
232 50.173971 -5.04613932262453 pleio
233 50.177001 -5.0808576233659 pleio
234 50.180031 -4.84558792196647 pleio
235 50.183061 -4.72862464235526 pleio
236 50.18609 -4.66071222608039 pleio
237 50.18912 -4.59636125297954 pleio
238 50.19215 -4.49365792442888 pleio
239 50.295327 -4.13309646414996 pleio
240 50.302108 -4.12012473953355 pleio
241 50.308889 -4.10620322579337 pleio
242 50.311001 -4.09137638337647 pleio
243 44.576479 -2.90913386920191 profile1
244 44.58057 -2.87487943634158 profile1
245 44.584661 -2.84163424625811 profile1
246 44.588908 -2.80800101598908 profile1
247 44.596324 -2.77789470243774 profile1
248 44.603741 -2.74898155268362 profile1
249 44.608283 -2.72193866398669 profile1
250 44.609389 -2.69838320618262 profile1
251 44.610566 -2.67829381753628 profile1
252 44.612126 -2.6615938596903 profile1
253 44.618941 -2.6481552051241 profile1
254 44.625756 -2.63780408206756 profile1
255 44.085836 -4.34991863051954 profile1
256 44.138903 -4.34360046451756 profile1
257 44.294495 -4.18784672585314 profile1
258 44.317834 -4.16672258997857 profile1
259 44.341174 -4.15379175738886 profile1
260 44.364954 -4.12021024691652 profile1
261 44.431929 -3.72528625387668 profile1
262 44.482294 -3.33366692721775 profile1
263 44.551043 -3.07035260871343 profile1
264 44.564207 -3.02737837769023 profile1
265 44.568298 -2.98580647102254 profile1
266 44.572388 -2.94644020796435 profile1
267 44.632571 -2.64272548798929 profile1
268 44.721343 -2.67584126476976 profile1
269 44.725576 -2.72712005454761 profile1
270 44.729808 -2.77521316758817 profile1
271 44.761322 -2.79660085044715 profile1
272 44.780832 -2.76568434217581 profile1
273 41.812857 -4.8517000790737 profile1
274 42.090359 -4.8518945432265 profile1
275 42.192627 -4.85051505442742 profile1
276 42.292082 -4.84649499795663 profile1
277 42.391537 -4.84366475816535 profile1
278 42.490992 -4.84513925859262 profile1
279 42.590447 -4.84300474829418 profile1
280 42.689901 -4.8402215732419 profile1
281 42.789356 -4.83745626112494 profile1
282 42.929723 -4.83465155100386 profile1
283 43.030511 -4.82716474396379 profile1
284 43.09059 -4.81685219223276 profile1
285 43.150669 -4.8075230998129 profile1
286 43.210748 -4.79924512426986 profile1
287 43.265979 -4.79205751045343 profile1
288 43.296031 -4.78957001800174 profile1
289 43.336485 -4.81094744391311 profile1
290 43.376939 -4.81192609806789 profile1
291 43.399199 -4.87527919278266 profile1
292 43.400566 -4.8944971072872 profile1
293 43.401932 -4.8480780225308 profile1
294 43.416832 -4.80006014280936 profile1
295 43.545216 -4.75240319594991 profile1
296 43.659927 -4.75008866930712 profile1
297 43.662301 -4.74681817004732 profile1
298 43.664677 -4.74370238043856 profile1
299 43.66789 -4.74257831080181 profile1
300 43.746502 -4.67736883430716 profile1
301 43.811623 -4.67990270152926 profile1
302 43.828159 -4.68225762933836 profile1
303 43.836311 -4.68443748180997 profile1
304 43.838406 -4.68914695854524 profile1
305 43.840501 -4.7113571630341 profile1
306 43.844466 -4.74250999266089 profile1
307 43.861003 -4.78035373874625 profile1
308 43.901546 -4.81447643371501 profile1
309 43.980158 -4.6846112653192 profile1
310 44.020771 -4.49870581999002 profile1
311 44.053303 -4.41962887624326 profile1
312 44.438774 -3.69365479067619 profile1
313 44.445619 -3.68810715876682 profile1
314 44.800342 -2.38274495266124 profile1
315 44.819852 -1.99837261541355 profile1
316 44.838742 -2.04590655545166 profile1
317 50.183061 -1.81307327013385 profile1
318 50.18609 -1.72637845832882 profile1
319 50.18912 -1.64293894488997 profile1
320 50.19215 -1.50480501277429 profile1
321 50.295327 -1.11370112216764 profile1
322 50.302108 -1.10109162847119 profile1
323 50.308889 -1.0881684344592 profile1
324 50.311001 -1.07498533846101 profile1
325 40.751751 -5.04462770286055 profile1
326 40.852649 -5.16457691639397 profile1
327 40.963726 -5.14338937188407 profile1
328 41.071368 -5.14645130128204 profile1
329 41.130258 -5.14929453636591 profile1
330 41.189147 -5.15188753617345 profile1
331 41.248037 -5.15423150360115 profile1
332 41.306927 -5.15628050746384 profile1
333 41.376781 -5.15741573063874 profile1
334 41.466542 -5.15909064328295 profile1
335 41.467199 -5.16040914313993 profile1
336 41.467856 -5.16120227467985 profile1
337 41.535355 -5.15528856539287 profile1
338 44.856652 -2.03403378716182 profile1
339 44.867332 -2.02170505249051 profile1
340 44.874623 -2.00912810357441 profile1
341 44.881915 -1.99635645780205 profile1
342 50.08976 -2.16540370770571 profile1
343 50.121095 -2.18382324570231 profile1
344 50.152431 -2.20324512897236 profile1
345 50.173971 -2.22275192390308 profile1
346 50.177001 -2.24313579730503 profile1
347 50.180031 -1.93377997940099 profile1
348 44.889206 -1.98317489485512 profile1
349 44.896497 -1.93187649306964 profile1
350 44.940291 -1.1061770494606 profile1
351 44.995858 -1.06858437005351 profile1
352 45.051425 -0.995131804595232 profile1
353 45.101619 -0.925125465052169 profile1
354 45.106404 -0.858028003775287 profile1
355 45.111189 -0.792759029074265 profile1
356 45.144068 -0.761928749044206 profile1
357 45.165 -0.753954302684692 profile1
358 45.174292 -0.747247030793671 profile1
359 45.183584 -0.741632846662742 profile1
360 45.206863 -0.736308044947242 profile1
361 45.270542 -0.857215490026921 profile1
362 45.33422 -0.635777960436501 profile1
363 45.420117 -0.706376993197057 profile1
364 45.434499 -0.604417916022969 profile1
365 45.438006 -0.511414888140672 profile1
366 45.441513 -0.447788294994997 profile1
367 45.445019 -0.417970500824453 profile1
368 45.448526 -0.390892719412705 profile1
369 45.452033 -0.366689440091852 profile1
370 45.455539 -0.400695496847118 profile1
371 45.458985 -0.348720383337169 profile1
372 45.460636 -0.312824657552539 profile1
373 45.462287 -0.301200650060325 profile1
374 45.463938 -0.285737946100618 profile1
375 49.413086 -2.27103892987005 profile1
376 49.549232 -2.75053178636482 profile1
377 49.611939 -2.60923241267284 profile1
378 49.614662 -2.42168244970304 profile1
379 49.617384 -2.2835426181547 profile1
380 49.620107 -2.27933270634431 profile1
381 49.62283 -2.27588183596787 profile1
382 49.625553 -2.27325697577404 profile1
383 49.628276 -2.27152268480282 profile1
384 49.638989 -2.27173485107118 profile1
385 49.65723 -2.27028500826302 profile1
386 49.660035 -2.25891608384042 profile1
387 49.66284 -2.24916087827344 profile1
388 49.665644 -2.24108553814024 profile1
389 49.668449 -2.23474566130965 profile1
390 49.671254 -2.23018543116144 profile1
391 49.674058 -2.22743702043044 profile1
392 49.695383 -2.22635036159476 profile1
393 49.798204 -2.21808425538591 profile1
394 49.807433 -2.20971247639025 profile1
395 49.816662 -2.20147441013268 profile1
396 49.911484 -2.20392884411438 profile1
397 45.465589 -0.263942181089316 profile1
398 45.46724 -0.23908950698387 profile1
399 45.470001 -0.21597128771952 profile1
400 45.474942 -0.194644165149887 profile1
401 45.479882 -0.175157121351338 profile1
402 45.484823 -0.157553803938044 profile1
403 45.489764 -0.141870711219432 profile1
404 45.494704 -0.128137583615257 profile1
405 45.499645 -0.113456803376966 profile1
406 45.504585 -0.0833189793923542 profile1
407 45.622192 0.000159816003227411 profile1
408 45.689416 -0.136348568281334 profile1
409 45.705169 -0.176592911597052 profile1
410 45.720922 -0.223716279124349 profile1
411 46.0005425 -0.0566523850433148 profile1
412 46.280163 0.19533649006087 profile1
413 46.288948 0.161845331321747 profile1
414 46.297732 0.167822114958694 profile1
415 46.306516 0.127717448982735 profile1
416 46.315301 0.0888930521558609 profile1
417 46.32335 0.0811927024092844 profile1
418 46.326762 0.0869783763810673 profile1
419 46.330173 0.0501159810721536 profile1
420 46.333584 0.0233016300713554 profile1
421 46.336995 0.0597144755731017 profile1
422 46.341532 0.0930442714649871 profile1
423 46.350316 0.123200177809741 profile1
424 46.358463 0.146658600226585 profile1
425 46.360127 0.161520810706666 profile1
426 46.36179 0.17425207134233 profile1
427 46.363103 0.18484507426928 profile1
428 46.364052 0.193297041802664 profile1
429 46.364976 0.199609826408866 profile1
430 46.365522 0.203789899883614 profile1
431 46.366069 0.205848319025304 profile1
432 46.366615 0.205800660648669 profile1
433 46.367161 0.203666958364695 profile1
434 46.367707 0.199471590568442 profile1
435 46.368253 0.193243149053561 profile1
436 46.368799 0.186164870677193 profile1
437 46.485003 -0.22306066176535 profile1
438 46.557864 -0.00429600358608705 profile1
439 46.610522 0.0124640173855702 profile1
440 46.616448 -0.00912785123747317 profile1
441 46.622375 -0.0307979362917552 profile1
442 46.628301 -0.0524413545736216 profile1
443 46.687297 -0.0739504635497813 profile1
444 46.730117 -0.0947105271154661 profile1
445 46.732363 -0.118230436962878 profile1
446 46.73461 -0.147370478440921 profile1
447 46.736857 -0.181834644810164 profile1
448 46.739103 -0.221408783660295 profile1
449 46.74135 -0.262284904155076 profile1
450 46.750658 -0.280155313835135 profile1
451 46.815826 -0.329593594086065 profile1
452 46.828517 -0.444549637754371 profile1
453 46.833526 -0.560640357789767 profile1
454 46.838536 -0.673103510132657 profile1
455 46.843545 -0.792903602998553 profile1
456 46.848554 -0.91603771232845 profile1
457 46.853564 -1.03851946783723 profile1
458 46.921126 -1.15705311132149 profile1
459 47.021298 -0.850780122948645 profile1
460 47.023709 -0.982720459976996 profile1
461 47.02612 -1.13214934455372 profile1
462 47.035721 -1.1999959367356 profile1
463 47.160161 -1.25513296957319 profile1
464 47.295389 -1.2632134891106 profile1
465 47.430616 -1.24517481288278 profile1
466 47.565843 -1.24120172666745 profile1
467 47.70107 -1.24770098072006 profile1
468 47.836298 -1.33968165746389 profile1
469 47.971525 -1.44665785356028 profile1
470 48.106752 -1.44407636909461 profile1
471 48.24198 -1.44146040332814 profile1
472 48.377207 -1.43831419486664 profile1
473 48.474506 -1.43529750535181 profile1
474 48.553159 -1.43243997448658 profile1
475 48.631813 -1.42963088482402 profile1
476 48.717003 -1.42693220063631 profile1
477 48.805261 -1.53310703325331 profile1
478 48.89352 -1.71530711940108 profile1
479 48.982344 -2.10427087179071 profile1
480 49.13026 -2.22805675593342 profile1
481 49.161395 -2.26480122030984 profile1
482 49.168603 -2.30260373728359 profile1
483 49.175812 -2.32524817766022 profile1
484 49.276939 -2.16322043871391 profile1
485 40.751751 -5.32245004080647 profile2
486 40.852649 -5.3862082179154 profile2
487 40.963726 -5.36967068041125 profile2
488 41.071368 -5.37010673510211 profile2
489 41.130258 -5.36996353651406 profile2
490 41.189147 -5.36972505201497 profile2
491 41.248037 -5.36939345864422 profile2
492 41.306927 -5.36887138087575 profile2
493 41.376781 -5.3668437620494 profile2
494 41.466542 -5.36620084894621 profile2
495 41.467199 -5.36555810041598 profile2
496 41.467856 -5.365163860049 profile2
497 41.535355 -5.36709778568353 profile2
498 41.812857 -5.35807101262551 profile2
499 42.090359 -5.3600714889564 profile2
500 42.192627 -5.35884505663814 profile2
501 42.292082 -5.35738104739068 profile2
502 42.391537 -5.35512289913133 profile2
503 42.490992 -5.35254081558892 profile2
504 42.590447 -5.35018189517157 profile2
505 42.689901 -5.34786638397662 profile2
506 42.789356 -5.34550021309175 profile2
507 42.929723 -5.34301263589275 profile2
508 43.030511 -5.33453095726084 profile2
509 43.09059 -5.32264872351923 profile2
510 43.150669 -5.312171674386 profile2
511 43.210748 -5.30319668450738 profile2
512 43.265979 -5.2957549056448 profile2
513 43.296031 -5.29440608198078 profile2
514 43.336485 -5.23782181273998 profile2
515 43.376939 -5.23181020057241 profile2
516 43.399199 -5.22105704172577 profile2
517 43.400566 -5.16847455592083 profile2
518 43.401932 -5.26515071708015 profile2
519 43.416832 -5.36459706593453 profile2
520 43.545216 -5.38824620341031 profile2
521 43.659927 -5.38771686174178 profile2
522 43.662301 -5.38303019220657 profile2
523 43.664677 -5.37833531160121 profile2
524 43.66789 -5.37297777611094 profile2
525 43.746502 -5.2888202800027 profile2
526 43.811623 -5.15638526188712 profile2
527 43.828159 -5.17928303488939 profile2
528 43.836311 -5.2022374460242 profile2
529 43.838406 -5.19574260572224 profile2
530 43.840501 -5.03105288966962 profile2
531 43.844466 -4.82144342579275 profile2
532 43.861003 -4.58294238791815 profile2
533 43.901546 -4.37322041474707 profile2
534 43.980158 -4.0696212523981 profile2
535 44.020771 -3.69574046673757 profile2
536 44.053303 -3.53409877799482 profile2
537 44.085836 -3.39546652170748 profile2
538 44.138903 -3.38078077460574 profile2
539 44.294495 -3.4452719958939 profile2
540 44.317834 -3.52037795177282 profile2
541 44.341174 -3.60204758267973 profile2
542 44.364954 -3.62862063485583 profile2
543 44.431929 -3.57872165095969 profile2
544 44.438774 -3.54808422050357 profile2
545 44.445619 -3.52486047803451 profile2
546 44.482294 -3.50671649848262 profile2
547 44.551043 -3.44758872584294 profile2
548 44.564207 -3.33434749375996 profile2
549 44.568298 -3.21552900593395 profile2
550 44.572388 -3.09184584273643 profile2
551 44.576479 -2.96346813363873 profile2
552 44.58057 -2.83148136949298 profile2
553 44.584661 -2.69764048839534 profile2
554 44.588908 -2.56256547818528 profile2
555 44.596324 -2.42595467084551 profile2
556 44.603741 -2.28618939250075 profile2
557 44.608283 -2.14452172935893 profile2
558 44.609389 -2.00349561761285 profile2
559 44.610566 -1.86414519625045 profile2
560 44.612126 -1.72747553765119 profile2
561 44.618941 -1.59443457975634 profile2
562 44.625756 -1.46587912826928 profile2
563 44.632571 -1.35811635620106 profile2
564 44.721343 -1.31476488655682 profile2
565 44.725576 -1.3257115411143 profile2
566 44.729808 -1.34171341886403 profile2
567 44.761322 -1.3421488791603 profile2
568 44.780832 -1.30303065557563 profile2
569 44.800342 -0.787383661622147 profile2
570 44.819852 -0.0818783138361927 profile2
571 44.838742 0.0234591132403288 profile2
572 44.856652 0.0361563171048228 profile2
573 44.867332 0.0467762846957494 profile2
574 44.874623 0.0552771697568701 profile2
575 44.881915 0.0616862073682712 profile2
576 44.889206 0.0660372703247473 profile2
577 44.896497 0.0758304816797199 profile2
578 44.940291 0.0165310498090451 profile2
579 44.995858 -0.0256540962189099 profile2
580 45.051425 -0.116032531175128 profile2
581 45.101619 -0.202799008183618 profile2
582 45.106404 -0.288365970226294 profile2
583 45.111189 -0.377726512200486 profile2
584 45.144068 -0.407673361498228 profile2
585 45.165 -0.406759202500085 profile2
586 45.174292 -0.406638043428083 profile2
587 45.183584 -0.407019786101412 profile2
588 45.206863 -0.408711108319123 profile2
589 45.270542 -0.350558806494821 profile2
590 45.33422 -0.361350517825426 profile2
591 45.420117 -0.179882593310716 profile2
592 45.434499 -0.157855274969494 profile2
593 45.438006 -0.13770600732755 profile2
594 45.441513 -0.116881267810184 profile2
595 45.445019 -0.0947321922907134 profile2
596 45.448526 -0.0753925989366199 profile2
597 45.452033 -0.0589582002638329 profile2
598 45.455539 -0.0667408577574822 profile2
599 45.458985 -0.0445225450930296 profile2
600 45.460636 -0.0292500876351864 profile2
601 45.462287 -0.0249765016863347 profile2
602 45.463938 -0.0391458032579792 profile2
603 45.465589 -0.0631638042850652 profile2
604 45.46724 -0.0886795812657722 profile2
605 45.470001 -0.115660325237789 profile2
606 45.474942 -0.14406866541905 profile2
607 45.479882 -0.173862596080747 profile2
608 45.484823 -0.204996071409386 profile2
609 45.489764 -0.237419050358323 profile2
610 45.494704 -0.271077865474238 profile2
611 45.499645 -0.306338734344655 profile2
612 45.504585 -0.375941556034344 profile2
613 45.622192 -0.528118955622154 profile2
614 45.689416 -0.0625266259805519 profile2
615 45.705169 -0.0160927932581811 profile2
616 45.720922 0.205848319025304 profile2
617 46.0005425 0.000422068246486613 profile2
618 46.280163 0.043400629241742 profile2
619 46.288948 -0.39539764608737 profile2
620 46.297732 -0.442364408073474 profile2
621 46.306516 -0.444263564020454 profile2
622 46.315301 -0.44279460944742 profile2
623 46.32335 -0.384487542733462 profile2
624 46.326762 -0.280333012770375 profile2
625 46.330173 -0.195103909366671 profile2
626 46.333584 -0.142538010128061 profile2
627 46.336995 -0.124133073226323 profile2
628 46.341532 -0.110404932941172 profile2
629 46.350316 -0.102830707867424 profile2
630 46.358463 -0.10745203141399 profile2
631 46.360127 -0.131357748730689 profile2
632 46.36179 -0.15709504996343 profile2
633 46.363103 -0.184912894767408 profile2
634 46.364052 -0.215051042679694 profile2
635 46.364976 -0.246885332222893 profile2
636 46.365522 -0.280472064614542 profile2
637 46.366069 -0.315959349707022 profile2
638 46.366615 -0.353681782082558 profile2
639 46.367161 -0.393605319269109 profile2
640 46.367707 -0.435692250221001 profile2
641 46.368253 -0.47989875610572 profile2
642 46.368799 -0.527051444266417 profile2
643 46.485003 -1.26849789133445 profile2
644 46.557864 -1.35235205736095 profile2
645 46.610522 -1.37531249204048 profile2
646 46.616448 -1.39581128892229 profile2
647 46.622375 -1.41649974613133 profile2
648 46.628301 -1.4373217537481 profile2
649 46.687297 -1.45822047858297 profile2
650 46.730117 -1.48521642507444 profile2
651 46.732363 -1.52590583601793 profile2
652 46.73461 -1.56986758969184 profile2
653 46.736857 -1.61732592314193 profile2
654 46.739103 -1.66821852123675 profile2
655 46.74135 -1.71785002219047 profile2
656 46.750658 -1.7370500653453 profile2
657 46.815826 -1.73455011484318 profile2
658 46.828517 -1.73471920604602 profile2
659 46.833526 -1.74724925270936 profile2
660 46.838536 -1.77389896990859 profile2
661 46.843545 -1.81833524255145 profile2
662 46.848554 -1.87842552691783 profile2
663 46.853564 -1.95132847326108 profile2
664 46.921126 -2.03384968484331 profile2
665 47.021298 -2.40821422959905 profile2
666 47.023709 -2.48148127082814 profile2
667 47.02612 -2.56145939132205 profile2
668 47.035721 -2.60682859485062 profile2
669 47.160161 -2.67356214518723 profile2
670 47.295389 -2.7096745873328 profile2
671 47.430616 -2.72594934717768 profile2
672 47.565843 -2.74411566584279 profile2
673 47.70107 -2.7592167816336 profile2
674 47.836298 -2.90398102709324 profile2
675 47.971525 -3.07572167187379 profile2
676 48.106752 -3.09383691371784 profile2
677 48.24198 -3.11045914763341 profile2
678 48.377207 -3.12690329155071 profile2
679 48.474506 -3.14310740227291 profile2
680 48.553159 -3.15902336623874 profile2
681 48.631813 -3.1747393665441 profile2
682 48.717003 -3.19024998952992 profile2
683 48.805261 -3.17046533149512 profile2
684 48.89352 -3.08302892051205 profile2
685 48.982344 -2.91846476534326 profile2
686 49.13026 -2.84269136454469 profile2
687 49.161395 -2.85268363553897 profile2
688 49.168603 -2.78322876379786 profile2
689 49.175812 -2.73149960417781 profile2
690 49.276939 -2.92404942087731 profile2
691 49.413086 -2.92783406204804 profile2
692 49.549232 -3.10914917865592 profile2
693 49.611939 -3.14785618177088 profile2
694 49.614662 -3.20245161104314 profile2
695 49.617384 -3.24722250848426 profile2
696 49.620107 -3.25843033505245 profile2
697 49.62283 -3.27082335409872 profile2
698 49.625553 -3.28432400385172 profile2
699 49.628276 -3.29885106241394 profile2
700 49.638989 -3.31331788937341 profile2
701 49.65723 -3.32617593735115 profile2
702 49.660035 -3.34000796644068 profile2
703 49.66284 -3.35353813627787 profile2
704 49.665644 -3.36675945329661 profile2
705 49.668449 -3.37966510987532 profile2
706 49.671254 -3.39224850936323 profile2
707 49.674058 -3.40450332602076 profile2
708 49.695383 -3.41654390513344 profile2
709 49.798204 -3.42933515945007 profile2
710 49.807433 -3.44199455019328 profile2
711 49.816662 -3.45286874128466 profile2
712 49.911484 -3.5476154368144 profile2
713 50.08976 -3.75301880045168 profile2
714 50.121095 -3.75151382922519 profile2
715 50.152431 -3.7521967383438 profile2
716 50.173971 -3.75533498376656 profile2
717 50.177001 -3.76067108126546 profile2
718 50.180031 -3.82396395460368 profile2
719 50.183061 -3.83135227688986 profile2
720 50.18609 -3.84873755503818 profile2
721 50.18912 -3.8669268421113 profile2
722 50.19215 -3.88634523410445 profile2
723 50.295327 -3.84756487198465 profile2
724 50.302108 -3.84461758837217 profile2
725 50.308889 -3.84091704855104 profile2
726 50.311001 -3.83646277258208 profile2
