marker_position lod trace
1 40.751751 -9.15405566595814 pleio
2 40.852649 -9.29683476429591 pleio
3 40.963726 -9.41124091459094 pleio
4 41.071368 -9.42152409877751 pleio
5 41.130258 -9.43238539885604 pleio
6 41.189147 -9.44349164650971 pleio
7 41.248037 -9.45481966361448 pleio
8 41.306927 -9.46634514497346 pleio
9 41.376781 -9.47596641588535 pleio
10 41.466542 -9.47498845566794 pleio
11 41.467199 -9.47404776103664 pleio
12 41.467856 -9.47101867120776 pleio
13 41.535355 -9.47158918269314 pleio
14 41.812857 -9.60688169391537 pleio
15 42.090359 -9.60603783543655 pleio
16 42.192627 -9.5898836978402 pleio
17 42.292082 -9.56558940603212 pleio
18 42.391537 -9.53980787983902 pleio
19 42.490992 -9.51181117453921 pleio
20 42.590447 -9.4845046193461 pleio
21 42.689901 -9.45665214813271 pleio
22 42.789356 -9.42816905206642 pleio
23 42.929723 -9.3990621386001 pleio
24 43.030511 -9.36736280300517 pleio
25 43.09059 -9.33364707754638 pleio
26 43.150669 -9.29948614552404 pleio
27 43.210748 -9.26509151805418 pleio
28 43.265979 -9.23051108958386 pleio
29 43.296031 -9.20290232099267 pleio
30 43.336485 -9.17249986967542 pleio
31 43.376939 -9.15360895402122 pleio
32 43.399199 -9.02780413397575 pleio
33 43.400566 -8.90752217107361 pleio
34 43.401932 -8.91339362213472 pleio
35 43.416832 -8.93744894460117 pleio
36 43.545216 -8.91925233731512 pleio
37 43.659927 -8.90066209858803 pleio
38 43.662301 -8.87824013032496 pleio
39 43.664677 -8.85568490481619 pleio
40 43.66789 -8.8385317920737 pleio
41 43.746502 -8.64047324402621 pleio
42 43.811623 -8.43996793874171 pleio
43 43.828159 -8.40015512152481 pleio
44 43.836311 -8.36851266142327 pleio
45 43.838406 -8.30288787099271 pleio
46 43.840501 -8.04746516199765 pleio
47 43.844466 -7.79681975777296 pleio
48 43.861003 -7.57018460804484 pleio
49 43.901546 -7.40704222214395 pleio
50 43.980158 -6.83712535209496 pleio
51 44.020771 -5.94613701311678 pleio
52 44.053303 -5.61987688412006 pleio
53 44.085836 -5.46691122598666 pleio
54 44.138903 -5.44248429382922 pleio
55 44.294495 -5.49875179397001 pleio
56 44.317834 -5.56861515064233 pleio
57 44.341174 -5.69328568424519 pleio
58 44.364954 -5.73059253541737 pleio
59 44.431929 -4.83882984570385 pleio
60 44.438774 -4.61941205727767 pleio
61 44.445619 -4.58060640852179 pleio
62 44.482294 -4.71154514967006 pleio
63 44.551043 -4.78090191205458 pleio
64 44.564207 -4.6734202327153 pleio
65 44.568298 -4.56252010359633 pleio
66 44.572388 -4.44736471822543 pleio
67 44.576479 -4.32981062041982 pleio
68 44.58057 -4.2082245266568 pleio
69 44.584661 -4.0845419567206 pleio
70 44.588908 -3.94927121817636 pleio
71 44.596324 -3.80700238990536 pleio
72 44.603741 -3.67820254000405 pleio
73 44.608283 -3.56364603390935 pleio
74 44.609389 -3.45498985765362 pleio
75 44.610566 -3.35317495721135 pleio
76 44.612126 -3.25903380479178 pleio
77 44.618941 -3.17327006000217 pleio
78 44.625756 -3.09644396693719 pleio
79 44.632571 -3.03792920811918 pleio
80 44.721343 -2.99899465247322 pleio
81 44.725576 -2.98742250635673 pleio
82 44.729808 -2.99950714279146 pleio
83 44.761322 -3.00911597198007 pleio
84 44.780832 -2.97277238364617 pleio
85 44.800342 -2.32357105650592 pleio
86 44.819852 -1.46501011493638 pleio
87 44.838742 -1.461229390193 pleio
88 44.856652 -1.4856974191979 pleio
89 44.867332 -1.51180242960269 pleio
90 44.874623 -1.53881330379279 pleio
91 44.881915 -1.5666296076139 pleio
92 44.889206 -1.59516236272059 pleio
93 44.896497 -1.58856948734387 pleio
94 44.940291 -1.06381116266644 pleio
95 44.995858 -1.00880912212038 pleio
96 45.051425 -0.91765567031316 pleio
97 45.101619 -0.833508742525582 pleio
98 45.106404 -0.756138512035809 pleio
99 45.111189 -0.686122326801073 pleio
100 45.144068 -0.649012895713327 pleio
101 45.165 -0.626226409985553 pleio
102 45.174292 -0.603683576423011 pleio
103 45.183584 -0.581487325874912 pleio
104 45.206863 -0.5665199713447 pleio
105 45.270542 -0.538538448354804 pleio
106 45.33422 -0.310495581725175 pleio
107 45.420117 -0.190461832052798 pleio
108 45.434499 -0.187728101684237 pleio
109 45.438006 -0.189718318208242 pleio
110 45.441513 -0.196720935120782 pleio
111 45.445019 -0.208045508357874 pleio
112 45.448526 -0.223011791496608 pleio
113 45.452033 -0.241611809964733 pleio
114 45.455539 -0.308342318783655 pleio
115 45.458985 -0.307839110089232 pleio
116 45.460636 -0.318302117906586 pleio
117 45.462287 -0.351192162533146 pleio
118 45.463938 -0.357727660572735 pleio
119 45.465589 -0.350986260471437 pleio
120 45.46724 -0.346408985259496 pleio
121 45.470001 -0.344013424639217 pleio
122 45.474942 -0.343810728305209 pleio
123 45.479882 -0.345806666842408 pleio
124 45.484823 -0.350000134397228 pleio
125 45.489764 -0.356384099963301 pleio
126 45.494704 -0.36494537462767 pleio
127 45.499645 -0.374562541173654 pleio
128 45.504585 -0.380528341478099 pleio
129 45.622192 -0.417473509593828 pleio
130 45.689416 -0.315848966809221 pleio
131 45.705169 -0.257704897937977 pleio
132 45.720922 -0.0329211129752398 pleio
133 46.0005425 -0.0296442515288244 pleio
134 46.280163 -0.161112637327496 pleio
135 46.288948 -0.516154366088599 pleio
136 46.297732 -0.707415971985204 pleio
137 46.306516 -0.662950709901645 pleio
138 46.315301 -0.616595927684784 pleio
139 46.32335 -0.546144172839668 pleio
140 46.326762 -0.480936480934247 pleio
141 46.330173 -0.496796945661968 pleio
142 46.333584 -0.472996918061636 pleio
143 46.336995 -0.321998593827547 pleio
144 46.341532 -0.183040509886355 pleio
145 46.350316 -0.0630099664196168 pleio
146 46.358463 0 pleio
147 46.360127 -0.0481156123785554 pleio
148 46.36179 -0.100648232879937 pleio
149 46.363103 -0.157567331772736 pleio
150 46.364052 -0.218831767304085 pleio
151 46.364976 -0.284389598158308 pleio
152 46.365522 -0.354178178267554 pleio
153 46.366069 -0.428124314501137 pleio
154 46.366615 -0.506144790567761 pleio
155 46.367161 -0.588144887537985 pleio
156 46.367707 -0.674022729216092 pleio
157 46.368253 -0.763665196292667 pleio
158 46.368799 -0.861478642922775 pleio
159 46.485003 -3.12862121538062 pleio
160 46.557864 -3.04640849781838 pleio
161 46.610522 -3.04127149532484 pleio
162 46.616448 -3.02662203581779 pleio
163 46.622375 -3.01300820269713 pleio
164 46.628301 -3.00055696258707 pleio
165 46.687297 -2.98939532703836 pleio
166 46.730117 -2.99015345530839 pleio
167 46.732363 -3.01496803652999 pleio
168 46.73461 -3.04634045789519 pleio
169 46.736857 -3.08412235439254 pleio
170 46.739103 -3.12811517367219 pleio
171 46.74135 -3.17138317774501 pleio
172 46.750658 -3.17209880628697 pleio
173 46.815826 -3.24144187493475 pleio
174 46.828517 -3.42643962505054 pleio
175 46.833526 -3.58825733479652 pleio
176 46.838536 -3.73059947573457 pleio
177 46.843545 -3.86384432697904 pleio
178 46.848554 -3.98450696890278 pleio
179 46.853564 -4.09015534655507 pleio
180 46.921126 -4.17966668368944 pleio
181 47.021298 -4.22596306307541 pleio
182 47.023709 -4.33142900161509 pleio
183 47.02612 -4.45532018754838 pleio
184 47.035721 -4.49426379341406 pleio
185 47.160161 -4.64691704714842 pleio
186 47.295389 -4.77334411430101 pleio
187 47.430616 -4.81839554387677 pleio
188 47.565843 -4.83684786119619 pleio
189 47.70107 -4.86035646050665 pleio
190 47.836298 -5.02627528166987 pleio
191 47.971525 -5.2033510438222 pleio
192 48.106752 -5.22179490294931 pleio
193 48.24198 -5.23812065703978 pleio
194 48.377207 -5.25778968288468 pleio
195 48.474506 -5.27724112906373 pleio
196 48.553159 -5.29642564023052 pleio
197 48.631813 -5.31578244714304 pleio
198 48.717003 -5.33521139044747 pleio
199 48.805261 -5.39818171445675 pleio
200 48.89352 -5.41408346362833 pleio
201 48.982344 -5.26246234508339 pleio
202 49.13026 -5.31156962257289 pleio
203 49.161395 -5.29041149837728 pleio
204 49.168603 -5.16187674583653 pleio
205 49.175812 -5.09929587857299 pleio
206 49.276939 -5.15547927485013 pleio
207 49.413086 -5.24350495265588 pleio
208 49.549232 -5.47024246146316 pleio
209 49.611939 -5.50618088840565 pleio
210 49.614662 -5.58150103966608 pleio
211 49.617384 -5.66782194181547 pleio
212 49.620107 -5.71618085529069 pleio
213 49.62283 -5.7652475980998 pleio
214 49.625553 -5.81488210882283 pleio
215 49.628276 -5.86494436171504 pleio
216 49.638989 -5.91239875151798 pleio
217 49.65723 -5.94667638705051 pleio
218 49.660035 -5.96863926753094 pleio
219 49.66284 -5.99072632844613 pleio
220 49.665644 -6.01284078351375 pleio
221 49.668449 -6.03488563314761 pleio
222 49.671254 -6.05676524726884 pleio
223 49.674058 -6.0783868914355 pleio
224 49.695383 -6.0998848583108 pleio
225 49.798204 -6.10744014024298 pleio
226 49.807433 -6.11170822580666 pleio
227 49.816662 -6.11580987329715 pleio
228 49.911484 -6.29728558029057 pleio
229 50.08976 -7.95450460204759 pleio
230 50.121095 -7.97226637786232 pleio
231 50.152431 -7.99032637171177 pleio
232 50.173971 -8.0087477380845 pleio
233 50.177001 -8.02737485559185 pleio
234 50.180031 -8.3730871572681 pleio
235 50.183061 -8.55455553062255 pleio
236 50.18609 -8.57712304553265 pleio
237 50.18912 -8.59936169440016 pleio
238 50.19215 -8.63463434115584 pleio
239 50.295327 -8.50206111801388 pleio
240 50.302108 -8.49018955312601 pleio
241 50.308889 -8.47904958097994 pleio
242 50.311001 -8.46864215458028 pleio
243 40.751751 -5.83991517790463 profile1
244 40.852649 -5.92889377409543 profile1
245 40.963726 -5.93707549218125 profile1
246 41.071368 -5.94654310330551 profile1
247 41.130258 -5.95646607841384 profile1
248 41.189147 -5.96665526739908 profile1
249 41.248037 -5.97708722546791 profile1
250 41.306927 -5.98770480412056 profile1
251 41.376781 -5.995751357286 profile1
252 41.466542 -5.99231871274154 profile1
253 41.467199 -5.9888826221538 profile1
254 41.467856 -5.98467820682226 profile1
255 41.535355 -5.98022390523277 profile1
256 41.812857 -5.94483027868224 profile1
257 42.090359 -5.94093136974796 profile1
258 42.192627 -5.9250931244028 profile1
259 42.292082 -5.90186181880026 profile1
260 42.391537 -5.87916690410025 profile1
261 42.490992 -5.85749083981363 profile1
262 42.590447 -5.83635888352397 profile1
263 42.689901 -5.81627696464303 profile1
264 42.789356 -5.79632221508029 profile1
265 42.929723 -5.7763984585432 profile1
266 43.030511 -5.73913093976849 profile1
267 43.09059 -5.68904332666583 profile1
268 43.150669 -5.63933154332709 profile1
269 43.210748 -5.59023493155241 profile1
270 43.265979 -5.54189586877906 profile1
271 43.296031 -5.49641224137741 profile1
272 43.336485 -5.4459763017365 profile1
273 43.376939 -5.42214148399389 profile1
274 43.399199 -5.34518929270901 profile1
275 43.400566 -5.18690817725007 profile1
276 43.401932 -5.20429840313586 profile1
277 43.416832 -5.23371858113421 profile1
278 43.545216 -5.2220928875706 profile1
279 43.659927 -5.21753601697729 profile1
280 43.662301 -5.20865627400029 profile1
281 43.664677 -5.19983038459951 profile1
282 43.66789 -5.19227786473863 profile1
283 43.746502 -5.05393091418916 profile1
284 43.811623 -4.91456452391116 profile1
285 43.828159 -4.90388417966767 profile1
286 43.836311 -4.89511954792814 profile1
287 43.838406 -4.85585912802569 profile1
288 43.840501 -4.65912737603736 profile1
289 43.844466 -4.44662674548132 profile1
290 43.861003 -4.23424354921299 profile1
291 43.901546 -4.06416678832477 profile1
292 43.980158 -3.7058516457224 profile1
293 44.020771 -3.18453315300252 profile1
294 44.053303 -2.97048556770989 profile1
295 44.085836 -2.84902150795777 profile1
296 44.138903 -2.83523282412619 profile1
297 44.294495 -2.76434888110356 profile1
298 44.317834 -2.8226750578844 profile1
299 44.341174 -2.94982617843762 profile1
300 44.364954 -3.03902602276496 profile1
301 44.431929 -2.29298275247759 profile1
302 44.438774 -2.111233556012 profile1
303 44.445619 -2.09505161342286 profile1
304 44.482294 -2.23015146371322 profile1
305 44.551043 -2.28908819237285 profile1
306 44.564207 -2.16916976770405 profile1
307 44.568298 -2.04939505934197 profile1
308 44.572388 -1.9322500343413 profile1
309 44.576479 -1.81743503477596 profile1
310 44.58057 -1.70783647761573 profile1
311 44.584661 -1.60506487760331 profile1
312 44.588908 -1.51918711690669 profile1
313 44.596324 -1.44355487762197 profile1
314 44.603741 -1.37089097177857 profile1
315 44.608283 -1.30435505022731 profile1
316 44.609389 -1.24743379647493 profile1
317 44.610566 -1.20049404814383 profile1
318 44.612126 -1.16374892518694 profile1
319 44.618941 -1.13725556811572 profile1
320 44.625756 -1.12091911516827 profile1
321 44.632571 -1.09921484894404 profile1
322 44.721343 -1.03768479264504 profile1
323 44.725576 -0.915806834479476 profile1
324 44.729808 -0.812410882954799 profile1
325 44.761322 -0.738783890177171 profile1
326 44.780832 -0.709442168208571 profile1
327 44.800342 -0.234737931047791 profile1
328 44.819852 0.371726975125817 profile1
329 44.838742 0.262136078362336 profile1
330 44.856652 0.1911699018449 profile1
331 44.867332 0.118121379917399 profile1
332 44.874623 0.0436571798735574 profile1
333 44.881915 -0.0320993765904047 profile1
334 44.889206 -0.109031193470271 profile1
335 44.896497 -0.158366408588824 profile1
336 44.940291 0.212632080953963 profile1
337 44.995858 0.235978944896441 profile1
338 45.051425 0.234614204427353 profile1
339 45.101619 0.229780148081127 profile1
340 45.106404 0.221316182997267 profile1
341 45.111189 0.20706830913638 profile1
342 45.144068 0.22423130213797 profile1
343 45.165 0.264822195645177 profile1
344 45.174292 0.304197930881491 profile1
345 45.183584 0.342832231395063 profile1
346 45.206863 0.370525808307847 profile1
347 45.270542 0.376308623405971 profile1
348 45.33422 0.542833812012468 profile1
349 45.420117 0.363077980476812 profile1
350 45.434499 0.40777740861944 profile1
351 45.438006 0.449742536105808 profile1
352 45.441513 0.491500540461543 profile1
353 45.445019 0.535072806403344 profile1
354 45.448526 0.576703375773171 profile1
355 45.452033 0.616226722739261 profile1
356 45.455539 0.542982340438982 profile1
357 45.458985 0.642776112999768 profile1
358 45.460636 0.718184881748883 profile1
359 45.462287 0.747781503032205 profile1
360 45.463938 0.762997125157861 profile1
361 45.465589 0.76982327244947 profile1
362 45.46724 0.774434607747572 profile1
363 45.470001 0.776819880291691 profile1
364 45.474942 0.776975279474517 profile1
365 45.479882 0.774902575929896 profile1
366 45.484823 0.770611713692709 profile1
367 45.489764 0.76411919707445 profile1
368 45.494704 0.755448552946646 profile1
369 45.499645 0.74551289668341 profile1
370 45.504585 0.769094414076562 profile1
371 45.622192 0.88110862261055 profile1
372 45.689416 0.534005256415507 profile1
373 45.705169 0.563513990991755 profile1
374 45.720922 0.669633436376214 profile1
375 46.0005425 0.537051836095471 profile1
376 46.280163 0.547780536995871 profile1
377 46.288948 0.35351884486056 profile1
378 46.297732 0.206512747291787 profile1
379 46.306516 0.200778066321887 profile1
380 46.315301 0.196579800967292 profile1
381 46.32335 0.150443277230434 profile1
382 46.326762 0.00711327492049295 profile1
383 46.330173 -0.190761452505463 profile1
384 46.333584 -0.273392506527327 profile1
385 46.336995 -0.149659219928258 profile1
386 46.341532 -0.0294449891034432 profile1
387 46.350316 0.0791450654680868 profile1
388 46.358463 0.141507033475451 profile1
389 46.360127 0.102318511037915 profile1
390 46.36179 0.0596400190768363 profile1
391 46.363103 0.0134932593738644 profile1
392 46.364052 -0.0360904428941632 profile1
393 46.364976 -0.0890700371938185 profile1
394 46.365522 -0.145394794149871 profile1
395 46.366069 -0.20500441523301 profile1
396 46.366615 -0.267829042469402 profile1
397 46.367161 -0.333790236253069 profile1
398 46.367707 -0.402799937996937 profile1
399 46.368253 -0.474762009860885 profile1
400 46.368799 -0.555199181493297 profile1
401 46.485003 -2.47617917557221 profile1
402 46.557864 -2.51431123975012 profile1
403 46.610522 -2.5488380971062 profile1
404 46.616448 -2.58015518044604 profile1
405 46.622375 -2.61146870597162 profile1
406 46.628301 -2.64271736960403 profile1
407 46.687297 -2.67384009932495 profile1
408 46.730117 -2.72138236171956 profile1
409 46.732363 -2.80165002543702 profile1
410 46.73461 -2.88506914615346 profile1
411 46.736857 -2.9715548789189 profile1
412 46.739103 -3.0607673354869 profile1
413 46.74135 -3.14420419872903 profile1
414 46.750658 -3.17209880628697 profile1
415 46.815826 -3.21839836859716 profile1
416 46.828517 -3.32841957793922 profile1
417 46.833526 -3.42161120534612 profile1
418 46.838536 -3.50297818051605 profile1
419 46.843545 -3.58301849841621 profile1
420 46.848554 -3.66141812061255 profile1
421 46.853564 -3.73788309827935 profile1
422 46.921126 -3.81194938265297 profile1
423 47.021298 -3.89159886495781 profile1
424 47.023709 -3.85974566169456 profile1
425 47.02612 -3.83074664278337 profile1
426 47.035721 -3.83219418266837 profile1
427 47.160161 -3.98141591478794 profile1
428 47.295389 -4.07762825357235 profile1
429 47.430616 -4.08447411912282 profile1
430 47.565843 -4.09864891066503 profile1
431 47.70107 -4.11385334114716 profile1
432 47.836298 -4.30579821352261 profile1
433 47.971525 -4.51223942992368 profile1
434 48.106752 -4.52404388313312 profile1
435 48.24198 -4.53407765639844 profile1
436 48.377207 -4.5460962323945 profile1
437 48.474506 -4.55764736234564 profile1
438 48.553159 -4.56864682459815 profile1
439 48.631813 -4.57947245714761 profile1
440 48.717003 -4.59010764557331 profile1
441 48.805261 -4.57309948221382 profile1
442 48.89352 -4.52671240502296 profile1
443 48.982344 -4.37705154193693 profile1
444 49.13026 -4.39256550714012 profile1
445 49.161395 -4.32701965541751 profile1
446 49.168603 -4.24916310113932 profile1
447 49.175812 -4.1946377941722 profile1
448 49.276939 -4.3333161909425 profile1
449 49.413086 -4.54734689424958 profile1
450 49.549232 -4.56763602392639 profile1
451 49.611939 -4.58940225414926 profile1
452 49.614662 -4.64087308930627 profile1
453 49.617384 -4.70899540800497 profile1
454 49.620107 -4.75051182327181 profile1
455 49.62283 -4.79189254834273 profile1
456 49.625553 -4.8329762282906 profile1
457 49.628276 -4.87360706024611 profile1
458 49.638989 -4.90891770393137 profile1
459 49.65723 -4.92092478988354 profile1
460 49.660035 -4.92623690341779 profile1
461 49.66284 -4.93170201153 profile1
462 49.665644 -4.93728183806408 profile1
463 49.668449 -4.94293747462625 profile1
464 49.671254 -4.94863012559594 profile1
465 49.674058 -4.95432184374773 profile1
466 49.695383 -4.96027156720482 profile1
467 49.798204 -4.96463550791626 profile1
468 49.807433 -4.96626419421066 profile1
469 49.816662 -4.96759641424352 profile1
470 49.911484 -5.17718582696758 profile1
471 50.08976 -5.3594372962432 profile1
472 50.121095 -5.35737454664308 profile1
473 50.152431 -5.3553522427504 profile1
474 50.173971 -5.35353618624595 profile1
475 50.177001 -5.35178939032855 profile1
476 50.180031 -5.5764576636193 profile1
477 50.183061 -5.7182474795541 profile1
478 50.18609 -5.75258404918618 profile1
479 50.18912 -5.78728470027942 profile1
480 50.19215 -5.85223193353774 profile1
481 50.295327 -5.81762163309684 profile1
482 50.302108 -5.81649412257952 profile1
483 50.308889 -5.81545349548656 profile1
484 50.311001 -5.81449972275495 profile1
485 40.751751 -3.32820667732764 profile2
486 40.852649 -3.33434462614239 profile2
487 40.963726 -3.44234876055934 profile2
488 41.071368 -3.44233524214295 profile2
489 41.130258 -3.44234934376859 profile2
490 41.189147 -3.44234657590804 profile2
491 41.248037 -3.44232511014409 profile2
492 41.306927 -3.44230672986513 profile2
493 41.376781 -3.44257955516275 profile2
494 41.466542 -3.44265559659942 profile2
495 41.467199 -3.44281953831211 profile2
496 41.467856 -3.44172532614602 profile2
497 41.535355 -3.44400737931938 profile2
498 41.812857 -3.66620273829231 profile2
499 42.090359 -3.66697166011411 profile2
500 42.192627 -3.66401653354238 profile2
501 42.292082 -3.65934577313627 profile2
502 42.391537 -3.65306517300796 profile2
503 42.490992 -3.6445578134321 profile2
504 42.590447 -3.63641781748068 profile2
505 42.689901 -3.62727364451941 profile2
506 42.789356 -3.61748305302772 profile2
507 42.929723 -3.6071658705509 profile2
508 43.030511 -3.61388725865103 profile2
509 43.09059 -3.63330844070308 profile2
510 43.150669 -3.6521997529187 profile2
511 43.210748 -3.67052239881387 profile2
512 43.265979 -3.68815465641842 profile2
513 43.296031 -3.71065903716727 profile2
514 43.336485 -3.73764111473003 profile2
515 43.376939 -3.7450008413568 profile2
516 43.399199 -3.70565162664805 profile2
517 43.400566 -3.71408482941645 profile2
518 43.401932 -3.67941357968017 profile2
519 43.416832 -3.66291838798161 profile2
520 43.545216 -3.65709225258303 profile2
521 43.659927 -3.64274993791602 profile2
522 43.662301 -3.62916796088779 profile2
523 43.664677 -3.61537522162104 profile2
524 43.66789 -3.60730234277454 profile2
525 43.746502 -3.56998262682623 profile2
526 43.811623 -3.51516624817249 profile2
527 43.828159 -3.47926372101493 profile2
528 43.836311 -3.45126133748339 profile2
529 43.838406 -3.41598893640219 profile2
530 43.840501 -3.32661961341537 profile2
531 43.844466 -3.26359902300154 profile2
532 43.861003 -3.23255196670638 profile2
533 43.901546 -3.23240400257554 profile2
534 43.980158 -2.96589134770586 profile2
535 44.020771 -2.5624627270051 profile2
536 44.053303 -2.45217303801417 profile2
537 44.085836 -2.42195603670434 profile2
538 44.138903 -2.40456073269043 profile2
539 44.294495 -2.49932615468573 profile2
540 44.317834 -2.49563480215754 profile2
541 44.341174 -2.48139651432869 profile2
542 44.364954 -2.41021832384303 profile2
543 44.431929 -2.23302155127623 profile2
544 44.438774 -2.19294903997919 profile2
545 44.445619 -2.16460035898671 profile2
546 44.482294 -2.14784319779392 profile2
547 44.551043 -2.13694735068387 profile2
548 44.564207 -2.13182710946348 profile2
549 44.568298 -2.12388963400695 profile2
550 44.572388 -2.10947614465482 profile2
551 44.576479 -2.09117049916484 profile2
552 44.58057 -2.06380241928619 profile2
553 44.584661 -2.0299466441554 profile2
554 44.588908 -1.97264981454703 profile2
555 44.596324 -1.89824032648891 profile2
556 44.603741 -1.83895979211754 profile2
557 44.608283 -1.79234675605048 profile2
558 44.609389 -1.74356638919735 profile2
559 44.610566 -1.69316429777614 profile2
560 44.612126 -1.64171273117505 profile2
561 44.618941 -1.58979396190499 profile2
562 44.625756 -1.53798378261135 profile2
563 44.632571 -1.51239620301581 profile2
564 44.721343 -1.53815857858279 profile2
565 44.725576 -1.64362771726898 profile2
566 44.729808 -1.76028327861579 profile2
567 44.761322 -1.84863509806131 profile2
568 44.780832 -1.84350695587602 profile2
569 44.800342 -1.6326403235141 profile2
570 44.819852 -1.38218188779227 profile2
571 44.838742 -1.28792176435448 profile2
572 44.856652 -1.23271378317811 profile2
573 44.867332 -1.17742642556725 profile2
574 44.874623 -1.12209745121786 profile2
575 44.881915 -1.06676646861565 profile2
576 44.889206 -1.01147758024698 profile2
577 44.896497 -0.940690473770842 profile2
578 44.940291 -0.661943808967248 profile2
579 44.995858 -0.623765181001355 profile2
580 45.051425 -0.518131400602023 profile2
581 45.101619 -0.417857108238473 profile2
582 45.106404 -0.32255355600075 profile2
583 45.111189 -0.230777122447334 profile2
584 45.144068 -0.206335001550653 profile2
585 45.165 -0.219740501029697 profile2
586 45.174292 -0.232248471107665 profile2
587 45.183584 -0.244470825455829 profile2
588 45.206863 -0.254064855069629 profile2
589 45.270542 -0.228511153927729 profile2
590 45.33422 -0.166215194933154 profile2
591 45.420117 0.142280570165646 profile2
592 45.434499 0.11043500446105 profile2
593 45.438006 0.0788866222769701 profile2
594 45.441513 0.043862199358576 profile2
595 45.445019 0.00216761332842075 profile2
596 45.448526 -0.042058247054716 profile2
597 45.452033 -0.0886857848699166 profile2
598 45.455539 -0.054609716997247 profile2
599 45.458985 -0.155285340335982 profile2
600 45.460636 -0.238472324073179 profile2
601 45.462287 -0.293349499435717 profile2
602 45.463938 -0.307779562072492 profile2
603 45.465589 -0.300953953140474 profile2
604 45.46724 -0.294849877825531 profile2
605 45.470001 -0.289488800600994 profile2
606 45.474942 -0.284890069042267 profile2
607 45.479882 -0.281070083139535 profile2
608 45.484823 -0.278043295455925 profile2
609 45.489764 -0.275821567485103 profile2
610 45.494704 -0.274414403371517 profile2
611 45.499645 -0.273477078688247 profile2
612 45.504585 -0.292885250832733 profile2
613 45.622192 -0.417473509593828 profile2
614 45.689416 0.0148651456283958 profile2
615 45.705169 0.0535079712696231 profile2
616 45.720922 0.187383529970448 profile2
617 46.0005425 0.313818137691569 profile2
618 46.280163 0.20984210519268 profile2
619 46.288948 0.00361554671703795 profile2
620 46.297732 -0.0624025096391994 profile2
621 46.306516 -0.00590039879887613 profile2
622 46.315301 0.0499499082997206 profile2
623 46.32335 0.18945246642399 profile2
624 46.326762 0.431274808847551 profile2
625 46.330173 0.61910872960991 profile2
626 46.333584 0.718401355953913 profile2
627 46.336995 0.746223198736306 profile2
628 46.341532 0.760928553810141 profile2
629 46.350316 0.763308220365589 profile2
630 46.358463 0.757465348844893 profile2
631 46.360127 0.759811781358582 profile2
632 46.36179 0.760145510830364 profile2
633 46.363103 0.758446434756932 profile2
634 46.364052 0.754698676313372 profile2
635 46.364976 0.748890851294999 profile2
636 46.365522 0.741016181850261 profile2
637 46.366069 0.731072587106407 profile2
638 46.366615 0.719062261114868 profile2
639 46.367161 0.704994336617956 profile2
640 46.367707 0.688879295687635 profile2
641 46.368253 0.670734913987253 profile2
642 46.368799 0.651250093687023 profile2
643 46.485003 0.333278750947405 profile2
644 46.557864 0.433124085102383 profile2
645 46.610522 0.466720573580681 profile2
646 46.616448 0.506926744248465 profile2
647 46.622375 0.545749406042647 profile2
648 46.628301 0.583004761601785 profile2
649 46.687297 0.618511040020799 profile2
650 46.730117 0.65996587567579 profile2
651 46.732363 0.71174756644103 profile2
652 46.73461 0.757959253462038 profile2
653 46.736857 0.798740947413343 profile2
654 46.739103 0.833989792016556 profile2
655 46.74135 0.862721202549854 profile2
656 46.750658 0.88110862261055 profile2
657 46.815826 0.836772481293137 profile2
658 46.828517 0.727403986295516 profile2
659 46.833526 0.619418501682245 profile2
660 46.838536 0.517413209072417 profile2
661 46.843545 0.423405869150968 profile2
662 46.848554 0.34170460074875 profile2
663 46.853564 0.275366640555544 profile2
664 46.921126 0.225652945074853 profile2
665 47.021298 0.198722257670355 profile2
666 47.023709 0.0455387622501083 profile2
667 47.02612 -0.127042062645388 profile2
668 47.035721 -0.17799801838276 profile2
669 47.160161 -0.196503867899031 profile2
670 47.295389 -0.242761445580904 profile2
671 47.430616 -0.290794500573661 profile2
672 47.565843 -0.300972522918388 profile2
673 47.70107 -0.315684811371399 profile2
674 47.836298 -0.315376687176055 profile2
675 47.971525 -0.320579702930936 profile2
676 48.106752 -0.33314068299187 profile2
677 48.24198 -0.345386583432838 profile2
678 48.377207 -0.358991511211759 profile2
679 48.474506 -0.372857594041266 profile2
680 48.553159 -0.387017148625021 profile2
681 48.631813 -0.401517023691624 profile2
682 48.717003 -0.416267142040433 profile2
683 48.805261 -0.50983854330014 profile2
684 48.89352 -0.579145315678482 profile2
685 48.982344 -0.571268734713561 profile2
686 49.13026 -0.616646751232242 profile2
687 49.161395 -0.674294011584582 profile2
688 49.168603 -0.656713894743284 profile2
689 49.175812 -0.710240518457822 profile2
690 49.276939 -0.677489741500124 profile2
691 49.413086 -0.617779035291902 profile2
692 49.549232 -0.874114140037839 profile2
693 49.611939 -0.892518752390782 profile2
694 49.614662 -0.924617840993272 profile2
695 49.617384 -0.952464178637782 profile2
696 49.620107 -0.964216507647021 profile2
697 49.62283 -0.976821710580408 profile2
698 49.625553 -0.990283201145771 profile2
699 49.628276 -1.00459927190397 profile2
700 49.638989 -1.0214373142995 profile2
701 49.65723 -1.04648702855089 profile2
702 49.660035 -1.06204843744191 profile2
703 49.66284 -1.07758702919116 profile2
704 49.665644 -1.09304418233557 profile2
705 49.668449 -1.1083599926981 profile2
706 49.671254 -1.12347429955204 profile2
707 49.674058 -1.13832771215274 profile2
708 49.695383 -1.15281926114937 profile2
709 49.798204 -1.15752441766712 profile2
710 49.807433 -1.16227749926167 profile2
711 49.816662 -1.16695294642562 profile2
712 49.911484 -1.22303213703107 profile2
713 50.08976 -2.75537998579967 profile2
714 50.121095 -2.77403088842747 profile2
715 50.152431 -2.79300557211912 profile2
716 50.173971 -2.81225517556444 profile2
717 50.177001 -2.83171392725755 profile2
718 50.180031 -2.99435373929754 profile2
719 50.183061 -3.05404028546007 profile2
720 50.18609 -3.0478088836675 profile2
721 50.18912 -3.04072912895337 profile2
722 50.19215 -3.01746270474858 profile2
723 50.295327 -2.89256903576801 profile2
724 50.302108 -2.88477588520316 profile2
725 50.308889 -2.87767754570095 profile2
726 50.311001 -2.8712652522415 profile2
