marker_position lod trace
1 40.751751 -5.64258364299053 pleio
2 40.852649 -5.49754306776616 pleio
3 40.963726 -5.51927456634416 pleio
4 41.071368 -5.52836594157706 pleio
5 41.130258 -5.53361025718727 pleio
6 41.189147 -5.53884371383397 pleio
7 41.248037 -5.54405850401465 pleio
8 41.306927 -5.54926847798317 pleio
9 41.376781 -5.55431809555586 pleio
10 41.466542 -5.55682408960971 pleio
11 41.467199 -5.56013656562671 pleio
12 41.467856 -5.56313726821391 pleio
13 41.535355 -5.55698098510112 pleio
14 41.812857 -5.14768410292169 pleio
15 42.090359 -5.15038576134192 pleio
16 42.192627 -5.15873355994595 pleio
17 42.292082 -5.1608589669574 pleio
18 42.391537 -5.17308706021593 pleio
19 42.490992 -5.19643837718109 pleio
20 42.590447 -5.2064734722305 pleio
21 42.689901 -5.2154641373699 pleio
22 42.789356 -5.22403581820484 pleio
23 42.929723 -5.23212636830865 pleio
24 43.030511 -5.23157965865239 pleio
25 43.09059 -5.22640350129219 pleio
26 43.150669 -5.22336469523762 pleio
27 43.210748 -5.22214379898953 pleio
28 43.265979 -5.22274472461129 pleio
29 43.296031 -5.2211245701083 pleio
30 43.336485 -5.74037172353281 pleio
31 43.376939 -5.74585484350524 pleio
32 43.399199 -5.19768125565337 pleio
33 43.400566 -4.76718674813091 pleio
34 43.401932 -4.70438196896793 pleio
35 43.416832 -4.56972911009702 pleio
36 43.545216 -4.37709789720893 pleio
37 43.659927 -4.38012832825608 pleio
38 43.662301 -4.3776293372792 pleio
39 43.664677 -4.37453078436834 pleio
40 43.66789 -4.37693749585492 pleio
41 43.746502 -3.994641920738 pleio
42 43.811623 -3.68806702204523 pleio
43 43.828159 -3.68525545788746 pleio
44 43.836311 -3.67956109076326 pleio
45 43.838406 -3.65140634426569 pleio
46 43.840501 -3.50942310180075 pleio
47 43.844466 -3.32645062838648 pleio
48 43.861003 -3.11590926143198 pleio
49 43.901546 -2.93089120197378 pleio
50 43.980158 -2.94224269567252 pleio
51 44.020771 -2.85814543387985 pleio
52 44.053303 -2.81012713001129 pleio
53 44.085836 -2.79510974557395 pleio
54 44.138903 -2.80599826901646 pleio
55 44.294495 -3.09516691322171 pleio
56 44.317834 -3.13910988827765 pleio
57 44.341174 -3.14129720511778 pleio
58 44.364954 -3.11799790848136 pleio
59 44.431929 -2.77411199532627 pleio
60 44.438774 -2.77205693862156 pleio
61 44.445619 -2.76739211924564 pleio
62 44.482294 -2.69550612025767 pleio
63 44.551043 -2.65946947947306 pleio
64 44.564207 -2.60537274744613 pleio
65 44.568298 -2.54960185306809 pleio
66 44.572388 -2.49199324857014 pleio
67 44.576479 -2.43326885283307 pleio
68 44.58057 -2.37321924574016 pleio
69 44.584661 -2.32670338608045 pleio
70 44.588908 -2.29747183672205 pleio
71 44.596324 -2.26869246900389 pleio
72 44.603741 -2.24338233605029 pleio
73 44.608283 -2.22128577612298 pleio
74 44.609389 -2.20145562633744 pleio
75 44.610566 -2.18413144971585 pleio
76 44.612126 -2.16950248369584 pleio
77 44.618941 -2.15770340283605 pleio
78 44.625756 -2.14881251171675 pleio
79 44.632571 -2.11001416387342 pleio
80 44.721343 -2.04040738962628 pleio
81 44.725576 -1.91515565231554 pleio
82 44.729808 -1.80100001922376 pleio
83 44.761322 -1.72447325968255 pleio
84 44.780832 -1.71196566211831 pleio
85 44.800342 -1.4454033367229 pleio
86 44.819852 -1.12110700666823 pleio
87 44.838742 -1.06212400416611 pleio
88 44.856652 -1.06087747085547 pleio
89 44.867332 -1.06124659652675 pleio
90 44.874623 -1.0633082583484 pleio
91 44.881915 -1.0671101648024 pleio
92 44.889206 -1.0727001912789 pleio
93 44.896497 -1.07093579991231 pleio
94 44.940291 -1.19378954744118 pleio
95 44.995858 -1.09842085252469 pleio
96 45.051425 -1.00500979666181 pleio
97 45.101619 -0.938391866681596 pleio
98 45.106404 -0.889243961071453 pleio
99 45.111189 -0.843730990895659 pleio
100 45.144068 -0.808049625106474 pleio
101 45.165 -0.803266554302378 pleio
102 45.174292 -0.799587759450591 pleio
103 45.183584 -0.797016565280123 pleio
104 45.206863 -0.795988060325614 pleio
105 45.270542 -1.03509362121032 pleio
106 45.33422 -0.919201348177742 pleio
107 45.420117 -0.568985027210279 pleio
108 45.434499 -0.461944542731072 pleio
109 45.438006 -0.365262069525631 pleio
110 45.441513 -0.322787303061665 pleio
111 45.445019 -0.347451488409778 pleio
112 45.448526 -0.372350948076124 pleio
113 45.452033 -0.397385373552245 pleio
114 45.455539 -0.402148384381154 pleio
115 45.458985 -0.433874808260906 pleio
116 45.460636 -0.472483468722164 pleio
117 45.462287 -0.497383849770701 pleio
118 45.463938 -0.497615347869177 pleio
119 45.465589 -0.485545744708385 pleio
120 45.46724 -0.474220333610315 pleio
121 45.470001 -0.463656894828478 pleio
122 45.474942 -0.45387018700355 pleio
123 45.479882 -0.444880417081951 pleio
124 45.484823 -0.436701192157858 pleio
125 45.489764 -0.429346300243722 pleio
126 45.494704 -0.422826807496549 pleio
127 45.499645 -0.414270947379982 pleio
128 45.504585 -0.381504792915109 pleio
129 45.622192 -0.213551782797959 pleio
130 45.689416 0 pleio
131 45.705169 -0.017255183522896 pleio
132 45.720922 -0.108160388278572 pleio
133 46.0005425 -0.483086333508507 pleio
134 46.280163 -0.871377240578984 pleio
135 46.288948 -0.754041394237639 pleio
136 46.297732 -0.769222173598475 pleio
137 46.306516 -0.771370615365292 pleio
138 46.315301 -0.771642348065785 pleio
139 46.32335 -0.835967356888535 pleio
140 46.326762 -1.0314170951575 pleio
141 46.330173 -1.33875922811636 pleio
142 46.333584 -1.58753764033023 pleio
143 46.336995 -1.6718939835316 pleio
144 46.341532 -1.7485850642063 pleio
145 46.350316 -1.81686193078672 pleio
146 46.358463 -1.87179737474339 pleio
147 46.360127 -1.91202258637846 pleio
148 46.36179 -1.95399525440838 pleio
149 46.363103 -1.99767407581944 pleio
150 46.364052 -2.04301344088341 pleio
151 46.364976 -2.08996366706746 pleio
152 46.365522 -2.13847116082481 pleio
153 46.366069 -2.18847860435857 pleio
154 46.366615 -2.23992521177587 pleio
155 46.367161 -2.29274687599031 pleio
156 46.367707 -2.34687631289657 pleio
157 46.368253 -2.4022437175491 pleio
158 46.368799 -2.45660831112157 pleio
159 46.485003 -4.18471724507019 pleio
160 46.557864 -4.29866813722504 pleio
161 46.610522 -4.34112510462866 pleio
162 46.616448 -4.34072194693362 pleio
163 46.622375 -4.33912602041159 pleio
164 46.628301 -4.33631599742885 pleio
165 46.687297 -4.33227721287684 pleio
166 46.730117 -4.34268574556354 pleio
167 46.732363 -4.38391111464787 pleio
168 46.73461 -4.42844374207094 pleio
169 46.736857 -4.47632376267167 pleio
170 46.739103 -4.52724541499232 pleio
171 46.74135 -4.57232773290479 pleio
172 46.750658 -4.55896276457676 pleio
173 46.815826 -4.55173861583438 pleio
174 46.828517 -4.66425768828958 pleio
175 46.833526 -4.71637025202154 pleio
176 46.838536 -4.71431460506602 pleio
177 46.843545 -4.71285763806388 pleio
178 46.848554 -4.71175004948452 pleio
179 46.853564 -4.71074497041734 pleio
180 46.921126 -4.7094988816735 pleio
181 47.021298 -4.77840997019252 pleio
182 47.023709 -4.79453960751546 pleio
183 47.02612 -4.80514215178169 pleio
184 47.035721 -4.77375125543869 pleio
185 47.160161 -4.86923803988244 pleio
186 47.295389 -4.90093408379848 pleio
187 47.430616 -4.8598980848555 pleio
188 47.565843 -4.8641048980258 pleio
189 47.70107 -4.87318526062525 pleio
190 47.836298 -5.03031188726454 pleio
191 47.971525 -5.19200741709742 pleio
192 48.106752 -5.19483512954304 pleio
193 48.24198 -5.1969982881051 pleio
194 48.377207 -5.19910167281154 pleio
195 48.474506 -5.20125953263876 pleio
196 48.553159 -5.20347859298319 pleio
197 48.631813 -5.20568500583809 pleio
198 48.717003 -5.20782051816965 pleio
199 48.805261 -5.17146615826933 pleio
200 48.89352 -5.1511071120408 pleio
201 48.982344 -5.18146176279454 pleio
202 49.13026 -5.30263825821273 pleio
203 49.161395 -5.34417862979987 pleio
204 49.168603 -5.39984590713902 pleio
205 49.175812 -5.46566320814491 pleio
206 49.276939 -5.44134054303252 pleio
207 49.413086 -5.44786214132905 pleio
208 49.549232 -5.42164482154352 pleio
209 49.611939 -5.30894681346404 pleio
210 49.614662 -5.15975869068364 pleio
211 49.617384 -5.04105148157297 pleio
212 49.620107 -5.04074059199697 pleio
213 49.62283 -5.03983310076194 pleio
214 49.625553 -5.03833412574119 pleio
215 49.628276 -5.03625203240984 pleio
216 49.638989 -5.03348112267565 pleio
217 49.65723 -5.03279189615463 pleio
218 49.660035 -5.033989487353 pleio
219 49.66284 -5.03458023575485 pleio
220 49.665644 -5.03455666300703 pleio
221 49.668449 -5.03392029563145 pleio
222 49.671254 -5.03268179168888 pleio
223 49.674058 -5.03086081288472 pleio
224 49.695383 -5.02890758974531 pleio
225 49.798204 -5.02052484619781 pleio
226 49.807433 -5.01057240829048 pleio
227 49.816662 -5.0005682942799 pleio
228 49.911484 -5.98428131078506 pleio
229 50.08976 -6.44062851313226 pleio
230 50.121095 -6.42478556874671 pleio
231 50.152431 -6.40860387437374 pleio
232 50.173971 -6.39205016923245 pleio
233 50.177001 -6.37534544668979 pleio
234 50.180031 -6.50466517549615 pleio
235 50.183061 -6.63186883597254 pleio
236 50.18609 -6.67030620955153 pleio
237 50.18912 -6.71019787165377 pleio
238 50.19215 -6.7976766074669 pleio
239 50.295327 -6.76113640174895 pleio
240 50.302108 -6.7540303801713 pleio
241 50.308889 -6.74586313357769 pleio
242 50.311001 -6.7366788974179 pleio
243 40.751751 -3.71757909296892 profile1
244 40.852649 -3.9359767036511 profile1
245 40.963726 -4.13816012831677 profile1
246 41.071368 -4.14600183519902 profile1
247 41.130258 -4.15162371779376 profile1
248 41.189147 -4.15728162225733 profile1
249 41.248037 -4.16296096698089 profile1
250 41.306927 -4.16866407190776 profile1
251 41.376781 -4.17434431559307 profile1
252 41.466542 -4.17837327649683 profile1
253 41.467199 -4.18286261518412 profile1
254 41.467856 -4.18660720843316 profile1
255 41.535355 -4.17614358284949 profile1
256 41.812857 -3.89967109560359 profile1
257 42.090359 -3.90050208305325 profile1
258 42.192627 -3.90586144988276 profile1
259 42.292082 -3.88625055308694 profile1
260 42.391537 -3.89127926337678 profile1
261 42.490992 -3.92406768750966 profile1
262 42.590447 -3.93018190452271 profile1
263 42.689901 -3.93339128832736 profile1
264 42.789356 -3.93596859902216 profile1
265 42.929723 -3.93771157577289 profile1
266 43.030511 -3.92222922882808 profile1
267 43.09059 -3.89860590705014 profile1
268 43.150669 -3.8810382666917 profile1
269 43.210748 -3.86943391873145 profile1
270 43.265979 -3.86394647156166 profile1
271 43.296031 -3.86463700258706 profile1
272 43.336485 -4.66459486498861 profile1
273 43.376939 -4.67782167638347 profile1
274 43.399199 -3.43923166117957 profile1
275 43.400566 -2.57605051640128 profile1
276 43.401932 -2.6612574334954 profile1
277 43.416832 -2.82602263954851 profile1
278 43.545216 -2.83950147621145 profile1
279 43.659927 -2.84668894835867 profile1
280 43.662301 -2.85366666919011 profile1
281 43.664677 -2.86001794473055 profile1
282 43.66789 -2.86876599749213 profile1
283 43.746502 -3.05773966380514 profile1
284 43.811623 -3.35787410225202 profile1
285 43.828159 -3.35852039632214 profile1
286 43.836311 -3.35258577381503 profile1
287 43.838406 -3.32873857622923 profile1
288 43.840501 -3.23709431947197 profile1
289 43.844466 -3.12603989362435 profile1
290 43.861003 -3.01299400101991 profile1
291 43.901546 -2.93089120197378 profile1
292 43.980158 -2.52998242705802 profile1
293 44.020771 -1.87496302655771 profile1
294 44.053303 -1.79124359157362 profile1
295 44.085836 -1.85190126705475 profile1
296 44.138903 -1.97728724290929 profile1
297 44.294495 -2.15883791820335 profile1
298 44.317834 -2.30108452276972 profile1
299 44.341174 -2.37508028102715 profile1
300 44.364954 -2.40352618488401 profile1
301 44.431929 -2.2605327068269 profile1
302 44.438774 -2.30074975547456 profile1
303 44.445619 -2.35728318418078 profile1
304 44.482294 -2.46725245678789 profile1
305 44.551043 -2.51066697760037 profile1
306 44.564207 -2.42833261496459 profile1
307 44.568298 -2.34608065117308 profile1
308 44.572388 -2.26470807162313 profile1
309 44.576479 -2.18577005985775 profile1
310 44.58057 -2.11014493814939 profile1
311 44.584661 -2.06034729871175 profile1
312 44.588908 -2.04380097571926 profile1
313 44.596324 -2.03581713013043 profile1
314 44.603741 -2.03459493136697 profile1
315 44.608283 -2.03839995879658 profile1
316 44.609389 -2.04821610990013 profile1
317 44.610566 -2.06342428001265 profile1
318 44.612126 -2.08330808425881 profile1
319 44.618941 -2.10322143871834 profile1
320 44.625756 -2.05775184795753 profile1
321 44.632571 -1.98797455363417 profile1
322 44.721343 -1.90969256096816 profile1
323 44.725576 -1.79225986163285 profile1
324 44.729808 -1.71138901259965 profile1
325 44.761322 -1.67725092180167 profile1
326 44.780832 -1.67402675672449 profile1
327 44.800342 -1.4454033367229 profile1
328 44.819852 -1.12110700666823 profile1
329 44.838742 -1.06212400416611 profile1
330 44.856652 -1.01224400533152 profile1
331 44.867332 -0.966041828508899 profile1
332 44.874623 -0.923820806969286 profile1
333 44.881915 -0.885918548886019 profile1
334 44.889206 -0.852655509502918 profile1
335 44.896497 -0.825087572280443 profile1
336 44.940291 -1.19378954744118 profile1
337 44.995858 -1.03375352890122 profile1
338 45.051425 -0.864530528821382 profile1
339 45.101619 -0.719725659017135 profile1
340 45.106404 -0.591216895500274 profile1
341 45.111189 -0.47712586779794 profile1
342 45.144068 -0.394326068891078 profile1
343 45.165 -0.351121295406623 profile1
344 45.174292 -0.314479906235339 profile1
345 45.183584 -0.281048645292728 profile1
346 45.206863 -0.259843308237031 profile1
347 45.270542 -0.48703918183046 profile1
348 45.33422 -0.266492013142993 profile1
349 45.420117 -0.554515071881904 profile1
350 46.485003 -2.51350821621304 profile1
351 46.557864 -2.46674960387178 profile1
352 46.610522 -2.47406384165592 profile1
353 46.616448 -2.4931647504676 profile1
354 46.622375 -2.51293986195416 profile1
355 46.628301 -2.5333076735552 profile1
356 46.687297 -2.55418274622967 profile1
357 46.730117 -2.58024956294588 profile1
358 45.434499 -0.450584267719805 profile1
359 45.438006 -0.365262069525631 profile1
360 45.441513 -0.320196290043324 profile1
361 45.445019 -0.287398186343829 profile1
362 45.448526 -0.254011698010561 profile1
363 45.452033 -0.220040002467084 profile1
364 45.455539 -0.209127980927365 profile1
365 45.458985 -0.14726006276949 profile1
366 45.460636 -0.114864995818997 profile1
367 45.462287 -0.0790923583179888 profile1
368 45.463938 -0.0600598940577229 profile1
369 45.465589 -0.0507835222022644 profile1
370 45.46724 -0.0426705747488159 profile1
371 45.470001 -0.0357704459320322 profile1
372 45.474942 -0.0301252016429559 profile1
373 45.479882 -0.0257804431200375 profile1
374 45.484823 -0.0227685614796645 profile1
375 45.489764 -0.0211174807179587 profile1
376 45.494704 -0.0208464334029956 profile1
377 45.499645 -0.020925166494439 profile1
378 45.504585 -0.0587319625966328 profile1
379 45.622192 -0.10896283992495 profile1
380 45.689416 0 profile1
381 45.705169 -0.000565028274450057 profile1
382 45.720922 -0.0147294575214142 profile1
383 46.0005425 0.0853768701644043 profile1
384 46.280163 -0.053909638774492 profile1
385 46.288948 -0.445229995012843 profile1
386 46.297732 -0.54313187341889 profile1
387 46.306516 -0.54144267631837 profile1
388 46.315301 -0.541819968689749 profile1
389 46.32335 -0.614099540107875 profile1
390 46.326762 -0.895425216868724 profile1
391 46.330173 -1.3172435118674 profile1
392 46.732363 -2.62162271670986 profile1
393 46.73461 -2.6669692453544 profile1
394 46.736857 -2.72125557300283 profile1
395 46.739103 -2.78385939661616 profile1
396 46.74135 -2.84689250744909 profile1
397 46.750658 -2.86389473215001 profile1
398 46.815826 -2.87344076786777 profile1
399 46.828517 -2.87443426324694 profile1
400 46.833526 -2.91215803410031 profile1
401 46.838536 -2.9454323431116 profile1
402 46.843545 -2.98860946474816 profile1
403 46.848554 -3.03828327658856 profile1
404 46.853564 -3.09117894208313 profile1
405 46.921126 -3.14468080917394 profile1
406 47.021298 -3.21942543193044 profile1
407 47.023709 -3.27638828529577 profile1
408 47.02612 -3.34644996311102 profile1
409 47.035721 -3.33346766959795 profile1
410 47.160161 -3.33190812063355 profile1
411 47.295389 -3.3126774301339 profile1
412 47.430616 -3.27163475067397 profile1
413 47.565843 -3.27360227223485 profile1
414 47.70107 -3.30000904320262 profile1
415 47.836298 -3.48899895174512 profile1
416 47.971525 -3.67803579997009 profile1
417 48.106752 -3.67769299288168 profile1
418 48.24198 -3.67743780165858 profile1
419 48.377207 -3.67744968203576 profile1
420 48.474506 -3.6774486330114 profile1
421 48.553159 -3.67749188333356 profile1
422 48.631813 -3.67743113560542 profile1
423 48.717003 -3.67721473152789 profile1
424 48.805261 -3.69687276144311 profile1
425 48.89352 -3.77634149624172 profile1
426 48.982344 -3.99344565682605 profile1
427 49.13026 -3.9635508468083 profile1
428 49.161395 -3.96237058010908 profile1
429 49.168603 -3.95843547952351 profile1
430 49.175812 -3.95848198548259 profile1
431 49.276939 -4.06029608480423 profile1
432 49.413086 -4.18440587918008 profile1
433 49.549232 -4.47674381369293 profile1
434 49.611939 -4.33328780164288 profile1
435 49.614662 -4.13443831415847 profile1
436 49.617384 -3.97510354520054 profile1
437 49.620107 -3.95838094707562 profile1
438 49.62283 -3.94176394551198 profile1
439 49.625553 -3.9253307468495 profile1
440 49.628276 -3.90915854358009 profile1
441 49.638989 -3.89582367054427 profile1
442 49.65723 -3.89376383253382 profile1
443 49.660035 -3.89050861559166 profile1
444 49.66284 -3.8873970720198 profile1
445 49.665644 -3.88450029979895 profile1
446 49.668449 -3.88188912572346 profile1
447 49.671254 -3.87963284066263 profile1
448 49.674058 -3.87779797109972 profile1
449 49.695383 -3.87688519406741 profile1
450 49.798204 -3.85741514925115 profile1
451 49.807433 -3.83532660511241 profile1
452 49.816662 -3.81133626102516 profile1
453 49.911484 -4.32908510701903 profile1
454 50.08976 -4.66507392350321 profile1
455 50.121095 -4.63999116247071 profile1
456 50.152431 -4.61529734016545 profile1
457 50.173971 -4.59080144003735 profile1
458 50.177001 -4.56697892719162 profile1
459 50.180031 -4.58069029822647 profile1
460 50.183061 -4.66020449667801 profile1
461 50.18609 -4.67881131309184 profile1
462 50.18912 -4.70041027181366 profile1
463 50.19215 -4.77749331782212 profile1
464 50.295327 -4.47738813459957 profile1
465 50.302108 -4.49516061293454 profile1
466 50.308889 -4.51312545457144 profile1
467 50.311001 -4.53124588461798 profile1
468 46.333584 -1.5377514953447 profile1
469 46.336995 -1.60600518792149 profile1
470 46.341532 -1.68705772651717 profile1
471 46.350316 -1.7756706925696 profile1
472 46.358463 -1.83861483025813 profile1
473 46.360127 -1.8258461081146 profile1
474 46.36179 -1.81706299820096 profile1
475 46.363103 -1.81224351772963 profile1
476 46.364052 -1.81134379598851 profile1
477 46.364976 -1.81429889110647 profile1
478 46.365522 -1.82102381352171 profile1
479 46.366069 -1.83141482199431 profile1
480 46.366615 -1.84535102449754 profile1
481 46.367161 -1.8626960056759 profile1
482 46.367707 -1.88329952637278 profile1
483 46.368253 -1.90700013295875 profile1
484 46.368799 -1.93063044320205 profile1
485 40.751751 -4.49000160535467 profile2
486 40.852649 -4.24480205723219 profile2
487 40.963726 -4.37233887643556 profile2
488 41.071368 -4.38665678856274 profile2
489 41.130258 -4.39478346973717 profile2
490 41.189147 -4.40312594496381 profile2
491 41.248037 -4.41166973393041 profile2
492 41.306927 -4.42041157859598 profile2
493 41.376781 -4.42881638246002 profile2
494 41.466542 -4.43369223508236 profile2
495 41.467199 -4.43985098297769 profile2
496 41.467856 -4.44564197632454 profile2
497 41.535355 -4.44913112609274 profile2
498 41.812857 -4.18293637568191 profile2
499 42.090359 -4.18626649008542 profile2
500 42.192627 -4.19833045322222 profile2
501 42.292082 -4.22384086781148 profile2
502 42.391537 -4.24744930765915 profile2
503 42.490992 -4.26458266999981 profile2
504 42.590447 -4.28047967511849 profile2
505 42.689901 -4.2962708468499 profile2
506 42.789356 -4.31226407415476 profile2
507 42.929723 -4.32847962139254 profile2
508 43.030511 -4.33946733297652 profile2
509 43.09059 -4.34642251637391 profile2
510 43.150669 -4.35345096583968 profile2
511 43.210748 -4.36075622964912 profile2
512 43.265979 -4.36838779762998 profile2
513 43.296031 -4.37563094378638 profile2
514 43.336485 -4.09723935373581 profile2
515 43.376939 -4.10783156155466 profile2
516 43.399199 -4.18009983135827 profile2
517 43.400566 -4.22821598003182 profile2
518 43.401932 -3.94669698961567 profile2
519 43.416832 -3.61099512566709 profile2
520 43.545216 -3.44789227298822 profile2
521 43.659927 -3.46222058202868 profile2
522 43.662301 -3.46660359274795 profile2
523 43.664677 -3.47093351389851 profile2
524 43.66789 -3.47920951254691 profile2
525 43.746502 -2.81041353140009 profile2
526 43.811623 -2.27276904486636 profile2
527 43.828159 -2.30304566810066 profile2
528 43.836311 -2.33021028549973 profile2
529 43.838406 -2.32674006563046 profile2
530 43.840501 -2.18792180163406 profile2
531 43.844466 -2.02540141234572 profile2
532 43.861003 -1.85769013032508 profile2
533 43.901546 -1.72897319570453 profile2
534 43.980158 -1.96072921396917 profile2
535 44.020771 -2.2491566509516 profile2
536 44.053303 -2.30165603089914 profile2
537 44.085836 -2.31397855310124 profile2
538 44.138903 -2.28500585801037 profile2
539 44.294495 -2.36123987188017 profile2
540 44.317834 -2.33037342710904 profile2
541 44.341174 -2.28949851513854 profile2
542 44.364954 -2.25139360890182 profile2
543 44.431929 -2.27385385173235 profile2
544 44.438774 -2.30690858270931 profile2
545 44.445619 -2.25853165957618 profile2
546 44.482294 -2.08690235061482 profile2
547 44.551043 -1.93979140334171 profile2
548 44.564207 -1.88894174410628 profile2
549 44.568298 -1.83865372254742 profile2
550 44.572388 -1.78892863959425 profile2
551 44.576479 -1.74135273347055 profile2
552 44.58057 -1.69623378964534 profile2
553 44.584661 -1.6491598539209 profile2
554 44.588908 -1.59722492775308 profile2
555 44.596324 -1.55097409562317 profile2
556 44.603741 -1.51306568214208 profile2
557 44.608283 -1.48361750449309 profile2
558 44.609389 -1.46319694338797 profile2
559 44.610566 -1.4524559614159 profile2
560 44.612126 -1.45166559944407 profile2
561 44.618941 -1.46069242704995 profile2
562 44.625756 -1.47901085824667 profile2
563 44.632571 -1.50861828955989 profile2
564 44.721343 -1.47903330931277 profile2
565 44.725576 -1.3729753286778 profile2
566 44.729808 -1.28290754927542 profile2
567 44.761322 -1.22550695208657 profile2
568 44.780832 -1.20822306807086 profile2
569 44.800342 -1.03358396447244 profile2
570 44.819852 -0.856158105877107 profile2
571 44.838742 -0.825087572280443 profile2
572 44.856652 -0.853578030248968 profile2
573 44.867332 -0.8878528727743 profile2
574 44.874623 -0.927855022486983 profile2
575 44.881915 -0.973451692127892 profile2
576 44.889206 -1.02446898871559 profile2
577 44.896497 -1.02334432802418 profile2
578 44.940291 -0.266252039998593 profile2
579 44.995858 -0.259843308237031 profile2
580 45.051425 -0.295955073665396 profile2
581 45.101619 -0.357481920572884 profile2
582 45.106404 -0.432438078652185 profile2
583 45.111189 -0.518224706820324 profile2
584 45.144068 -0.594189303081096 profile2
585 45.165 -0.646251508674511 profile2
586 45.174292 -0.700021659013843 profile2
587 45.183584 -0.754874953153879 profile2
588 45.206863 -0.795988060325614 profile2
589 45.270542 -0.930381943781476 profile2
590 45.33422 -0.919201348177742 profile2
591 45.420117 -0.269392657855338 profile2
592 45.434499 -0.266492013142993 profile2
593 45.438006 -0.244654184736432 profile2
594 45.441513 -0.220336669387187 profile2
595 45.445019 -0.240716938459747 profile2
596 45.448526 -0.264438521298364 profile2
597 45.452033 -0.291481571789799 profile2
598 45.455539 -0.364597804268099 profile2
599 45.458985 -0.359287195883371 profile2
600 45.460636 -0.391730149328324 profile2
601 45.462287 -0.431050178012108 profile2
602 45.463938 -0.434881587424338 profile2
603 45.465589 -0.419948895412696 profile2
604 45.46724 -0.40460763742486 profile2
605 45.470001 -0.389257083081131 profile2
606 45.474942 -0.375303691360137 profile2
607 45.479882 -0.362838575081075 profile2
608 45.484823 -0.351946203665533 profile2
609 45.489764 -0.342699501050032 profile2
610 45.494704 -0.335160095084353 profile2
611 45.499645 -0.328479839432097 profile2
612 45.504585 -0.319166551367618 profile2
613 45.622192 -0.0895200695958985 profile2
614 45.689416 0.0853768701644043 profile2
615 45.705169 0.0626025989284351 profile2
616 45.720922 -0.0133475946741843 profile2
617 46.0005425 -0.483086333508507 profile2
618 46.280163 -0.871377240578984 profile2
619 46.288948 -0.754041394237639 profile2
620 46.297732 -0.721664798252655 profile2
621 46.306516 -0.715871984328077 profile2
622 46.315301 -0.71145607826897 profile2
623 46.32335 -0.728475695194611 profile2
624 46.326762 -0.85552816605913 profile2
625 46.330173 -1.13339303925736 profile2
626 46.333584 -1.32412499860254 profile2
627 46.336995 -1.39620150769359 profile2
628 46.341532 -1.47262306988157 profile2
629 46.350316 -1.55253103938843 profile2
630 46.358463 -1.63284749918157 profile2
631 46.360127 -1.70916921561932 profile2
632 46.36179 -1.78835619618847 profile2
633 46.363103 -1.87018131123866 profile2
634 46.364052 -1.95440214016098 profile2
635 46.364976 -2.04076346597083 profile2
636 46.365522 -2.12516251651232 profile2
637 46.366069 -2.17795347491317 profile2
638 46.366615 -2.23167656172928 profile2
639 46.367161 -2.28674048694967 profile2
640 46.367707 -2.34070212295683 profile2
641 46.368253 -2.3973188256995 profile2
642 46.368799 -2.45660831112157 profile2
643 46.485003 -4.02397791222149 profile2
644 46.557864 -4.26976151308234 profile2
645 46.610522 -4.34112510462866 profile2
646 46.616448 -4.33458449146301 profile2
647 46.622375 -4.32545615078049 profile2
648 46.628301 -4.31377307303194 profile2
649 46.687297 -4.29960750414046 profile2
650 46.730117 -4.30067302387664 profile2
651 46.732363 -4.33686458218726 profile2
652 46.73461 -4.3784037416645 profile2
653 46.736857 -4.42443561004792 profile2
654 46.739103 -4.47391096243439 profile2
655 46.74135 -4.5158041270918 profile2
656 46.750658 -4.48932413727016 profile2
657 46.815826 -4.47596307059583 profile2
658 46.828517 -4.63463008292818 profile2
659 46.833526 -4.69508327919261 profile2
660 46.838536 -4.69777142445628 profile2
661 46.843545 -4.70100265628674 profile2
662 46.848554 -4.70337153384532 profile2
663 46.853564 -4.70646692845554 profile2
664 46.921126 -4.7094988816735 profile2
665 47.021298 -4.76302914782123 profile2
666 47.023709 -4.67536844946386 profile2
667 47.02612 -4.57680330795728 profile2
668 47.035721 -4.49921643010829 profile2
669 47.160161 -4.60657113209286 profile2
670 47.295389 -4.65176103854275 profile2
671 47.430616 -4.61001838446585 profile2
672 47.565843 -4.62206574727157 profile2
673 47.70107 -4.61020604461215 profile2
674 47.836298 -4.63237665977877 profile2
675 47.971525 -4.70482633606488 profile2
676 48.106752 -4.71806723707067 profile2
677 48.24198 -4.72849855476396 profile2
678 48.377207 -4.73863764428755 profile2
679 48.474506 -4.74864583458623 profile2
680 48.553159 -4.7584736094241 profile2
681 48.631813 -4.76821735734563 profile2
682 48.717003 -4.77781830373359 profile2
683 48.805261 -4.76235777103107 profile2
684 48.89352 -4.70083985150503 profile2
685 48.982344 -4.63436402281059 profile2
686 49.13026 -4.72047013280758 profile2
687 49.161395 -4.76372775132542 profile2
688 49.168603 -4.82791717033132 profile2
689 49.175812 -4.93775969903897 profile2
690 49.276939 -4.90739347703008 profile2
691 49.413086 -4.92307207886952 profile2
692 49.549232 -4.30924089945345 profile2
693 49.611939 -4.44492516599241 profile2
694 49.614662 -4.65522616596902 profile2
695 49.617384 -4.82828919058766 profile2
696 49.620107 -4.8430814054021 profile2
697 49.62283 -4.85950048619369 profile2
698 49.625553 -4.87757989485148 profile2
699 49.628276 -4.89732455347337 profile2
700 49.638989 -4.91580510944017 profile2
701 49.65723 -4.9186049272698 profile2
702 49.660035 -4.92557397985863 profile2
703 49.66284 -4.93212688920884 profile2
704 49.665644 -4.93805906155203 profile2
705 49.668449 -4.94318402699165 profile2
706 49.671254 -4.94734351322488 profile2
707 49.674058 -4.95041551592469 profile2
708 49.695383 -4.95211240566753 profile2
709 49.798204 -4.96860173053371 profile2
710 49.807433 -4.98411252759956 profile2
711 49.816662 -5.0005682942799 profile2
712 49.911484 -5.86105226711794 profile2
713 50.08976 -6.22838728629359 profile2
714 50.121095 -6.24978073367675 profile2
715 50.152431 -6.27209598631268 profile2
716 50.173971 -6.29523679645989 profile2
717 50.177001 -6.31896515231856 profile2
718 50.180031 -6.29513962847408 profile2
719 50.183061 -6.30596234530185 profile2
720 50.18609 -6.31406636138174 profile2
721 50.18912 -6.32459190127533 profile2
722 50.19215 -6.30970436436348 profile2
723 50.295327 -6.44795967790636 profile2
724 50.302108 -6.45461119831589 profile2
725 50.308889 -6.46097274604363 profile2
726 50.311001 -6.4670259111687 profile2
