marker_position lod trace
1 40.751751 -4.24517531688734 pleio
2 40.852649 -4.98645929967694 pleio
3 40.963726 -5.04686338918919 pleio
4 41.071368 -5.0417952038783 pleio
5 41.130258 -5.03484552050433 pleio
6 41.189147 -5.02793297891115 pleio
7 41.248037 -5.02106668519664 pleio
8 41.306927 -5.01439861431518 pleio
9 41.376781 -5.01132884502242 pleio
10 41.466542 -5.01374438357813 pleio
11 41.467199 -5.01610004226245 pleio
12 41.467856 -5.01862493165304 pleio
13 41.535355 -5.01768794358088 pleio
14 41.812857 -5.04082577791689 pleio
15 42.090359 -5.04314898941699 pleio
16 42.192627 -5.03763674039757 pleio
17 42.292082 -5.03449680268358 pleio
18 42.391537 -5.03116752754829 pleio
19 42.490992 -5.02620444625149 pleio
20 42.590447 -5.0181299935767 pleio
21 42.689901 -5.01073416870132 pleio
22 42.789356 -5.00433339794929 pleio
23 42.929723 -4.99889274341756 pleio
24 43.030511 -4.98398430201192 pleio
25 43.09059 -4.96529272084224 pleio
26 43.150669 -4.95137667168187 pleio
27 43.210748 -4.94297774776039 pleio
28 43.265979 -4.94010717930447 pleio
29 43.296031 -4.96942836241053 pleio
30 43.336485 -4.29424777912914 pleio
31 43.376939 -4.3468344351822 pleio
32 43.399199 -4.77309747366135 pleio
33 43.400566 -5.00689253980383 pleio
34 43.401932 -4.97711357824213 pleio
35 43.416832 -5.0680248565575 pleio
36 43.545216 -5.16751433994637 pleio
37 43.659927 -5.17960831015855 pleio
38 43.662301 -5.19327137998809 pleio
39 43.664677 -5.20687926759594 pleio
40 43.66789 -5.22682321255488 pleio
41 43.746502 -5.45573641797429 pleio
42 43.811623 -5.66185410978562 pleio
43 43.828159 -5.72067819996406 pleio
44 43.836311 -5.78424581442931 pleio
45 43.838406 -5.81816555599275 pleio
46 43.840501 -5.7154879472102 pleio
47 43.844466 -5.63849891219921 pleio
48 43.861003 -5.59663300269485 pleio
49 43.901546 -5.58147137390593 pleio
50 43.980158 -5.0926997079777 pleio
51 44.020771 -4.3916182069993 pleio
52 44.053303 -4.04373560649585 pleio
53 44.085836 -3.80077052760258 pleio
54 44.138903 -3.69008253582389 pleio
55 44.294495 -3.81630748891373 pleio
56 44.317834 -3.82817346972131 pleio
57 44.341174 -3.82919115307087 pleio
58 44.364954 -3.77169369645651 pleio
59 44.431929 -3.41679215249767 pleio
60 44.438774 -3.44092472359411 pleio
61 44.445619 -3.44037333024848 pleio
62 44.482294 -3.57498768842993 pleio
63 44.551043 -3.7010416804709 pleio
64 44.564207 -3.63013486635289 pleio
65 44.568298 -3.55850699845112 pleio
66 44.572388 -3.48303498989924 pleio
67 44.576479 -3.40711132506592 pleio
68 44.58057 -3.3263144584756 pleio
69 44.584661 -3.25280145477296 pleio
70 44.588908 -3.18016204474187 pleio
71 44.596324 -3.10199568285911 pleio
72 44.603741 -3.04559358281536 pleio
73 44.608283 -3.00762352823529 pleio
74 44.609389 -2.97507491549105 pleio
75 44.610566 -2.948169982744 pleio
76 44.612126 -2.92704244629966 pleio
77 44.618941 -2.9117359132329 pleio
78 44.625756 -2.90220601412189 pleio
79 44.632571 -2.8754534375682 pleio
80 44.721343 -2.81523000746972 pleio
81 44.725576 -2.75198453973181 pleio
82 44.729808 -2.72989610209719 pleio
83 44.761322 -2.74547155231924 pleio
84 44.780832 -2.75098600152332 pleio
85 44.800342 -2.54516593334867 pleio
86 44.819852 -2.55845651567335 pleio
87 44.838742 -2.53470856855895 pleio
88 44.856652 -2.47074957494612 pleio
89 44.867332 -2.40981045224295 pleio
90 44.874623 -2.35260105216227 pleio
91 44.881915 -2.29917607235662 pleio
92 44.889206 -2.24957164807796 pleio
93 44.896497 -2.24184706830459 pleio
94 44.940291 -3.44997104855628 pleio
95 44.995858 -3.4569168302222 pleio
96 45.051425 -3.42539562175876 pleio
97 45.101619 -3.38161461813629 pleio
98 45.106404 -3.33030179107093 pleio
99 45.111189 -3.28365624585058 pleio
100 45.144068 -3.25772861239744 pleio
101 45.165 -3.25759430348865 pleio
102 45.174292 -3.25846421632039 pleio
103 45.183584 -3.260244191347 pleio
104 45.206863 -3.2609193252143 pleio
105 45.270542 -3.23168492919953 pleio
106 45.33422 -3.13252904888226 pleio
107 45.420117 -3.12667663489879 pleio
108 45.434499 -2.97035164727928 pleio
109 45.438006 -2.81634043968399 pleio
110 45.441513 -2.66918908292049 pleio
111 45.445019 -2.53063614944553 pleio
112 45.448526 -2.39527777080703 pleio
113 45.452033 -2.26356952489783 pleio
114 45.455539 -2.20878139050663 pleio
115 45.458985 -2.04201030997802 pleio
116 45.460636 -1.89523235998868 pleio
117 45.462287 -1.78223645950311 pleio
118 45.463938 -1.67297240446605 pleio
119 45.465589 -1.56565823162096 pleio
120 45.46724 -1.46078068309574 pleio
121 45.470001 -1.35849228754832 pleio
122 45.474942 -1.25893751591067 pleio
123 45.479882 -1.16225176700417 pleio
124 45.484823 -1.06856116333524 pleio
125 45.489764 -0.9779817408954 pleio
126 45.494704 -0.890619073477951 pleio
127 45.499645 -0.806207393174654 pleio
128 45.504585 -0.693084851102319 pleio
129 45.622192 -0.535476240521274 pleio
130 45.689416 -0.0402666221866194 pleio
131 45.705169 0 pleio
132 45.720922 -0.040094496914583 pleio
133 46.0005425 -0.533105681939493 pleio
134 46.280163 -0.886737921770481 pleio
135 46.288948 -2.30871133202455 pleio
136 46.297732 -2.68065349742775 pleio
137 46.306516 -2.6968229941017 pleio
138 46.315301 -2.71333899828819 pleio
139 46.32335 -2.69886759543962 pleio
140 46.326762 -2.66943747020521 pleio
141 46.330173 -2.72197434701328 pleio
142 46.333584 -2.80415764482507 pleio
143 46.336995 -2.85797778877431 pleio
144 46.341532 -2.92614194155589 pleio
145 46.350316 -3.01027766068171 pleio
146 46.358463 -3.0830826878911 pleio
147 46.360127 -3.09542676140412 pleio
148 46.36179 -3.11105172447435 pleio
149 46.363103 -3.12997267932706 pleio
150 46.364052 -3.15219657540624 pleio
151 46.364976 -3.17772199586725 pleio
152 46.365522 -3.20653905855047 pleio
153 46.366069 -3.23862936598297 pleio
154 46.366615 -3.27396589532042 pleio
155 46.367161 -3.31251355122587 pleio
156 46.367707 -3.3542283638788 pleio
157 46.368253 -3.39905844239967 pleio
158 46.368799 -3.44922876122586 pleio
159 46.485003 -5.75378622500052 pleio
160 46.557864 -5.73029389764679 pleio
161 46.610522 -5.72102455078839 pleio
162 46.616448 -5.70874619240313 pleio
163 46.622375 -5.6963483466963 pleio
164 46.628301 -5.68384510444569 pleio
165 46.687297 -5.67125579800044 pleio
166 46.730117 -5.65998970596055 pleio
167 46.732363 -5.65393033454635 pleio
168 46.73461 -5.65161953794921 pleio
169 46.736857 -5.65335451726269 pleio
170 46.739103 -5.65915629075225 pleio
171 46.74135 -5.66604452173993 pleio
172 46.750658 -5.65432819214032 pleio
173 46.815826 -5.56305708746003 pleio
174 46.828517 -5.35616286476795 pleio
175 46.833526 -5.16408372946787 pleio
176 46.838536 -4.98900762981206 pleio
177 46.843545 -4.81989457588503 pleio
178 46.848554 -4.65940345692381 pleio
179 46.853564 -4.50978025744232 pleio
180 46.921126 -4.37308374853734 pleio
181 47.021298 -4.75895362138512 pleio
182 47.023709 -4.73891844930066 pleio
183 47.02612 -4.72845503734072 pleio
184 47.035721 -4.73236897330101 pleio
185 47.160161 -4.93831360361459 pleio
186 47.295389 -5.03086329687644 pleio
187 47.430616 -5.02841307279186 pleio
188 47.565843 -5.04517865035221 pleio
189 47.70107 -5.06405843269987 pleio
190 47.836298 -5.21861203201823 pleio
191 47.971525 -5.41248660574206 pleio
192 48.106752 -5.42983262126177 pleio
193 48.24198 -5.44728205204162 pleio
194 48.377207 -5.46617639325587 pleio
195 48.474506 -5.48593374475434 pleio
196 48.553159 -5.50648115609013 pleio
197 48.631813 -5.52751743478568 pleio
198 48.717003 -5.5490644862823 pleio
199 48.805261 -5.6081388147535 pleio
200 48.89352 -5.62067875594327 pleio
201 48.982344 -5.43806356523833 pleio
202 49.13026 -5.39716916209495 pleio
203 49.161395 -5.4069441633852 pleio
204 49.168603 -5.36011031480699 pleio
205 49.175812 -5.42422232745192 pleio
206 49.276939 -5.71436497447882 pleio
207 49.413086 -6.20951656322344 pleio
208 49.549232 -6.91672277433315 pleio
209 49.611939 -6.91918025281485 pleio
210 49.614662 -6.93449832004976 pleio
211 49.617384 -6.95419203404895 pleio
212 49.620107 -6.97386610503973 pleio
213 49.62283 -6.99702849134644 pleio
214 49.625553 -7.02355887839345 pleio
215 49.628276 -7.0533175477903 pleio
216 49.638989 -7.08909984551992 pleio
217 49.65723 -7.12407760634476 pleio
218 49.660035 -7.14193122160313 pleio
219 49.66284 -7.15928902898749 pleio
220 49.665644 -7.1760440653608 pleio
221 49.668449 -7.1920991162559 pleio
222 49.671254 -7.20736813243868 pleio
223 49.674058 -7.221777293684 pleio
224 49.695383 -7.23536472497756 pleio
225 49.798204 -7.24017295827428 pleio
226 49.807433 -7.24468380429737 pleio
227 49.816662 -7.25138316734786 pleio
228 49.911484 -7.37725460220062 pleio
229 50.08976 -8.13882894907219 pleio
230 50.121095 -8.12799625714009 pleio
231 50.152431 -8.11934521077318 pleio
232 50.173971 -8.11340901211371 pleio
233 50.177001 -8.10998728306247 pleio
234 50.180031 -8.23184882302497 pleio
235 50.183061 -8.26956048226066 pleio
236 50.18609 -8.26399336375493 pleio
237 50.18912 -8.25906244242852 pleio
238 50.19215 -8.24934055416836 pleio
239 50.295327 -8.29430234179171 pleio
240 50.302108 -8.30943955702246 pleio
241 50.308889 -8.32541035754195 pleio
242 50.311001 -8.34223356297057 pleio
243 40.751751 -3.63995496961421 profile1
244 40.852649 -4.07617549706283 profile1
245 40.963726 -4.21962748206883 profile1
246 41.071368 -4.21637594944273 profile1
247 41.130258 -4.21171253444744 profile1
248 41.189147 -4.20717332650933 profile1
249 41.248037 -4.20276204139502 profile1
250 41.306927 -4.19849956038477 profile1
251 41.376781 -4.19517940559844 profile1
252 41.466542 -4.1941788989923 profile1
253 41.467199 -4.19324519389416 profile1
254 41.467856 -4.19274859052568 profile1
255 41.535355 -4.19279172833832 profile1
256 41.812857 -4.17082667343749 profile1
257 42.090359 -4.17004538033634 profile1
258 42.192627 -4.15935182872559 profile1
259 42.292082 -4.14887284713837 profile1
260 42.391537 -4.13864924111807 profile1
261 42.490992 -4.12640135166056 profile1
262 42.590447 -4.11434948043083 profile1
263 42.689901 -4.1036684192637 profile1
264 42.789356 -4.09382059108226 profile1
265 42.929723 -4.08485731696639 profile1
266 43.030511 -4.07563335625153 profile1
267 43.09059 -4.06629242115042 profile1
268 43.150669 -4.05764962379034 profile1
269 43.210748 -4.04982490847729 profile1
270 43.265979 -4.04282776573878 profile1
271 43.296031 -4.06565321771829 profile1
272 43.336485 -3.98769354607038 profile1
273 43.376939 -4.03439689921665 profile1
274 43.399199 -4.15694923288916 profile1
275 43.400566 -4.2424986651993 profile1
276 43.401932 -4.31211111306618 profile1
277 43.416832 -4.39948344302238 profile1
278 43.545216 -4.45893657894108 profile1
279 43.659927 -4.46582212241095 profile1
280 43.662301 -4.47056510992963 profile1
281 43.664677 -4.47531200671023 profile1
282 43.66789 -4.48343046479466 profile1
283 43.746502 -4.44736750886872 profile1
284 43.811623 -4.41720390331402 profile1
285 43.828159 -4.42420729942819 profile1
286 43.836311 -4.43323116990746 profile1
287 43.838406 -4.44626266249545 profile1
288 43.840501 -4.45770202271795 profile1
289 43.844466 -4.44970288280864 profile1
290 43.861003 -4.42369393837196 profile1
291 43.901546 -4.39029299395715 profile1
292 43.980158 -4.12683857656937 profile1
293 44.020771 -3.62742833811146 profile1
294 44.053303 -3.33991265906325 profile1
295 44.085836 -3.13565660072426 profile1
296 44.138903 -3.07707072065645 profile1
297 44.294495 -3.19274312073523 profile1
298 44.317834 -3.22843067827994 profile1
299 44.341174 -3.27090930357314 profile1
300 44.364954 -3.2986375480093 profile1
301 44.431929 -3.16053760245572 profile1
302 44.438774 -3.16715286534439 profile1
303 44.445619 -3.16508482687056 profile1
304 44.482294 -3.25711068104935 profile1
305 44.551043 -3.30483253668948 profile1
306 44.564207 -3.23877374803941 profile1
307 44.568298 -3.17224467156977 profile1
308 44.572388 -3.10499713829337 profile1
309 44.576479 -3.03797997473091 profile1
310 44.58057 -2.97064697807855 profile1
311 44.584661 -2.90580106093312 profile1
312 44.588908 -2.84342034853694 profile1
313 44.596324 -2.78135299676768 profile1
314 44.603741 -2.72663992931701 profile1
315 44.608283 -2.67934176807109 profile1
316 44.609389 -2.63620260027955 profile1
317 44.610566 -2.59749400743011 profile1
318 44.612126 -2.56342060092627 profile1
319 44.618941 -2.53411563191758 profile1
320 44.625756 -2.50963961088367 profile1
321 44.632571 -2.48825734713846 profile1
322 44.721343 -2.41840467772028 profile1
323 44.725576 -2.30629170906432 profile1
324 44.729808 -2.2086284501322 profile1
325 44.761322 -2.14041258692331 profile1
326 44.780832 -2.11998574803737 profile1
327 44.800342 -2.18717981750933 profile1
328 44.819852 -2.39378330139329 profile1
329 44.838742 -2.50170926200557 profile1
330 44.856652 -2.44928342204063 profile1
331 44.867332 -2.39741705896449 profile1
332 44.874623 -2.34681059176934 profile1
333 44.881915 -2.29751530279056 profile1
334 44.889206 -2.24957164807796 profile1
335 44.896497 -2.19236487479301 profile1
336 44.940291 -1.95454228499381 profile1
337 44.995858 -1.97820933496318 profile1
338 45.051425 -1.97131207490465 profile1
339 45.101619 -1.95250427076723 profile1
340 45.106404 -1.92541016518246 profile1
341 45.111189 -1.90022032414403 profile1
342 45.144068 -1.89528909681645 profile1
343 45.165 -1.8950399127822 profile1
344 45.174292 -1.89602055507511 profile1
345 45.183584 -1.89782846895164 profile1
346 45.206863 -1.89861972259429 profile1
347 45.270542 -1.85613828615018 profile1
348 45.33422 -1.74405125363048 profile1
349 45.420117 -1.85473570824773 profile1
350 45.434499 -1.76099228524584 profile1
351 45.438006 -1.66747851213436 profile1
352 45.441513 -1.57583845290041 profile1
353 45.445019 -1.48660687304537 profile1
354 45.448526 -1.39780945710294 profile1
355 45.452033 -1.30960166245009 profile1
356 45.455539 -1.29277422691555 profile1
357 45.458985 -1.16397211403598 profile1
358 45.460636 -1.05238978307158 profile1
359 45.462287 -0.968259554824604 profile1
360 45.463938 -0.866859939888645 profile1
361 45.465589 -0.756370497277491 profile1
362 45.46724 -0.646573897845967 profile1
363 45.470001 -0.53763103529087 profile1
364 45.474942 -0.429699667669639 profile1
365 45.479882 -0.322934588078604 profile1
366 45.484823 -0.217485575881691 profile1
367 45.489764 -0.113497451694017 profile1
368 45.494704 -0.0111091165962814 profile1
369 45.499645 0.0899301760104741 profile1
370 45.504585 0.238047320835979 profile1
371 45.622192 0.403767085165001 profile1
372 45.689416 0.325283481536929 profile1
373 45.705169 0.344717806703754 profile1
374 45.720922 0.23050727384371 profile1
375 46.0005425 0.29948431500577 profile1
376 46.280163 -0.0466737275131427 profile1
377 46.288948 -0.989796933594977 profile1
378 46.297732 -1.22911518983088 profile1
379 46.306516 -1.23023491124997 profile1
380 46.315301 -1.23472597768843 profile1
381 46.32335 -1.18361121947986 profile1
382 46.326762 -1.06175882009698 profile1
383 46.330173 -0.978493328191842 profile1
384 46.333584 -0.961188758393458 profile1
385 46.336995 -1.00052234559203 profile1
386 46.341532 -1.05015144733145 profile1
387 46.350316 -1.11310597256136 profile1
388 46.358463 -1.16515188553694 profile1
389 46.360127 -1.16678576611655 profile1
390 46.36179 -1.17024435472499 profile1
391 46.363103 -1.17554465069264 profile1
392 46.364052 -1.18269884987643 profile1
393 46.364976 -1.1917142216905 profile1
394 46.365522 -1.20259301683258 profile1
395 46.366069 -1.21533240630311 profile1
396 46.366615 -1.22992444892436 profile1
397 46.367161 -1.24635611443763 profile1
398 46.367707 -1.26460928355192 profile1
399 46.368253 -1.28466085520186 profile1
400 46.368799 -1.31047902926734 profile1
401 46.485003 -2.69615654462726 profile1
402 46.557864 -2.70561840536813 profile1
403 46.610522 -2.71577034617717 profile1
404 46.616448 -2.72661779263457 profile1
405 46.622375 -2.73801789674384 profile1
406 46.628301 -2.74995153258579 profile1
407 46.687297 -2.76239901074638 profile1
408 46.730117 -2.77233458065189 profile1
409 46.732363 -2.77866339389009 profile1
410 46.73461 -2.78710569710411 profile1
411 46.736857 -2.79777852807747 profile1
412 46.739103 -2.8106386195574 profile1
413 46.74135 -2.82552959164712 profile1
414 46.750658 -2.84090040214395 profile1
415 46.815826 -2.84986123900843 profile1
416 46.828517 -2.82929208169903 profile1
417 46.833526 -2.81119401071743 profile1
418 46.838536 -2.78935118381209 profile1
419 46.843545 -2.76151280071865 profile1
420 46.848554 -2.72808958187103 profile1
421 46.853564 -2.68992280886836 profile1
422 46.921126 -2.64850510509669 profile1
423 47.021298 -2.67863358821578 profile1
424 47.023709 -2.72114757436713 profile1
425 47.02612 -2.76152330345932 profile1
426 47.035721 -2.77789261631085 profile1
427 47.160161 -2.98451906384341 profile1
428 47.295389 -3.09391069449553 profile1
429 47.430616 -3.10067024992384 profile1
430 47.565843 -3.12125535109096 profile1
431 47.70107 -3.1432931720516 profile1
432 47.836298 -3.2009590515607 profile1
433 47.971525 -3.26932174378698 profile1
434 48.106752 -3.29090957608084 profile1
435 48.24198 -3.31142516727216 profile1
436 48.377207 -3.33249122330897 profile1
437 48.474506 -3.35371972315586 profile1
438 48.553159 -3.3749957744986 profile1
439 48.631813 -3.39637717375834 profile1
440 48.717003 -3.41791119025288 profile1
441 48.805261 -3.44301716596187 profile1
442 48.89352 -3.4889810134173 profile1
443 48.982344 -3.50867088272088 profile1
444 49.13026 -3.47496951806711 profile1
445 49.161395 -3.48865425246786 profile1
446 49.168603 -3.37155418485192 profile1
447 49.175812 -3.26718939835418 profile1
448 49.276939 -3.31442659074863 profile1
449 49.413086 -3.71459824321668 profile1
450 49.549232 -4.00658018468909 profile1
451 49.611939 -4.04371838405023 profile1
452 49.614662 -4.10540183178591 profile1
453 49.617384 -4.15925962878959 profile1
454 49.620107 -4.1635913423896 profile1
455 49.62283 -4.17101628164337 profile1
456 49.625553 -4.18149840386907 profile1
457 49.628276 -4.19498072663545 profile1
458 49.638989 -4.20984598180512 profile1
459 49.65723 -4.23060242504789 profile1
460 49.660035 -4.24972089768811 profile1
461 49.66284 -4.2704419447771 profile1
462 49.665644 -4.29265282604805 profile1
463 49.668449 -4.31622662632687 profile1
464 49.671254 -4.34102449771574 profile1
465 49.674058 -4.36689817983281 profile1
466 49.695383 -4.39372771261063 profile1
467 49.798204 -4.40293674919948 profile1
468 49.807433 -4.41022970198236 profile1
469 49.816662 -4.41732334540816 profile1
470 49.911484 -4.68415971601966 profile1
471 50.08976 -4.76890282366299 profile1
472 50.121095 -4.78183210520858 profile1
473 50.152431 -4.79505038149339 profile1
474 50.173971 -4.80897198098928 profile1
475 50.177001 -4.8232359205899 profile1
476 50.180031 -5.10791001410223 profile1
477 50.183061 -5.21651577240542 profile1
478 50.18609 -5.21697488189632 profile1
479 50.18912 -5.21778396958459 profile1
480 50.19215 -5.21625887046518 profile1
481 50.295327 -5.24646696053412 profile1
482 50.302108 -5.26695837296873 profile1
483 50.308889 -5.28748880089026 profile1
484 50.311001 -5.30799835680781 profile1
485 40.751751 0.0664132727203161 profile2
486 40.852649 -0.260957852400541 profile2
487 40.963726 -0.179883171444615 profile2
488 41.071368 -0.178209384448242 profile2
489 41.130258 -0.176001224480124 profile2
490 41.189147 -0.173686075531033 profile2
491 41.248037 -0.171269286349113 profile2
492 41.306927 -0.168881057678937 profile2
493 41.376781 -0.169121985141301 profile2
494 41.466542 -0.172556569640827 profile2
495 41.467199 -0.175883610569958 profile2
496 41.467856 -0.178920635375961 profile2
497 41.535355 -0.178182814708906 profile2
498 41.812857 -0.242980739795831 profile2
499 42.090359 -0.245959858525705 profile2
500 42.192627 -0.251242090340403 profile2
501 42.292082 -0.259062467450929 profile2
502 42.391537 -0.266413759301551 profile2
503 42.490992 -0.274005848233562 profile2
504 42.590447 -0.27823769210129 profile2
505 42.689901 -0.281805401209327 profile2
506 42.789356 -0.28554318754484 profile2
507 42.929723 -0.289365625731097 profile2
508 43.030511 -0.283999826059932 profile2
509 43.09059 -0.274868610630444 profile2
510 43.150669 -0.269677845106078 profile2
511 43.210748 -0.269050372889775 profile2
512 43.265979 -0.272988307181923 profile2
513 43.296031 -0.278872024125267 profile2
514 43.336485 0.31697263889179 profile2
515 43.376939 0.31161630238052 profile2
516 43.399199 -0.000314405834706449 profile2
517 43.400566 -0.165860851624973 profile2
518 43.401932 -0.068791166231945 profile2
519 43.416832 -0.070569024876836 profile2
520 43.545216 -0.107864479187512 profile2
521 43.659927 -0.113392275890315 profile2
522 43.662301 -0.122650300568732 profile2
523 43.664677 -0.131848867874549 profile2
524 43.66789 -0.143921247792316 profile2
525 43.746502 -0.405830862560727 profile2
526 43.811623 -0.638989045937158 profile2
527 43.828159 -0.691248883720386 profile2
528 43.836311 -0.745949192801181 profile2
529 43.838406 -0.768346834419742 profile2
530 43.840501 -0.661890016352626 profile2
531 43.844466 -0.598538074235961 profile2
532 43.861003 -0.586021581453444 profile2
533 43.901546 -0.605702989008686 profile2
534 43.980158 -0.404550380830444 profile2
535 44.020771 -0.229027173268121 profile2
536 44.053303 -0.176220886266836 profile2
537 44.085836 -0.142031008408105 profile2
538 44.138903 -0.0920937249874957 profile2
539 44.294495 -0.103224919959093 profile2
540 44.317834 -0.0802118753490779 profile2
541 44.341174 -0.0386330582247772 profile2
542 44.364954 0.0445325759706806 profile2
543 44.431929 0.248285370439893 profile2
544 44.438774 0.230029487873678 profile2
545 44.445619 0.228467202746557 profile2
546 44.482294 0.184872894212685 profile2
547 44.551043 0.102618710104933 profile2
548 44.564207 0.103703882134463 profile2
549 44.568298 0.105129725939125 profile2
550 44.572388 0.10977610321239 profile2
551 44.576479 0.115234794034528 profile2
552 44.58057 0.125369206310968 profile2
553 44.584661 0.130784346371457 profile2
554 44.588908 0.13774390408118 profile2
555 44.596324 0.150660568340324 profile2
556 44.603741 0.149632086070747 profile2
557 44.608283 0.138077210236249 profile2
558 44.609389 0.125594542942281 profile2
559 44.610566 0.112243281229538 profile2
560 44.612126 0.0981004394453578 profile2
561 44.618941 0.0832580832794647 profile2
562 44.625756 0.0678199660764006 profile2
563 44.632571 0.072831141991406 profile2
564 44.721343 0.0619596108755793 profile2
565 44.725576 0.0108679725992804 profile2
566 44.729808 -0.0657968195755719 profile2
567 44.761322 -0.149934435120917 profile2
568 44.780832 -0.176605014717052 profile2
569 44.800342 0.0719099710371427 profile2
570 44.819852 0.24645008411787 profile2
571 44.838742 0.37560040543012 profile2
572 44.856652 0.385961789818593 profile2
573 44.867332 0.393963956233899 profile2
574 44.874623 0.39959988170517 profile2
575 44.881915 0.402866032588633 profile2
576 44.889206 0.403767085165001 profile2
577 44.896497 0.352933369696205 profile2
578 44.940291 -1.09377508595717 profile2
579 44.995858 -1.07822609854468 profile2
580 45.051425 -1.05512426147268 profile2
581 45.101619 -1.03126407031728 profile2
582 45.106404 -1.00778579315162 profile2
583 45.111189 -0.986763124307157 profile2
584 45.144068 -0.966572339029261 profile2
585 45.165 -0.966638137192581 profile2
586 45.174292 -0.966448928732424 profile2
587 45.183584 -0.966309673472769 profile2
588 45.206863 -0.966111186785803 profile2
589 45.270542 -0.98112373070812 profile2
590 45.33422 -0.988245230288147 profile2
591 45.420117 -0.869619023362943 profile2
592 45.434499 -0.80878556265475 profile2
593 45.438006 -0.749938505328808 profile2
594 45.441513 -0.696099745030193 profile2
595 45.445019 -0.648429798372024 profile2
596 45.448526 -0.603267319098525 profile2
597 45.452033 -0.560900435117508 profile2
598 45.455539 -0.525563171127072 profile2
599 45.458985 -0.487000472577376 profile2
600 45.460636 -0.451531347119459 profile2
601 45.462287 -0.422660651438266 profile2
602 45.463938 -0.414968634722252 profile2
603 45.465589 -0.418362233003791 profile2
604 45.46724 -0.423315427821803 profile2
605 45.470001 -0.429818691953847 profile2
606 45.474942 -0.437858159976876 profile2
607 45.479882 -0.447414451696841 profile2
608 45.484823 -0.458464515210738 profile2
609 45.489764 -0.470980759421739 profile2
610 45.494704 -0.484931629255809 profile2
611 45.499645 -0.500320220646874 profile2
612 45.504585 -0.533237153509698 profile2
613 45.622192 -0.535476240521274 profile2
614 45.689416 0.0511877120948031 profile2
615 45.705169 0.0705853587851936 profile2
616 45.720922 0.140432574167585 profile2
617 46.0005425 -0.422050754167299 profile2
618 46.280163 -0.42595803763443 profile2
619 46.288948 -0.868222445401686 profile2
620 46.297732 -0.992476560425201 profile2
621 46.306516 -1.00781441243 profile2
622 46.315301 -1.02009476807774 profile2
623 46.32335 -1.05621381131424 profile2
624 46.326762 -1.14510081134583 profile2
625 46.330173 -1.27396528474503 profile2
626 46.333584 -1.36762164230045 profile2
627 46.336995 -1.38066569939973 profile2
628 46.341532 -1.39736579126843 profile2
629 46.350316 -1.41641349031718 profile2
630 46.358463 -1.43553864107662 profile2
631 46.360127 -1.44660851982429 profile2
632 46.36179 -1.45896128276666 profile2
633 46.363103 -1.47259227488914 profile2
634 46.364052 -1.48749391184011 profile2
635 46.364976 -1.50365560581811 profile2
636 46.365522 -1.5210637759297 profile2
637 46.366069 -1.53970187385646 profile2
638 46.366615 -1.55955031269411 profile2
639 46.367161 -1.58058703012688 profile2
640 46.367707 -1.60278665210037 profile2
641 46.368253 -1.62612137507539 profile2
642 46.368799 -1.6489501574828 profile2
643 46.485003 -2.52406884741354 profile2
644 46.557864 -2.4935012071644 profile2
645 46.610522 -2.47438974275705 profile2
646 46.616448 -2.45117812317766 profile2
647 46.622375 -2.42725970753161 profile2
648 46.628301 -2.40266507715906 profile2
649 46.687297 -2.37743055370568 profile2
650 46.730117 -2.35583584282022 profile2
651 46.732363 -2.34263291886093 profile2
652 46.73461 -2.33087826009618 profile2
653 46.736857 -2.32075291406633 profile2
654 46.739103 -2.31232368518052 profile2
655 46.74135 -2.30291068472274 profile2
656 46.750658 -2.27527468692198 profile2
657 46.815826 -2.17388171811429 profile2
658 46.828517 -1.98417910669857 profile2
659 46.833526 -1.80720600950921 profile2
660 46.838536 -1.65143468661007 profile2
661 46.843545 -1.50755904852881 profile2
662 46.848554 -1.37791184336346 profile2
663 46.853564 -1.26396282148622 profile2
664 46.921126 -1.16631787078295 profile2
665 47.021298 -1.50339075816279 profile2
666 47.023709 -1.43896922137103 profile2
667 47.02612 -1.38584302424461 profile2
668 47.035721 -1.37162632503809 profile2
669 47.160161 -1.36894098544599 profile2
670 47.295389 -1.34851813474028 profile2
671 47.430616 -1.33670094801715 profile2
672 47.565843 -1.33114337061203 profile2
673 47.70107 -1.32606421439197 profile2
674 47.836298 -1.41703814694583 profile2
675 47.971525 -1.534956913738 profile2
676 48.106752 -1.52889982683081 profile2
677 48.24198 -1.52406766562608 profile2
678 48.377207 -1.52019996237433 profile2
679 48.474506 -1.51701054411422 profile2
680 48.553159 -1.51454299832567 profile2
681 48.631813 -1.5124578134969 profile2
682 48.717003 -1.51072894980051 profile2
683 48.805261 -1.54307769823639 profile2
684 48.89352 -1.50977098531706 profile2
685 48.982344 -1.31183095594373 profile2
686 49.13026 -1.29924502441014 profile2
687 49.161395 -1.28949623309503 profile2
688 49.168603 -1.35064097443214 profile2
689 49.175812 -1.50553229733925 profile2
690 49.276939 -1.73191419887303 profile2
691 49.413086 -1.81811302438855 profile2
692 49.549232 -2.21759992993546 profile2
693 49.611939 -2.18137180778998 profile2
694 49.614662 -2.13245271685584 profile2
695 49.617384 -2.0956256059228 profile2
696 49.620107 -2.11052422823643 profile2
697 49.62283 -2.12583907103367 profile2
698 49.625553 -2.14149081132835 profile2
699 49.628276 -2.15740120921945 profile2
700 49.638989 -2.1774962990698 profile2
701 49.65723 -2.19046164466998 profile2
702 49.660035 -2.18880363436582 profile2
703 49.66284 -2.18509833442075 profile2
704 49.665644 -2.17935101383807 profile2
705 49.668449 -2.17159019348666 profile2
706 49.671254 -2.16186687594283 profile2
707 49.674058 -2.15025315881406 profile2
708 49.695383 -2.13691502618654 profile2
709 49.798204 -2.13282876213447 profile2
710 49.807433 -2.13033336622495 profile2
711 49.816662 -2.13013465340863 profile2
712 49.911484 -1.98470557489599 profile2
713 50.08976 -2.62646456020174 profile2
714 50.121095 -2.60310947277368 profile2
715 50.152431 -2.58164334513852 profile2
716 50.173971 -2.56217928846999 profile2
717 50.177001 -2.54487789326962 profile2
718 50.180031 -2.38298250763703 profile2
719 50.183061 -2.31285964122813 profile2
720 50.18609 -2.3066418280107 profile2
721 50.18912 -2.30056284594471 profile2
722 50.19215 -2.29172891908862 profile2
723 50.295327 -2.31149330290428 profile2
724 50.302108 -2.30628215627362 profile2
725 50.308889 -2.30188929045598 profile2
726 50.311001 -2.29839123746624 profile2
