marker_position lod trace
1 40.751751 -6.24627775300647 pleio
2 40.852649 -5.96106393041098 pleio
3 40.963726 -6.29652017524204 pleio
4 41.071368 -6.31318544273135 pleio
5 41.130258 -6.32892938454278 pleio
6 41.189147 -6.34429707787066 pleio
7 41.248037 -6.35926623102647 pleio
8 41.306927 -6.37358712060815 pleio
9 41.376781 -6.38146699986421 pleio
10 41.466542 -6.37814093125316 pleio
11 41.467199 -6.37479648255221 pleio
12 41.467856 -6.37186629063231 pleio
13 41.535355 -6.35966769094664 pleio
14 41.812857 -6.3735308703975 pleio
15 42.090359 -6.37271171195217 pleio
16 42.192627 -6.35851093988494 pleio
17 42.292082 -6.31272353304515 pleio
18 42.391537 -6.28929176362258 pleio
19 42.490992 -6.29487237623967 pleio
20 42.590447 -6.27844064548043 pleio
21 42.689901 -6.26265189496852 pleio
22 42.789356 -6.24751015984185 pleio
23 42.929723 -6.2330430651553 pleio
24 43.030511 -6.23362894109348 pleio
25 43.09059 -6.24791354178071 pleio
26 43.150669 -6.26571244715919 pleio
27 43.210748 -6.28670873545306 pleio
28 43.265979 -6.31074266709805 pleio
29 43.296031 -6.34032557692767 pleio
30 43.336485 -6.5899283817055 pleio
31 43.376939 -6.60679623111951 pleio
32 43.399199 -6.25388689569907 pleio
33 43.400566 -5.84573408265438 pleio
34 43.401932 -5.8090211784401 pleio
35 43.416832 -5.78349283194124 pleio
36 43.545216 -5.73654428297669 pleio
37 43.659927 -5.73487966287832 pleio
38 43.662301 -5.73178778068974 pleio
39 43.664677 -5.72917457451868 pleio
40 43.66789 -5.7288372379477 pleio
41 43.746502 -5.58862194229333 pleio
42 43.811623 -5.49209510413614 pleio
43 43.828159 -5.48416893559545 pleio
44 43.836311 -5.47831652776743 pleio
45 43.838406 -5.44233826100641 pleio
46 43.840501 -5.2220099662558 pleio
47 43.844466 -4.93785189557709 pleio
48 43.861003 -4.61193999044313 pleio
49 43.901546 -4.33223355917723 pleio
50 43.980158 -4.15821828024455 pleio
51 44.020771 -3.819019171261 pleio
52 44.053303 -3.7029387727252 pleio
53 44.085836 -3.66148360321465 pleio
54 44.138903 -3.68749828766129 pleio
55 44.294495 -3.64024478221012 pleio
56 44.317834 -3.62681550766747 pleio
57 44.341174 -3.62856791427143 pleio
58 44.364954 -3.63615938113546 pleio
59 44.431929 -3.1088042509798 pleio
60 44.438774 -3.01923133207506 pleio
61 44.445619 -2.98264333373917 pleio
62 44.482294 -3.21675523778314 pleio
63 44.551043 -3.40435483757859 pleio
64 44.564207 -3.19860128408056 pleio
65 44.568298 -2.99132016469201 pleio
66 44.572388 -2.78503027661336 pleio
67 44.576479 -2.58006558628527 pleio
68 44.58057 -2.37970788501088 pleio
69 44.584661 -2.18735087336977 pleio
70 44.588908 -2.00915439231811 pleio
71 44.596324 -1.84107733231055 pleio
72 44.603741 -1.67459176080214 pleio
73 44.608283 -1.51201647123728 pleio
74 44.609389 -1.35938182474569 pleio
75 44.610566 -1.21767570578126 pleio
76 44.612126 -1.0877150689352 pleio
77 44.618941 -0.970127978546789 pleio
78 44.625756 -0.865343756061279 pleio
79 44.632571 -0.780700243750126 pleio
80 44.721343 -0.707449465742636 pleio
81 44.725576 -0.633148067198339 pleio
82 44.729808 -0.574723014410936 pleio
83 44.761322 -0.528718223554573 pleio
84 44.780832 -0.490321505413735 pleio
85 44.800342 -0.230155037062932 pleio
86 44.819852 0 pleio
87 44.838742 -0.050369025431815 pleio
88 44.856652 -0.086927776085126 pleio
89 44.867332 -0.126636077680371 pleio
90 44.874623 -0.169243841101047 pleio
91 44.881915 -0.214692848089715 pleio
92 44.889206 -0.262924672536048 pleio
93 44.896497 -0.291225006645463 pleio
94 44.940291 -0.231227456271135 pleio
95 44.995858 -0.184209815201051 pleio
96 45.051425 -0.12504793447803 pleio
97 45.101619 -0.0945746293818999 pleio
98 45.106404 -0.0848855425605586 pleio
99 45.111189 -0.0846110862431196 pleio
100 45.144068 -0.0867006332926734 pleio
101 45.165 -0.100021755826917 pleio
102 45.174292 -0.118554910213945 pleio
103 45.183584 -0.142559829303164 pleio
104 45.206863 -0.160773783755026 pleio
105 45.270542 -0.702110776217178 pleio
106 45.33422 -0.81264726163603 pleio
107 45.420117 -0.997939683979163 pleio
108 45.434499 -0.835970870962601 pleio
109 45.438006 -0.684481905101395 pleio
110 45.441513 -0.586502696691691 pleio
111 45.445019 -0.556573970716871 pleio
112 45.448526 -0.530371325154475 pleio
113 45.452033 -0.507794474514444 pleio
114 45.455539 -0.722938705059408 pleio
115 45.458985 -0.562471546657488 pleio
116 45.460636 -0.457406574524702 pleio
117 45.462287 -0.447862175455098 pleio
118 45.463938 -0.42898419418142 pleio
119 45.465589 -0.405403724836911 pleio
120 45.46724 -0.383328078750013 pleio
121 45.470001 -0.362781799768926 pleio
122 45.474942 -0.343784205737922 pleio
123 45.479882 -0.326359731939197 pleio
124 45.484823 -0.310523303460014 pleio
125 45.489764 -0.296288658264025 pleio
126 45.494704 -0.283664894710977 pleio
127 45.499645 -0.272984653813719 pleio
128 45.504585 -0.376699339491386 pleio
129 45.622192 -0.909212050671338 pleio
130 45.689416 -0.615284131653179 pleio
131 45.705169 -0.629855068636134 pleio
132 45.720922 -0.809876849809168 pleio
133 46.0005425 -0.833036996088865 pleio
134 46.280163 -1.12616272221862 pleio
135 46.288948 -1.16414452692425 pleio
136 46.297732 -1.20588614545858 pleio
137 46.306516 -1.17340028941784 pleio
138 46.315301 -1.14397146217577 pleio
139 46.32335 -1.12643368485332 pleio
140 46.326762 -1.1823659023196 pleio
141 46.330173 -1.31890937291683 pleio
142 46.333584 -1.46630577032623 pleio
143 46.336995 -1.55367417647245 pleio
144 46.341532 -1.65177726596853 pleio
145 46.350316 -1.75600518850831 pleio
146 46.358463 -1.84755917108789 pleio
147 46.360127 -1.8809167563842 pleio
148 46.36179 -1.91727130948408 pleio
149 46.363103 -1.95661517437219 pleio
150 46.364052 -1.99893345432564 pleio
151 46.364976 -2.04420431384461 pleio
152 46.365522 -2.092398963647 pleio
153 46.366069 -2.14348168553048 pleio
154 46.366615 -2.1974104589342 pleio
155 46.367161 -2.25413462469094 pleio
156 46.367707 -2.31359918601345 pleio
157 46.368253 -2.37574156717839 pleio
158 46.368799 -2.43440556188075 pleio
159 46.485003 -3.60642280140798 pleio
160 46.557864 -3.67225714451528 pleio
161 46.610522 -3.65608793080835 pleio
162 46.616448 -3.6219348573282 pleio
163 46.622375 -3.58867351289895 pleio
164 46.628301 -3.55643094126309 pleio
165 46.687297 -3.52533493192288 pleio
166 46.730117 -3.5013952092127 pleio
167 46.732363 -3.49427683652219 pleio
168 46.73461 -3.49543688626534 pleio
169 46.736857 -3.50513694001308 pleio
170 46.739103 -3.52329986655585 pleio
171 46.74135 -3.54330184528919 pleio
172 46.750658 -3.52340331893089 pleio
173 46.815826 -3.49736887842869 pleio
174 46.828517 -3.60128740052128 pleio
175 46.833526 -3.65069732198521 pleio
176 46.838536 -3.65853885092858 pleio
177 46.843545 -3.68017285356831 pleio
178 46.848554 -3.71446553176336 pleio
179 46.853564 -3.75984577366174 pleio
180 46.921126 -3.81447873906819 pleio
181 47.021298 -3.73444606822645 pleio
182 47.023709 -3.80538647219455 pleio
183 47.02612 -3.89394178700634 pleio
184 47.035721 -3.88146475567692 pleio
185 47.160161 -3.92670954744318 pleio
186 47.295389 -3.95280313581109 pleio
187 47.430616 -3.94584779001071 pleio
188 47.565843 -3.96148009054306 pleio
189 47.70107 -3.98859204156971 pleio
190 47.836298 -4.17664093849846 pleio
191 47.971525 -4.3912690827627 pleio
192 48.106752 -4.4077395426198 pleio
193 48.24198 -4.42355639860664 pleio
194 48.377207 -4.4412752798626 pleio
195 48.474506 -4.45930617375475 pleio
196 48.553159 -4.47762662938914 pleio
197 48.631813 -4.49631120445999 pleio
198 48.717003 -4.51520913679284 pleio
199 48.805261 -4.49279582185318 pleio
200 48.89352 -4.54070435644811 pleio
201 48.982344 -4.85157219713664 pleio
202 49.13026 -4.87865732255888 pleio
203 49.161395 -4.87590236558135 pleio
204 49.168603 -4.95223388474275 pleio
205 49.175812 -5.13780105314572 pleio
206 49.276939 -5.03444220712778 pleio
207 49.413086 -4.8028999119061 pleio
208 49.549232 -5.23213446827865 pleio
209 49.611939 -5.19550129330914 pleio
210 49.614662 -5.14874163352732 pleio
211 49.617384 -5.11486480280704 pleio
212 49.620107 -5.10673073065409 pleio
213 49.62283 -5.10045923675098 pleio
214 49.625553 -5.09610383642945 pleio
215 49.628276 -5.09370563066079 pleio
216 49.638989 -5.09232947093539 pleio
217 49.65723 -5.08271530166922 pleio
218 49.660035 -5.0696593029053 pleio
219 49.66284 -5.05689564875997 pleio
220 49.665644 -5.04456495992976 pleio
221 49.668449 -5.03280250907128 pleio
222 49.671254 -5.02173547576731 pleio
223 49.674058 -5.01148049500888 pleio
224 49.695383 -5.00283790592437 pleio
225 49.798204 -5.00649163329956 pleio
226 49.807433 -5.00939079293793 pleio
227 49.816662 -5.01052137168843 pleio
228 49.911484 -5.41181550403425 pleio
229 50.08976 -6.70791298285577 pleio
230 50.121095 -6.70638615301546 pleio
231 50.152431 -6.70559827886945 pleio
232 50.173971 -6.70486339220455 pleio
233 50.177001 -6.70489782189392 pleio
234 50.180031 -6.41910457683759 pleio
235 50.183061 -6.38888854277814 pleio
236 50.18609 -6.39902620315181 pleio
237 50.18912 -6.41258654650632 pleio
238 50.19215 -6.49917724516108 pleio
239 50.295327 -6.50317723769585 pleio
240 50.302108 -6.5040621941113 pleio
241 50.308889 -6.50582657419341 pleio
242 50.311001 -6.50851585388946 pleio
243 44.800342 0.125764352464502 profile1
244 44.819852 0.134772957113384 profile1
245 44.838742 0.0445583440172503 profile1
246 44.856652 -0.0073693278901139 profile1
247 44.867332 -0.062567491825539 profile1
248 44.874623 -0.120887406395509 profile1
249 44.881915 -0.182213182002165 profile1
250 44.889206 -0.246413800808501 profile1
251 40.751751 -2.14571246876266 profile1
252 40.852649 -1.78626753821613 profile1
253 40.963726 -1.98801501189592 profile1
254 41.071368 -2.0018098814 profile1
255 41.130258 -2.01541264633504 profile1
256 41.189147 -2.02874470542907 profile1
257 41.248037 -2.04179063664485 profile1
258 41.306927 -2.05441129853654 profile1
259 41.376781 -2.06322410776081 profile1
260 41.466542 -2.06490614172824 profile1
261 41.467199 -2.06655683454569 profile1
262 41.467856 -2.06627068568011 profile1
263 41.535355 -2.06359082460105 profile1
264 41.812857 -2.66521609370787 profile1
265 42.090359 -2.66387659417054 profile1
266 42.192627 -2.65533818063633 profile1
267 42.292082 -2.6410545340837 profile1
268 42.391537 -2.62984380404587 profile1
269 42.490992 -2.6228476825985 profile1
270 42.590447 -2.61128092955334 profile1
271 42.689901 -2.60089104219757 profile1
272 42.789356 -2.5910104448534 profile1
273 42.929723 -2.58177106967966 profile1
274 43.030511 -2.59831402564352 profile1
275 43.09059 -2.6355481259082 profile1
276 43.150669 -2.67481214439054 profile1
277 43.210748 -2.7157297084155 profile1
278 43.265979 -2.75807637875993 profile1
279 43.296031 -2.8025117195847 profile1
280 43.336485 -2.89850823252344 profile1
281 43.376939 -2.91702311943643 profile1
282 43.399199 -2.90101372989862 profile1
283 43.400566 -2.8755021206381 profile1
284 43.401932 -2.9209584507158 profile1
285 43.416832 -2.96418622181154 profile1
286 43.545216 -2.9490194433244 profile1
287 43.659927 -2.94860220583608 profile1
288 43.662301 -2.94854422312748 profile1
289 43.664677 -2.94886584815773 profile1
290 43.66789 -2.94930845561657 profile1
291 43.746502 -2.93748874002055 profile1
292 43.811623 -2.91557398649737 profile1
293 43.828159 -2.89419293609215 profile1
294 43.836311 -2.87521754751034 profile1
295 43.838406 -2.83749165065891 profile1
296 43.840501 -2.67949943663396 profile1
297 43.844466 -2.48456140782778 profile1
298 43.861003 -2.268087538587 profile1
299 43.901546 -2.08762413997482 profile1
300 43.980158 -1.94251988849864 profile1
301 44.020771 -1.69268535416893 profile1
302 44.053303 -1.64416642906521 profile1
303 44.085836 -1.65825823465368 profile1
304 44.138903 -1.6731176101897 profile1
305 44.294495 -1.60537368491581 profile1
306 44.317834 -1.58326262839917 profile1
307 44.341174 -1.5755659335851 profile1
308 44.364954 -1.55503303116565 profile1
309 44.431929 -1.41088327057368 profile1
310 44.438774 -1.32981441022399 profile1
311 44.445619 -1.2593791918683 profile1
312 44.482294 -1.41299258319728 profile1
313 44.551043 -1.54399857989128 profile1
314 44.564207 -1.40637704785144 profile1
315 44.568298 -1.26767523379355 profile1
316 44.572388 -1.1254598901499 profile1
317 44.576479 -0.982934429365815 profile1
318 44.58057 -0.8364507323972 profile1
319 44.584661 -0.695835508098039 profile1
320 44.588908 -0.55950745152951 profile1
321 44.596324 -0.420352756626539 profile1
322 44.603741 -0.302567069052626 profile1
323 44.608283 -0.203736072686611 profile1
324 44.609389 -0.112327736917523 profile1
325 44.610566 -0.0289237606450803 profile1
326 44.612126 0.0460238113700071 profile1
327 44.618941 0.112202601670769 profile1
328 44.625756 0.169443869424938 profile1
329 44.632571 0.205924912736519 profile1
330 44.721343 0.211394459520246 profile1
331 44.725576 0.173318959875218 profile1
332 44.729808 0.124292795496353 profile1
333 44.761322 0.0845827417240387 profile1
334 44.780832 0.0892837211273896 profile1
335 44.896497 -0.289623735980407 profile1
336 44.940291 0.160615317905839 profile1
337 44.995858 0.17151867855205 profile1
338 45.051425 0.18070649095365 profile1
339 45.101619 0.174927086435537 profile1
340 45.106404 0.156494604032524 profile1
341 45.111189 0.130900545221439 profile1
342 45.144068 0.109792109422907 profile1
343 45.165 0.105007726381052 profile1
344 45.174292 0.0963469792533393 profile1
345 45.183584 0.0829723917145773 profile1
346 45.206863 0.072374934722819 profile1
347 45.270542 -0.318358894977322 profile1
348 45.33422 -0.416607211644836 profile1
349 45.420117 -0.451961317721258 profile1
350 45.434499 -0.341722421641149 profile1
351 45.438006 -0.236152447849811 profile1
352 45.441513 -0.162522593781243 profile1
353 45.445019 -0.131930435037037 profile1
354 45.448526 -0.104419430165609 profile1
355 45.452033 -0.0799716921759951 profile1
356 45.455539 -0.0612363904403342 profile1
357 45.458985 -0.0392631317914502 profile1
358 45.460636 -0.0204031170800157 profile1
359 45.462287 -0.00755411969976365 profile1
360 45.463938 0.00926368599006889 profile1
361 45.465589 0.0280068413508627 profile1
362 45.46724 0.0454005803443319 profile1
363 45.470001 0.0614283534875502 profile1
364 45.474942 0.0760774119196909 profile1
365 45.479882 0.0893400570811073 profile1
366 45.484823 0.101211831850175 profile1
367 45.489764 0.111692462034545 profile1
368 45.494704 0.120785340437376 profile1
369 45.499645 0.126235148019952 profile1
370 45.504585 0.015767490255251 profile1
371 45.622192 -0.517957238665292 profile1
372 45.689416 -0.469144286992313 profile1
373 45.705169 -0.48978833244361 profile1
374 45.720922 -0.623568215031488 profile1
375 46.0005425 -0.570038999598178 profile1
376 46.280163 -1.01654664119831 profile1
377 46.288948 -1.13010083776449 profile1
378 46.297732 -1.17564889775843 profile1
379 46.306516 -1.15868525152358 profile1
380 46.315301 -1.14397146217577 profile1
381 46.32335 -1.12264223519424 profile1
382 49.168603 -2.1099745429797 profile1
383 49.175812 -2.32721427207338 profile1
384 49.276939 -2.35359422671052 profile1
385 49.413086 -2.49712633418086 profile1
386 49.549232 -3.25285112491165 profile1
387 49.611939 -3.26439506355714 profile1
388 49.614662 -3.28972701397609 profile1
389 49.617384 -3.30674549461443 profile1
390 49.620107 -3.29180581406405 profile1
391 49.62283 -3.277953241366 profile1
392 49.625553 -3.26524509093636 profile1
393 49.628276 -3.25373195986674 profile1
394 49.638989 -3.24187265643639 profile1
395 49.65723 -3.21162265125272 profile1
396 49.660035 -3.17257662657499 profile1
397 49.66284 -3.13329493136637 profile1
398 49.665644 -3.09397682624789 profile1
399 49.668449 -3.05481985097805 profile1
400 49.671254 -3.01601598183416 profile1
401 49.674058 -2.97774805675087 profile1
402 49.695383 -2.94017459660799 profile1
403 49.798204 -2.93114658232977 profile1
404 49.807433 -2.92436287618411 profile1
405 49.816662 -2.91612872663315 profile1
406 49.911484 -2.87989732352744 profile1
407 50.08976 -3.63957428157937 profile1
408 50.121095 -3.62152533884082 profile1
409 50.152431 -3.60370338586224 profile1
410 50.173971 -3.58587157701507 profile1
411 50.177001 -3.56828550046833 profile1
412 50.180031 -3.44371466807245 profile1
413 50.183061 -3.40123139293215 profile1
414 50.18609 -3.38024527033213 profile1
415 50.18912 -3.35910419262112 profile1
416 50.19215 -3.33726991836575 profile1
417 50.295327 -3.3670469291892 profile1
418 50.302108 -3.36071615933518 profile1
419 50.308889 -3.35537667868206 profile1
420 50.311001 -3.35105335949836 profile1
421 46.326762 -1.12730385496795 profile1
422 46.330173 -1.16805643331704 profile1
423 46.333584 -1.21928098619583 profile1
424 46.336995 -1.24917993606882 profile1
425 46.341532 -1.29019421909529 profile1
426 46.350316 -1.33923588404563 profile1
427 46.358463 -1.37781037716283 profile1
428 46.360127 -1.36535734859684 profile1
429 46.36179 -1.354708634878 profile1
430 46.363103 -1.34590566279978 profile1
431 46.364052 -1.33898513132652 profile1
432 46.364976 -1.33397879159203 profile1
433 46.365522 -1.33091325720988 profile1
434 46.366069 -1.32980984576196 profile1
435 46.366615 -1.33068444753971 profile1
436 46.367161 -1.33354746242027 profile1
437 46.367707 -1.3384036881762 profile1
438 46.368253 -1.34525235564323 profile1
439 46.368799 -1.350263330645 profile1
440 46.485003 -1.3396212351626 profile1
441 46.557864 -1.31070974921772 profile1
442 46.610522 -1.28211360122489 profile1
443 46.616448 -1.25364703179909 profile1
444 46.622375 -1.22585162481177 profile1
445 46.628301 -1.19884630075486 profile1
446 46.687297 -1.1727503898893 profile1
447 46.730117 -1.14866479505388 profile1
448 46.732363 -1.12953752059487 profile1
449 46.73461 -1.1153407512827 profile1
450 46.736857 -1.10592793982293 profile1
451 46.739103 -1.101280494467 profile1
452 46.74135 -1.09895055749888 profile1
453 46.750658 -1.0830277955351 profile1
454 46.815826 -1.07576681452617 profile1
455 46.828517 -1.16247303172944 profile1
456 46.833526 -1.21390274471884 profile1
457 46.838536 -1.24812507056964 profile1
458 46.843545 -1.28890622222075 profile1
459 46.848554 -1.33454215931327 profile1
460 46.853564 -1.38335103609873 profile1
461 46.921126 -1.43403922481907 profile1
462 47.021298 -1.55550083736061 profile1
463 47.023709 -1.5511468225718 profile1
464 47.02612 -1.56272699687298 profile1
465 47.035721 -1.54095679963682 profile1
466 47.160161 -1.56226119064798 profile1
467 47.295389 -1.59666521638009 profile1
468 47.430616 -1.61495636789071 profile1
469 47.565843 -1.63070413422499 profile1
470 47.70107 -1.64744332248609 profile1
471 47.836298 -1.69028075236152 profile1
472 47.971525 -1.7593864157748 profile1
473 48.106752 -1.77646058651602 profile1
474 48.24198 -1.79231297197105 profile1
475 48.377207 -1.80979996959628 profile1
476 48.474506 -1.82741824991768 profile1
477 48.553159 -1.84517435394402 profile1
478 48.631813 -1.86324691303174 profile1
479 48.717003 -1.8814247180713 profile1
480 48.805261 -1.8527160374824 profile1
481 48.89352 -1.85613480512056 profile1
482 48.982344 -1.99477966214043 profile1
483 49.13026 -1.99394956422932 profile1
484 49.161395 -2.00403991481638 profile1
485 40.751751 -5.1340244476254 profile2
486 40.852649 -5.13285486794901 profile2
487 40.963726 -5.23552116055298 profile2
488 41.071368 -5.23927379770641 profile2
489 41.130258 -5.24236205869861 profile2
490 41.189147 -5.24513957048153 profile2
491 41.248037 -5.24760097368846 profile2
492 41.306927 -5.24963852048807 profile2
493 41.376781 -5.24923539640029 profile2
494 41.466542 -5.24664875351397 profile2
495 41.467199 -5.24407631811663 profile2
496 41.467856 -5.24305442546806 profile2
497 41.535355 -5.23202992142738 profile2
498 41.812857 -4.61897286440719 profile2
499 42.090359 -4.61947096953228 profile2
500 42.192627 -4.61464389707197 profile2
501 42.292082 -4.58651664849782 profile2
502 42.391537 -4.57514933399746 profile2
503 42.490992 -4.58558453790691 profile2
504 42.590447 -4.58046887530153 profile2
505 42.689901 -4.57451575544842 profile2
506 42.789356 -4.5685067541972 profile2
507 42.929723 -4.56232646619969 profile2
508 43.030511 -4.54089705667747 profile2
509 43.09059 -4.50990736829674 profile2
510 43.150669 -4.48134112220515 profile2
511 43.210748 -4.45535634725922 profile2
512 43.265979 -4.43203405559182 profile2
513 43.296031 -4.41343714872707 profile2
514 43.336485 -4.52441727908114 profile2
515 43.376939 -4.52114472578153 profile2
516 43.399199 -4.15238278179744 profile2
517 43.400566 -3.70495351740589 profile2
518 43.401932 -3.54711786654115 profile2
519 43.416832 -3.43007494356077 profile2
520 43.545216 -3.39075056023834 profile2
521 43.659927 -3.38860981487681 profile2
522 43.662301 -3.38423077280741 profile2
523 43.664677 -3.37990464955412 profile2
524 43.66789 -3.37834600948667 profile2
525 43.746502 -3.24222188928916 profile2
526 43.811623 -3.1613927484684 profile2
527 43.828159 -3.17357560222889 profile2
528 43.836311 -3.18669777790895 profile2
529 43.838406 -3.17541081663594 profile2
530 43.840501 -3.04102737672511 profile2
531 43.844466 -2.89086540590465 profile2
532 43.861003 -2.73792324020313 profile2
533 43.901546 -2.61754727315736 profile2
534 43.980158 -2.53157133906876 profile2
535 44.020771 -2.38796557184388 profile2
536 44.053303 -2.31021639548273 profile2
537 44.085836 -2.25081820127563 profile2
538 44.138903 -2.26053688751027 profile2
539 44.294495 -2.2646659482736 profile2
540 44.317834 -2.27880147722063 profile2
541 44.341174 -2.29649659873 profile2
542 44.364954 -2.32524085969483 profile2
543 44.431929 -1.86270749232461 profile2
544 44.438774 -1.84448181473567 profile2
545 44.445619 -1.87233743216527 profile2
546 44.482294 -1.93048848182848 profile2
547 44.551043 -1.95568079474626 profile2
548 44.564207 -1.86257734355584 profile2
549 44.568298 -1.76853088147353 profile2
550 44.572388 -1.67870444927874 profile2
551 44.576479 -1.59048366181576 profile2
552 44.58057 -1.51108119367218 profile2
553 44.584661 -1.43381449915513 profile2
554 44.588908 -1.3670753540374 profile2
555 44.596324 -1.31491052927386 profile2
556 44.603741 -1.24487055845751 profile2
557 44.608283 -1.16194808062879 profile2
558 44.609389 -1.08392149116511 profile2
559 44.610566 -1.01141656495035 profile2
560 44.612126 -0.944968706720945 profile2
561 44.618941 -0.885009314009723 profile2
562 44.625756 -0.831764018216433 profile2
563 44.632571 -0.779745637347773 profile2
564 44.721343 -0.707449465742636 profile2
565 44.725576 -0.588736317600278 profile2
566 44.729808 -0.481816569045415 profile2
567 44.761322 -0.400412620963696 profile2
568 44.780832 -0.365198472544023 profile2
569 44.800342 -0.145480067967725 profile2
570 44.819852 0.081603857111076 profile2
571 44.838742 0.11619406673979 profile2
572 44.856652 0.132760038450595 profile2
573 44.867332 0.14821181534283 profile2
574 44.874623 0.162642892727111 profile2
575 44.881915 0.175985294048749 profile2
576 44.889206 0.188159714695694 profile2
577 44.896497 0.19925675595305 profile2
578 44.940291 -0.198044793277366 profile2
579 44.995858 -0.158338479486389 profile2
580 45.051425 -0.103954531970759 profile2
581 45.101619 -0.0650958383213986 profile2
582 45.106404 -0.0366632856044159 profile2
583 45.111189 -0.0125249519051695 profile2
584 45.144068 0.0022811101471342 profile2
585 45.165 -0.0104658484213617 profile2
586 45.174292 -0.0255355443897167 profile2
587 45.183584 -0.0422849882198686 profile2
588 45.206863 -0.0552437759294133 profile2
589 45.270542 -0.184040927333957 profile2
590 45.33422 -0.197246336310212 profile2
591 45.420117 -0.352118056514473 profile2
592 45.434499 -0.28842221617837 profile2
593 45.438006 -0.234312046021656 profile2
594 45.441513 -0.205221081638421 profile2
595 45.445019 -0.202314967264142 profile2
596 45.448526 -0.201098655667276 profile2
597 45.452033 -0.201488143440615 profile2
598 45.455539 -0.422620548771899 profile2
599 45.458985 -0.293523372090946 profile2
600 45.460636 -0.212259172491752 profile2
601 45.462287 -0.21792272827431 profile2
602 45.463938 -0.21649996387044 profile2
603 45.465589 -0.211298876964974 profile2
604 45.46724 -0.2064951737929 profile2
605 45.470001 -0.202096876549198 profile2
606 45.474942 -0.198109600764325 profile2
607 45.479882 -0.194547911185458 profile2
608 45.484823 -0.191419265414379 profile2
609 45.489764 -0.188733108343059 profile2
610 45.494704 -0.186497028509412 profile2
611 45.499645 -0.182805399070809 profile2
612 45.504585 -0.17268786904827 profile2
613 45.622192 -0.141430121884873 profile2
614 45.689416 0.1137412801608 profile2
615 45.705169 0.109084189623256 profile2
616 45.720922 0.047376274388439 profile2
617 46.0005425 -0.0274517229170369 profile2
618 46.280163 0.114312549666249 profile2
619 46.288948 0.185072448145823 profile2
620 46.297732 0.179830067186972 profile2
621 46.306516 0.195913262444319 profile2
622 46.315301 0.211394459520246 profile2
623 46.32335 0.202888278360533 profile2
624 46.326762 0.122284110315793 profile2
625 46.330173 -0.0268921405874841 profile2
626 46.333584 -0.170267594086497 profile2
627 46.336995 -0.243496431913654 profile2
628 46.341532 -0.321382122277028 profile2
629 46.350316 -0.401862922484224 profile2
630 46.358463 -0.476085570334167 profile2
631 46.360127 -0.523644261529371 profile2
632 46.36179 -0.573206827416305 profile2
633 46.363103 -0.624727792490896 profile2
634 46.364052 -0.678156752198607 profile2
635 46.364976 -0.733438865024973 profile2
636 46.365522 -0.790515005409337 profile2
637 46.366069 -0.84932194307142 profile2
638 46.366615 -0.90979311878795 profile2
639 46.367161 -0.971856395442028 profile2
640 46.367707 -1.03543851360977 profile2
641 46.368253 -1.1004619133881 profile2
642 46.368799 -1.16407640640039 profile2
643 46.485003 -2.55076885033732 profile2
644 46.557864 -2.66005206982456 profile2
645 46.610522 -2.67910330345331 profile2
646 46.616448 -2.67789808825412 profile2
647 46.622375 -2.67692590998008 profile2
648 46.628301 -2.67618987463734 profile2
649 46.687297 -2.67569305262627 profile2
650 46.730117 -2.68098897758379 profile2
651 46.732363 -2.70072925128426 profile2
652 46.73461 -2.72586668994095 profile2
653 46.736857 -2.75671480205392 profile2
654 46.739103 -2.79312457132279 profile2
655 46.74135 -2.82931405206513 profile2
656 46.750658 -2.82958218769652 profile2
657 46.815826 -2.81487975681456 profile2
658 46.828517 -2.84055580691428 profile2
659 46.833526 -2.85043014359505 profile2
660 46.838536 -2.83514173421154 profile2
661 46.843545 -2.8288630373365 profile2
662 46.848554 -2.83151286453217 profile2
663 46.853564 -2.84251871739149 profile2
664 46.921126 -2.86075964979539 profile2
665 47.021298 -2.71058741337184 profile2
666 47.023709 -2.79006852333065 profile2
667 47.02612 -2.8750587711784 profile2
668 47.035721 -2.89822323462709 profile2
669 47.160161 -2.93126663316735 profile2
670 47.295389 -2.93337267026196 profile2
671 47.430616 -2.91530689750422 profile2
672 47.565843 -2.91663398987947 profile2
673 47.70107 -2.92940938754483 profile2
674 47.836298 -3.09618764614871 profile2
675 47.971525 -3.26992874518497 profile2
676 48.106752 -3.27089315641704 profile2
677 48.24198 -3.27208912387267 profile2
678 48.377207 -3.27325523671696 profile2
679 48.474506 -3.27460855108893 profile2
680 48.553159 -3.27611193364409 profile2
681 48.631813 -3.2776175271515 profile2
682 48.717003 -3.27919031190857 profile2
683 48.805261 -3.2871216636106 profile2
684 48.89352 -3.33473909867098 profile2
685 48.982344 -3.51979910691299 profile2
686 49.13026 -3.56567460781264 profile2
687 49.161395 -3.57109769881943 profile2
688 49.168603 -3.5630747931249 profile2
689 49.175812 -3.55420063577038 profile2
690 49.276939 -3.41421959197626 profile2
691 49.413086 -3.02370256532747 profile2
692 49.549232 -2.76504815002696 profile2
693 49.611939 -2.73130007773276 profile2
694 49.614662 -2.67843748473586 profile2
695 49.617384 -2.64249025730736 profile2
696 49.620107 -2.65046476567988 profile2
697 49.62283 -2.65941563738356 profile2
698 49.625553 -2.66933488072226 profile2
699 49.628276 -2.68020704202279 profile2
700 49.638989 -2.6927248523842 profile2
701 49.65723 -2.71278485003403 profile2
702 49.660035 -2.73604612063896 profile2
703 49.66284 -2.76013217013131 profile2
704 49.665644 -2.78500496651249 profile2
705 49.668449 -2.81061961451165 profile2
706 49.671254 -2.83692505668602 profile2
707 49.674058 -2.86386492444242 profile2
708 49.695383 -2.8921208926017 profile2
709 49.798204 -2.90546771912629 profile2
710 49.807433 -2.91588416034182 profile2
711 49.816662 -2.92570267921103 profile2
712 49.911484 -3.37982942083197 profile2
713 50.08976 -3.90106836367009 profile2
714 50.121095 -3.91688115200091 profile2
715 50.152431 -3.93337034508919 profile2
716 50.173971 -3.95012498716619 profile2
717 50.177001 -3.96757771181612 profile2
718 50.180031 -3.85839546740705 profile2
719 50.183061 -3.89998467500863 profile2
720 50.18609 -3.93216292717899 profile2
721 50.18912 -3.96829450904313 profile2
722 50.19215 -4.08375499249979 profile2
723 50.295327 -4.03338776178156 profile2
724 50.302108 -4.03563502422327 profile2
725 50.308889 -4.03752352689179 profile2
726 50.311001 -4.03908533764826 profile2
