marker_position lod trace
1 40.751751 -18.2282940218324 pleio
2 40.852649 -16.3913119004831 pleio
3 40.963726 -16.0341808885679 pleio
4 41.071368 -16.0397944648205 pleio
5 41.130258 -16.0475441670835 pleio
6 41.189147 -16.0555470890447 pleio
7 41.248037 -16.0638030208562 pleio
8 41.306927 -16.0721089754015 pleio
9 41.376781 -16.077518224467 pleio
10 41.466542 -16.0847204355689 pleio
11 41.467199 -16.0896766374516 pleio
12 41.467856 -16.0939485979199 pleio
13 41.535355 -16.0931673650208 pleio
14 41.812857 -16.3344242520874 pleio
15 42.090359 -16.3408044200284 pleio
16 42.192627 -16.3562184317552 pleio
17 42.292082 -16.3761092302709 pleio
18 42.391537 -16.3979717075741 pleio
19 42.490992 -16.4163856032732 pleio
20 42.590447 -16.434345456114 pleio
21 42.689901 -16.4510387889958 pleio
22 42.789356 -16.467432958719 pleio
23 42.929723 -16.4834782422615 pleio
24 43.030511 -16.495336786373 pleio
25 43.09059 -16.5043599179027 pleio
26 43.150669 -16.5140229255382 pleio
27 43.210748 -16.5244984542941 pleio
28 43.265979 -16.5357971339948 pleio
29 43.296031 -16.521114060196 pleio
30 43.336485 -16.4811567442706 pleio
31 43.376939 -16.4527135244729 pleio
32 43.399199 -15.4158138378098 pleio
33 43.400566 -14.7715825717618 pleio
34 43.401932 -14.8681822560627 pleio
35 43.416832 -14.9528336847982 pleio
36 43.545216 -14.9505031486296 pleio
37 43.659927 -14.946616892878 pleio
38 43.662301 -14.9287577602662 pleio
39 43.664677 -14.9109568776561 pleio
40 43.66789 -14.8222217669391 pleio
41 43.746502 -13.8622827894415 pleio
42 43.811623 -13.5092625340596 pleio
43 43.828159 -13.3946888002714 pleio
44 43.836311 -13.2849290211773 pleio
45 43.838406 -13.1546969934478 pleio
46 43.840501 -12.8948022266415 pleio
47 43.844466 -12.6164119163692 pleio
48 43.861003 -12.3365640950719 pleio
49 43.901546 -12.1062079163068 pleio
50 43.980158 -11.7303201701836 pleio
51 44.020771 -11.2515116979282 pleio
52 44.053303 -11.1063644771042 pleio
53 44.085836 -11.0504844797351 pleio
54 44.138903 -11.0303204223411 pleio
55 44.294495 -10.9748091617202 pleio
56 44.317834 -11.01278921974 pleio
57 44.341174 -11.0208023223851 pleio
58 44.364954 -11.0566669017146 pleio
59 44.431929 -9.57923848411275 pleio
60 44.438774 -9.36314386159791 pleio
61 44.445619 -9.4080368870519 pleio
62 44.482294 -9.36861642024995 pleio
63 44.551043 -8.99099487173978 pleio
64 44.564207 -8.42688568079122 pleio
65 44.568298 -7.86723007886594 pleio
66 44.572388 -7.31565021038787 pleio
67 44.576479 -6.77727488014154 pleio
68 44.58057 -6.25562478882363 pleio
69 44.584661 -5.74833324750983 pleio
70 44.588908 -5.23698637090877 pleio
71 44.596324 -4.74891377336076 pleio
72 44.603741 -4.30275146977054 pleio
73 44.608283 -3.90191186014276 pleio
74 44.609389 -3.54496400512071 pleio
75 44.610566 -3.23433808121782 pleio
76 44.612126 -2.9717022967102 pleio
77 44.618941 -2.75793885705605 pleio
78 44.625756 -2.59315252635336 pleio
79 44.632571 -2.45518843699146 pleio
80 44.721343 -2.3370349692234 pleio
81 44.725576 -2.19996659764597 pleio
82 44.729808 -2.117427324369 pleio
83 44.761322 -2.07810179133099 pleio
84 44.780832 -2.04987059018424 pleio
85 44.800342 -1.98548606553952 pleio
86 44.819852 -1.96990828753788 pleio
87 44.838742 -1.91490168451022 pleio
88 44.856652 -1.85323791385496 pleio
89 44.867332 -1.81232008624428 pleio
90 44.874623 -1.7931885949089 pleio
91 44.881915 -1.79555996320759 pleio
92 44.889206 -1.81895199377498 pleio
93 44.896497 -1.83832371005946 pleio
94 44.940291 -1.66466009957021 pleio
95 44.995858 -1.31735252323606 pleio
96 45.051425 -1.04677407273776 pleio
97 45.101619 -0.95673738656454 pleio
98 45.106404 -0.952298464791525 pleio
99 45.111189 -0.952888855113117 pleio
100 45.144068 -0.958865924337634 pleio
101 45.165 -0.997929959487746 pleio
102 45.174292 -1.03722243102382 pleio
103 45.183584 -1.07725317499138 pleio
104 45.206863 -1.10848928311508 pleio
105 45.270542 -1.32598085358133 pleio
106 45.33422 -0.89391406926885 pleio
107 45.420117 -0.892277843342982 pleio
108 45.434499 -0.818377913321712 pleio
109 45.438006 -0.742985809574066 pleio
110 45.441513 -0.679280885622941 pleio
111 45.445019 -0.634583739381734 pleio
112 45.448526 -0.59080199437503 pleio
113 45.452033 -0.548132829396416 pleio
114 45.455539 -0.305321135585636 pleio
115 45.458985 -0.326405608164712 pleio
116 45.460636 -0.426134416448287 pleio
117 45.462287 -0.389352259473746 pleio
118 45.463938 -0.348171519099199 pleio
119 45.465589 -0.304833185391158 pleio
120 45.46724 -0.262453610856632 pleio
121 45.470001 -0.221101227303622 pleio
122 45.474942 -0.18084063462141 pleio
123 45.479882 -0.141735546136217 pleio
124 45.484823 -0.10384378104995 pleio
125 45.489764 -0.0672196457017821 pleio
126 45.494704 -0.0319125942126534 pleio
127 45.499645 0 pleio
128 45.504585 -0.00173942285554858 pleio
129 45.622192 -0.119653975609145 pleio
130 45.689416 -0.0928239429874545 pleio
131 45.705169 -0.144027439795403 pleio
132 45.720922 -0.255477513956298 pleio
133 46.0005425 -0.0015227609453534 pleio
134 46.280163 -0.637973022100056 pleio
135 46.288948 -6.20096557941383 pleio
136 46.297732 -7.3539058552424 pleio
137 46.306516 -7.40253842499814 pleio
138 46.315301 -7.4559522499172 pleio
139 46.32335 -7.52763790728259 pleio
140 46.326762 -7.64885802835873 pleio
141 46.330173 -7.7704141285931 pleio
142 46.333584 -7.82573736398621 pleio
143 46.336995 -7.78389403364703 pleio
144 46.341532 -7.77845498012957 pleio
145 46.350316 -7.80791626176968 pleio
146 46.358463 -7.86722679605923 pleio
147 46.360127 -7.9239756208993 pleio
148 46.36179 -7.98870257250791 pleio
149 46.363103 -8.06139350018499 pleio
150 46.364052 -8.14201738440873 pleio
151 46.364976 -8.23052613521931 pleio
152 46.365522 -8.32685456737981 pleio
153 46.366069 -8.43092047305631 pleio
154 46.366615 -8.54262499302856 pleio
155 46.367161 -8.66185178620865 pleio
156 46.367707 -8.78846980104689 pleio
157 46.368253 -8.92233113703809 pleio
158 46.368799 -9.06035225137678 pleio
159 46.485003 -14.617667689491 pleio
160 46.557864 -14.7639141230283 pleio
161 46.610522 -14.7831878855536 pleio
162 46.616448 -14.7809281000449 pleio
163 46.622375 -14.7788547343467 pleio
164 46.628301 -14.7769586911191 pleio
165 46.687297 -14.7752312208515 pleio
166 46.730117 -14.7598943524552 pleio
167 46.732363 -14.7200913060145 pleio
168 46.73461 -14.6818119647317 pleio
169 46.736857 -14.6448411974626 pleio
170 46.739103 -14.6093461040592 pleio
171 46.74135 -14.5796748084855 pleio
172 46.750658 -14.5796812699537 pleio
173 46.815826 -14.6173906371121 pleio
174 46.828517 -14.7465133789583 pleio
175 46.833526 -14.8527612680224 pleio
176 46.838536 -14.9317897748001 pleio
177 46.843545 -15.0111736298658 pleio
178 46.848554 -15.0897422526068 pleio
179 46.853564 -15.1664630040094 pleio
180 46.921126 -15.2418374541186 pleio
181 47.021298 -15.022258462649 pleio
182 47.023709 -14.9707996573819 pleio
183 47.02612 -14.9196736556024 pleio
184 47.035721 -14.9124007109664 pleio
185 47.160161 -14.8505912144 pleio
186 47.295389 -14.8378788046608 pleio
187 47.430616 -14.8588916756983 pleio
188 47.565843 -14.8627160810518 pleio
189 47.70107 -14.8666907421408 pleio
190 47.836298 -14.8996104926406 pleio
191 47.971525 -15.039671428987 pleio
192 48.106752 -15.0497413267004 pleio
193 48.24198 -15.0555643466493 pleio
194 48.377207 -15.0665987982592 pleio
195 48.474506 -15.0764279149491 pleio
196 48.553159 -15.0849355152048 pleio
197 48.631813 -15.0937797441054 pleio
198 48.717003 -15.1029188204493 pleio
199 48.805261 -15.035305471408 pleio
200 48.89352 -15.167729851143 pleio
201 48.982344 -15.6392942110174 pleio
202 49.13026 -15.7152858566106 pleio
203 49.161395 -15.9739249476976 pleio
204 49.168603 -16.5050950115193 pleio
205 49.175812 -17.2635828568837 pleio
206 49.276939 -17.2939100390104 pleio
207 49.413086 -17.5357133568509 pleio
208 49.549232 -17.4538224772425 pleio
209 49.611939 -17.4996607846766 pleio
210 49.614662 -17.6610992084088 pleio
211 49.617384 -17.846595019884 pleio
212 49.620107 -17.778966895012 pleio
213 49.62283 -17.7160947501577 pleio
214 49.625553 -17.6579541651978 pleio
215 49.628276 -17.6044930408302 pleio
216 49.638989 -17.5942473104868 pleio
217 49.65723 -17.6307245504742 pleio
218 49.660035 -17.6658186810837 pleio
219 49.66284 -17.6993510141264 pleio
220 49.665644 -17.7311437325335 pleio
221 49.668449 -17.76103861078 pleio
222 49.671254 -17.7888998061535 pleio
223 49.674058 -17.8146160284376 pleio
224 49.695383 -17.8396288314525 pleio
225 49.798204 -17.8559580914142 pleio
226 49.807433 -17.8714927827009 pleio
227 49.816662 -17.8864162912818 pleio
228 49.911484 -17.9524012611787 pleio
229 50.08976 -19.1424068735679 pleio
230 50.121095 -19.1636172548207 pleio
231 50.152431 -19.1853386673936 pleio
232 50.173971 -19.210632014531 pleio
233 50.177001 -19.236477238526 pleio
234 50.180031 -22.0908793080544 pleio
235 50.183061 -23.5221288884939 pleio
236 50.18609 -23.7295495917274 pleio
237 50.18912 -23.951129150512 pleio
238 50.19215 -24.2345760788348 pleio
239 50.295327 -24.4671291313422 pleio
240 50.302108 -24.4654833559553 pleio
241 50.308889 -24.4652959015333 pleio
242 50.311001 -24.46662135845 pleio
243 40.751751 -2.79371480456322 profile1
244 40.852649 -2.82053146475969 profile1
245 40.963726 -2.89032942094205 profile1
246 41.071368 -2.89368849667622 profile1
247 41.130258 -2.89750111350871 profile1
248 41.189147 -2.90159456609628 profile1
249 41.248037 -2.90597122066313 profile1
250 41.306927 -2.91051658197899 profile1
251 41.376781 -2.91385779374543 profile1
252 41.466542 -2.91988131689641 profile1
253 41.467199 -2.92590438433509 profile1
254 41.467856 -2.93173873750362 profile1
255 41.535355 -2.94084457840201 profile1
256 41.812857 -2.91889688623665 profile1
257 42.090359 -2.92551289581297 profile1
258 42.192627 -2.93816238699943 profile1
259 42.292082 -2.95260157431414 profile1
260 42.391537 -2.96640407493392 profile1
261 42.490992 -2.98086157959772 profile1
262 42.590447 -2.99530312372914 profile1
263 42.689901 -3.00869605927966 profile1
264 42.789356 -3.02195430567511 profile1
265 42.929723 -3.0350045778372 profile1
266 43.030511 -3.04207742349619 profile1
267 43.09059 -3.0455069985369 profile1
268 43.150669 -3.05000260699197 profile1
269 43.210748 -3.05557879882421 profile1
270 43.265979 -3.06225718004481 profile1
271 43.296031 -3.04460094123169 profile1
272 43.336485 -3.06182547652529 profile1
273 43.376939 -3.03455816340257 profile1
274 43.399199 -2.87288126823647 profile1
275 43.400566 -2.69106447365569 profile1
276 43.401932 -2.78571827811537 profile1
277 43.416832 -2.87379510079891 profile1
278 43.545216 -2.87891194735693 profile1
279 43.659927 -2.87954289815624 profile1
280 43.662301 -2.87990254564394 profile1
281 43.664677 -2.88012246387725 profile1
282 43.66789 -2.87233674495701 profile1
283 43.746502 -2.84213491310456 profile1
284 43.811623 -2.79541210746954 profile1
285 43.828159 -2.7470444739032 profile1
286 43.836311 -2.70035291333877 profile1
287 43.838406 -2.63228406454783 profile1
288 43.840501 -2.43725115290151 profile1
289 43.844466 -2.2131907943472 profile1
290 43.861003 -1.97654089367892 profile1
291 43.901546 -1.78080179283105 profile1
292 43.980158 -1.5630033606276 profile1
293 44.020771 -1.28884298882762 profile1
294 44.053303 -1.21801494859769 profile1
295 44.085836 -1.20463870743427 profile1
296 44.138903 -1.19886135442501 profile1
297 44.294495 -1.0419655937487 profile1
298 44.317834 -1.05947211887204 profile1
299 44.341174 -1.0888542907671 profile1
300 44.364954 -1.13597087133273 profile1
301 44.431929 -0.541801488975786 profile1
302 44.438774 -0.470665134556495 profile1
303 44.445619 -0.503290783193168 profile1
304 44.482294 -0.469618360002815 profile1
305 44.551043 -0.409073492725152 profile1
306 44.564207 -0.402476836227167 profile1
307 44.568298 -0.399082332290845 profile1
308 44.572388 -0.398088780359095 profile1
309 44.576479 -0.400652418877656 profile1
310 44.58057 -0.40509687371641 profile1
311 44.584661 -0.414901140937406 profile1
312 44.588908 -0.409234190405089 profile1
313 44.596324 -0.398222440956179 profile1
314 44.603741 -0.400966578133563 profile1
315 44.608283 -0.417073724589532 profile1
316 44.609389 -0.439865808027511 profile1
317 44.610566 -0.469367412801675 profile1
318 44.612126 -0.505505199934392 profile1
319 44.618941 -0.548111002837051 profile1
320 44.625756 -0.596928464833351 profile1
321 44.632571 -0.615203009980677 profile1
322 44.721343 -0.615795234276278 profile1
323 44.725576 -0.596742809870424 profile1
324 44.729808 -0.589683947792034 profile1
325 44.761322 -0.587890899867407 profile1
326 44.780832 -0.578537639678146 profile1
327 44.800342 -0.465002538524177 profile1
328 44.819852 -0.326409949539046 profile1
329 44.838742 -0.272730925018278 profile1
330 44.856652 -0.264234990796522 profile1
331 44.867332 -0.256738636100711 profile1
332 44.874623 -0.250082238026795 profile1
333 44.881915 -0.244255196070586 profile1
334 44.889206 -0.239250681517067 profile1
335 44.896497 -0.23179379578111 profile1
336 44.940291 -0.357142331209163 profile1
337 44.995858 -0.382350132045707 profile1
338 45.051425 -0.39433521595607 profile1
339 45.101619 -0.40160880650177 profile1
340 45.106404 -0.411195282654959 profile1
341 45.111189 -0.424249615037858 profile1
342 45.144068 -0.445808369243689 profile1
343 45.165 -0.478953942322851 profile1
344 45.174292 -0.511642204547025 profile1
345 45.183584 -0.544411448209985 profile1
346 45.206863 -0.570791482568898 profile1
347 45.270542 -0.683283533842743 profile1
348 45.33422 -0.646889545956434 profile1
349 45.420117 -0.652920496268017 profile1
350 45.434499 -0.605145643837932 profile1
351 45.438006 -0.55538135784561 profile1
352 45.441513 -0.506346398365714 profile1
353 45.445019 -0.460445626132783 profile1
354 45.448526 -0.414655695938442 profile1
355 45.452033 -0.369179788423344 profile1
356 45.455539 -0.305321135585636 profile1
357 45.458985 -0.272317485758422 profile1
358 45.460636 -0.233820075473798 profile1
359 45.462287 -0.191385368484797 profile1
360 45.463938 -0.148550366869102 profile1
361 45.465589 -0.105797344034035 profile1
362 45.46724 -0.0639221845316608 profile1
363 45.470001 -0.0229941122709938 profile1
364 45.474942 0.0169209752912439 profile1
365 45.479882 0.0557597037421748 profile1
366 45.484823 0.0934632416353284 profile1
367 45.489764 0.129976637478201 profile1
368 45.494704 0.165249456572607 profile1
369 45.499645 0.198367630713652 profile1
370 45.504585 0.198435777859938 profile1
371 45.622192 0.102697515254134 profile1
372 45.689416 0.224747302427918 profile1
373 45.705169 0.208597217874541 profile1
374 45.720922 0.140922256957971 profile1
375 46.0005425 0.186372295315163 profile1
376 46.280163 0.452314972691666 profile1
377 46.288948 1.70520763787138 profile1
378 46.297732 1.80437358592865 profile1
379 46.306516 1.76459646746471 profile1
380 46.315301 1.72340076341746 profile1
381 46.32335 1.66821922570403 profile1
382 46.326762 1.57102385676605 profile1
383 46.330173 1.45960303519077 profile1
384 46.333584 1.37467887817052 profile1
385 46.336995 1.34294880646451 profile1
386 46.341532 1.2959203081938 profile1
387 46.350316 1.23926304481458 profile1
388 46.358463 1.17272643394336 profile1
389 46.360127 1.11451891074205 profile1
390 46.36179 1.05373099617526 profile1
391 46.363103 0.990410527724014 profile1
392 46.364052 0.924612097434737 profile1
393 46.364976 0.856396928907136 profile1
394 46.365522 0.785832712192451 profile1
395 46.366069 0.712993396970548 profile1
396 46.366615 0.637958727246025 profile1
397 46.367161 0.560815082796868 profile1
398 46.367707 0.481652829555203 profile1
399 46.368253 0.400568356677589 profile1
400 46.368799 0.321853792253742 profile1
401 46.485003 -0.328134086207138 profile1
402 46.557864 -0.310247417487366 profile1
403 46.610522 -0.321993359463835 profile1
404 46.616448 -0.341826046634465 profile1
405 46.622375 -0.361995048931242 profile1
406 46.628301 -0.382469399657068 profile1
407 46.687297 -0.403217850910169 profile1
408 46.730117 -0.403110288987124 profile1
409 46.732363 -0.365508980372257 profile1
410 46.73461 -0.329217784063438 profile1
411 46.736857 -0.29412042495114 profile1
412 46.739103 -0.26047300608622 profile1
413 46.74135 -0.235195987952918 profile1
414 46.750658 -0.256802290507577 profile1
415 46.815826 -0.299116123080023 profile1
416 46.828517 -0.297774095366566 profile1
417 46.833526 -0.335404897981174 profile1
418 46.838536 -0.395790951564729 profile1
419 46.843545 -0.455836059589518 profile1
420 46.848554 -0.515306396362483 profile1
421 46.853564 -0.574009218663605 profile1
422 46.921126 -0.63205155808749 profile1
423 47.021298 -0.464461831717262 profile1
424 47.023709 -0.431324847723681 profile1
425 47.02612 -0.39953606151515 profile1
426 47.035721 -0.410273644055112 profile1
427 47.160161 -0.428982916368146 profile1
428 47.295389 -0.474988962943803 profile1
429 47.430616 -0.512885852142608 profile1
430 47.565843 -0.535760708575812 profile1
431 47.70107 -0.554960830746165 profile1
432 47.836298 -0.436780213453028 profile1
433 47.971525 -0.351982760618611 profile1
434 48.106752 -0.376383354643915 profile1
435 48.24198 -0.399174288665567 profile1
436 48.377207 -0.421976384979347 profile1
437 48.474506 -0.444745725021348 profile1
438 48.553159 -0.467403548988138 profile1
439 48.631813 -0.490054861339814 profile1
440 48.717003 -0.512691652619331 profile1
441 48.805261 -0.443991580198795 profile1
442 48.89352 -0.344115272795983 profile1
443 48.982344 -0.195469427396974 profile1
444 49.13026 -0.166529520633822 profile1
445 49.161395 -0.155826277573084 profile1
446 49.168603 -0.225919315162512 profile1
447 49.175812 -0.382458439919452 profile1
448 49.276939 -0.545842498070716 profile1
449 49.413086 -0.595941777995111 profile1
450 49.549232 -0.718942812108875 profile1
451 49.611939 -0.76891774519409 profile1
452 49.614662 -0.863034554448811 profile1
453 49.617384 -0.955936508091169 profile1
454 49.620107 -0.974460971884416 profile1
455 49.62283 -0.992855516212568 profile1
456 49.625553 -1.01104531142471 profile1
457 49.628276 -1.02896044760888 profile1
458 49.638989 -1.0457803455497 profile1
459 49.65723 -1.06446286944717 profile1
460 49.660035 -1.08132222984016 profile1
461 49.66284 -1.09794810878993 profile1
462 49.665644 -1.11431050243956 profile1
463 49.668449 -1.13038710569022 profile1
464 49.671254 -1.14616344373397 profile1
465 49.674058 -1.16163274528353 profile1
466 49.695383 -1.17725448862703 profile1
467 49.798204 -1.18974680719408 profile1
468 49.807433 -1.20243427254309 profile1
469 49.816662 -1.2146348064785 profile1
470 49.911484 -1.31529761311718 profile1
471 50.08976 -1.2348890186116 profile1
472 50.121095 -1.26090999955184 profile1
473 50.152431 -1.28698638697187 profile1
474 50.173971 -1.31363237857293 profile1
475 50.177001 -1.34022915663038 profile1
476 50.180031 -1.80073857935889 profile1
477 50.183061 -2.0696140321715 profile1
478 50.18609 -2.15200688574662 profile1
479 50.18912 -2.23633992744146 profile1
480 50.19215 -2.31998939524405 profile1
481 50.295327 -2.37778330937875 profile1
482 50.302108 -2.37437683513599 profile1
483 50.308889 -2.37058824407407 profile1
484 50.311001 -2.36647279162306 profile1
485 40.751751 -13.7714256632296 profile2
486 40.852649 -11.8945386362841 profile2
487 40.963726 -11.4727571989656 profile2
488 41.071368 -11.4751811837094 profile2
489 41.130258 -11.4792737671776 profile2
490 41.189147 -11.4833406315485 profile2
491 41.248037 -11.4873787469387 profile2
492 41.306927 -11.4913002966797 profile2
493 41.376781 -11.4935180984925 profile2
494 41.466542 -11.4946867312136 profile2
495 41.467199 -11.4936243329819 profile2
496 41.467856 -11.4920850115365 profile2
497 41.535355 -11.4818822685214 profile2
498 41.812857 -11.7241823855184 profile2
499 42.090359 -11.7239180942061 profile2
500 42.192627 -11.7266543174675 profile2
501 42.292082 -11.7321850499389 profile2
502 42.391537 -11.7404381905575 profile2
503 42.490992 -11.7446318455157 profile2
504 42.590447 -11.7481709235462 profile2
505 42.689901 -11.7514964391307 profile2
506 42.789356 -11.7546584795115 profile2
507 42.929723 -11.7576813372767 profile2
508 43.030511 -11.7627174741248 profile2
509 43.09059 -11.7687294565887 profile2
510 43.150669 -11.7743209974231 profile2
511 43.210748 -11.7796435366198 profile2
512 43.265979 -11.7846842616073 profile2
513 43.296031 -11.7881188007995 profile2
514 43.336485 -11.7328905814206 profile2
515 43.376939 -11.7320430515735 profile2
516 43.399199 -10.8402716800508 profile2
517 43.400566 -10.357507980674 profile2
518 43.401932 -10.3569086103125 profile2
519 43.416832 -10.3516084589512 profile2
520 43.545216 -10.3440493785998 profile2
521 43.659927 -10.3396231061938 profile2
522 43.662301 -10.321454469078 profile2
523 43.664677 -10.3034750832423 profile2
524 43.66789 -10.222126936085 profile2
525 43.746502 -9.29305730042113 profile2
526 43.811623 -8.98879415352675 profile2
527 43.828159 -8.92289509757964 profile2
528 43.836311 -8.86003006011378 profile2
529 43.838406 -8.79819785797223 profile2
530 43.840501 -8.7340911936015 profile2
531 43.844466 -8.67951210225384 profile2
532 43.861003 -8.63514355835268 profile2
533 43.901546 -8.59881702628887 profile2
534 43.980158 -8.435706889107 profile2
535 44.020771 -8.22418002891193 profile2
536 44.053303 -8.14480778934298 profile2
537 44.085836 -8.09784787954596 profile2
538 44.138903 -8.08212476325565 profile2
539 44.294495 -8.18358121752755 profile2
540 44.317834 -8.20556933262575 profile2
541 44.341174 -8.18594438860814 profile2
542 44.364954 -8.17678676936748 profile2
543 44.431929 -7.29235224018282 profile2
544 44.438774 -7.14806943640399 profile2
545 44.445619 -7.1605936716277 profile2
546 44.482294 -7.15620006097836 profile2
547 44.551043 -6.83999901825208 profile2
548 44.564207 -6.2819433868792 profile2
549 44.568298 -5.72508307551259 profile2
550 44.572388 -5.17383268367842 profile2
551 44.576479 -4.63216039670271 profile2
552 44.58057 -4.10523567542719 profile2
553 44.584661 -3.58735792718312 profile2
554 44.588908 -3.08107830418743 profile2
555 44.596324 -2.60327278477393 profile2
556 44.603741 -2.15365097496981 profile2
557 44.608283 -1.73603686474979 profile2
558 44.609389 -1.35555367264213 profile2
559 44.610566 -1.01460641313148 profile2
560 44.612126 -0.714938318497968 profile2
561 44.618941 -0.457603849267274 profile2
562 44.625756 -0.242970584802712 profile2
563 44.632571 -0.0859976193845188 profile2
564 44.721343 0.0335259318815372 profile2
565 44.725576 0.152299722414766 profile2
566 44.729808 0.227811623976654 profile2
567 44.761322 0.264804505633363 profile2
568 44.780832 0.283417591932636 profile2
569 44.800342 0.233923600097616 profile2
570 44.819852 0.11185222542609 profile2
571 44.838742 0.112708169138541 profile2
572 44.856652 0.167598103250887 profile2
573 44.867332 0.202677977655795 profile2
574 44.874623 0.216716522877778 profile2
575 44.881915 0.209993004505605 profile2
576 44.889206 0.182988777692964 profile2
577 44.896497 0.158240476223617 profile2
578 44.940291 0.4756065344411 profile2
579 44.995858 0.849904465311792 profile2
580 45.051425 1.13461273662195 profile2
581 45.101619 1.23317037648888 profile2
582 45.106404 1.24766482763021 profile2
583 45.111189 1.26065892418428 profile2
584 45.144068 1.27674304190574 profile2
585 45.165 1.27116999219309 profile2
586 45.174292 1.26493222943048 profile2
587 45.183584 1.25805169816318 profile2
588 45.206863 1.25347369863129 profile2
589 45.270542 1.15017927246799 profile2
590 45.33422 1.56194415165315 profile2
591 45.420117 1.56965209605477 profile2
592 45.434499 1.59494505294472 profile2
593 45.438006 1.61978097793594 profile2
594 45.441513 1.63382912289577 profile2
595 45.445019 1.63222060909975 profile2
596 45.448526 1.62982666454922 profile2
597 45.452033 1.62665320127426 profile2
598 45.455539 1.80437358592865 profile2
599 45.458985 1.75057146153318 profile2
600 45.460636 1.61234958059477 profile2
601 45.462287 1.60640965344591 profile2
602 45.463938 1.60469781015831 profile2
603 45.465589 1.6053419452905 profile2
604 45.46724 1.60590952395775 profile2
605 45.470001 1.60640177903248 profile2
606 45.474942 1.6068204396473 profile2
607 45.479882 1.60716560044224 profile2
608 45.484823 1.60743868396273 profile2
609 45.489764 1.60764073110707 profile2
610 45.494704 1.60777309545923 profile2
611 45.499645 1.60669181696584 profile2
612 45.504585 1.6052216037069 profile2
613 45.622192 1.58358164000519 profile2
614 45.689416 1.48485234907947 profile2
615 45.705169 1.4496141483138 profile2
616 45.720922 1.40561410932177 profile2
617 46.0005425 1.6147959529645 profile2
618 46.280163 0.721787921606174 profile2
619 46.288948 -6.09457285263074 profile2
620 46.297732 -7.3539058552424 profile2
621 46.306516 -7.36276919177658 profile2
622 46.315301 -7.374898892526 profile2
623 46.32335 -7.39076446459401 profile2
624 46.326762 -7.4137527430109 profile2
625 46.330173 -7.42356287635054 profile2
626 46.333584 -7.39425558782004 profile2
627 46.336995 -7.32131529569029 profile2
628 46.341532 -7.26920969065977 profile2
629 46.350316 -7.24189864655947 profile2
630 46.358463 -7.23453988416734 profile2
631 46.360127 -7.23380374207361 profile2
632 46.36179 -7.23847428947574 profile2
633 46.363103 -7.24858613618932 profile2
634 46.364052 -7.26416378354668 profile2
635 46.364976 -7.28522129161123 profile2
636 46.365522 -7.31176208115256 profile2
637 46.366069 -7.34377879112403 profile2
638 46.366615 -7.38125317664924 profile2
639 46.367161 -7.42415610588889 profile2
640 46.367707 -7.47244768811195 profile2
641 46.368253 -7.52607714489757 profile2
642 46.368799 -7.58617478477117 profile2
643 46.485003 -12.554238680974 profile2
644 46.557864 -12.7195139793616 profile2
645 46.610522 -12.7277249866287 profile2
646 46.616448 -12.7061053307995 profile2
647 46.622375 -12.6843067945386 profile2
648 46.628301 -12.6623493661361 profile2
649 46.687297 -12.6402537333176 profile2
650 46.730117 -12.6253024840564 profile2
651 46.732363 -12.6232297505116 profile2
652 46.73461 -12.6213504302723 profile2
653 46.736857 -12.619564285485 profile2
654 46.739103 -12.617781989753 profile2
655 46.74135 -12.6134481936984 profile2
656 46.750658 -12.5919973560847 profile2
657 46.815826 -12.5873385100535 profile2
658 46.828517 -12.7170555826484 profile2
659 46.833526 -12.7850418857941 profile2
660 46.838536 -12.8030619647006 profile2
661 46.843545 -12.82166769381 profile2
662 46.848554 -12.8399300727279 profile2
663 46.853564 -12.8570219304423 profile2
664 46.921126 -12.8733411454711 profile2
665 47.021298 -12.827874400833 profile2
666 47.023709 -12.8094520080851 profile2
667 47.02612 -12.790101456151 profile2
668 47.035721 -12.7718246138742 profile2
669 47.160161 -12.6944671860729 profile2
670 47.295389 -12.6372447906804 profile2
671 47.430616 -12.6201746613636 profile2
672 47.565843 -12.6006945555115 profile2
673 47.70107 -12.5849137326639 profile2
674 47.836298 -12.7362385566945 profile2
675 47.971525 -12.9618076506305 profile2
676 48.106752 -12.94693210932 profile2
677 48.24198 -12.9294666040486 profile2
678 48.377207 -12.9171428738393 profile2
679 48.474506 -12.9036474507454 profile2
680 48.553159 -12.8889457403187 profile2
681 48.631813 -12.8745767236235 profile2
682 48.717003 -12.8605098594261 profile2
683 48.805261 -12.8667418352251 profile2
684 48.89352 -13.1060043790953 profile2
685 48.982344 -13.7335145904921 profile2
686 49.13026 -13.8387524599614 profile2
687 49.161395 -14.1086300359101 profile2
688 49.168603 -14.5723970839405 profile2
689 49.175812 -15.1749844199402 profile2
690 49.276939 -15.0408601308616 profile2
691 49.413086 -15.2304028061594 profile2
692 49.549232 -15.046235494108 profile2
693 49.611939 -15.0396744018606 profile2
694 49.614662 -15.1054394456837 profile2
695 49.617384 -15.1977041519292 profile2
696 49.620107 -15.1106784248099 profile2
697 49.62283 -15.0285074917445 profile2
698 49.625553 -14.9512455351077 profile2
699 49.628276 -14.8789145275483 profile2
700 49.638989 -14.8512085166512 profile2
701 49.65723 -14.8687281525945 profile2
702 49.660035 -14.886467439004 profile2
703 49.66284 -14.9028683014631 profile2
704 49.665644 -14.9177888291225 profile2
705 49.668449 -14.9310987870769 profile2
706 49.671254 -14.9426821535778 profile2
707 49.674058 -14.9524393110174 profile2
708 49.695383 -14.9613406620531 profile2
709 49.798204 -14.9648390857695 profile2
710 49.807433 -14.967393502694 profile2
711 49.816662 -14.969874051691 profile2
712 49.911484 -14.9243338910174 profile2
713 50.08976 -16.21271606005 profile2
714 50.121095 -16.2073679752876 profile2
715 50.152431 -16.202434044217 profile2
716 50.173971 -16.2004899996674 profile2
717 50.177001 -16.1991070162101 profile2
718 50.180031 -18.6107397827091 profile2
719 50.183061 -19.7809749250131 profile2
720 50.18609 -19.9055967308878 profile2
721 50.18912 -20.0425923942365 profile2
722 50.19215 -20.2417128517168 profile2
723 50.295327 -20.4125890165413 profile2
724 50.302108 -20.4143269961428 profile2
725 50.308889 -20.4178706773333 profile2
726 50.311001 -20.4232171451707 profile2
