marker_position lod trace
1 40.751751 -4.83374318943526 pleio
2 40.852649 -4.36388128544924 pleio
3 40.963726 -4.42013745895739 pleio
4 41.071368 -4.42062668675352 pleio
5 41.130258 -4.42081988770575 pleio
6 41.189147 -4.42135456545208 pleio
7 41.248037 -4.42222855537878 pleio
8 41.306927 -4.4232968284377 pleio
9 41.376781 -4.42214557881812 pleio
10 41.466542 -4.42027704831261 pleio
11 41.467199 -4.41870815571979 pleio
12 41.467856 -4.41959222072128 pleio
13 41.535355 -4.40471150656733 pleio
14 41.812857 -4.46493146482678 pleio
15 42.090359 -4.46313847530476 pleio
16 42.192627 -4.46360921886629 pleio
17 42.292082 -4.45586511268216 pleio
18 42.391537 -4.45705771070664 pleio
19 42.490992 -4.46973207092633 pleio
20 42.590447 -4.47424574285803 pleio
21 42.689901 -4.47893084292463 pleio
22 42.789356 -4.4844104264353 pleio
23 42.929723 -4.49067446184316 pleio
24 43.030511 -4.49136843796074 pleio
25 43.09059 -4.4895730015261 pleio
26 43.150669 -4.49043381789043 pleio
27 43.210748 -4.49413924599803 pleio
28 43.265979 -4.500669563908 pleio
29 43.296031 -4.49590565705151 pleio
30 43.336485 -4.39370505906729 pleio
31 43.376939 -4.38683085818883 pleio
32 43.399199 -4.08773821267648 pleio
33 43.400566 -3.65875071531668 pleio
34 43.401932 -3.79212083020558 pleio
35 43.416832 -3.90449013904742 pleio
36 43.545216 -3.9011766650837 pleio
37 43.659927 -3.90371166157846 pleio
38 43.662301 -3.90081404519899 pleio
39 43.664677 -3.89816916144426 pleio
40 43.66789 -3.88755455636475 pleio
41 43.746502 -3.53416295421427 pleio
42 43.811623 -3.2199195113385 pleio
43 43.828159 -3.18514133809419 pleio
44 43.836311 -3.1516361315437 pleio
45 43.838406 -3.11820285181753 pleio
46 43.840501 -3.04654783132073 pleio
47 43.844466 -2.92126359824415 pleio
48 43.861003 -2.75071457447438 pleio
49 43.901546 -2.580938961768 pleio
50 43.980158 -2.42584748309075 pleio
51 44.020771 -2.25091364105228 pleio
52 44.053303 -2.01105892950203 pleio
53 44.085836 -1.72195006116384 pleio
54 44.138903 -1.65942013979161 pleio
55 44.294495 -1.75249396780376 pleio
56 44.317834 -1.8291478454932 pleio
57 44.341174 -1.91615577801662 pleio
58 44.364954 -1.96480366622602 pleio
59 44.431929 -1.76888237731922 pleio
60 44.438774 -1.78465329799303 pleio
61 44.445619 -1.81293831898427 pleio
62 44.482294 -1.70968110581544 pleio
63 44.551043 -1.50363565372511 pleio
64 44.564207 -1.33661919523108 pleio
65 44.568298 -1.17722074304006 pleio
66 44.572388 -1.03062854884706 pleio
67 44.576479 -0.895870087027209 pleio
68 44.58057 -0.779667185730291 pleio
69 44.584661 -0.660775564740804 pleio
70 44.588908 -0.542173927000141 pleio
71 44.596324 -0.448386083382391 pleio
72 44.603741 -0.351266911980358 pleio
73 44.608283 -0.254389675459822 pleio
74 44.609389 -0.172972289182751 pleio
75 44.610566 -0.107101144304477 pleio
76 44.612126 -0.0566142196359647 pleio
77 44.618941 -0.0211158276949586 pleio
78 44.625756 0 pleio
79 44.632571 -0.0109498682148764 pleio
80 44.721343 -0.0166107790840268 pleio
81 44.725576 -0.0213866994148575 pleio
82 44.729808 -0.0536241494476326 pleio
83 44.761322 -0.109639119128933 pleio
84 44.780832 -0.143044085421624 pleio
85 44.800342 -0.181634748385928 pleio
86 44.819852 -0.336852280184183 pleio
87 44.838742 -0.460939530794463 pleio
88 44.856652 -0.498842475851213 pleio
89 44.867332 -0.534818055844709 pleio
90 44.874623 -0.569017030467828 pleio
91 44.881915 -0.601565925829818 pleio
92 44.889206 -0.632632923915943 pleio
93 44.896497 -0.646654308304986 pleio
94 44.940291 -0.676079887033748 pleio
95 44.995858 -0.702040727600403 pleio
96 45.051425 -0.693126627889901 pleio
97 45.101619 -0.683205421506436 pleio
98 45.106404 -0.674267486270988 pleio
99 45.111189 -0.671611072927403 pleio
100 45.144068 -0.69979502455889 pleio
101 45.165 -0.754915573400083 pleio
102 45.174292 -0.817547488437473 pleio
103 45.183584 -0.886470081623595 pleio
104 45.206863 -0.940966206596364 pleio
105 45.270542 -1.28966440070814 pleio
106 45.33422 -1.18245489588002 pleio
107 45.420117 -1.39391831330283 pleio
108 45.434499 -1.29903473212868 pleio
109 45.438006 -1.21432085681782 pleio
110 45.441513 -1.16611538963855 pleio
111 45.445019 -1.15976431714986 pleio
112 45.448526 -1.15368206044648 pleio
113 45.452033 -1.14779293588545 pleio
114 45.455539 -1.29390816904735 pleio
115 45.458985 -1.1969112448963 pleio
116 45.460636 -1.13399100921156 pleio
117 45.462287 -1.12841247242321 pleio
118 45.463938 -1.10747576405346 pleio
119 45.465589 -1.0784985264676 pleio
120 45.46724 -1.0496245458952 pleio
121 45.470001 -1.02090446040619 pleio
122 45.474942 -0.992388499398877 pleio
123 45.479882 -0.964127541621889 pleio
124 45.484823 -0.936171134115592 pleio
125 45.489764 -0.908568298164742 pleio
126 45.494704 -0.881366904292338 pleio
127 45.499645 -0.851456041132222 pleio
128 45.504585 -0.898612813129152 pleio
129 45.622192 -1.21075745291423 pleio
130 45.689416 -0.758498798257727 pleio
131 45.705169 -0.772795949565183 pleio
132 45.720922 -0.775391726954383 pleio
133 46.0005425 -0.670442195200876 pleio
134 46.280163 -1.38598713349244 pleio
135 46.288948 -1.42153764709111 pleio
136 46.297732 -1.49439027312911 pleio
137 46.306516 -1.47819534491807 pleio
138 46.315301 -1.46227879403913 pleio
139 46.32335 -1.41681793126981 pleio
140 46.326762 -1.39003695547341 pleio
141 46.330173 -1.49300159776539 pleio
142 46.333584 -1.62099656523473 pleio
143 46.336995 -1.67588300604339 pleio
144 46.341532 -1.7483492747974 pleio
145 46.350316 -1.83696501223274 pleio
146 46.358463 -1.90989054397444 pleio
147 46.360127 -1.90010101348006 pleio
148 46.36179 -1.89211080957673 pleio
149 46.363103 -1.8859561701743 pleio
150 46.364052 -1.88166881348328 pleio
151 46.364976 -1.87927580620073 pleio
152 46.365522 -1.87879939517067 pleio
153 46.366069 -1.88025686504352 pleio
154 46.366615 -1.88366067975089 pleio
155 46.367161 -1.88901719451767 pleio
156 46.367707 -1.89632884852971 pleio
157 46.368253 -1.90559204640505 pleio
158 46.368799 -1.91828022201888 pleio
159 46.485003 -2.38983439418405 pleio
160 46.557864 -2.33097960887818 pleio
161 46.610522 -2.29692519949701 pleio
162 46.616448 -2.26348546553008 pleio
163 46.622375 -2.23055303980392 pleio
164 46.628301 -2.1982158044053 pleio
165 46.687297 -2.16656043644197 pleio
166 46.730117 -2.12419622860423 pleio
167 46.732363 -2.06592154041348 pleio
168 46.73461 -2.01554043156286 pleio
169 46.736857 -1.97321329161847 pleio
170 46.739103 -1.93915359426293 pleio
171 46.74135 -1.91328256806108 pleio
172 46.750658 -1.89026768302635 pleio
173 46.815826 -1.86429968856084 pleio
174 46.828517 -1.80122622681703 pleio
175 46.833526 -1.81068547570557 pleio
176 46.838536 -1.857476949118 pleio
177 46.843545 -1.92704494289666 pleio
178 46.848554 -2.01654709040612 pleio
179 46.853564 -2.12223814624107 pleio
180 46.921126 -2.24019119171123 pleio
181 47.021298 -2.033816389092 pleio
182 47.023709 -2.04574292001955 pleio
183 47.02612 -2.09641644434772 pleio
184 47.035721 -2.09338616973494 pleio
185 47.160161 -2.17648258540883 pleio
186 47.295389 -2.25895148993072 pleio
187 47.430616 -2.29220579393955 pleio
188 47.565843 -2.28426908052925 pleio
189 47.70107 -2.27390158026606 pleio
190 47.836298 -2.3138326918529 pleio
191 47.971525 -2.39466813823679 pleio
192 48.106752 -2.38749235100054 pleio
193 48.24198 -2.37929495831164 pleio
194 48.377207 -2.37272048323867 pleio
195 48.474506 -2.36652230837506 pleio
196 48.553159 -2.36075691931737 pleio
197 48.631813 -2.35533520380777 pleio
198 48.717003 -2.35018350383243 pleio
199 48.805261 -2.39266970384201 pleio
200 48.89352 -2.42009744872437 pleio
201 48.982344 -2.47888983320686 pleio
202 49.13026 -2.4425856081006 pleio
203 49.161395 -2.39270797836697 pleio
204 49.168603 -2.38329247311461 pleio
205 49.175812 -2.49640072879786 pleio
206 49.276939 -2.76837786205576 pleio
207 49.413086 -3.01458184753555 pleio
208 49.549232 -3.46034990711099 pleio
209 49.611939 -3.50922164059203 pleio
210 49.614662 -3.60818805838368 pleio
211 49.617384 -3.70938701789764 pleio
212 49.620107 -3.73556496192787 pleio
213 49.62283 -3.76187047028878 pleio
214 49.625553 -3.78823255467127 pleio
215 49.628276 -3.81458399176964 pleio
216 49.638989 -3.82421895989303 pleio
217 49.65723 -3.80146791547807 pleio
218 49.660035 -3.7768629971683 pleio
219 49.66284 -3.75126789655448 pleio
220 49.665644 -3.72483327979787 pleio
221 49.668449 -3.69772145057818 pleio
222 49.671254 -3.6701031904134 pleio
223 49.674058 -3.64215442947135 pleio
224 49.695383 -3.61434078649389 pleio
225 49.798204 -3.61044603337692 pleio
226 49.807433 -3.60917685615409 pleio
227 49.816662 -3.60963122691101 pleio
228 49.911484 -4.11945688375271 pleio
229 50.08976 -3.8075092707333 pleio
230 50.121095 -3.84074640351713 pleio
231 50.152431 -3.87587588686244 pleio
232 50.173971 -3.91307896388064 pleio
233 50.177001 -3.95182291739241 pleio
234 50.180031 -4.30126867375629 pleio
235 50.183061 -4.48816946476899 pleio
236 50.18609 -4.5043087473887 pleio
237 50.18912 -4.52036288639111 pleio
238 50.19215 -4.48480621708046 pleio
239 50.295327 -4.42792447984035 pleio
240 50.302108 -4.45005212408765 pleio
241 50.308889 -4.47194629681102 pleio
242 50.311001 -4.49356710747876 pleio
243 40.751751 -1.91449634439667 profile1
244 40.852649 -1.25412467487071 profile1
245 40.963726 -1.36202947129002 profile1
246 41.071368 -1.35579355616081 profile1
247 41.130258 -1.34911157012977 profile1
248 41.189147 -1.342551673413 profile1
249 41.248037 -1.33611628738565 profile1
250 41.306927 -1.32979148542064 profile1
251 41.376781 -1.32358385512578 profile1
252 41.466542 -1.31874184472365 profile1
253 41.467199 -1.31414732199251 profile1
254 41.467856 -1.31096881638047 profile1
255 41.535355 -1.29483429481372 profile1
256 41.812857 -1.04953447166082 profile1
257 42.090359 -1.04511756070725 profile1
258 42.192627 -1.04406899634861 profile1
259 42.292082 -1.03938351382562 profile1
260 42.391537 -1.04066598151473 profile1
261 42.490992 -1.05041697160257 profile1
262 42.590447 -1.05548966729449 profile1
263 42.689901 -1.06090166623625 profile1
264 42.789356 -1.06708033964191 profile1
265 42.929723 -1.07400681278898 profile1
266 43.030511 -1.08428129057043 profile1
267 43.09059 -1.09754263622087 profile1
268 43.150669 -1.11196921264059 profile1
269 43.210748 -1.1275008101133 profile1
270 43.265979 -1.14408540371656 profile1
271 43.296031 -1.15340814648231 profile1
272 43.336485 -1.21359189087892 profile1
273 43.376939 -1.21778448600747 profile1
274 43.399199 -0.962307595641288 profile1
275 43.400566 -0.557753050379966 profile1
276 43.401932 -0.502838672557899 profile1
277 43.416832 -0.416988269408053 profile1
278 43.545216 -0.35057474308387 profile1
279 43.659927 -0.356478829418296 profile1
280 43.662301 -0.358253713558908 profile1
281 43.664677 -0.360330710035531 profile1
282 43.66789 -0.357445252999515 profile1
283 43.746502 -0.075301603743923 profile1
284 43.811623 0.156525880184373 profile1
285 43.828159 0.157380599433613 profile1
286 43.836311 0.158171789548871 profile1
287 43.838406 0.162199736875084 profile1
288 43.840501 0.193649813355402 profile1
289 43.844466 0.247280316562068 profile1
290 43.861003 0.319748876414509 profile1
291 43.901546 0.392804394626517 profile1
292 43.980158 0.374112879076926 profile1
293 44.020771 0.336024875474328 profile1
294 44.053303 0.355981574043486 profile1
295 44.085836 0.386810858696573 profile1
296 44.138903 0.388445362463611 profile1
297 44.294495 0.395396337518808 profile1
298 44.317834 0.345159781744087 profile1
299 44.341174 0.278576186154459 profile1
300 44.364954 0.204186489760812 profile1
301 44.431929 0.192743936181854 profile1
302 44.438774 0.169690394323779 profile1
303 44.445619 0.141079938974045 profile1
304 44.482294 0.176757857378434 profile1
305 44.551043 0.331816210889949 profile1
306 44.564207 0.436389857673879 profile1
307 44.568298 0.530937049249656 profile1
308 44.572388 0.610543189880473 profile1
309 44.576479 0.676153731685769 profile1
310 44.58057 0.721393310441102 profile1
311 44.584661 0.76586291119115 profile1
312 44.588908 0.806067983420073 profile1
313 44.596324 0.819763329258593 profile1
314 44.603741 0.835531463417184 profile1
315 44.608283 0.850557613298926 profile1
316 44.609389 0.849922401079792 profile1
317 44.610566 0.83393498265159 profile1
318 44.612126 0.803157419932562 profile1
319 44.618941 0.75837957575366 profile1
320 44.625756 0.700585686516667 profile1
321 44.632571 0.626847657812181 profile1
322 44.721343 0.546272832817872 profile1
323 44.725576 0.437877171853899 profile1
324 44.729808 0.30496365044053 profile1
325 44.761322 0.168440959362026 profile1
326 44.780832 0.106127266159728 profile1
327 44.800342 0.0992744864213426 profile1
328 44.819852 0.0937155517172861 profile1
329 44.838742 0.0607874919572062 profile1
330 44.856652 0.0262934137157352 profile1
331 44.867332 -0.00990484971932384 profile1
332 44.874623 -0.0477508442834499 profile1
333 44.881915 -0.0871833384204846 profile1
334 44.889206 -0.128136480823178 profile1
335 44.896497 -0.147902149496439 profile1
336 44.940291 0.256924637997814 profile1
337 44.995858 0.262172837649968 profile1
338 45.051425 0.271109473516828 profile1
339 45.101619 0.276887874619114 profile1
340 45.106404 0.280835261986162 profile1
341 45.111189 0.283974310324728 profile1
342 45.144068 0.282305710947248 profile1
343 45.165 0.232508450753261 profile1
344 45.174292 0.176771769891616 profile1
345 45.183584 0.116122307157025 profile1
346 45.206863 0.0695173760076836 profile1
347 45.270542 -0.0608314675141577 profile1
348 45.33422 0.116580530893555 profile1
349 45.420117 -0.504075381418558 profile1
350 45.434499 -0.468967835548903 profile1
351 45.438006 -0.443674990812984 profile1
352 45.441513 -0.434542157831651 profile1
353 45.445019 -0.436771642408647 profile1
354 45.448526 -0.437201543525348 profile1
355 45.452033 -0.435686913634999 profile1
356 45.455539 -0.559716746141584 profile1
357 45.458985 -0.476604958983305 profile1
358 45.460636 -0.42075466198491 profile1
359 45.462287 -0.410532610991095 profile1
360 45.463938 -0.399275135714967 profile1
361 45.465589 -0.387839160556224 profile1
362 45.46724 -0.375909068737953 profile1
363 45.470001 -0.363498308018424 profile1
364 45.474942 -0.350621151350098 profile1
365 45.479882 -0.337296956648932 profile1
366 45.484823 -0.323544080784593 profile1
367 45.489764 -0.309383268915811 profile1
368 45.494704 -0.294836157179262 profile1
369 45.499645 -0.277455435573252 profile1
370 45.504585 -0.296448536114309 profile1
371 45.622192 -0.456333694554132 profile1
372 45.689416 -0.325189591490278 profile1
373 45.705169 -0.391693423865239 profile1
374 45.720922 -0.615356616563257 profile1
375 46.0005425 -0.670442195200876 profile1
376 46.280163 -1.16806161358011 profile1
377 46.288948 -0.791352731911672 profile1
378 46.297732 -0.77225870393226 profile1
379 46.306516 -0.808436991082203 profile1
380 46.315301 -0.844364136911375 profile1
381 46.32335 -0.848728568383079 profile1
382 46.326762 -0.840810450666144 profile1
383 46.330173 -0.884404760165713 profile1
384 46.333584 -0.920386135590995 profile1
385 46.336995 -0.903313721432592 profile1
386 46.341532 -0.896170705560097 profile1
387 46.350316 -0.899130209838541 profile1
388 46.358463 -0.904924765182183 profile1
389 46.360127 -0.895501242926617 profile1
390 46.36179 -0.887715840005643 profile1
391 46.363103 -0.881601111199838 profile1
392 46.364052 -0.877185873104156 profile1
393 46.364976 -0.874495074982631 profile1
394 46.365522 -0.873549646515697 profile1
395 46.366069 -0.874366366890825 profile1
396 46.366615 -0.876957884447568 profile1
397 46.367161 -0.881332059322148 profile1
398 46.367707 -0.88749292256384 profile1
399 46.368253 -0.895439751427569 profile1
400 46.368799 -0.906317348650403 profile1
401 46.485003 -0.967248589597167 profile1
402 46.557864 -0.965394896688075 profile1
403 46.610522 -0.95122992808294 profile1
404 46.616448 -0.945912647458592 profile1
405 46.622375 -0.940490804387938 profile1
406 46.628301 -0.934971533065533 profile1
407 46.687297 -0.929361781155658 profile1
408 46.730117 -0.919250811700199 profile1
409 46.732363 -0.903929202800485 profile1
410 46.73461 -0.893144158390879 profile1
411 46.736857 -0.886819912869271 profile1
412 46.739103 -0.884936619720669 profile1
413 46.74135 -0.886199004929829 profile1
414 46.750658 -0.880808395817115 profile1
415 46.815826 -0.893457077550178 profile1
416 46.828517 -0.886688434369782 profile1
417 46.833526 -0.914690430567571 profile1
418 46.838536 -0.947131506073625 profile1
419 46.843545 -0.975552686973999 profile1
420 46.848554 -0.999324371841388 profile1
421 46.853564 -1.0180854860263 profile1
422 46.921126 -1.03210302012018 profile1
423 47.021298 -0.919597312449986 profile1
424 47.023709 -0.945686455263459 profile1
425 47.02612 -0.984562031637398 profile1
426 47.035721 -0.972306584465947 profile1
427 47.160161 -1.05104597156321 profile1
428 47.295389 -1.11247149515351 profile1
429 47.430616 -1.11770567977193 profile1
430 47.565843 -1.109659041897 profile1
431 47.70107 -1.09786232083733 profile1
432 47.836298 -1.12393231617407 profile1
433 47.971525 -1.18876306032736 profile1
434 48.106752 -1.18237990657489 profile1
435 48.24198 -1.17502404993178 profile1
436 48.377207 -1.16662916998196 profile1
437 48.474506 -1.15853688169839 profile1
438 48.553159 -1.15079008754986 profile1
439 48.631813 -1.14314094622697 profile1
440 48.717003 -1.13557959006864 profile1
441 48.805261 -1.16045294700042 profile1
442 48.89352 -1.19134176281352 profile1
443 48.982344 -1.23171407630989 profile1
444 49.13026 -1.25243311546664 profile1
445 49.161395 -1.28616070760663 profile1
446 49.168603 -1.30875517247923 profile1
447 49.175812 -1.34291249977744 profile1
448 49.276939 -1.4925145864941 profile1
449 49.413086 -1.80956423248874 profile1
450 49.549232 -2.10212231096378 profile1
451 49.611939 -2.12064943097091 profile1
452 49.614662 -2.16887854870107 profile1
453 49.617384 -2.23153056394432 profile1
454 49.620107 -2.25153365382413 profile1
455 49.62283 -2.27083816303275 profile1
456 49.625553 -2.28937983633703 profile1
457 49.628276 -2.30709948531393 profile1
458 49.638989 -2.31693057931942 profile1
459 49.65723 -2.29791930274141 profile1
460 49.660035 -2.26804654012866 profile1
461 49.66284 -2.23798632102279 profile1
462 49.665644 -2.20789558744234 profile1
463 49.668449 -2.17793275249728 profile1
464 49.671254 -2.14825473577911 profile1
465 49.674058 -2.11901410261836 profile1
466 49.695383 -2.09054470419312 profile1
467 49.798204 -2.0850280488328 profile1
468 49.807433 -2.0820197797277 profile1
469 49.816662 -2.08057659921143 profile1
470 49.911484 -2.47465417302236 profile1
471 50.08976 -2.19220457831443 profile1
472 50.121095 -2.18939062355227 profile1
473 50.152431 -2.18655712946407 profile1
474 50.173971 -2.18356394934021 profile1
475 50.177001 -2.18052375369693 profile1
476 50.180031 -2.28962485578409 profile1
477 50.183061 -2.43703060352802 profile1
478 50.18609 -2.45011663083025 profile1
479 50.18912 -2.46383121539373 profile1
480 50.19215 -2.42647905953432 profile1
481 50.295327 -2.37859929687779 profile1
482 50.302108 -2.42494758778575 profile1
483 50.308889 -2.47016445456353 profile1
484 50.311001 -2.51408248753943 profile1
485 40.751751 -2.58210128250062 profile2
486 40.852649 -2.81270016079814 profile2
487 40.963726 -2.74196618946839 profile2
488 41.071368 -2.7477752834993 profile2
489 41.130258 -2.75374923855253 profile2
490 41.189147 -2.7599350436576 profile2
491 41.248037 -2.76632848857405 profile2
492 41.306927 -2.77280216968853 profile2
493 41.376781 -2.77698816616071 profile2
494 41.466542 -2.77911540574574 profile2
495 41.467199 -2.78124763160939 profile2
496 41.467856 -2.78413811935812 profile2
497 41.535355 -2.78254291143719 profile2
498 41.812857 -3.01489393515714 profile2
499 42.090359 -3.01646399889115 profile2
500 42.192627 -3.01603535730331 profile2
501 42.292082 -3.0107535660286 profile2
502 42.391537 -3.00824045662224 profile2
503 42.490992 -3.00870432694658 profile2
504 42.590447 -3.00591072664889 profile2
505 42.689901 -3.00293902674764 profile2
506 42.789356 -3.00001125673333 profile2
507 42.929723 -2.99713744265257 profile2
508 43.030511 -2.98312408138994 profile2
509 43.09059 -2.96242502441326 profile2
510 43.150669 -2.94382161245628 profile2
511 43.210748 -2.92761560237589 profile2
512 43.265979 -2.91385035731059 profile2
513 43.296031 -2.89724042350375 profile2
514 43.336485 -2.72736519862969 profile2
515 43.376939 -2.71528696221556 profile2
516 43.399199 -2.69863219753387 profile2
517 43.400566 -2.67435545858727 profile2
518 43.401932 -2.84828324167783 profile2
519 43.416832 -3.04608266072085 profile2
520 43.545216 -3.11516805612268 profile2
521 43.659927 -3.11072927999487 profile2
522 43.662301 -3.10469347241128 profile2
523 43.664677 -3.0986187610067 profile2
524 43.66789 -3.090151885896 profile2
525 43.746502 -3.01422026995975 profile2
526 43.811623 -2.93535222063295 profile2
527 43.828159 -2.90013222620356 profile2
528 43.836311 -2.86601137228191 profile2
529 43.838406 -2.82608217176062 profile2
530 43.840501 -2.73605683175509 profile2
531 43.844466 -2.61849220828327 profile2
532 43.861003 -2.48224832598441 profile2
533 43.901546 -2.36122315841617 profile2
534 43.980158 -2.17969979361159 profile2
535 44.020771 -1.95277905182597 profile2
536 44.053303 -1.72759872090388 profile2
537 44.085836 -1.46332645772478 profile2
538 44.138903 -1.40226804489205 profile2
539 44.294495 -1.48960857179547 profile2
540 44.317834 -1.51813423901522 profile2
541 44.341174 -1.5425143886472 profile2
542 44.364954 -1.52030502931213 profile2
543 44.431929 -1.27930807469777 profile2
544 44.438774 -1.26634511817505 profile2
545 44.445619 -1.26292052051363 profile2
546 44.482294 -1.18891997595074 profile2
547 44.551043 -1.13147581342921 profile2
548 44.564207 -1.04892988212827 profile2
549 44.568298 -0.964314086819643 profile2
550 44.572388 -0.878096102319345 profile2
551 44.576479 -0.790521729402822 profile2
552 44.58057 -0.702199012873573 profile2
553 44.584661 -0.612910025812766 profile2
554 44.588908 -0.52281358850845 profile2
555 44.596324 -0.432949654905192 profile2
556 44.603741 -0.343232412744724 profile2
557 44.608283 -0.254389675459822 profile2
558 44.609389 -0.167227126130222 profile2
559 44.610566 -0.0822110801912465 profile2
560 44.612126 0.000229084720925882 profile2
561 44.618941 0.079711436475039 profile2
562 44.625756 0.155909608316208 profile2
563 44.632571 0.215047473310443 profile2
564 44.721343 0.291400747838321 profile2
565 44.725576 0.401762167129732 profile2
566 44.729808 0.505700873634998 profile2
567 44.761322 0.58688176850758 profile2
568 44.780832 0.617144432534294 profile2
569 44.800342 0.591899471000359 profile2
570 44.819852 0.497973573314031 profile2
571 44.838742 0.40882447842522 profile2
572 44.856652 0.404087179225335 profile2
573 44.867332 0.402386627150666 profile2
574 44.874623 0.403570874820881 profile2
575 44.881915 0.407454328400343 profile2
576 44.889206 0.413804148293597 profile2
577 44.896497 0.418815573737472 profile2
578 44.940291 -0.00117751880494151 profile2
579 44.995858 -0.031656945792112 profile2
580 45.051425 -0.0295518031802861 profile2
581 45.101619 -0.0220738603518497 profile2
582 45.106404 -0.0132944101398624 profile2
583 45.111189 -0.0104768220424297 profile2
584 45.144068 -0.0344353585601652 profile2
585 45.165 -0.0397181400381869 profile2
586 45.174292 -0.0477799811964768 profile2
587 45.183584 -0.0583952512889915 profile2
588 45.206863 -0.0687114015334538 profile2
589 45.270542 -0.293964603219064 profile2
590 45.33422 -0.373468541466857 profile2
591 45.420117 0.0459020106878692 profile2
592 45.434499 0.107408486559395 profile2
593 45.438006 0.167005284968423 profile2
594 45.441513 0.205801560359122 profile2
595 45.445019 0.215091488090644 profile2
596 45.448526 0.222064245494683 profile2
597 45.452033 0.226657041773664 profile2
598 45.455539 0.208747018816397 profile2
599 45.458985 0.220097754869618 profile2
600 45.460636 0.22468489482422 profile2
601 45.462287 0.219373253021174 profile2
602 45.463938 0.227696874279454 profile2
603 45.465589 0.243463341822403 profile2
604 45.46724 0.258474450921828 profile2
605 45.470001 0.272692714099757 profile2
606 45.474942 0.286082263303251 profile2
607 45.479882 0.298612141708246 profile2
608 45.484823 0.310252070799448 profile2
609 45.489764 0.320975100048481 profile2
610 45.494704 0.330756696572768 profile2
611 45.499645 0.340124518649982 profile2
612 45.504585 0.306401729679931 profile2
613 45.622192 0.127974960667611 profile2
614 45.689416 0.408202942514201 profile2
615 45.705169 0.462637459139651 profile2
616 45.720922 0.690410442602975 profile2
617 46.0005425 0.850557613298926 profile2
618 46.280163 0.631026578788754 profile2
619 46.288948 0.273634087064615 profile2
620 46.297732 0.197885533528537 profile2
621 46.306516 0.255736337749821 profile2
622 46.315301 0.312628857581802 profile2
623 46.32335 0.366506945705685 profile2
624 46.326762 0.377302822369717 profile2
625 46.330173 0.292899094012246 profile2
626 46.333584 0.177379252560816 profile2
627 46.336995 0.0962922354562716 profile2
628 46.341532 0.00266349619234611 profile2
629 46.350316 -0.101395325034556 profile2
630 46.358463 -0.183875834308355 profile2
631 46.360127 -0.181933331563311 profile2
632 46.36179 -0.180697082491865 profile2
633 46.363103 -0.180173272098596 profile2
634 46.364052 -0.180365866436724 profile2
635 46.364976 -0.181276590032394 profile2
636 46.365522 -0.182904896777673 profile2
637 46.366069 -0.185247954845593 profile2
638 46.366615 -0.188300799982734 profile2
639 46.367161 -0.19205559639241 profile2
640 46.367707 -0.196503136744255 profile2
641 46.368253 -0.201631449049277 profile2
642 46.368799 -0.207522122381114 profile2
643 46.485003 -0.723298525983013 profile2
644 46.557864 -0.672858115146399 profile2
645 46.610522 -0.654168337877638 profile2
646 46.616448 -0.628904181324373 profile2
647 46.622375 -0.604489551398135 profile2
648 46.628301 -0.581010336261696 profile2
649 46.687297 -0.558550194365994 profile2
650 46.730117 -0.531107132943686 profile2
651 46.732363 -0.49574767868667 profile2
652 46.73461 -0.465054555245483 profile2
653 46.736857 -0.439241855400449 profile2
654 46.739103 -0.41849425115073 profile2
655 46.74135 -0.402944085512049 profile2
656 46.750658 -0.390477073147622 profile2
657 46.815826 -0.354942619488429 profile2
658 46.828517 -0.315272378867147 profile2
659 46.833526 -0.307479482952431 profile2
660 46.838536 -0.327030890297492 profile2
661 46.843545 -0.374788282397051 profile2
662 46.848554 -0.448234238035892 profile2
663 46.853564 -0.543637319484171 profile2
664 46.921126 -0.656477837867651 profile2
665 47.021298 -0.611034695538434 profile2
666 47.023709 -0.616474799432947 profile2
667 47.02612 -0.652351056835919 profile2
668 47.035721 -0.683360190523969 profile2
669 47.160161 -0.706407306564956 profile2
670 47.295389 -0.738949593114141 profile2
671 47.430616 -0.773952188673762 profile2
672 47.565843 -0.778616553764294 profile2
673 47.70107 -0.784502317759101 profile2
674 47.836298 -0.818433260080078 profile2
675 47.971525 -0.858523685844275 profile2
676 48.106752 -0.862840318495692 profile2
677 48.24198 -0.866793318868184 profile2
678 48.377207 -0.873112458248393 profile2
679 48.474506 -0.879540207806522 profile2
680 48.553159 -0.88608985356415 profile2
681 48.631813 -0.892885912087325 profile2
682 48.717003 -0.899858334123735 profile2
683 48.805261 -0.919284413640792 profile2
684 48.89352 -0.921584300294 profile2
685 48.982344 -0.956572332284153 profile2
686 49.13026 -0.907224454490727 profile2
687 49.161395 -0.828856062118963 profile2
688 49.168603 -0.815782424100838 profile2
689 49.175812 -0.914094518973857 profile2
690 49.276939 -1.05659643946806 profile2
691 49.413086 -1.01815174476778 profile2
692 49.549232 -1.11503158185685 profile2
693 49.611939 -1.15541151182413 profile2
694 49.614662 -1.22046310815405 profile2
695 49.617384 -1.27414130179877 profile2
696 49.620107 -1.29027604009508 profile2
697 49.62283 -1.30681830396454 profile2
698 49.625553 -1.32372467783249 profile2
699 49.628276 -1.34095320930004 profile2
700 49.638989 -1.34816276568693 profile2
701 49.65723 -1.350694262738 profile2
702 49.660035 -1.36189452323606 profile2
703 49.66284 -1.37252452231352 profile2
704 49.665644 -1.38255126354763 profile2
705 49.668449 -1.39195041055772 profile2
706 49.671254 -1.40070657036246 profile2
707 49.674058 -1.40881331889356 profile2
708 49.695383 -1.41637189721265 profile2
709 49.798204 -1.41958978188086 profile2
710 49.807433 -1.42215978743752 profile2
711 49.816662 -1.42463842060606 profile2
712 49.911484 -1.58410430213584 profile2
713 50.08976 -1.59961700929518 profile2
714 50.121095 -1.63483858593857 profile2
715 50.152431 -1.6718987202854 profile2
716 50.173971 -1.71114563293621 profile2
717 50.177001 -1.75189320240633 profile2
718 50.180031 -2.02024367554684 profile2
719 50.183061 -2.06889254272214 profile2
720 50.18609 -2.06480936787753 profile2
721 50.18912 -2.05990351118133 profile2
722 50.19215 -2.05713351029367 profile2
723 50.295327 -2.04134922780705 profile2
724 50.302108 -2.01163735087387 profile2
725 50.308889 -1.98229007725532 profile2
726 50.311001 -1.95344769895226 profile2
