marker_position lod trace
1 40.751751 -8.16262214752159 pleio
2 40.852649 -8.58053385664243 pleio
3 40.963726 -8.75193081274979 pleio
4 41.071368 -8.7521090225633 pleio
5 41.130258 -8.75005196438895 pleio
6 41.189147 -8.74806264926709 pleio
7 41.248037 -8.74613761303182 pleio
8 41.306927 -8.7443941813536 pleio
9 41.376781 -8.74463388199511 pleio
10 41.466542 -8.74379889684091 pleio
11 41.467199 -8.74302933681969 pleio
12 41.467856 -8.74212403689384 pleio
13 41.535355 -8.72665908404501 pleio
14 41.812857 -8.09953643307666 pleio
15 42.090359 -8.0974925843841 pleio
16 42.192627 -8.08783900413291 pleio
17 42.292082 -8.0868811401689 pleio
18 42.391537 -8.07994376128215 pleio
19 42.490992 -8.06377421326162 pleio
20 42.590447 -8.05378957432795 pleio
21 42.689901 -8.0457056578793 pleio
22 42.789356 -8.03857277909766 pleio
23 42.929723 -8.03247913300201 pleio
24 43.030511 -8.02935772154471 pleio
25 43.09059 -8.02943815353589 pleio
26 43.150669 -8.03141722853083 pleio
27 43.210748 -8.03524319663444 pleio
28 43.265979 -8.04086366730145 pleio
29 43.296031 -8.08333637521771 pleio
30 43.336485 -8.09273484563714 pleio
31 43.376939 -8.15961438793975 pleio
32 43.399199 -7.8773218608696 pleio
33 43.400566 -7.73993039608268 pleio
34 43.401932 -7.72082744805883 pleio
35 43.416832 -7.77310775211977 pleio
36 43.545216 -7.89082254690096 pleio
37 43.659927 -7.90172130023071 pleio
38 43.662301 -7.90604181719015 pleio
39 43.664677 -7.91033083103857 pleio
40 43.66789 -7.91659721778738 pleio
41 43.746502 -7.6279590591252 pleio
42 43.811623 -7.53361658439235 pleio
43 43.828159 -7.53093092199119 pleio
44 43.836311 -7.52958958102276 pleio
45 43.838406 -7.53279846880936 pleio
46 43.840501 -7.5334352911269 pleio
47 43.844466 -7.50372553468007 pleio
48 43.861003 -7.44663511886612 pleio
49 43.901546 -7.38139508126538 pleio
50 43.980158 -7.07855669901965 pleio
51 44.020771 -6.50935724079884 pleio
52 44.053303 -6.18681714838301 pleio
53 44.085836 -5.96302298913132 pleio
54 44.138903 -5.91104535264562 pleio
55 44.294495 -5.96283353792252 pleio
56 44.317834 -6.01996398547302 pleio
57 44.341174 -6.08132274809965 pleio
58 44.364954 -6.12995267120166 pleio
59 44.431929 -6.13794695356014 pleio
60 44.438774 -6.16935497457647 pleio
61 44.445619 -6.14015141057492 pleio
62 44.482294 -6.19340638610708 pleio
63 44.551043 -6.13953375380493 pleio
64 44.564207 -5.9579304598782 pleio
65 44.568298 -5.77983500969862 pleio
66 44.572388 -5.60566464657827 pleio
67 44.576479 -5.43728926741605 pleio
68 44.58057 -5.27466943184791 pleio
69 44.584661 -5.13681572646372 pleio
70 44.588908 -5.02980575636272 pleio
71 44.596324 -4.93159235883965 pleio
72 44.603741 -4.85154956989677 pleio
73 44.608283 -4.79001760059968 pleio
74 44.609389 -4.74273935038886 pleio
75 44.610566 -4.70997324921628 pleio
76 44.612126 -4.69175957749346 pleio
77 44.618941 -4.68792275608367 pleio
78 44.625756 -4.69808205096716 pleio
79 44.632571 -4.67429490030214 pleio
80 44.721343 -4.54421273204805 pleio
81 44.725576 -4.28251113635851 pleio
82 44.729808 -4.05796618846384 pleio
83 44.761322 -3.91721835784254 pleio
84 44.780832 -3.90305150029847 pleio
85 44.800342 -3.86948571000767 pleio
86 44.819852 -3.91978650459394 pleio
87 44.838742 -3.98674026460961 pleio
88 44.856652 -3.95233701145325 pleio
89 44.867332 -3.92090002415795 pleio
90 44.874623 -3.89300275279035 pleio
91 44.881915 -3.86861087108542 pleio
92 44.889206 -3.84766879690248 pleio
93 44.896497 -3.80903176105937 pleio
94 44.940291 -3.57014103482046 pleio
95 44.995858 -3.67554531501779 pleio
96 45.051425 -3.76344522652776 pleio
97 45.101619 -3.79106015368536 pleio
98 45.106404 -3.77217653806422 pleio
99 45.111189 -3.75777301761089 pleio
100 45.144068 -3.76616112524611 pleio
101 45.165 -3.7781851883816 pleio
102 45.174292 -3.79272181918711 pleio
103 45.183584 -3.80920663660311 pleio
104 45.206863 -3.82221712920745 pleio
105 45.270542 -3.88231818180506 pleio
106 45.33422 -3.62374481232094 pleio
107 45.420117 -3.68874658117398 pleio
108 45.434499 -3.55547281365061 pleio
109 45.438006 -3.42530961655002 pleio
110 45.441513 -3.31161189509207 pleio
111 45.445019 -3.217931228878 pleio
112 45.448526 -3.12455991869806 pleio
113 45.452033 -3.03168964692387 pleio
114 45.455539 -3.14449747428363 pleio
115 45.458985 -2.91935060917659 pleio
116 45.460636 -2.76057820914785 pleio
117 45.462287 -2.67179649132957 pleio
118 45.463938 -2.57653098375648 pleio
119 45.465589 -2.47773175980734 pleio
120 45.46724 -2.37952207756786 pleio
121 45.470001 -2.28204363427767 pleio
122 45.474942 -2.18543521881044 pleio
123 45.479882 -2.08983221189659 pleio
124 45.484823 -1.99536571567286 pleio
125 45.489764 -1.90216209611043 pleio
126 45.494704 -1.8103423823784 pleio
127 45.499645 -1.72107163525353 pleio
128 45.504585 -1.56993021364152 pleio
129 45.622192 -1.33933274499545 pleio
130 45.689416 -1.21215136868874 pleio
131 45.705169 -1.1221690419253 pleio
132 45.720922 -0.845243933376985 pleio
133 46.0005425 0 pleio
134 46.280163 -0.630597989816101 pleio
135 46.288948 -2.5178732272562 pleio
136 46.297732 -2.99606160247857 pleio
137 46.306516 -2.99682143000086 pleio
138 46.315301 -3.0033875302846 pleio
139 46.32335 -3.01669284108468 pleio
140 46.326762 -3.06631700912897 pleio
141 46.330173 -3.18998196760388 pleio
142 46.333584 -3.31033078369773 pleio
143 46.336995 -3.37572127086625 pleio
144 46.341532 -3.46164867815061 pleio
145 46.350316 -3.57049352735133 pleio
146 46.358463 -3.67365890538974 pleio
147 46.360127 -3.7209577841964 pleio
148 46.36179 -3.77236621432455 pleio
149 46.363103 -3.8278583821046 pleio
150 46.364052 -3.88739783953954 pleio
151 46.364976 -3.95093767445608 pleio
152 46.365522 -4.01842055237216 pleio
153 46.366069 -4.08977882513553 pleio
154 46.366615 -4.16493481478828 pleio
155 46.367161 -4.24380068638389 pleio
156 46.367707 -4.32627915270798 pleio
157 46.368253 -4.41226379630662 pleio
158 46.368799 -4.50151665176446 pleio
159 46.485003 -6.95871313556347 pleio
160 46.557864 -6.95714697142009 pleio
161 46.610522 -6.9649676690132 pleio
162 46.616448 -6.97727308008623 pleio
163 46.622375 -6.99005427628087 pleio
164 46.628301 -7.00332142378255 pleio
165 46.687297 -7.01708604442287 pleio
166 46.730117 -7.03653399005132 pleio
167 46.732363 -7.06809786695088 pleio
168 46.73461 -7.10252365014039 pleio
169 46.736857 -7.14009175382114 pleio
170 46.739103 -7.18065537001594 pleio
171 46.74135 -7.22056272878181 pleio
172 46.750658 -7.2380520371485 pleio
173 46.815826 -7.23253430713904 pleio
174 46.828517 -7.10397295436025 pleio
175 46.833526 -7.0253188614152 pleio
176 46.838536 -6.97803756617287 pleio
177 46.843545 -6.92616299624841 pleio
178 46.848554 -6.87131199379998 pleio
179 46.853564 -6.81539225307977 pleio
180 46.921126 -6.76061057539964 pleio
181 47.021298 -6.94527669948418 pleio
182 47.023709 -6.88130988237757 pleio
183 47.02612 -6.82571592307321 pleio
184 47.035721 -6.84437094424228 pleio
185 47.160161 -7.10386144437221 pleio
186 47.295389 -7.26703381628276 pleio
187 47.430616 -7.3051121736227 pleio
188 47.565843 -7.33714903148793 pleio
189 47.70107 -7.37165299575434 pleio
190 47.836298 -7.57559859169786 pleio
191 47.971525 -7.82147971169575 pleio
192 48.106752 -7.85432105367366 pleio
193 48.24198 -7.88469536070564 pleio
194 48.377207 -7.91678422382245 pleio
195 48.474506 -7.94866478904316 pleio
196 48.553159 -7.98015011894316 pleio
197 48.631813 -8.01165391504417 pleio
198 48.717003 -8.04320750029204 pleio
199 48.805261 -7.99937212624257 pleio
200 48.89352 -7.99150197822571 pleio
201 48.982344 -8.01688632808827 pleio
202 49.13026 -7.76441250841 pleio
203 49.161395 -7.6326096586917 pleio
204 49.168603 -7.40577613537468 pleio
205 49.175812 -7.21715243338387 pleio
206 49.276939 -7.25165270072081 pleio
207 49.413086 -8.36585239359147 pleio
208 49.549232 -9.10809580577373 pleio
209 49.611939 -9.16076782044651 pleio
210 49.614662 -9.26955786545774 pleio
211 49.617384 -9.37574917506182 pleio
212 49.620107 -9.3544702571271 pleio
213 49.62283 -9.33603839016559 pleio
214 49.625553 -9.32043333582222 pleio
215 49.628276 -9.30761617778427 pleio
216 49.638989 -9.30657340328556 pleio
217 49.65723 -9.31549273229804 pleio
218 49.660035 -9.31882073990344 pleio
219 49.66284 -9.32231846434152 pleio
220 49.665644 -9.32598549668984 pleio
221 49.668449 -9.32982114068631 pleio
222 49.671254 -9.33382397364294 pleio
223 49.674058 -9.33799144391738 pleio
224 49.695383 -9.3422179570867 pleio
225 49.798204 -9.34626690778295 pleio
226 49.807433 -9.35083845385492 pleio
227 49.816662 -9.35535644310122 pleio
228 49.911484 -9.73154817907726 pleio
229 50.08976 -9.96837655953711 pleio
230 50.121095 -9.9787443190802 pleio
231 50.152431 -9.98909304083054 pleio
232 50.173971 -10.0004741642891 pleio
233 50.177001 -10.0118687131494 pleio
234 50.180031 -10.9607695529338 pleio
235 50.183061 -11.4457399217613 pleio
236 50.18609 -11.4894189773753 pleio
237 50.18912 -11.5355607391702 pleio
238 50.19215 -11.537554816823 pleio
239 50.295327 -11.4346906325082 pleio
240 50.302108 -11.4341053338724 pleio
241 50.308889 -11.4342797085953 pleio
242 50.311001 -11.4352499797846 pleio
243 40.751751 -4.04510890467885 profile1
244 40.852649 -4.44724520420008 profile1
245 40.963726 -4.61582518325638 profile1
246 41.071368 -4.61221226202198 profile1
247 41.130258 -4.60728368970964 profile1
248 41.189147 -4.60254957499818 profile1
249 41.248037 -4.59801383284699 profile1
250 41.306927 -4.59369929576027 profile1
251 41.376781 -4.59044866008202 profile1
252 41.466542 -4.58962305156532 profile1
253 41.467199 -4.58888867790274 profile1
254 41.467856 -4.58868094009362 profile1
255 41.535355 -4.58852893824842 profile1
256 41.812857 -4.56262263690212 profile1
257 42.090359 -4.56194619821935 profile1
258 42.192627 -4.55071845376263 profile1
259 42.292082 -4.54028736244621 profile1
260 42.391537 -4.52913753874002 profile1
261 42.490992 -4.51488633361771 profile1
262 42.590447 -4.50191618868841 profile1
263 42.689901 -4.49042383267795 profile1
264 42.789356 -4.47982331082917 profile1
265 42.929723 -4.47017884631712 profile1
266 43.030511 -4.46019241663605 profile1
267 43.09059 -4.45003951752228 profile1
268 43.150669 -4.44063497887159 profile1
269 43.210748 -4.43211413940668 profile1
270 43.265979 -4.42448663760548 profile1
271 43.296031 -4.44678864560623 profile1
272 43.336485 -4.34173660527652 profile1
273 43.376939 -4.38886044397551 profile1
274 43.399199 -4.50526597474904 profile1
275 43.400566 -4.57759874792447 profile1
276 43.401932 -4.65206740855354 profile1
277 43.416832 -4.7476160221476 profile1
278 43.545216 -4.81560698781334 profile1
279 43.659927 -4.82338225626623 profile1
280 43.662301 -4.82859968669891 profile1
281 43.664677 -4.83377478644848 profile1
282 43.66789 -4.84110919674483 profile1
283 43.746502 -4.79619061797637 profile1
284 43.811623 -4.755666668834 profile1
285 43.828159 -4.75988470291054 profile1
286 43.836311 -4.76610542963777 profile1
287 43.838406 -4.77499861448776 profile1
288 43.840501 -4.77633976975045 profile1
289 43.844466 -4.75866845514224 profile1
290 43.861003 -4.72392549453585 profile1
291 43.901546 -4.68366486023498 profile1
292 43.980158 -4.39522037148335 profile1
293 44.020771 -3.87120682584589 profile1
294 44.053303 -3.55888191895572 profile1
295 44.085836 -3.33017545358114 profile1
296 44.138903 -3.26245557355556 profile1
297 44.294495 -3.37718787788998 profile1
298 44.317834 -3.41136652577846 profile1
299 44.341174 -3.455671504817 profile1
300 44.364954 -3.48853407310383 profile1
301 44.431929 -3.36399991384582 profile1
302 44.438774 -3.37633192607331 profile1
303 44.445619 -3.37635542738236 profile1
304 44.482294 -3.50531110653208 profile1
305 44.551043 -3.58105396567463 profile1
306 44.564207 -3.5151072865614 profile1
307 44.568298 -3.44843428628442 profile1
308 44.572388 -3.38078560899172 profile1
309 44.576479 -3.31310535815353 profile1
310 44.58057 -3.24486754342226 profile1
311 44.584661 -3.17783533257055 profile1
312 44.588908 -3.11195966628267 profile1
313 44.596324 -3.04639394452025 profile1
314 44.603741 -2.98815668646689 profile1
315 44.608283 -2.93736081821142 profile1
316 44.609389 -2.89078339195469 profile1
317 44.610566 -2.84874112370431 profile1
318 44.612126 -2.81148415642286 profile1
319 44.618941 -2.77919031300484 profile1
320 44.625756 -2.75196241830912 profile1
321 44.632571 -2.72808568200046 profile1
322 44.721343 -2.64971647885381 profile1
323 44.725576 -2.52343919405897 profile1
324 44.729808 -2.41203897374602 profile1
325 44.761322 -2.33266053125442 profile1
326 44.780832 -2.3080274277437 profile1
327 44.800342 -2.36967484280652 profile1
328 44.819852 -2.58290452280351 profile1
329 44.838742 -2.69878786797581 profile1
330 44.856652 -2.6518937502348 profile1
331 44.867332 -2.6059180817038 profile1
332 44.874623 -2.56153247950087 profile1
333 44.881915 -2.51877477897227 profile1
334 44.889206 -2.47766983101086 profile1
335 44.896497 -2.42616646944708 profile1
336 44.940291 -2.14720187047637 profile1
337 44.995858 -2.17023653947684 profile1
338 45.051425 -2.15941358340106 profile1
339 45.101619 -2.13806585544423 profile1
340 45.106404 -2.10920020289103 profile1
341 45.111189 -2.08201687347734 profile1
342 45.144068 -2.07737720301571 profile1
343 45.165 -2.07580698218425 profile1
344 45.174292 -2.07543307174135 profile1
345 45.183584 -2.07586402208484 profile1
346 45.206863 -2.07596571831979 profile1
347 45.270542 -2.02503187023957 profile1
348 45.33422 -1.91509186761648 profile1
349 45.420117 -2.00986685699508 profile1
350 45.434499 -1.91523313667341 profile1
351 45.438006 -1.82068480456169 profile1
352 45.441513 -1.72904709603443 profile1
353 45.445019 -1.64163055232705 profile1
354 45.448526 -1.55485103252949 profile1
355 45.452033 -1.46886102201472 profile1
356 45.455539 -1.46188296847797 profile1
357 45.458985 -1.33115527296296 profile1
358 45.460636 -1.21950290378031 profile1
359 45.462287 -1.13834584992746 profile1
360 45.463938 -1.03838387128241 profile1
361 45.465589 -0.928544165251179 profile1
362 45.46724 -0.81949452964487 profile1
363 45.470001 -0.711396249889026 profile1
364 45.474942 -0.604407154035028 profile1
365 45.479882 -0.49868140068133 profile1
366 45.484823 -0.394367948046503 profile1
367 45.489764 -0.291610312787259 profile1
368 45.494704 -0.190545741650576 profile1
369 45.499645 -0.0907778369084385 profile1
370 45.504585 0.0613754952605604 profile1
371 45.622192 0.256815247188558 profile1
372 45.689416 0.200084972211474 profile1
373 45.705169 0.198886202525966 profile1
374 45.720922 0.011529969465134 profile1
375 46.0005425 0 profile1
376 46.280163 -0.360262211907177 profile1
377 46.288948 -1.36151779633244 profile1
378 46.297732 -1.61668269678933 profile1
379 46.306516 -1.62140400287509 profile1
380 46.315301 -1.6295731646757 profile1
381 46.32335 -1.57278220077351 profile1
382 46.326762 -1.43222022828361 profile1
383 46.330173 -1.33313407975674 profile1
384 46.333584 -1.31062727477418 profile1
385 46.336995 -1.3559116358106 profile1
386 46.341532 -1.41217856596358 profile1
387 46.350316 -1.48258571328259 profile1
388 46.358463 -1.5400233884329 profile1
389 46.360127 -1.54079942703101 profile1
390 46.36179 -1.54354416445479 profile1
391 46.363103 -1.54827686102989 profile1
392 46.364052 -1.55501160318773 profile1
393 46.364976 -1.56375716659424 profile1
394 46.365522 -1.57451691378375 profile1
395 46.366069 -1.58728872553695 profile1
396 46.366615 -1.60206495236637 profile1
397 46.367161 -1.61883248876663 profile1
398 46.367707 -1.63757266849105 profile1
399 46.368253 -1.65826147730047 profile1
400 46.368799 -1.68518748825456 profile1
401 46.485003 -3.08953236357336 profile1
402 46.557864 -3.09435021231142 profile1
403 46.610522 -3.10299610701564 profile1
404 46.616448 -3.11213294661843 profile1
405 46.622375 -3.12170054926481 profile1
406 46.628301 -3.13167937214705 profile1
407 46.687297 -3.14205000428072 profile1
408 46.730117 -3.14922638002025 profile1
409 46.732363 -3.15176718612141 profile1
410 46.73461 -3.15651668703917 profile1
411 46.736857 -3.16356307361575 profile1
412 46.739103 -3.17286576069964 profile1
413 46.74135 -3.18435427624254 profile1
414 46.750658 -3.19687006178975 profile1
415 46.815826 -3.20685425555658 profile1
416 46.828517 -3.18532263454458 profile1
417 46.833526 -3.16614677241853 profile1
418 46.838536 -3.14353392047069 profile1
419 46.843545 -3.1133993351819 profile1
420 46.848554 -3.07638961382577 profile1
421 46.853564 -3.0336379427126 profile1
422 46.921126 -2.98699507368392 profile1
423 47.021298 -3.02118440786889 profile1
424 47.023709 -3.05892831575111 profile1
425 47.02612 -3.09499992621781 profile1
426 47.035721 -3.10520586557764 profile1
427 47.160161 -3.31042596637703 profile1
428 47.295389 -3.42228033341178 profile1
429 47.430616 -3.42718061453609 profile1
430 47.565843 -3.44575825994889 profile1
431 47.70107 -3.46624659313548 profile1
432 47.836298 -3.51410461333262 profile1
433 47.971525 -3.57376633366123 profile1
434 48.106752 -3.59334338097566 profile1
435 48.24198 -3.61198209679803 profile1
436 48.377207 -3.63117927754662 profile1
437 48.474506 -3.65052091640268 profile1
438 48.553159 -3.66989602830787 profile1
439 48.631813 -3.68938360006023 profile1
440 48.717003 -3.70903791691634 profile1
441 48.805261 -3.72291935249341 profile1
442 48.89352 -3.75483532997469 profile1
443 48.982344 -3.75635796672128 profile1
444 49.13026 -3.73707499468318 profile1
445 49.161395 -3.7730382542338 profile1
446 49.168603 -3.68303693406666 profile1
447 49.175812 -3.61062874377071 profile1
448 49.276939 -3.66705141827189 profile1
449 49.413086 -4.08704321148546 profile1
450 49.549232 -4.38664068371115 profile1
451 49.611939 -4.42173917519049 profile1
452 49.614662 -4.48272468445073 profile1
453 49.617384 -4.53717350650697 profile1
454 49.620107 -4.54211849359989 profile1
455 49.62283 -4.55021470164299 profile1
456 49.625553 -4.56141754544904 profile1
457 49.628276 -4.57566095007336 profile1
458 49.638989 -4.59118378849061 profile1
459 49.65723 -4.61514970257874 profile1
460 49.660035 -4.6396638218249 profile1
461 49.66284 -4.6658414852301 profile1
462 49.665644 -4.69355295844328 profile1
463 49.668449 -4.72265446978764 profile1
464 49.671254 -4.7529907204812 profile1
465 49.674058 -4.78439764995892 profile1
466 49.695383 -4.81672520446032 profile1
467 49.798204 -4.8262097100223 profile1
468 49.807433 -4.83302235216331 profile1
469 49.816662 -4.83966086788392 profile1
470 49.911484 -5.07806506800622 profile1
471 50.08976 -5.2489644605778 profile1
472 50.121095 -5.26181478560293 profile1
473 50.152431 -5.27494781579631 profile1
474 50.173971 -5.28878811195949 profile1
475 50.177001 -5.3029704991335 profile1
476 50.180031 -5.58017221773559 profile1
477 50.183061 -5.68509323531904 profile1
478 50.18609 -5.68491498481994 profile1
479 50.18912 -5.6853771494152 profile1
480 50.19215 -5.68272149443814 profile1
481 50.295327 -5.68470511504759 profile1
482 50.302108 -5.70571213213416 profile1
483 50.308889 -5.7265496492806 profile1
484 50.311001 -5.74715365015028 profile1
485 40.751751 -4.54732447604326 profile2
486 40.852649 -4.54032050970875 profile2
487 40.963726 -4.53182279436891 profile2
488 41.071368 -4.53617946841015 profile2
489 41.130258 -4.53956460371469 profile2
490 41.189147 -4.54283244734001 profile2
491 41.248037 -4.54597429835293 profile2
492 41.306927 -4.5490854674925 profile2
493 41.376781 -4.55306770206039 profile2
494 41.466542 -4.5530691659416 profile2
495 41.467199 -4.55301755515524 profile2
496 41.467856 -4.55221959814946 profile2
497 41.535355 -4.53618639317878 profile2
498 41.812857 -3.90500110830101 profile2
499 42.090359 -3.90342814622866 profile2
500 42.192627 -3.90497303996107 profile2
501 42.292082 -3.91468537394869 profile2
502 42.391537 -3.91913758865365 profile2
503 42.490992 -3.91732809088916 profile2
504 42.590447 -3.92039719961791 profile2
505 42.689901 -3.92391566753365 profile2
506 42.789356 -3.92749134877627 profile2
507 42.929723 -3.93114940960938 profile2
508 43.030511 -3.93844827437104 profile2
509 43.09059 -3.94945010033648 profile2
510 43.150669 -3.96171218224669 profile2
511 43.210748 -3.97504141624367 profile2
512 43.265979 -3.98936963987408 profile2
513 43.296031 -4.01070900920885 profile2
514 43.336485 -4.12105639331253 profile2
515 43.376939 -4.14152688840037 profile2
516 43.399199 -3.70473644383273 profile2
517 43.400566 -3.45832577191703 profile2
518 43.401932 -3.35847399030488 profile2
519 43.416832 -3.31299578628415 profile2
520 43.545216 -3.36419425335215 profile2
521 43.659927 -3.36796831412909 profile2
522 43.662301 -3.36734802468047 profile2
523 43.664677 -3.3667233228396 profile2
524 43.66789 -3.36573557481358 profile2
525 43.746502 -3.1100313752637 profile2
526 43.811623 -3.05661629600238 profile2
527 43.828159 -3.05117988595024 profile2
528 43.836311 -3.04515197205621 profile2
529 43.838406 -3.03880369660608 profile2
530 43.840501 -3.02765217308551 profile2
531 43.844466 -3.00600398855086 profile2
532 43.861003 -2.97571671015973 profile2
533 43.901546 -2.94590322616387 profile2
534 43.980158 -2.90239166431484 profile2
535 44.020771 -2.81678175016807 profile2
536 44.053303 -2.79014447271554 profile2
537 44.085836 -2.78456445508389 profile2
538 44.138903 -2.79753718453192 profile2
539 44.294495 -2.73055020275745 profile2
540 44.317834 -2.75400607188534 profile2
541 44.341174 -2.77248309612426 profile2
542 44.364954 -2.78830510224534 profile2
543 44.431929 -2.89211091941124 profile2
544 44.438774 -2.91145302976476 profile2
545 44.445619 -2.88332958157701 profile2
546 44.482294 -2.81293160031217 profile2
547 44.551043 -2.68033883247173 profile2
548 44.564207 -2.55280801532067 profile2
549 44.568298 -2.42952305326803 profile2
550 44.572388 -2.31118953138671 profile2
551 44.576479 -2.19888044288932 profile2
552 44.58057 -2.09313076157309 profile2
553 44.584661 -2.01123457392181 profile2
554 44.588908 -1.95970162695201 profile2
555 44.596324 -1.91749395897672 profile2
556 44.603741 -1.88711186444908 profile2
557 44.608283 -1.86876125804105 profile2
558 44.609389 -1.86140738777833 profile2
559 44.610566 -1.86503860907099 profile2
560 44.612126 -1.8794759113497 profile2
561 44.618941 -1.90438079874516 profile2
562 44.625756 -1.93926913813918 profile2
563 44.632571 -1.93804182942422 profile2
564 44.721343 -1.88090088526628 profile2
565 44.725576 -1.73593673254323 profile2
566 44.729808 -1.61771823485659 profile2
567 44.761322 -1.5553040608504 profile2
568 44.780832 -1.56504399293503 profile2
569 44.800342 -1.45146317225011 profile2
570 44.819852 -1.27016966188396 profile2
571 44.838742 -1.21898847280068 profile2
572 44.856652 -1.22905578796301 profile2
573 44.867332 -1.24170430944843 profile2
574 44.874623 -1.25686896601937 profile2
575 44.881915 -1.27446426642976 profile2
576 44.889206 -1.29439308150847 profile2
577 44.896497 -1.30506943980307 profile2
578 44.940291 -1.30611285656458 profile2
579 44.995858 -1.38638344148647 profile2
580 45.051425 -1.48247710983379 profile2
581 45.101619 -1.52953559426962 profile2
582 45.106404 -1.53768268351409 profile2
583 45.111189 -1.54878804609307 profile2
584 45.144068 -1.56009053560448 profile2
585 45.165 -1.57239370324486 profile2
586 45.174292 -1.58610867071743 profile2
587 45.183584 -1.60107296431523 profile2
588 45.206863 -1.61315269214947 profile2
589 45.270542 -1.71880905657856 profile2
590 45.33422 -1.54363092927949 profile2
591 45.420117 -1.50151541813456 profile2
592 45.434499 -1.45957428858309 profile2
593 45.438006 -1.42049649471584 profile2
594 45.441513 -1.39477988576496 profile2
595 45.445019 -1.38490429145908 profile2
596 45.448526 -1.37490381360656 profile2
597 45.452033 -1.3648289580014 profile2
598 45.455539 -1.48688128323506 profile2
599 45.458985 -1.38576751921925 profile2
600 45.460636 -1.33486400699999 profile2
601 45.462287 -1.32499569242026 profile2
602 45.463938 -1.32703991447004 profile2
603 45.465589 -1.33524865400324 profile2
604 45.46724 -1.34341322284731 profile2
605 45.470001 -1.35152024968644 profile2
606 45.474942 -1.35955628695369 profile2
607 45.479882 -1.36750750919797 profile2
608 45.484823 -1.37536030970033 profile2
609 45.489764 -1.38310107785635 profile2
610 45.494704 -1.39071640100177 profile2
611 45.499645 -1.39962332069323 profile2
612 45.504585 -1.39090943716597 profile2
613 45.622192 -1.33933274499545 profile2
614 45.689416 -1.15303176164862 profile2
615 45.705169 -1.05727317813386 profile2
616 45.720922 -0.597667232095455 profile2
617 46.0005425 0.256815247188558 profile2
618 46.280163 -0.0213577837919822 profile2
619 46.288948 -1.096893348716 profile2
620 46.297732 -1.36537809835171 profile2
621 46.306516 -1.36166510150594 profile2
622 46.315301 -1.36052130213572 profile2
623 46.32335 -1.43213289174717 profile2
624 46.326762 -1.62872065092358 profile2
625 46.330173 -1.86328852474888 profile2
626 46.333584 -2.01735507656207 profile2
627 46.336995 -2.04355502052532 profile2
628 46.341532 -2.08013516648063 profile2
629 46.350316 -2.12602541099104 profile2
630 46.358463 -2.17831802479538 profile2
631 46.360127 -2.22793661848069 profile2
632 46.36179 -2.28007764568524 profile2
633 46.363103 -2.33469632974336 profile2
634 46.364052 -2.39174139609753 profile2
635 46.364976 -2.45115535706135 profile2
636 46.365522 -2.51287464646291 profile2
637 46.366069 -2.57682979406748 profile2
638 46.366615 -2.6429457704119 profile2
639 46.367161 -2.71114174465539 profile2
640 46.367707 -2.78133203562404 profile2
641 46.368253 -2.85342610367396 profile2
642 46.368799 -2.92265218338637 profile2
643 46.485003 -4.16331232817425 profile2
644 46.557864 -4.15796893221066 profile2
645 46.610522 -4.15832985565508 profile2
646 46.616448 -4.16259946896853 profile2
647 46.622375 -4.16693516863065 profile2
648 46.628301 -4.17136758525002 profile2
649 46.687297 -4.17592853735881 profile2
650 46.730117 -4.18922218297699 profile2
651 46.732363 -4.21915401812497 profile2
652 46.73461 -4.25000348422722 profile2
653 46.736857 -4.28195533290516 profile2
654 46.739103 -4.31489777597725 profile2
655 46.74135 -4.34515759113788 profile2
656 46.750658 -4.35150684346984 profile2
657 46.815826 -4.33918943019707 profile2
658 46.828517 -4.23521969823261 profile2
659 46.833526 -4.17850746576118 profile2
660 46.838536 -4.15750826372229 profile2
661 46.843545 -4.13887025537197 profile2
662 46.848554 -4.12353206112842 profile2
663 46.853564 -4.11228238689788 profile2
664 46.921126 -4.1055379171099 profile2
665 47.021298 -4.27653505158029 profile2
666 47.023709 -4.17752585473643 profile2
667 47.02612 -4.08914991507319 profile2
668 47.035721 -4.09959932920144 profile2
669 47.160161 -4.15859516552435 profile2
670 47.295389 -4.21519493102074 profile2
671 47.430616 -4.25119871274976 profile2
672 47.565843 -4.26636450248141 profile2
673 47.70107 -4.2821921161013 profile2
674 47.836298 -4.44696713180649 profile2
675 47.971525 -4.64576866384941 profile2
676 48.106752 -4.66063518013501 profile2
677 48.24198 -4.67399639134641 profile2
678 48.377207 -4.68841351660599 profile2
679 48.474506 -4.70246408480569 profile2
680 48.553159 -4.71607149502679 profile2
681 48.631813 -4.72956760037873 profile2
682 48.717003 -4.74293557601879 profile2
683 48.805261 -4.69404776204534 profile2
684 48.89352 -4.66414864063081 profile2
685 48.982344 -4.69635930826504 profile2
686 49.13026 -4.47281081430166 profile2
687 49.161395 -4.31484927489865 profile2
688 49.168603 -4.19540113790727 profile2
689 49.175812 -4.09947604139875 profile2
690 49.276939 -4.08547549049562 profile2
691 49.413086 -4.81555642191561 profile2
692 49.549232 -5.30602653564486 profile2
693 49.611939 -5.32311850958058 profile2
694 49.614662 -5.3729786979964 profile2
695 49.617384 -5.4280460364014 profile2
696 49.620107 -5.40098586305315 profile2
697 49.62283 -5.3736192884592 profile2
698 49.625553 -5.34596517485166 profile2
699 49.628276 -5.31804576429429 profile2
700 49.638989 -5.30199672090757 profile2
701 49.65723 -5.28961927891697 profile2
702 49.660035 -5.27078534646109 profile2
703 49.66284 -5.25046707056903 profile2
704 49.665644 -5.2287912619607 profile2
705 49.668449 -5.20589779951901 profile2
706 49.671254 -5.18193667492855 profile2
707 49.674058 -5.15706484710476 profile2
708 49.695383 -5.13131753785808 profile2
709 49.798204 -5.12683879659398 profile2
710 49.807433 -5.12545461393679 profile2
711 49.816662 -5.12400328849569 profile2
712 49.911484 -5.24590501096947 profile2
713 50.08976 -5.38357199567791 profile2
714 50.121095 -5.3811753334478 profile2
715 50.152431 -5.37842891524019 profile2
716 50.173971 -5.37599802284497 profile2
717 50.177001 -5.37319101216258 profile2
718 50.180031 -6.08159676254071 profile2
719 50.183061 -6.48194270939428 profile2
720 50.18609 -6.52729329341222 profile2
721 50.18912 -6.57458815818098 profile2
722 50.19215 -6.57818613598248 profile2
723 50.295327 -6.46401506164664 profile2
724 50.302108 -6.44469207560165 profile2
725 50.308889 -6.42626025652311 profile2
726 50.311001 -6.40881218662056 profile2
