marker_position lod trace
1 162.797792 -25.7227837797244 pleio
2 162.802465 -25.6523781750564 pleio
3 162.807137 -25.6304072550438 pleio
4 162.891193 -25.5124281091095 pleio
5 162.899169 -25.3810142934699 pleio
6 162.907146 -25.4585125264652 pleio
7 162.915122 -25.477064572071 pleio
8 162.923098 -25.431069157861 pleio
9 162.931074 -25.387363035129 pleio
10 162.93905 -25.34884508035 pleio
11 162.97044 -24.998385496742 pleio
12 162.976744 -25.0334933190798 pleio
13 162.983048 -24.9857885933149 pleio
14 162.989352 -24.9604206573487 pleio
15 162.995537 -24.8060226325345 pleio
16 162.997832 -24.887223619446 pleio
17 163.00011 -24.9093277041603 pleio
18 163.002388 -24.8739471242398 pleio
19 163.004665 -24.8389867510012 pleio
20 163.006943 -24.804517881385 pleio
21 163.009221 -24.7706098040068 pleio
22 163.011499 -24.7373357277057 pleio
23 163.013777 -24.7047671190514 pleio
24 163.016054 -24.6672888354852 pleio
25 163.018332 -24.6230073324752 pleio
26 163.02061 -24.5795317753965 pleio
27 163.022888 -24.5369419859202 pleio
28 163.025166 -24.4947620767966 pleio
29 163.029526 -24.4528447204925 pleio
30 163.045161 -24.401981787956 pleio
31 163.061794 -24.3518854670678 pleio
32 163.078427 -24.4226306732772 pleio
33 163.09506 -24.5653371098739 pleio
34 163.111693 -24.6923127008934 pleio
35 163.125708 -24.8088049837148 pleio
36 163.137394 -23.9926735351639 pleio
37 163.14908 -23.3736073816218 pleio
38 163.154021 -23.16323623806 pleio
39 163.156127 -22.975958107643 pleio
40 163.157556 -22.8137304672052 pleio
41 163.158891 -22.6777328341897 pleio
42 163.160225 -22.568282494716 pleio
43 163.161559 -22.4848507073593 pleio
44 163.162894 -22.4261741373056 pleio
45 163.164228 -22.3904539171671 pleio
46 163.165562 -22.3755838699113 pleio
47 163.166897 -22.379251476992 pleio
48 163.26265 -22.0463197275939 pleio
49 163.413317 -21.5330846739069 pleio
50 163.495816 -21.0745034506206 pleio
51 163.507977 -20.3904674455149 pleio
52 163.520139 -19.6646586895878 pleio
53 163.582672 -18.969992368729 pleio
54 164.022416 -16.8121460708723 pleio
55 164.027702 -16.3221784837655 pleio
56 164.032987 -16.1093907849509 pleio
57 164.064248 -16.1043394694222 pleio
58 164.070405 -16.0769437206537 pleio
59 164.076561 -16.0496839777626 pleio
60 164.255184 -13.8037574767607 pleio
61 164.291807 -12.4446802507903 pleio
62 164.314068 -12.4893521289724 pleio
63 164.325529 -12.6755063510175 pleio
64 164.336991 -12.710022840476 pleio
65 164.348452 -12.1757250562418 pleio
66 164.60536 -12.148139068781 pleio
67 164.617986 -11.8635961823421 pleio
68 164.628884 -11.6618214007301 pleio
69 164.636687 -11.5461497695177 pleio
70 164.648869 -11.4939889401454 pleio
71 164.66892 -11.4777397139919 pleio
72 164.758936 -11.5047528514464 pleio
73 165.053217 -11.5416916214951 pleio
74 165.121823 -11.5143149076396 pleio
75 165.132678 -11.4336041492355 pleio
76 165.143532 -11.3457400820894 pleio
77 165.154046 -10.5874328325959 pleio
78 165.15722 -10.3216770995241 pleio
79 165.160395 -10.0565332920903 pleio
80 165.163569 -10.0276283166094 pleio
81 165.195982 -9.93470305406115 pleio
82 165.223558 -9.91124403113514 pleio
83 165.251135 -9.90269472498989 pleio
84 165.276843 -10.0966319161199 pleio
85 165.283031 -10.3062818426073 pleio
86 165.290201 -10.1453235949281 pleio
87 165.297626 -9.77714158644771 pleio
88 165.445995 -9.6532479709137 pleio
89 165.451594 -9.58548863762185 pleio
90 165.457194 -9.56101357508315 pleio
91 165.462793 -9.53945457357955 pleio
92 165.468393 -9.53229686176784 pleio
93 165.473992 -9.54926500573768 pleio
94 165.479592 -9.59101327055402 pleio
95 165.485905 -10.5185928079016 pleio
96 165.495439 -10.5196661706023 pleio
97 165.565236 -10.4373290688701 pleio
98 165.56991 -10.3955874445729 pleio
99 165.574583 -10.4542810491982 pleio
100 165.581587 -10.4764956419824 pleio
101 165.605467 -10.4786098683667 pleio
102 165.629348 -10.4536696659348 pleio
103 165.653228 -10.4393846540029 pleio
104 165.677109 -10.4338060364681 pleio
105 165.700989 -10.3619818911882 pleio
106 165.704891 -10.2321808821734 pleio
107 165.706625 -10.1167805593289 pleio
108 165.708359 -10.0165541999351 pleio
109 165.710093 -9.93210093920767 pleio
110 165.711827 -9.86383034781448 pleio
111 165.713561 -9.24135604311074 pleio
112 165.715295 -8.51716205447101 pleio
113 165.717029 -7.86439508623514 pleio
114 165.718763 -7.3097233120091 pleio
115 165.720497 -6.87839554351913 pleio
116 165.722231 -6.58868913684409 pleio
117 165.723965 -6.44530494777998 pleio
118 165.725699 -6.39037812009718 pleio
119 165.802549 -6.35055052013331 pleio
120 165.85132 -6.34516611790221 pleio
121 165.858793 -6.28813114526155 pleio
122 165.864624 -6.12506228134279 pleio
123 165.868565 -5.974381844117 pleio
124 165.872506 -5.83679491296266 pleio
125 165.876447 -5.71291435646139 pleio
126 165.880388 -5.60325149121924 pleio
127 165.884329 -5.39386871392187 pleio
128 165.88827 -5.21780398709678 pleio
129 165.892211 -5.1008130084125 pleio
130 165.896152 -5.11047093672291 pleio
131 165.900093 -5.16616197522153 pleio
132 165.912941 -5.18760833376202 pleio
133 165.925276 -5.1729340028726 pleio
134 165.925359 -5.17162868082491 pleio
135 165.925441 -5.17783140044057 pleio
136 165.930685 -5.2019895962493 pleio
137 166.172164 -4.65858839467069 pleio
138 166.181382 -3.75133463473945 pleio
139 166.1906 -3.33127457022502 pleio
140 166.324274 -2.17226200938128 pleio
141 166.325217 -1.647385474022 pleio
142 166.32602 -1.4070711531282 pleio
143 166.326823 -1.47075669037744 pleio
144 166.327627 -1.65292156104546 pleio
145 166.32843 -1.80334882125888 pleio
146 166.377584 -1.93970781479347 pleio
147 166.382507 -1.90833507814689 pleio
148 166.38743 -1.88094870372974 pleio
149 166.394815 -1.85745506056385 pleio
150 166.403288 -1.49952779752426 pleio
151 166.407404 -1.35148930564757 pleio
152 166.411519 -1.31864171934426 pleio
153 166.415634 -1.30943480336856 pleio
154 166.419069 -1.32287827803884 pleio
155 166.422503 -1.35765586186803 pleio
156 166.425938 -1.41219636715622 pleio
157 166.429372 -1.48477669782087 pleio
158 166.432807 -1.57364616504806 pleio
159 166.439999 -1.67713085372764 pleio
160 166.448156 -1.79358737935975 pleio
161 166.475596 -1.90426831679476 pleio
162 166.491355 -1.91908942980449 pleio
163 166.507114 -1.93872514229867 pleio
164 166.522873 -1.95246684854873 pleio
165 166.537635 -1.95942828476228 pleio
166 166.55226 -1.97916013752714 pleio
167 166.566886 -1.83631299487455 pleio
168 166.581511 -1.54656568468195 pleio
169 166.592132 -1.25016346245561 pleio
170 166.599166 -0.889220368398046 pleio
171 166.606199 -0.448797584842935 pleio
172 166.613233 -0.201251177053283 pleio
173 166.62365 0 pleio
174 166.754477 -0.0196911361801157 pleio
175 166.783106 -0.0510509882454413 pleio
176 166.802407 -0.212434281026939 pleio
177 166.805057 -0.539602290132798 pleio
178 166.807706 -1.01098992637694 pleio
179 166.811338 -1.31525329050158 pleio
180 166.839967 -1.47811905276406 pleio
181 166.951357 -1.59992258843397 pleio
182 166.992184 -1.60369768822755 pleio
183 167.033011 -1.79919157941764 pleio
184 167.073838 -3.15875883010475 pleio
185 167.142758 -4.01262037290938 pleio
186 167.274124 -4.44628704368634 pleio
187 167.282638 -4.50830408536119 pleio
188 167.286179 -4.67379486917906 pleio
189 167.289719 -4.94490961823236 pleio
190 167.29326 -5.30927665079103 pleio
191 167.306473 -5.78102053245501 pleio
192 167.322761 -6.10439025388583 pleio
193 167.349466 -6.26527328366864 pleio
194 167.360748 -6.29382909222407 pleio
195 167.37203 -6.32326042963445 pleio
196 167.396998 -6.35327407561604 pleio
197 167.523201 -6.55225109811266 pleio
198 167.545144 -6.57254567815049 pleio
199 167.556235 -6.54648140358776 pleio
200 167.567326 -6.51516730568499 pleio
201 167.647654 -6.65637619789766 pleio
202 167.755373 -6.68630010458696 pleio
203 167.788738 -6.71539905436819 pleio
204 167.822104 -6.74542684519952 pleio
205 167.836721 -6.76899171269028 pleio
206 167.845502 -6.79185829779147 pleio
207 167.854284 -6.8163910848907 pleio
208 167.858563 -6.84257917250268 pleio
209 167.860327 -6.87492619839684 pleio
210 167.862092 -6.9268661868093 pleio
211 167.863857 -6.97405127031514 pleio
212 167.865622 -7.02540171384405 pleio
213 167.86764 -7.09881269582835 pleio
214 167.871511 -7.19224679455551 pleio
215 167.876871 -7.3047601544176 pleio
216 167.882232 -7.43602252188387 pleio
217 167.887593 -7.58559871215365 pleio
218 167.913375 -7.69015658497918 pleio
219 167.920966 -7.72461383883935 pleio
220 167.928557 -7.75839041664443 pleio
221 168.002821 -7.77648501853662 pleio
222 168.013929 -7.74544276483033 pleio
223 168.020304 -7.72176497192958 pleio
224 168.023961 -7.70738196063645 pleio
225 168.02735 -7.70623520257245 pleio
226 168.030739 -7.76398433786909 pleio
227 168.034128 -8.36231651688138 pleio
228 168.037518 -8.38648318318685 pleio
229 168.042103 -8.41918031112016 pleio
230 168.057523 -8.44375116465575 pleio
231 168.241031 -8.20267742829036 pleio
232 168.273712 -8.2510587175992 pleio
233 168.276509 -8.30018710245166 pleio
234 168.279306 -8.35110287441355 pleio
235 168.282103 -8.40382856359898 pleio
236 168.2849 -8.45838188666471 pleio
237 168.287697 -8.51477113665434 pleio
238 168.291368 -8.65026484992463 pleio
239 168.295216 -8.80493921823701 pleio
240 168.301388 -8.95669413727519 pleio
241 168.308464 -9.47809495728533 pleio
242 168.31554 -10.4516021295186 pleio
243 168.322616 -11.7923136269572 pleio
244 168.369835 -12.4126023678904 pleio
245 168.372164 -12.4752019142965 pleio
246 168.374493 -12.5387940498725 pleio
247 168.376821 -12.6004705657728 pleio
248 162.797792 -23.0575581882734 profile1
249 162.802465 -23.1191316452369 profile1
250 162.807137 -23.2104102999697 profile1
251 162.891193 -23.1856332153764 profile1
252 162.899169 -23.1322343116623 profile1
253 162.907146 -23.1228392130163 profile1
254 162.915122 -23.1369515836724 profile1
255 162.923098 -23.1598571094169 profile1
256 162.931074 -23.1840647262906 profile1
257 162.93905 -23.2096760469066 profile1
258 162.97044 -23.0588295343019 profile1
259 162.976744 -23.0542056343925 profile1
260 162.983048 -23.0357742362069 profile1
261 162.989352 -23.0795596096531 profile1
262 162.995537 -23.0399107400252 profile1
263 162.997832 -22.8358604980416 profile1
264 163.00011 -22.7965801773347 profile1
265 163.002388 -22.784647312305 profile1
266 163.004665 -22.7729000604589 profile1
267 163.006943 -22.7613574013784 profile1
268 163.009221 -22.7500365778958 profile1
269 163.011499 -22.7389567793791 profile1
270 163.013777 -22.72813752609 profile1
271 163.016054 -22.7160347751502 profile1
272 163.018332 -22.7021219437987 profile1
273 163.02061 -22.6884857714663 profile1
274 163.022888 -22.6751436148184 profile1
275 163.025166 -22.6617251445147 profile1
276 163.029526 -22.6480871541062 profile1
277 163.045161 -22.6264614134996 profile1
278 163.061794 -22.6056005811061 profile1
279 163.078427 -22.6887197861377 profile1
280 163.09506 -22.8284060361751 profile1
281 163.111693 -22.9520268726882 profile1
282 163.125708 -23.0977366902947 profile1
283 163.137394 -22.4085376468316 profile1
284 163.14908 -21.4323889418507 profile1
285 163.154021 -21.2819275135833 profile1
286 163.156127 -21.1425716832845 profile1
287 163.157556 -21.0156526540583 profile1
288 163.158891 -20.9020525871918 profile1
289 163.160225 -20.8021552215936 profile1
290 163.161559 -20.7158543174675 profile1
291 163.162894 -20.6426216148096 profile1
292 163.164228 -20.5816301669274 profile1
293 163.165562 -20.5318894053011 profile1
294 163.166897 -20.4922236332742 profile1
295 163.26265 -20.3824939219474 profile1
296 163.413317 -20.2829248701326 profile1
297 163.495816 -19.1977458941048 profile1
298 163.507977 -18.4943588714571 profile1
299 163.520139 -17.7265926315267 profile1
300 163.582672 -17.0250932049005 profile1
301 164.022416 -15.6448574842529 profile1
302 164.027702 -15.2737009995008 profile1
303 164.032987 -15.0125933115245 profile1
304 164.064248 -14.9333254782569 profile1
305 164.070405 -14.9193337382156 profile1
306 164.076561 -14.9053555019581 profile1
307 164.255184 -12.8880185545958 profile1
308 164.291807 -11.7720349299262 profile1
309 164.314068 -11.8008126948265 profile1
310 164.325529 -11.9235702801455 profile1
311 164.336991 -11.9507076113584 profile1
312 164.348452 -11.6459474193552 profile1
313 164.60536 -11.698912547526 profile1
314 164.617986 -11.5147861541375 profile1
315 164.628884 -11.3891434199713 profile1
316 164.636687 -11.3320607217842 profile1
317 164.648869 -11.3296840278159 profile1
318 164.66892 -11.3235388077409 profile1
319 164.758936 -11.3687314176322 profile1
320 165.053217 -11.5416916214951 profile1
321 165.121823 -11.4948874407276 profile1
322 165.132678 -11.410913732269 profile1
323 165.143532 -11.2965816213127 profile1
324 165.154046 -10.4308566752748 profile1
325 165.15722 -10.0601186141269 profile1
326 165.160395 -9.66487045379724 profile1
327 165.163569 -9.40561453775938 profile1
328 165.195982 -9.19769280401967 profile1
329 165.223558 -9.15056281498424 profile1
330 165.251135 -9.12823790002858 profile1
331 165.276843 -9.17498322031827 profile1
332 165.283031 -9.21325890206269 profile1
333 165.290201 -9.09548486146452 profile1
334 165.297626 -8.94228746582669 profile1
335 165.445995 -8.89754390449148 profile1
336 165.451594 -8.81950297978476 profile1
337 165.457194 -8.77178760216952 profile1
338 165.462793 -8.70680671180295 profile1
339 165.468393 -8.64659965211333 profile1
340 165.473992 -8.60369882769029 profile1
341 165.479592 -8.57928846761366 profile1
342 165.485905 -7.41367776205924 profile1
343 165.495439 -7.39673345562923 profile1
344 165.565236 -7.30735447743548 profile1
345 165.56991 -7.24420528938119 profile1
346 165.574583 -7.23255984303302 profile1
347 165.581587 -7.20969242598221 profile1
348 165.605467 -7.18125056395638 profile1
349 165.629348 -7.1373360076393 profile1
350 165.653228 -7.10374143240546 profile1
351 165.677109 -7.08505224938707 profile1
352 165.700989 -6.98620966033392 profile1
353 165.704891 -6.81772267780378 profile1
354 165.706625 -6.66188940904539 profile1
355 165.708359 -6.519747034596 profile1
356 165.710093 -6.39218580240477 profile1
357 165.711827 -6.27992489032075 profile1
358 165.713561 -5.56289291661869 profile1
359 165.715295 -4.7197572459097 profile1
360 165.717029 -3.93599358608516 profile1
361 165.718763 -3.23944469358811 profile1
362 165.720497 -2.65721177649939 profile1
363 165.722231 -2.2102513107178 profile1
364 165.723965 -1.90873919772994 profile1
365 165.725699 -1.76807904252904 profile1
366 165.802549 -1.68757999565932 profile1
367 165.85132 -1.66706104127733 profile1
368 165.858793 -1.60415004448051 profile1
369 165.864624 -1.43333081252452 profile1
370 165.868565 -1.27411838686288 profile1
371 165.872506 -1.12731942518183 profile1
372 165.876447 -0.993641300045603 profile1
373 165.880388 -0.873670159044799 profile1
374 165.884329 -0.642157691311087 profile1
375 165.88827 -0.436840011271277 profile1
376 165.892211 -0.285452491726096 profile1
377 165.896152 -0.25854263330114 profile1
378 165.900093 -0.271424848297503 profile1
379 165.912941 -0.262481424881183 profile1
380 165.925276 -0.232030503840511 profile1
381 165.925359 -0.212417722266423 profile1
382 165.925441 -0.19883454058563 profile1
383 165.930685 -0.200725535795156 profile1
384 166.172164 0.459361384510684 profile1
385 166.181382 1.62635384118332 profile1
386 166.1906 2.35813470892848 profile1
387 166.324274 3.70042844426713 profile1
388 166.325217 4.23288703343109 profile1
389 166.32602 4.48636366665668 profile1
390 166.326823 4.43727841593221 profile1
391 166.327627 4.27918428563531 profile1
392 166.32843 4.15647334014531 profile1
393 166.377584 4.04185286136411 profile1
394 166.382507 4.08248407972575 profile1
395 166.38743 4.11799369075241 profile1
396 166.394815 4.14842814259127 profile1
397 166.403288 4.49024726452382 profile1
398 166.407404 4.62609155771171 profile1
399 166.411519 4.75306873862795 profile1
400 166.415634 4.86071630548081 profile1
401 166.419069 4.94879653562938 profile1
402 166.422503 5.01714651265971 profile1
403 166.425938 5.06567743676776 profile1
404 166.429372 5.09437625771705 profile1
405 166.432807 5.10330639861702 profile1
406 166.439999 5.09262196332945 profile1
407 166.448156 5.0626644099169 profile1
408 166.475596 5.03006820418376 profile1
409 166.491355 5.09504671612506 profile1
410 166.507114 5.13078152266751 profile1
411 166.522873 5.15577958148067 profile1
412 166.537635 5.17125202050894 profile1
413 166.55226 5.15843941818229 profile1
414 166.566886 5.30024018358081 profile1
415 166.581511 5.61428561723931 profile1
416 166.592132 5.93562888919641 profile1
417 166.599166 6.31552826841434 profile1
418 166.606199 6.76922085421579 profile1
419 166.613233 7.0348594321945 profile1
420 166.62365 7.24995593691256 profile1
421 166.754477 7.41137765402616 profile1
422 166.783106 7.40304346621647 profile1
423 166.802407 7.27197570161686 profile1
424 166.805057 6.97716921178408 profile1
425 166.807706 6.53759732375505 profile1
426 166.811338 6.26020748375284 profile1
427 166.839967 6.10969469588712 profile1
428 166.951357 5.97551067893834 profile1
429 166.992184 5.97738484524635 profile1
430 167.033011 5.77866052359389 profile1
431 167.073838 4.86223616237282 profile1
432 167.142758 4.20517066739312 profile1
433 167.274124 3.82452907449671 profile1
434 167.282638 3.70592666105115 profile1
435 167.286179 3.4880905125397 profile1
436 167.289719 3.16995361508734 profile1
437 167.29326 2.76069427623657 profile1
438 167.306473 2.24927331104731 profile1
439 167.322761 1.91915438947431 profile1
440 167.349466 1.7606124140725 profile1
441 167.360748 1.73755521321389 profile1
442 167.37203 1.71345568858483 profile1
443 167.396998 1.6884838118546 profile1
444 167.523201 1.41904304648092 profile1
445 167.545144 1.40135717189443 profile1
446 167.556235 1.43363294475437 profile1
447 167.567326 1.47010161245956 profile1
448 167.647654 1.31198048383431 profile1
449 167.755373 1.28401462843492 profile1
450 167.788738 1.25481713060081 profile1
451 167.822104 1.2245274558673 profile1
452 167.836721 1.20071432365537 profile1
453 167.845502 1.17726345798658 profile1
454 167.854284 1.15172047246274 profile1
455 167.858563 1.12413127199553 profile1
456 167.860327 1.0917937042024 profile1
457 167.862092 1.04673133156124 profile1
458 167.863857 1.00634992029933 profile1
459 167.865622 0.961757847539113 profile1
460 167.86764 0.896108545439228 profile1
461 167.871511 0.810984526458481 profile1
462 167.876871 0.707129900991816 profile1
463 167.882232 0.584873859420629 profile1
464 167.887593 0.444649147555734 profile1
465 167.913375 0.342836380343328 profile1
466 167.920966 0.303382485645317 profile1
467 167.928557 0.264859676961474 profile1
468 168.002821 0.248851270703859 profile1
469 168.013929 0.304949627747026 profile1
470 168.020304 0.353767656954804 profile1
471 168.023961 0.389997812796793 profile1
472 168.02735 0.410276357178348 profile1
473 168.030739 0.374823565630715 profile1
474 168.034128 -0.248642274835189 profile1
475 168.037518 -0.244750092442066 profile1
476 168.042103 -0.258842300158538 profile1
477 168.057523 -0.226541154797048 profile1
478 168.241031 -0.0101610829217668 profile1
479 168.273712 -0.049202994912516 profile1
480 168.276509 -0.0894272765395861 profile1
481 168.279306 -0.131549105072511 profile1
482 168.282103 -0.175610221274979 profile1
483 168.2849 -0.221647319174421 profile1
484 168.287697 -0.269686700972145 profile1
485 168.291368 -0.366218209800422 profile1
486 168.295216 -0.478781248323765 profile1
487 168.301388 -0.596750754814239 profile1
488 168.308464 -1.05347077191016 profile1
489 168.31554 -1.96656194273384 profile1
490 168.322616 -3.2751793806558 profile1
491 168.369835 -3.89747872913652 profile1
492 168.372164 -3.96472535168392 profile1
493 168.374493 -4.03283134113651 profile1
494 168.376821 -4.10041631966306 profile1
495 162.797792 4.89304540080659 profile2
496 162.802465 5.01702267125377 profile2
497 162.807137 5.11994905438038 profile2
498 162.891193 5.20685115928548 profile2
499 162.899169 5.275754215743 profile2
500 162.907146 5.18329333450568 profile2
501 162.915122 5.17989797742282 profile2
502 162.923098 5.25082282169345 profile2
503 162.931074 5.32026546470959 profile2
504 162.93905 5.38536510258993 profile2
505 162.97044 5.5821347370177 profile2
506 162.976744 5.54314116896296 profile2
507 162.983048 5.57310891192297 profile2
508 162.989352 5.65539568745212 profile2
509 162.995537 5.76666706478265 profile2
510 162.997832 5.48211449663691 profile2
511 163.00011 5.42197047795079 profile2
512 163.002388 5.44570232023156 profile2
513 163.004665 5.46924245190743 profile2
514 163.006943 5.49253798322074 profile2
515 163.009221 5.51553631370005 profile2
516 163.011499 5.53818251897949 profile2
517 163.013777 5.56042384426331 profile2
518 163.016054 5.58627584158892 profile2
519 163.018332 5.61708876512402 profile2
520 163.02061 5.64741232915915 profile2
521 163.022888 5.67718285427775 profile2
522 163.025166 5.70651364420854 profile2
523 163.029526 5.73540962407989 profile2
524 163.045161 5.76557740658552 profile2
525 163.061794 5.79593308288748 profile2
526 163.078427 5.8089460199875 profile2
527 163.09506 5.80647164435387 profile2
528 163.111693 5.80474985555735 profile2
529 163.125708 5.83909756117008 profile2
530 163.137394 5.98431043151314 profile2
531 163.14908 5.62719748644933 profile2
532 163.154021 5.6837352460539 profile2
533 163.156127 5.72770652922653 profile2
534 163.157556 5.75851433229158 profile2
535 163.158891 5.77591948337602 profile2
536 163.160225 5.78007370247713 profile2
537 163.161559 5.77150662780938 profile2
538 163.162894 5.75107480851573 profile2
539 163.164228 5.71987730341656 profile2
540 163.165562 5.67915388832361 profile2
541 163.166897 5.63014986581836 profile2
542 163.26265 5.85200704326287 profile2
543 163.413317 6.26417714646334 profile2
544 163.495816 5.61606704330542 profile2
545 163.507977 5.60356434568292 profile2
546 163.520139 5.56680622860577 profile2
547 163.582672 5.56684505628269 profile2
548 164.022416 6.3265712216567 profile2
549 164.027702 6.43226343537732 profile2
550 164.032987 6.37639885212962 profile2
551 164.064248 6.29557662002984 profile2
552 164.070405 6.30884715656075 profile2
553 164.076561 6.32200472656351 profile2
554 164.255184 6.54108403051603 profile2
555 164.291807 6.78330595906726 profile2
556 164.314068 6.75780356660726 profile2
557 164.325529 6.68547149239258 profile2
558 164.336991 6.67083788926401 profile2
559 164.348452 6.89639163185497 profile2
560 164.60536 6.97480305204015 profile2
561 164.617986 7.08110874635446 profile2
562 164.628884 7.16310344037483 profile2
563 164.636687 7.22667425204018 profile2
564 164.648869 7.27894436607746 profile2
565 164.66892 7.29196024025996 profile2
566 164.758936 7.3230628930752 profile2
567 165.053217 7.41137765402616 profile2
568 165.121823 7.39185113052714 profile2
569 165.132678 7.38852490755467 profile2
570 165.143532 7.35943249150055 profile2
571 165.154046 7.24291234568249 profile2
572 165.15722 7.12990391239013 profile2
573 165.160395 6.99496663000097 profile2
574 165.163569 6.75589156691906 profile2
575 165.195982 6.63582621390782 profile2
576 165.223558 6.61155701063016 profile2
577 165.251135 6.597706697519 profile2
578 165.276843 6.4504305035665 profile2
579 165.283031 6.28009457871431 profile2
580 165.290201 6.32584505408929 profile2
581 165.297626 6.55143125389856 profile2
582 165.445995 6.63907837476629 profile2
583 165.451594 6.62932657370054 profile2
584 165.457194 6.60701705618704 profile2
585 165.462793 6.56336429134221 profile2
586 165.468393 6.50982865721672 profile2
587 165.473992 6.44955876537012 profile2
588 165.479592 6.38304610732528 profile2
589 165.485905 4.27776597687502 profile2
590 165.495439 4.25848894382832 profile2
591 165.565236 4.24878284608389 profile2
592 165.56991 4.22555126071591 profile2
593 165.574583 4.15422343163366 profile2
594 165.581587 4.10654919351576 profile2
595 165.605467 4.07661722144551 profile2
596 165.629348 4.05883325821267 profile2
597 165.653228 4.04097293941494 profile2
598 165.677109 4.0288972651578 profile2
599 165.700989 4.00128076149807 profile2
600 165.704891 3.96091171675096 profile2
601 165.706625 3.9187590427959 profile2
602 165.708359 3.87509422538334 profile2
603 165.710093 3.83021595940319 profile2
604 165.711827 3.78444149783297 profile2
605 165.713561 3.69056811410829 profile2
606 165.715295 3.57271546444942 profile2
607 165.717029 3.44256520772133 profile2
608 165.718763 3.30140354958437 profile2
609 165.720497 3.15124169289358 profile2
610 165.722231 2.99490646271619 profile2
611 165.723965 2.83791974188257 profile2
612 165.725699 2.75170272497214 profile2
613 165.802549 2.71229972241747 profile2
614 165.85132 2.69795836352915 profile2
615 165.858793 2.6914914081586 profile2
616 165.864624 2.68262586388318 profile2
617 165.868565 2.67327500718886 profile2
618 165.872506 2.66355656285794 profile2
619 165.876447 2.65357692933387 profile2
620 165.880388 2.64341773576701 profile2
621 165.884329 2.62222463587087 profile2
622 165.88827 2.59428785510192 profile2
623 165.892211 2.56098845899051 profile2
624 165.896152 2.52523741488195 profile2
625 165.900093 2.48329224009974 profile2
626 165.912941 2.4530525867613 profile2
627 165.925276 2.43687013417476 profile2
628 165.925359 2.41818928591861 profile2
629 165.925441 2.39806315142145 profile2
630 165.930685 2.37664902879594 profile2
631 166.172164 2.25911585257098 profile2
632 166.181382 1.99606671685164 profile2
633 166.1906 1.67839695721509 profile2
634 166.324274 1.49930276632533 profile2
635 166.325217 1.49469956007589 profile2
636 166.32602 1.48436582574275 profile2
637 166.326823 1.47320848087752 profile2
638 166.327627 1.44800601972453 profile2
639 166.32843 1.4159005780017 profile2
640 166.377584 1.39096199889808 profile2
641 166.382507 1.38244310647961 profile2
642 166.38743 1.37510404497939 profile2
643 166.394815 1.36899192504656 profile2
644 166.403288 1.38472290719815 profile2
645 166.407404 1.39671924003362 profile2
646 166.411519 1.30424732778291 profile2
647 166.415634 1.20766850634034 profile2
648 166.419069 1.10815309049344 profile2
649 166.422503 1.00711464161137 profile2
650 166.425938 0.906143791806772 profile2
651 166.429372 0.806908843428432 profile2
652 166.432807 0.711036300262261 profile2
653 166.439999 0.619996617563685 profile2
654 166.448156 0.535051721382214 profile2
655 166.475596 0.457881020619447 profile2
656 166.491355 0.380974182292063 profile2
657 166.507114 0.327799943764331 profile2
658 166.522873 0.291294348436434 profile2
659 166.537635 0.270626072003896 profile2
660 166.55226 0.264032057670446 profile2
661 166.566886 0.267744468903952 profile2
662 166.581511 0.246111380885984 profile2
663 166.592132 0.225579224089988 profile2
664 166.599166 0.20998618202331 profile2
665 166.606199 0.198079671489939 profile2
666 166.613233 0.18052260337016 profile2
667 166.62365 0.163696992015048 profile2
668 166.754477 -0.0196911361801157 profile2
669 166.783106 -0.0421378286627419 profile2
670 166.802407 -0.0689601330609489 profile2
671 166.805057 -0.0973524586060937 profile2
672 166.807706 -0.125916290605261 profile2
673 166.811338 -0.151648990000035 profile2
674 166.839967 -0.164002409478415 profile2
675 166.951357 -0.152215202539959 profile2
676 166.992184 -0.157551499507119 profile2
677 167.033011 -0.140976989858539 profile2
678 167.073838 -0.547738186424843 profile2
679 167.142758 -0.7304259840178 profile2
680 167.274124 -0.783164418814982 profile2
681 167.282638 -0.728969406535771 profile2
682 167.286179 -0.677611347475777 profile2
683 167.289719 -0.630166811757471 profile2
684 167.29326 -0.5835656160471 profile2
685 167.306473 -0.540076447745004 profile2
686 167.322761 -0.534343529811247 profile2
687 167.349466 -0.537814005060002 profile2
688 167.360748 -0.543237661521369 profile2
689 167.37203 -0.548498091835516 profile2
690 167.396998 -0.553466940857921 profile2
691 167.523201 -0.483220979287168 profile2
692 167.545144 -0.485101653953217 profile2
693 167.556235 -0.48912668043686 profile2
694 167.567326 -0.491999505017045 profile2
695 167.647654 -0.479375858381195 profile2
696 167.755373 -0.481215948855395 profile2
697 167.788738 -0.480910866747263 profile2
698 167.822104 -0.480448843173721 profile2
699 167.836721 -0.479744045906523 profile2
700 167.845502 -0.478613951443562 profile2
701 167.854284 -0.477050410662221 profile2
702 167.858563 -0.47508987173623 profile2
703 167.860327 -0.474605371885456 profile2
704 167.862092 -0.481239351682996 profile2
705 167.863857 -0.487369872882004 profile2
706 167.865622 -0.492957063447152 profile2
707 167.86764 -0.499985015622167 profile2
708 167.871511 -0.507698095704953 profile2
709 167.876871 -0.515817364904504 profile2
710 167.882232 -0.524344385023391 profile2
711 167.887593 -0.533278430213854 profile2
712 167.913375 -0.535988536034717 profile2
713 167.920966 -0.531474894737539 profile2
714 167.928557 -0.527251363672419 profile2
715 168.002821 -0.529160427064369 profile2
716 168.013929 -0.551606958535105 profile2
717 168.020304 -0.573983332780008 profile2
718 168.023961 -0.59343115600882 profile2
719 168.02735 -0.610412588037489 profile2
720 168.030739 -0.631831005107858 profile2
721 168.034128 -0.615080057092062 profile2
722 168.037518 -0.640192173035854 profile2
723 168.042103 -0.656705401459061 profile2
724 168.057523 -0.712162137019333 profile2
725 168.241031 -0.675733037283698 profile2
726 168.273712 -0.68489519373356 profile2
727 168.276509 -0.693615776369773 profile2
728 168.279306 -0.702203572656419 profile2
729 168.282103 -0.710639225215714 profile2
730 168.2849 -0.718903738129207 profile2
731 168.287697 -0.726979394265273 profile2
732 168.291368 -0.767155563396061 profile2
733 168.295216 -0.811289706289343 profile2
734 168.301388 -0.847433570726252 profile2
735 168.308464 -0.917330843623443 profile2
736 168.31554 -0.97590889667117 profile2
737 168.322616 -0.999514772979732 profile2
738 168.369835 -0.99279902047888 profile2
739 168.372164 -0.988153501836719 profile2
740 168.374493 -0.983622961788401 profile2
741 168.376821 -0.977509071870987 profile2
