marker_position lod trace
1 162.797792 -14.8689029691329 pleio
2 162.802465 -15.0111445805653 pleio
3 162.807137 -15.1940406103444 pleio
4 162.891193 -15.3174842209727 pleio
5 162.899169 -15.5067272015475 pleio
6 162.907146 -15.8071992593975 pleio
7 162.915122 -15.709166555496 pleio
8 162.923098 -15.618688234977 pleio
9 162.931074 -15.5354353971595 pleio
10 162.93905 -15.4634066171677 pleio
11 162.97044 -15.4117469788201 pleio
12 162.976744 -15.3800091340022 pleio
13 162.983048 -15.3297015055934 pleio
14 162.989352 -14.9537004870834 pleio
15 162.995537 -14.9174802715819 pleio
16 162.997832 -13.9093115051365 pleio
17 163.00011 -13.6962796235781 pleio
18 163.002388 -13.6215921991335 pleio
19 163.004665 -13.5466787434522 pleio
20 163.006943 -13.4716445288822 pleio
21 163.009221 -13.3965969394536 pleio
22 163.011499 -13.3216516552941 pleio
23 163.013777 -13.2469230509076 pleio
24 163.016054 -13.1730374216172 pleio
25 163.018332 -13.1002955684301 pleio
26 163.02061 -13.0281595576921 pleio
27 163.022888 -12.9567583872632 pleio
28 163.025166 -12.8865567797779 pleio
29 163.029526 -12.8178239452033 pleio
30 163.045161 -12.7570372115375 pleio
31 163.061794 -12.7046988316942 pleio
32 163.078427 -12.6624876418951 pleio
33 163.09506 -12.6139159975983 pleio
34 163.111693 -12.5669908335198 pleio
35 163.125708 -12.472437953617 pleio
36 163.137394 -10.9098176722364 pleio
37 163.14908 -11.1965600603057 pleio
38 163.154021 -11.0576420673363 pleio
39 163.156127 -10.9522968102779 pleio
40 163.157556 -10.8811146912832 pleio
41 163.158891 -10.8438548636346 pleio
42 163.160225 -10.8395113043688 pleio
43 163.161559 -10.866466842383 pleio
44 163.162894 -10.9227011755598 pleio
45 163.164228 -11.0060059907259 pleio
46 163.165562 -11.1141757539574 pleio
47 163.166897 -11.2448483850224 pleio
48 163.26265 -9.63604221767103 pleio
49 163.413317 -6.03919546335139 pleio
50 163.495816 -3.95544760624829 pleio
51 163.507977 -3.32443512883209 pleio
52 163.520139 -2.72719000136764 pleio
53 163.582672 -2.17154147296582 pleio
54 164.022416 0 pleio
55 164.027702 -0.342020425936031 pleio
56 164.032987 -1.00226535400755 pleio
57 164.064248 -1.54739617665011 pleio
58 164.070405 -1.56072126430579 pleio
59 164.076561 -1.57457845100726 pleio
60 164.255184 -4.52974403081433 pleio
61 164.291807 -6.17409219606345 pleio
62 164.314068 -6.3224370891922 pleio
63 164.325529 -6.50787175016267 pleio
64 164.336991 -6.84370287014106 pleio
65 164.348452 -7.82738695553792 pleio
66 164.60536 -8.79483216408373 pleio
67 164.617986 -8.67623704045412 pleio
68 164.628884 -8.62152615702829 pleio
69 164.636687 -8.61203828736564 pleio
70 164.648869 -8.60154872243579 pleio
71 164.66892 -8.55975997434915 pleio
72 164.758936 -8.49496598839974 pleio
73 165.053217 -8.04694940345653 pleio
74 165.121823 -8.03702693544563 pleio
75 165.132678 -8.07688983621877 pleio
76 165.143532 -8.10291239283313 pleio
77 165.154046 -7.68454981880558 pleio
78 165.15722 -7.89523017186363 pleio
79 165.160395 -8.18256594315033 pleio
80 165.163569 -8.57231652481827 pleio
81 165.195982 -9.00570133528223 pleio
82 165.223558 -9.09410095668636 pleio
83 165.251135 -9.11394612427917 pleio
84 165.276843 -9.02020793925543 pleio
85 165.283031 -9.14538520479964 pleio
86 165.290201 -9.16358768995034 pleio
87 165.297626 -7.68545526022546 pleio
88 165.445995 -7.0941204663706 pleio
89 165.451594 -7.21534727482419 pleio
90 165.457194 -7.35028310612607 pleio
91 165.462793 -7.44214337312634 pleio
92 165.468393 -7.52847108353513 pleio
93 165.473992 -7.62288836726731 pleio
94 165.479592 -7.72465541375679 pleio
95 165.485905 -9.95949819891535 pleio
96 165.495439 -10.0106613853708 pleio
97 165.565236 -9.86641124826517 pleio
98 165.56991 -9.66997996397773 pleio
99 165.574583 -9.57679492352249 pleio
100 165.581587 -9.3795516659137 pleio
101 165.605467 -9.37184635357497 pleio
102 165.629348 -9.35649444410064 pleio
103 165.653228 -9.35522154557711 pleio
104 165.677109 -9.36401986379412 pleio
105 165.700989 -9.36069242390919 pleio
106 165.704891 -9.31492277915596 pleio
107 165.706625 -9.27377765910979 pleio
108 165.708359 -9.2375685040199 pleio
109 165.710093 -9.20657561588434 pleio
110 165.711827 -9.18104477714056 pleio
111 165.713561 -9.02022152372881 pleio
112 165.715295 -8.84719684634308 pleio
113 165.717029 -8.69968270085159 pleio
114 165.718763 -8.57625275583801 pleio
115 165.720497 -8.47554384823769 pleio
116 165.722231 -8.39714354448498 pleio
117 165.723965 -8.34268875034377 pleio
118 165.725699 -8.32912624674297 pleio
119 165.802549 -8.29694865008146 pleio
120 165.85132 -8.27482442701518 pleio
121 165.858793 -8.26054260526926 pleio
122 165.864624 -8.19996358309382 pleio
123 165.868565 -8.1542200407841 pleio
124 165.872506 -8.12410060945314 pleio
125 165.876447 -8.11031018050966 pleio
126 165.880388 -8.11344486868927 pleio
127 165.884329 -8.14779552611282 pleio
128 165.88827 -8.21450647722327 pleio
129 165.892211 -8.32084652263109 pleio
130 165.896152 -8.4317815049604 pleio
131 165.900093 -8.55082694651474 pleio
132 165.912941 -8.60620821504784 pleio
133 165.925276 -8.59245979585139 pleio
134 165.925359 -8.58068449612533 pleio
135 165.925441 -8.57024987281481 pleio
136 165.930685 -8.57645334834076 pleio
137 166.172164 -8.47529837705005 pleio
138 166.181382 -8.27807605466693 pleio
139 166.1906 -8.13574292964257 pleio
140 166.324274 -8.33416721487362 pleio
141 166.325217 -8.15735228310083 pleio
142 166.32602 -7.97166965802757 pleio
143 166.326823 -7.81198394745471 pleio
144 166.327627 -7.7686949202368 pleio
145 166.32843 -7.79638395250556 pleio
146 166.377584 -7.80223946525404 pleio
147 166.382507 -7.70164100500846 pleio
148 166.38743 -7.6029341076282 pleio
149 166.394815 -7.50646023221774 pleio
150 166.403288 -7.25315865829444 pleio
151 166.407404 -6.98670322757136 pleio
152 166.411519 -6.62334514264934 pleio
153 166.415634 -6.26683309115358 pleio
154 166.419069 -5.9224052779172 pleio
155 166.422503 -5.59589631005934 pleio
156 166.425938 -5.29340125674952 pleio
157 166.429372 -5.02086252709195 pleio
158 166.432807 -4.78361635615158 pleio
159 166.439999 -4.58591389666204 pleio
160 166.448156 -4.43019393145122 pleio
161 166.475596 -4.35790931226661 pleio
162 166.491355 -4.3271966954951 pleio
163 166.507114 -4.37484128370709 pleio
164 166.522873 -4.47650274259767 pleio
165 166.537635 -4.6102241347269 pleio
166 166.55226 -4.62783696720889 pleio
167 166.566886 -4.68810132655246 pleio
168 166.581511 -4.76171413942458 pleio
169 166.592132 -4.82218093000018 pleio
170 166.599166 -4.9256596958579 pleio
171 166.606199 -4.99615730213618 pleio
172 166.613233 -4.85903832244179 pleio
173 166.62365 -4.9891051456456 pleio
174 166.754477 -5.10523210820134 pleio
175 166.783106 -4.92796852394581 pleio
176 166.802407 -4.80596671772641 pleio
177 166.805057 -4.74469607588855 pleio
178 166.807706 -4.74558544971932 pleio
179 166.811338 -4.78147615418011 pleio
180 166.839967 -4.81983400042522 pleio
181 166.951357 -5.22192404363556 pleio
182 166.992184 -5.22221961115249 pleio
183 167.033011 -5.18206447500704 pleio
184 167.073838 -6.36637462907942 pleio
185 167.142758 -7.16943903751417 pleio
186 167.274124 -7.92267743123717 pleio
187 167.282638 -7.80658717874481 pleio
188 167.286179 -7.80452654810831 pleio
189 167.289719 -7.91908540677336 pleio
190 167.29326 -8.07466774383242 pleio
191 167.306473 -8.22219793457836 pleio
192 167.322761 -8.37323268620632 pleio
193 167.349466 -8.40573107861127 pleio
194 167.360748 -8.32775359329906 pleio
195 167.37203 -8.25625544155028 pleio
196 167.396998 -8.19180909636419 pleio
197 167.523201 -8.36295566316194 pleio
198 167.545144 -8.29534364273026 pleio
199 167.556235 -8.21684049379069 pleio
200 167.567326 -8.18240784937945 pleio
201 167.647654 -7.98841567866247 pleio
202 167.755373 -7.98403517582057 pleio
203 167.788738 -7.97326048276621 pleio
204 167.822104 -7.96454909204845 pleio
205 167.836721 -7.98671508213697 pleio
206 167.845502 -8.02135420043378 pleio
207 167.854284 -8.05967267511733 pleio
208 167.858563 -8.10161572763392 pleio
209 167.860327 -8.15068771927118 pleio
210 167.862092 -8.21989588550968 pleio
211 167.863857 -8.27233649863444 pleio
212 167.865622 -8.30067655670005 pleio
213 167.86764 -8.34504290352713 pleio
214 167.871511 -8.40075602687685 pleio
215 167.876871 -8.46608531210432 pleio
216 167.882232 -8.54087626125268 pleio
217 167.887593 -8.62493771116457 pleio
218 167.913375 -8.68537574400877 pleio
219 167.920966 -8.69664918262686 pleio
220 167.928557 -8.70226267151745 pleio
221 168.002821 -8.68994854476837 pleio
222 168.013929 -8.62176983578696 pleio
223 168.020304 -8.56066995310255 pleio
224 168.023961 -8.50104710730208 pleio
225 168.02735 -8.45032613876346 pleio
226 168.030739 -8.3615453273183 pleio
227 168.034128 -8.76639065901111 pleio
228 168.037518 -8.74944307170091 pleio
229 168.042103 -8.7435761806507 pleio
230 168.057523 -8.8031170780812 pleio
231 168.241031 -8.86766707723406 pleio
232 168.273712 -8.87606914104241 pleio
233 168.276509 -8.89026018336597 pleio
234 168.279306 -8.90911805861827 pleio
235 168.282103 -8.93262524419285 pleio
236 168.2849 -8.96074083448011 pleio
237 168.287697 -8.99339484312865 pleio
238 168.291368 -8.89285877305331 pleio
239 168.295216 -8.83760172192308 pleio
240 168.301388 -8.85058229260984 pleio
241 168.308464 -9.26310183190823 pleio
242 168.31554 -10.2429223561528 pleio
243 168.322616 -11.7423981034502 pleio
244 168.369835 -12.4341485211806 pleio
245 168.372164 -12.4268951461334 pleio
246 168.374493 -12.4197203023094 pleio
247 168.376821 -12.4288150113549 pleio
248 162.797792 -1.9067548849619 profile1
249 162.802465 -2.04532426178538 profile1
250 162.807137 -2.1969280218462 profile1
251 162.891193 -2.30892277900037 profile1
252 162.899169 -2.38475153482747 profile1
253 162.907146 -2.26268264042244 profile1
254 162.915122 -2.04379153124272 profile1
255 162.923098 -2.06435234172347 profile1
256 162.931074 -2.08420111665311 profile1
257 162.93905 -2.10616854305194 profile1
258 162.97044 -2.1496701539612 profile1
259 162.976744 -2.14625581137638 profile1
260 162.983048 -2.14268226795699 profile1
261 162.989352 -1.98393032426539 profile1
262 162.995537 -2.02932932966569 profile1
263 162.997832 -1.96095211946178 profile1
264 163.00011 -1.9529518072916 profile1
265 163.002388 -1.94871711087763 profile1
266 163.004665 -1.94467465440801 profile1
267 163.006943 -1.9408336259547 profile1
268 163.009221 -1.93720253656973 profile1
269 163.011499 -1.93378984487966 profile1
270 163.013777 -1.93060374852671 profile1
271 163.016054 -1.92924126133215 profile1
272 163.018332 -1.93024931357966 profile1
273 163.02061 -1.93152712242434 profile1
274 163.022888 -1.93307773216153 profile1
275 163.025166 -1.93485875305067 profile1
276 163.029526 -1.93685675279374 profile1
277 163.045161 -1.94049570038714 profile1
278 163.061794 -1.94992148861434 profile1
279 163.078427 -1.94955524558017 profile1
280 163.09506 -1.92606565325875 profile1
281 163.111693 -1.90038368905275 profile1
282 163.125708 -1.85410166026386 profile1
283 163.137394 -1.92335578714586 profile1
284 163.14908 -1.84653936417132 profile1
285 163.154021 -1.87122375311205 profile1
286 163.156127 -1.9042979838805 profile1
287 163.157556 -1.94507258854533 profile1
288 163.158891 -1.99239002803613 profile1
289 163.160225 -2.04468668812045 profile1
290 163.161559 -2.1001172527188 profile1
291 163.162894 -2.15673650913928 profile1
292 163.164228 -2.21269292924208 profile1
293 163.165562 -2.266404627815 profile1
294 163.166897 -2.31642034553817 profile1
295 163.26265 -2.01152480864699 profile1
296 163.413317 -0.73925599375679 profile1
297 163.495816 -0.680492849407703 profile1
298 163.507977 -0.461879060296847 profile1
299 163.520139 -0.218276965541007 profile1
300 163.582672 -0.0218602411210535 profile1
301 164.022416 0 profile1
302 164.027702 -0.0371503133140928 profile1
303 164.032987 -0.135313055561385 profile1
304 164.064248 -0.219699418872598 profile1
305 164.070405 -0.224979556796121 profile1
306 164.076561 -0.230358966108447 profile1
307 164.255184 -0.55339850085287 profile1
308 164.291807 -0.691179589404172 profile1
309 164.314068 -0.674266932247436 profile1
310 164.325529 -0.697719223970328 profile1
311 164.336991 -0.767992168126082 profile1
312 164.348452 -1.09868105997716 profile1
313 164.60536 -1.38417541615252 profile1
314 164.617986 -1.32483906103101 profile1
315 164.628884 -1.27298408526752 profile1
316 164.636687 -1.23201601090891 profile1
317 164.648869 -1.20780157921202 profile1
318 164.66892 -1.21028251815236 profile1
319 164.758936 -1.21840760615236 profile1
320 165.053217 -1.19542985011398 profile1
321 165.121823 -1.19859859752317 profile1
322 165.132678 -1.18568807878412 profile1
323 165.143532 -1.14531663933644 profile1
324 165.154046 -0.661125369960192 profile1
325 165.15722 -0.640047232306702 profile1
326 165.160395 -0.598948722295543 profile1
327 165.163569 -0.549063355100591 profile1
328 165.195982 -0.544299982290023 profile1
329 165.223558 -0.536833532878475 profile1
330 165.251135 -0.530110027524285 profile1
331 165.276843 -0.395939206585563 profile1
332 165.283031 -0.398944218092966 profile1
333 165.290201 -0.243601587272256 profile1
334 165.297626 1.14344389691607 profile1
335 165.445995 1.65498944395779 profile1
336 165.451594 1.58925134643341 profile1
337 165.457194 1.51565152589956 profile1
338 165.462793 1.49316393591934 profile1
339 165.468393 1.48186974111212 profile1
340 165.473992 1.46688685077335 profile1
341 165.479592 1.44823892667026 profile1
342 165.485905 1.97900411604942 profile1
343 165.495439 1.98262345878832 profile1
344 165.565236 1.98600809065884 profile1
345 165.56991 2.05218413107118 profile1
346 165.574583 2.10662689663991 profile1
347 165.581587 2.13232355589818 profile1
348 165.605467 2.18453700094731 profile1
349 165.629348 2.23269194949952 profile1
350 165.653228 2.27573697397045 profile1
351 165.677109 2.29610190491417 profile1
352 165.700989 2.3066154835003 profile1
353 165.704891 2.34916301029234 profile1
354 165.706625 2.38798127324639 profile1
355 165.708359 2.42278078960627 profile1
356 165.710093 2.45329062829491 profile1
357 165.711827 2.47926302907773 profile1
358 165.713561 2.60093462020237 profile1
359 165.715295 2.73780772082659 profile1
360 165.717029 2.86217370929144 profile1
361 165.718763 2.97307855039088 profile1
362 165.720497 3.06986832867392 profile1
363 165.722231 3.15216541228026 profile1
364 165.723965 3.21988989211534 profile1
365 165.725699 3.27934645372538 profile1
366 165.802549 3.31432604921022 profile1
367 165.85132 3.32801912636946 profile1
368 165.858793 3.33007841157979 profile1
369 165.864624 3.3341148178237 profile1
370 165.868565 3.33375181198706 profile1
371 165.872506 3.32876157806497 profile1
372 165.876447 3.31892446952643 profile1
373 165.880388 3.30403754669456 profile1
374 165.884329 3.33677335743207 profile1
375 165.88827 3.36920224049957 profile1
376 165.892211 3.38897511592065 profile1
377 165.896152 3.4393291239119 profile1
378 165.900093 3.49922839563449 profile1
379 165.912941 3.53690567301006 profile1
380 165.925276 3.55647342635438 profile1
381 165.925359 3.57572964629049 profile1
382 165.925441 3.59379676180635 profile1
383 165.930685 3.62340007906494 profile1
384 166.172164 3.68135937749596 profile1
385 166.181382 3.7266389514237 profile1
386 166.1906 3.69011206262585 profile1
387 166.324274 3.67729734904734 profile1
388 166.325217 3.91611896240658 profile1
389 166.32602 4.17554773473686 profile1
390 166.326823 4.4257730331185 profile1
391 166.327627 4.56305381502622 profile1
392 166.32843 4.62630911483082 profile1
393 166.377584 4.67875917051741 profile1
394 166.382507 4.7072014310297 profile1
395 166.38743 4.73391238378918 profile1
396 166.394815 4.75875417006008 profile1
397 166.403288 4.92585105061305 profile1
398 166.407404 5.11121524855539 profile1
399 166.411519 5.36545748012534 profile1
400 166.415634 5.62277916778749 profile1
401 166.419069 5.87821556869731 profile1
402 166.422503 6.12609151531978 profile1
403 166.425938 6.36035191812948 profile1
404 166.429372 6.57498777301237 profile1
405 166.432807 6.76450567824805 profile1
406 166.439999 6.92436005733448 profile1
407 166.448156 7.0512413601745 profile1
408 166.475596 7.12557663827718 profile1
409 166.491355 7.17571002941974 profile1
410 166.507114 7.16957167972275 profile1
411 166.522873 7.11414107778352 profile1
412 166.537635 7.0017151104195 profile1
413 166.55226 6.98951224326812 profile1
414 166.566886 7.01050061073079 profile1
415 166.581511 6.99914023456375 profile1
416 166.592132 7.08462062846345 profile1
417 166.599166 7.1719347390277 profile1
418 166.606199 7.25762473664831 profile1
419 166.613233 7.38134173909726 profile1
420 166.62365 7.25877983823322 profile1
421 166.754477 7.37566569023477 profile1
422 166.783106 7.596461090339 profile1
423 166.802407 7.80611383804171 profile1
424 166.805057 7.97685581912837 profile1
425 166.807706 8.09506587360398 profile1
426 166.811338 8.15253133184665 profile1
427 166.839967 8.16540051338387 profile1
428 166.951357 7.75235627869172 profile1
429 166.992184 7.75827634408673 profile1
430 167.033011 8.00777757221783 profile1
431 167.073838 8.08299405514172 profile1
432 167.142758 7.76700004218476 profile1
433 167.274124 7.18330432783129 profile1
434 167.282638 7.11915761088086 profile1
435 167.286179 6.97734838536288 profile1
436 167.289719 6.76113759537219 profile1
437 167.29326 6.54951603328819 profile1
438 167.306473 6.3738274647713 profile1
439 167.322761 6.22662584161936 profile1
440 167.349466 6.20018163631711 profile1
441 167.360748 6.28608963188753 profile1
442 167.37203 6.36575613451614 profile1
443 167.396998 6.43867784443147 profile1
444 167.523201 6.27531940653047 profile1
445 167.545144 6.32671758862505 profile1
446 167.556235 6.37726687276421 profile1
447 167.567326 6.39708406525802 profile1
448 167.647654 6.56479344485674 profile1
449 167.755373 6.57605745118073 profile1
450 167.788738 6.59606284633832 profile1
451 167.822104 6.61377827945546 profile1
452 167.836721 6.61954529711707 profile1
453 167.845502 6.61931249999537 profile1
454 167.854284 6.61598773382612 profile1
455 167.858563 6.60961062805923 profile1
456 167.860327 6.5951528823246 profile1
457 167.862092 6.55742146942205 profile1
458 167.863857 6.52725353864252 profile1
459 167.865622 6.50762733258323 profile1
460 167.86764 6.47507453645454 profile1
461 167.871511 6.4355848583126 profile1
462 167.876871 6.39095163633936 profile1
463 167.882232 6.34129615740674 profile1
464 167.887593 6.28676354714342 profile1
465 167.913375 6.24710727150648 profile1
466 167.920966 6.239800104099 profile1
467 167.928557 6.23733863209411 profile1
468 168.002821 6.2314272627492 profile1
469 168.013929 6.21385312598809 profile1
470 168.020304 6.19612997842649 profile1
471 168.023961 6.18719646781104 profile1
472 168.02735 6.18147000274353 profile1
473 168.030739 6.21516835673632 profile1
474 168.034128 6.08382372975533 profile1
475 168.037518 6.06475954752598 profile1
476 168.042103 6.05050005726546 profile1
477 168.057523 6.05440106614995 profile1
478 168.241031 6.05929970147372 profile1
479 168.273712 6.04157541404041 profile1
480 168.276509 6.01689231810514 profile1
481 168.279306 5.98807354516386 profile1
482 168.282103 5.95519312536975 profile1
483 168.2849 5.91834507375475 profile1
484 168.287697 5.87764738222437 profile1
485 168.291368 5.97893002154719 profile1
486 168.295216 6.07308218076306 profile1
487 168.301388 6.12827890475718 profile1
488 168.308464 6.01178710165681 profile1
489 168.31554 5.79969600855595 profile1
490 168.322616 5.50282203808586 profile1
491 168.369835 5.36881679870122 profile1
492 168.372164 5.37973218774237 profile1
493 168.374493 5.39059576451582 profile1
494 168.376821 5.38787088574578 profile1
495 162.797792 -4.73026735728774 profile2
496 162.802465 -4.736565290231 profile2
497 162.807137 -4.77260446347539 profile2
498 162.891193 -4.78315926915876 profile2
499 162.899169 -4.91341975016008 profile2
500 162.907146 -5.35580764247663 profile2
501 162.915122 -5.48736209803396 profile2
502 162.923098 -5.37838746908112 profile2
503 162.931074 -5.27759223361275 profile2
504 162.93905 -5.18607499975815 profile2
505 162.97044 -5.08930933890855 profile2
506 162.976744 -5.06044979409676 profile2
507 162.983048 -5.01354732806555 profile2
508 162.989352 -4.79626294325469 profile2
509 162.995537 -4.71192752071924 profile2
510 162.997832 -3.75450362034085 profile2
511 163.00011 -3.54593030044106 profile2
512 163.002388 -3.47535338038783 profile2
513 163.004665 -3.40439461333398 profile2
514 163.006943 -3.333151418422 profile2
515 163.009221 -3.26172391697104 profile2
516 163.011499 -3.19022041547706 profile2
517 163.013777 -3.11874810266058 profile2
518 163.016054 -3.04627346852408 profile2
519 163.018332 -2.97252898099371 profile2
520 163.02061 -2.89916229830454 profile2
521 163.022888 -2.82629983947969 profile2
522 163.025166 -2.75444816202434 profile2
523 163.029526 -2.6838900726465 profile2
524 163.045161 -2.61980015613917 profile2
525 163.061794 -2.55840648188221 profile2
526 163.078427 -2.51801010419398 profile2
527 163.09506 -2.49570366495925 profile2
528 163.111693 -2.47790464523066 profile2
529 163.125708 -2.43318867803714 profile2
530 163.137394 -0.75853395279761 profile2
531 163.14908 -1.09646341220216 profile2
532 163.154021 -0.93325469952222 profile2
533 163.156127 -0.795328559441805 profile2
534 163.157556 -0.683948465142673 profile2
535 163.158891 -0.600015050333285 profile2
536 163.160225 -0.544071356688508 profile2
537 163.161559 -0.51633313894354 profile2
538 163.162894 -0.516715366736647 profile2
539 163.164228 -0.544853653247991 profile2
540 163.165562 -0.600118920490402 profile2
541 163.166897 -0.681593308694023 profile2
542 163.26265 0.613710497390924 profile2
543 163.413317 2.89695983332968 profile2
544 163.495816 4.89712234612075 profile2
545 163.507977 5.30555724809351 profile2
546 163.520139 5.65790549391848 profile2
547 163.582672 6.01753574528279 profile2
548 164.022416 8.16540051338387 profile2
549 164.027702 7.85323950624038 profile2
550 164.032987 7.28956829679711 profile2
551 164.064248 6.82870364051651 profile2
552 164.070405 6.82070676239868 profile2
553 164.076561 6.81227385344892 profile2
554 164.255184 4.20260490109154 profile2
555 164.291807 2.70787091957912 profile2
556 164.314068 2.5496782359406 profile2
557 164.325529 2.39366898037102 profile2
558 164.336991 2.13188388929914 profile2
559 164.348452 1.47650270005397 profile2
560 164.60536 0.794568661775969 profile2
561 164.617986 0.846446007381307 profile2
562 164.628884 0.842510285803995 profile2
563 164.636687 0.805341089380572 profile2
564 164.648869 0.788217837655087 profile2
565 164.66892 0.833630780863727 profile2
566 164.758936 0.912984445349238 profile2
567 165.053217 1.33542714575304 profile2
568 165.121823 1.34774216471209 profile2
569 165.132678 1.29536456105678 profile2
570 165.143532 1.22493803862056 profile2
571 165.154046 1.14309763046933 profile2
572 165.15722 0.90561705806957 profile2
573 165.160395 0.573413872644932 profile2
574 165.163569 0.129022678216959 profile2
575 165.195982 -0.311614142535246 profile2
576 165.223558 -0.407714216715703 profile2
577 165.251135 -0.434092935083924 profile2
578 165.276843 -0.477890977240069 profile2
579 165.283031 -0.60540518646723 profile2
580 165.290201 -0.779883404267935 profile2
581 165.297626 -0.688729885044908 profile2
582 165.445995 -0.607495722316555 profile2
583 165.451594 -0.663395120355395 profile2
584 165.457194 -0.725049258259869 profile2
585 165.462793 -0.794338806526378 profile2
586 165.468393 -0.869018818175817 profile2
587 165.473992 -0.947908515409366 profile2
588 165.479592 -1.03030652212089 profile2
589 165.485905 -3.80237105708469 profile2
590 165.495439 -3.85739964541682 profile2
591 165.565236 -3.71492417884405 profile2
592 165.56991 -3.57870506206599 profile2
593 165.574583 -3.53386962682843 profile2
594 165.581587 -3.3662546670416 profile2
595 165.605467 -3.41061215000577 profile2
596 165.629348 -3.44326713883217 profile2
597 165.653228 -3.4848994395725 profile2
598 165.677109 -3.51398480798136 profile2
599 165.700989 -3.52105991883124 profile2
600 165.704891 -3.51792556168391 profile2
601 165.706625 -3.51569147054523 profile2
602 165.708359 -3.51438719628687 profile2
603 165.710093 -3.51402992017513 profile2
604 165.711827 -3.51462533815069 profile2
605 165.713561 -3.47561781717554 profile2
606 165.715295 -3.43950466019685 profile2
607 165.717029 -3.41631317713812 profile2
608 165.718763 -3.40367232768891 profile2
609 165.720497 -3.3995415352302 profile2
610 165.722231 -3.40307970623284 profile2
611 165.723965 -3.41575977996566 profile2
612 165.725699 -3.45992465402833 profile2
613 165.802549 -3.46109612504248 profile2
614 165.85132 -3.45173379653269 profile2
615 165.858793 -3.44050899207519 profile2
616 165.864624 -3.38670054348533 profile2
617 165.868565 -3.34324986875688 profile2
618 165.872506 -3.31069985873745 profile2
619 165.876447 -3.28951806452647 profile2
620 165.880388 -3.28008064700129 profile2
621 165.884329 -3.34884907902262 profile2
622 165.88827 -3.44923310419827 profile2
623 165.892211 -3.57624923792626 profile2
624 165.896152 -3.73698924993255 profile2
625 165.900093 -3.9147078928912 profile2
626 165.912941 -4.00685410616229 profile2
627 165.925276 -4.01220341217307 profile2
628 165.925359 -4.01914509629414 profile2
629 165.925441 -4.02617452431674 profile2
630 165.930685 -4.06145675375717 profile2
631 166.172164 -4.01962084715232 profile2
632 166.181382 -3.86937518582257 profile2
633 166.1906 -3.68951656067538 profile2
634 166.324274 -3.87409328759755 profile2
635 166.325217 -3.93474007749655 profile2
636 166.32602 -4.00736527450788 profile2
637 166.326823 -4.09723720713465 profile2
638 166.327627 -4.19032568102926 profile2
639 166.32843 -4.27993800503897 profile2
640 166.377584 -4.33707520792115 profile2
641 166.382507 -4.26436541506761 profile2
642 166.38743 -4.1918273708082 profile2
643 166.394815 -4.11965881033993 profile2
644 166.403288 -4.03246283970748 profile2
645 166.407404 -3.95088505832773 profile2
646 166.411519 -3.8416363907403 profile2
647 166.415634 -3.74191080841114 profile2
648 166.419069 -3.65197063528639 profile2
649 166.422503 -3.57198463493385 profile2
650 166.425938 -3.50202461051536 profile2
651 166.429372 -3.44207778618374 profile2
652 166.432807 -3.39205963149055 profile2
653 166.439999 -3.35176117264385 profile2
654 166.448156 -3.32040095019107 profile2
655 166.475596 -3.32074065706694 profile2
656 166.491355 -3.33646588124543 profile2
657 166.507114 -3.37489269492668 profile2
658 166.522873 -3.41844728512385 profile2
659 166.537635 -3.43855539287816 profile2
660 166.55226 -3.44379989988678 profile2
661 166.566886 -3.52460587898795 profile2
662 166.581511 -3.58561032507162 profile2
663 166.592132 -3.72973727177119 profile2
664 166.599166 -3.91903405784041 profile2
665 166.606199 -4.07428263229719 profile2
666 166.613233 -4.06170220319576 profile2
667 166.62365 -4.06484775314487 profile2
668 166.754477 -4.29254381159457 profile2
669 166.783106 -4.3399433493296 profile2
670 166.802407 -4.4312327934222 profile2
671 166.805057 -4.54464298238971 profile2
672 166.807706 -4.66809366183442 profile2
673 166.811338 -4.76589623342198 profile2
674 166.839967 -4.81983400042522 profile2
675 166.951357 -4.80885970561039 profile2
676 166.992184 -4.81499620445541 profile2
677 167.033011 -5.02013069741367 profile2
678 167.073838 -6.27901872742253 profile2
679 167.142758 -6.7799203362548 profile2
680 167.274124 -6.95779170319622 profile2
681 167.282638 -6.77316580161392 profile2
682 167.286179 -6.62566757593306 profile2
683 167.289719 -6.52093423206026 profile2
684 167.29326 -6.46122831998597 profile2
685 167.306473 -6.42785345903548 profile2
686 167.322761 -6.42925830192205 profile2
687 167.349466 -6.43168392146666 profile2
688 167.360748 -6.43411892653717 profile2
689 167.37203 -6.4366414553387 profile2
690 167.396998 -6.43934164497359 profile2
691 167.523201 -6.44276233817932 profile2
692 167.545144 -6.42532013994938 profile2
693 167.556235 -6.3974264578857 profile2
694 167.567326 -6.38389800460113 profile2
695 167.647654 -6.35647169231788 profile2
696 167.755373 -6.36345857339395 profile2
697 167.788738 -6.37289135877063 profile2
698 167.822104 -6.38210590157937 profile2
699 167.836721 -6.41065941477676 profile2
700 167.845502 -6.44581522767584 profile2
701 167.854284 -6.48155984977184 profile2
702 167.858563 -6.51787430241215 profile2
703 167.860327 -6.55318535147429 profile2
704 167.862092 -6.58512427910873 profile2
705 167.863857 -6.60734664577791 profile2
706 167.865622 -6.61540844208274 profile2
707 167.86764 -6.62660539095065 profile2
708 167.871511 -6.64222502120495 profile2
709 167.876871 -6.66232444489977 profile2
710 167.882232 -6.68687187770955 profile2
711 167.887593 -6.71582270828749 profile2
712 167.913375 -6.7365396425591 profile2
713 167.920966 -6.74070151128755 profile2
714 167.928557 -6.74389683192072 profile2
715 168.002821 -6.72563902823862 profile2
716 168.013929 -6.63955725229325 profile2
717 168.020304 -6.56036384657528 profile2
718 168.023961 -6.49107068474776 profile2
719 168.02735 -6.43373453728827 profile2
720 168.030739 -6.37711138011238 profile2
721 168.034128 -6.64185313347358 profile2
722 168.037518 -6.60483906522863 profile2
723 168.042103 -6.58402988061268 profile2
724 168.057523 -6.6516377039656 profile2
725 168.241031 -6.71510812434993 profile2
726 168.273712 -6.70490694953101 profile2
727 168.276509 -6.69348997903636 profile2
728 168.279306 -6.68266223620675 profile2
729 168.282103 -6.67248176899411 profile2
730 168.2849 -6.66300291508173 profile2
731 168.287697 -6.65427452815944 profile2
732 168.291368 -6.65959740608059 profile2
733 168.295216 -6.70376541350925 profile2
734 168.301388 -6.77675830134853 profile2
735 168.308464 -7.07046581812584 profile2
736 168.31554 -7.83210785887569 profile2
737 168.322616 -9.02960162719896 profile2
738 168.369835 -9.58682037176279 profile2
739 168.372164 -9.59085171460202 profile2
740 168.374493 -9.59491304865316 profile2
741 168.376821 -9.60167369098637 profile2
