marker_position lod trace
1 162.797792 -15.5366049343291 pleio
2 162.802465 -15.2901720466525 pleio
3 162.807137 -15.0848638255826 pleio
4 162.891193 -15.1014246198844 pleio
5 162.899169 -13.9251316533911 pleio
6 162.907146 -13.0647080061003 pleio
7 162.915122 -12.6601702126086 pleio
8 162.923098 -12.6104449160999 pleio
9 162.931074 -12.5581130416308 pleio
10 162.93905 -12.5106429640917 pleio
11 162.97044 -12.4100104510385 pleio
12 162.976744 -12.3017426204615 pleio
13 162.983048 -12.2012396865043 pleio
14 162.989352 -12.2281265541798 pleio
15 162.995537 -11.8750168456969 pleio
16 162.997832 -12.155361082044 pleio
17 163.00011 -12.2055400465048 pleio
18 163.002388 -12.0842882103547 pleio
19 163.004665 -11.9628521927024 pleio
20 163.006943 -11.841363610056 pleio
21 163.009221 -11.7199578561565 pleio
22 163.011499 -11.5987866516625 pleio
23 163.013777 -11.478005121217 pleio
24 163.016054 -11.3607438194613 pleio
25 163.018332 -11.2482399476385 pleio
26 163.02061 -11.1367749490908 pleio
27 163.022888 -11.0265378352951 pleio
28 163.025166 -10.9177870758015 pleio
29 163.029526 -10.8107268229036 pleio
30 163.045161 -10.7119870200705 pleio
31 163.061794 -10.6247628237617 pleio
32 163.078427 -10.4981911721476 pleio
33 163.09506 -10.31694506994 pleio
34 163.111693 -10.1374751726769 pleio
35 163.125708 -9.92633984168126 pleio
36 163.137394 -9.11243335414328 pleio
37 163.14908 -9.06635934185928 pleio
38 163.154021 -8.86326150008256 pleio
39 163.156127 -8.7063997418938 pleio
40 163.157556 -8.59909852810703 pleio
41 163.158891 -8.54347888403692 pleio
42 163.160225 -8.54017127990074 pleio
43 163.161559 -8.58819232044778 pleio
44 163.162894 -8.68500682605115 pleio
45 163.164228 -8.82676864295544 pleio
46 163.165562 -9.00870614564019 pleio
47 163.166897 -9.2242524104033 pleio
48 163.26265 -8.20356665654923 pleio
49 163.413317 -5.36233693317228 pleio
50 163.495816 -4.18592744243919 pleio
51 163.507977 -3.79350914885131 pleio
52 163.520139 -3.44463786121463 pleio
53 163.582672 -3.12687756106809 pleio
54 164.022416 -2.61817903825713 pleio
55 164.027702 -2.82353978803129 pleio
56 164.032987 -3.2142869827167 pleio
57 164.064248 -3.4893038458001 pleio
58 164.070405 -3.47939007174049 pleio
59 164.076561 -3.4700856337271 pleio
60 164.255184 -5.24137600089891 pleio
61 164.291807 -5.6596808642084 pleio
62 164.314068 -5.65227465451978 pleio
63 164.325529 -5.59535068876588 pleio
64 164.336991 -5.60447082058738 pleio
65 164.348452 -5.91045889983281 pleio
66 164.60536 -6.3043974748524 pleio
67 164.617986 -6.20578931743508 pleio
68 164.628884 -6.15086047343927 pleio
69 164.636687 -6.12058255253893 pleio
70 164.648869 -6.0842390861558 pleio
71 164.66892 -6.057827544155 pleio
72 164.758936 -6.09048921660953 pleio
73 165.053217 -5.60295686708403 pleio
74 165.121823 -5.29768929569001 pleio
75 165.132678 -5.19663392443574 pleio
76 165.143532 -4.86627060046695 pleio
77 165.154046 -4.31215361891298 pleio
78 165.15722 -4.04813098999908 pleio
79 165.160395 -3.86832043942853 pleio
80 165.163569 -3.58355717852216 pleio
81 165.195982 -3.61528146916825 pleio
82 165.223558 -3.65481094512915 pleio
83 165.251135 -3.69549061933203 pleio
84 165.276843 -3.72881317986154 pleio
85 165.283031 -3.53508878979225 pleio
86 165.290201 -2.86002714732644 pleio
87 165.297626 0 pleio
88 165.445995 -0.00372488072911621 pleio
89 165.451594 -0.00639439972780298 pleio
90 165.457194 -0.0196212043752245 pleio
91 165.462793 -0.0645730066352028 pleio
92 165.468393 -0.125410695165093 pleio
93 165.473992 -0.196626046725413 pleio
94 165.479592 -0.277987642264569 pleio
95 165.485905 -2.98973713832987 pleio
96 165.495439 -3.06863030982674 pleio
97 165.565236 -3.03715640704604 pleio
98 165.56991 -2.94564142382212 pleio
99 165.574583 -2.93592198112619 pleio
100 165.581587 -2.83959832218928 pleio
101 165.605467 -2.87368866078351 pleio
102 165.629348 -2.86219282476566 pleio
103 165.653228 -2.87469016540821 pleio
104 165.677109 -2.89897499940152 pleio
105 165.700989 -2.99131842794457 pleio
106 165.704891 -3.17673487040383 pleio
107 165.706625 -3.37855375601595 pleio
108 165.708359 -3.59581441992644 pleio
109 165.710093 -3.82734302175858 pleio
110 165.711827 -4.07177413732221 pleio
111 165.713561 -4.30283180231056 pleio
112 165.715295 -4.54691143447761 pleio
113 165.717029 -4.81135001006833 pleio
114 165.718763 -5.10039157416408 pleio
115 165.720497 -5.42218791997543 pleio
116 165.722231 -5.78604447813102 pleio
117 165.723965 -6.19204047413248 pleio
118 165.725699 -6.41681944343263 pleio
119 165.802549 -6.47145336971232 pleio
120 165.85132 -6.49550074170743 pleio
121 165.858793 -6.52099569217678 pleio
122 165.864624 -6.51039633059723 pleio
123 165.868565 -6.52591024850035 pleio
124 165.872506 -6.56881879677454 pleio
125 165.876447 -6.64005081674587 pleio
126 165.880388 -6.74011812399149 pleio
127 165.884329 -6.80962696356897 pleio
128 165.88827 -6.90757920717443 pleio
129 165.892211 -7.03184554345674 pleio
130 165.896152 -7.15203980207642 pleio
131 165.900093 -7.27918945444652 pleio
132 165.912941 -7.37001887748662 pleio
133 165.925276 -7.4180859751346 pleio
134 165.925359 -7.46269931022778 pleio
135 165.925441 -7.50697325091263 pleio
136 165.930685 -7.51145847190176 pleio
137 166.172164 -7.38707377639594 pleio
138 166.181382 -7.47257289601769 pleio
139 166.1906 -8.10008389263834 pleio
140 166.324274 -8.97630340042263 pleio
141 166.325217 -9.11643238487668 pleio
142 166.32602 -9.27630882311754 pleio
143 166.326823 -9.48037276807505 pleio
144 166.327627 -9.58545242210264 pleio
145 166.32843 -9.60791081791002 pleio
146 166.377584 -9.6191742051634 pleio
147 166.382507 -9.58540035132384 pleio
148 166.38743 -9.56002757144754 pleio
149 166.394815 -9.54299691892031 pleio
150 166.403288 -9.56425556932528 pleio
151 166.407404 -9.61181335131954 pleio
152 166.411519 -9.49646323414411 pleio
153 166.415634 -9.39370712914923 pleio
154 166.419069 -9.30423115151271 pleio
155 166.422503 -9.22875722174645 pleio
156 166.425938 -9.16801781908098 pleio
157 166.429372 -9.12272249450153 pleio
158 166.432807 -9.09351382012258 pleio
159 166.439999 -9.08087879914032 pleio
160 166.448156 -9.08479250242723 pleio
161 166.475596 -9.08593339087833 pleio
162 166.491355 -8.95991598637045 pleio
163 166.507114 -8.84483338364364 pleio
164 166.522873 -8.80997327524983 pleio
165 166.537635 -8.8050888195448 pleio
166 166.55226 -8.81956255223282 pleio
167 166.566886 -8.88046661454065 pleio
168 166.581511 -8.83195484739596 pleio
169 166.592132 -8.77691066175655 pleio
170 166.599166 -8.76501509640113 pleio
171 166.606199 -8.78541340631283 pleio
172 166.613233 -8.76262004645278 pleio
173 166.62365 -8.87783699335582 pleio
174 166.754477 -9.4834283163714 pleio
175 166.783106 -9.41018286040673 pleio
176 166.802407 -9.36184905389235 pleio
177 166.805057 -9.34320276132849 pleio
178 166.807706 -9.3531568060622 pleio
179 166.811338 -9.37072591410786 pleio
180 166.839967 -9.3962325350172 pleio
181 166.951357 -9.67203471521065 pleio
182 166.992184 -9.69767703807339 pleio
183 167.033011 -9.3138256293905 pleio
184 167.073838 -10.8137720697679 pleio
185 167.142758 -10.9000575650173 pleio
186 167.274124 -11.5284537506981 pleio
187 167.282638 -11.5192221393575 pleio
188 167.286179 -11.6325976609348 pleio
189 167.289719 -11.8740171855406 pleio
190 167.29326 -12.1576510221447 pleio
191 167.306473 -12.4941592511777 pleio
192 167.322761 -12.7046070862552 pleio
193 167.349466 -12.7968503989315 pleio
194 167.360748 -12.8133331452186 pleio
195 167.37203 -12.8313096512438 pleio
196 167.396998 -12.850166561493 pleio
197 167.523201 -12.7627625644926 pleio
198 167.545144 -12.7398874555846 pleio
199 167.556235 -12.8626627270149 pleio
200 167.567326 -13.0359303642864 pleio
201 167.647654 -13.3281374376064 pleio
202 167.755373 -13.3693421501406 pleio
203 167.788738 -13.4340178306963 pleio
204 167.822104 -13.5003203074918 pleio
205 167.836721 -13.5797871582452 pleio
206 167.845502 -13.6679612212282 pleio
207 167.854284 -13.7615451662663 pleio
208 167.858563 -13.8603422377196 pleio
209 167.860327 -13.964411385654 pleio
210 167.862092 -14.0758351963007 pleio
211 167.863857 -14.1661711418706 pleio
212 167.865622 -14.22444104636 pleio
213 167.86764 -14.2740572786277 pleio
214 167.871511 -14.3263906680173 pleio
215 167.876871 -14.3844880021173 pleio
216 167.882232 -14.4482976347061 pleio
217 167.887593 -14.5177513158243 pleio
218 167.913375 -14.5875552511128 pleio
219 167.920966 -14.6148869626385 pleio
220 167.928557 -14.6256559302835 pleio
221 168.002821 -14.6504760538681 pleio
222 168.013929 -14.7260491607184 pleio
223 168.020304 -14.8097380429073 pleio
224 168.023961 -14.8824333536633 pleio
225 168.02735 -14.9526345163548 pleio
226 168.030739 -15.0793586295609 pleio
227 168.034128 -15.8879572856291 pleio
228 168.037518 -16.0057500479212 pleio
229 168.042103 -16.0983246541384 pleio
230 168.057523 -16.0276692535841 pleio
231 168.241031 -16.0405921670721 pleio
232 168.273712 -16.0822229690401 pleio
233 168.276509 -16.1303236699375 pleio
234 168.279306 -16.1851978677264 pleio
235 168.282103 -16.2467877204995 pleio
236 168.2849 -16.3149930608992 pleio
237 168.287697 -16.3896752899545 pleio
238 168.291368 -16.4036756456984 pleio
239 168.295216 -16.4284924022053 pleio
240 168.301388 -16.4700151576956 pleio
241 168.308464 -16.2817808375829 pleio
242 168.31554 -16.3797766839766 pleio
243 168.322616 -16.8258839277646 pleio
244 168.369835 -17.1047424299778 pleio
245 168.372164 -17.1296730083645 pleio
246 168.374493 -17.1550558990311 pleio
247 168.376821 -17.2145117012299 pleio
248 162.797792 -3.39126373648008 profile1
249 162.802465 -3.32044057022717 profile1
250 162.807137 -3.25113841773743 profile1
251 162.891193 -3.44086581266814 profile1
252 162.899169 -2.874301566884 profile1
253 162.907146 -2.44379411426256 profile1
254 162.915122 -2.24743300386991 profile1
255 162.923098 -2.25184402773525 profile1
256 162.931074 -2.2511948948248 profile1
257 162.93905 -2.2504801643265 profile1
258 162.97044 -2.25000638646421 profile1
259 162.976744 -2.21484658995734 profile1
260 162.983048 -2.18174809411066 profile1
261 162.989352 -2.15842358728557 profile1
262 162.995537 -2.05415974203681 profile1
263 162.997832 -2.83462181810672 profile1
264 163.00011 -3.00212700361008 profile1
265 163.002388 -2.97292330770972 profile1
266 163.004665 -2.94485976836329 profile1
267 163.006943 -2.9179490063566 profile1
268 163.009221 -2.8921986315436 profile1
269 163.011499 -2.86761963643258 profile1
270 163.013777 -2.84422025562756 profile1
271 163.016054 -2.82353194924587 profile1
272 163.018332 -2.80608301863127 profile1
273 163.02061 -2.78986465813103 profile1
274 163.022888 -2.77488354048296 profile1
275 163.025166 -2.7609543103419 profile1
276 163.029526 -2.74800066585977 profile1
277 163.045161 -2.74101337913024 profile1
278 163.061794 -2.74229593968417 profile1
279 163.078427 -2.72942445635312 profile1
280 163.09506 -2.68949231360488 profile1
281 163.111693 -2.65377288446148 profile1
282 163.125708 -2.59973238912889 profile1
283 163.137394 -3.04622185297455 profile1
284 163.14908 -3.03464269077194 profile1
285 163.154021 -2.92857721529676 profile1
286 163.156127 -2.84591582894162 profile1
287 163.157556 -2.78959253619807 profile1
288 163.158891 -2.76182086224309 profile1
289 163.160225 -2.76378194404689 profile1
290 163.161559 -2.79541724775257 profile1
291 163.162894 -2.85538382607341 profile1
292 163.164228 -2.94118582950751 profile1
293 163.165562 -3.04945602019066 profile1
294 163.166897 -3.17510490784861 profile1
295 163.26265 -3.07953878606041 profile1
296 163.413317 -2.6421358140301 profile1
297 163.495816 -2.51440836452878 profile1
298 163.507977 -2.47544494047505 profile1
299 163.520139 -2.4293274363681 profile1
300 163.582672 -2.38807946368495 profile1
301 164.022416 -2.61817903825713 profile1
302 164.027702 -1.77058405691432 profile1
303 164.032987 -1.52382914853797 profile1
304 164.064248 -1.44466278901198 profile1
305 164.070405 -1.43381856543916 profile1
306 164.076561 -1.42315195104744 profile1
307 164.255184 -1.13210463850246 profile1
308 164.291807 -0.233737878302382 profile1
309 164.314068 -0.160462309922155 profile1
310 164.325529 -0.0926347058910241 profile1
311 164.336991 -0.0243900651375725 profile1
312 164.348452 0.0619993607740863 profile1
313 164.60536 0.149111177202689 profile1
314 164.617986 0.260162430362864 profile1
315 164.628884 0.368830891241458 profile1
316 164.636687 0.470656329831124 profile1
317 164.648869 0.540358638996436 profile1
318 164.66892 0.603336936780987 profile1
319 164.758936 0.792751770523002 profile1
320 165.053217 1.72559628133261 profile1
321 165.121823 2.03958791957133 profile1
322 165.132678 2.17658708606718 profile1
323 165.143532 2.55687846064313 profile1
324 165.154046 2.69635166319312 profile1
325 165.15722 2.90036770163227 profile1
326 165.160395 3.05026301774389 profile1
327 165.163569 3.32114740048291 profile1
328 165.195982 3.35450492162222 profile1
329 165.223558 3.35967514342894 profile1
330 165.251135 3.3494534626836 profile1
331 165.276843 3.41015670475631 profile1
332 165.283031 3.68319750338248 profile1
333 165.290201 4.41313605354819 profile1
334 165.297626 7.40626383793588 profile1
335 165.445995 7.4782964809059 profile1
336 165.451594 7.49142807484124 profile1
337 165.457194 7.50140863975992 profile1
338 165.462793 7.49705235290224 profile1
339 165.468393 7.48699710024763 profile1
340 165.473992 7.47413480210957 profile1
341 165.479592 7.4584472344233 profile1
342 165.485905 8.03481793761975 profile1
343 165.495439 8.0186571814013 profile1
344 165.565236 7.94354689508552 profile1
345 165.56991 7.79025961639645 profile1
346 165.574583 7.62404506470364 profile1
347 165.581587 7.60547006583837 profile1
348 165.605467 7.55621623371061 profile1
349 165.629348 7.51402800472519 profile1
350 165.653228 7.45294479375212 profile1
351 165.677109 7.40323489111941 profile1
352 165.700989 7.34918911043364 profile1
353 165.704891 7.24563094793929 profile1
354 165.706625 7.12709594027356 profile1
355 165.708359 6.99399724352537 profile1
356 165.710093 6.84693328160661 profile1
357 165.711827 6.68667828482032 profile1
358 165.713561 6.58496102578487 profile1
359 165.715295 6.48169445874374 profile1
360 165.717029 6.35324562137374 profile1
361 165.718763 6.19239954992834 profile1
362 165.720497 5.99093868303716 profile1
363 165.722231 5.74243034663552 profile1
364 165.723965 5.44953959519903 profile1
365 165.725699 5.27377132758102 profile1
366 165.802549 5.21190790831239 profile1
367 165.85132 5.19074021208081 profile1
368 165.858793 5.23858849617377 profile1
369 165.864624 5.35689044307329 profile1
370 165.868565 5.45613546393949 profile1
371 165.872506 5.53476734582162 profile1
372 165.876447 5.59152446144196 profile1
373 165.880388 5.62550430670123 profile1
374 165.884329 5.67171644691475 profile1
375 165.88827 5.6972375954613 profile1
376 165.892211 5.70834670809101 profile1
377 165.896152 5.7082821429776 profile1
378 165.900093 5.70159110024122 profile1
379 165.912941 5.68665191060831 profile1
380 165.925276 5.66349327302053 profile1
381 165.925359 5.6384037806446 profile1
382 165.925441 5.6129439362852 profile1
383 165.930685 5.65102039872746 profile1
384 166.172164 5.82900428311882 profile1
385 166.181382 5.84051614385863 profile1
386 166.1906 5.3295692610057 profile1
387 166.324274 4.56970085704494 profile1
388 166.325217 4.42678204037609 profile1
389 166.32602 4.25883585668076 profile1
390 166.326823 4.04888557251429 profile1
391 166.327627 3.96392818508095 profile1
392 166.32843 3.97886894204666 profile1
393 166.377584 3.99221938765227 profile1
394 166.382507 3.99838763392917 profile1
395 166.38743 3.99290423065877 profile1
396 166.394815 3.97591942991023 profile1
397 166.403288 3.89059128848391 profile1
398 166.407404 3.77769123803125 profile1
399 166.411519 3.89024738369991 profile1
400 166.415634 3.99215680415865 profile1
401 166.419069 4.08296101919991 profile1
402 166.422503 4.16227798511167 profile1
403 166.425938 4.22980888005604 profile1
404 166.429372 4.28534189593864 profile1
405 166.432807 4.32875216642076 profile1
406 166.439999 4.35999276649884 profile1
407 166.448156 4.37906629993614 profile1
408 166.475596 4.38991686515968 profile1
409 166.491355 4.56577781035604 profile1
410 166.507114 4.70095308485277 profile1
411 166.522873 4.74447659677619 profile1
412 166.537635 4.73691672506183 profile1
413 166.55226 4.72543034451073 profile1
414 166.566886 4.72030137504433 profile1
415 166.581511 4.74722770220703 profile1
416 166.592132 4.75688306981499 profile1
417 166.599166 4.72854313387499 profile1
418 166.606199 4.66441373329776 profile1
419 166.613233 4.59522709867857 profile1
420 166.62365 4.40159590679861 profile1
421 166.754477 4.0206162749001 profile1
422 166.783106 3.98049517272709 profile1
423 166.802407 3.94869347585073 profile1
424 166.805057 3.90104184109935 profile1
425 166.807706 3.8291356497198 profile1
426 166.811338 3.73191027812345 profile1
427 166.839967 3.65249509994923 profile1
428 166.951357 3.35814877009317 profile1
429 166.992184 3.33559039741242 profile1
430 167.033011 3.71794784953522 profile1
431 167.073838 3.36329746962 profile1
432 167.142758 2.85255140979836 profile1
433 167.274124 2.07101978704313 profile1
434 167.282638 2.05761410275571 profile1
435 167.286179 1.9477197299011 profile1
436 167.289719 1.737603055598 profile1
437 167.29326 1.5094574460947 profile1
438 167.306473 1.25622785941474 profile1
439 167.322761 1.08901049193439 profile1
440 167.349466 1.0092371416555 profile1
441 167.360748 0.989322864861312 profile1
442 167.37203 0.968658738053062 profile1
443 167.396998 0.947489624886733 profile1
444 167.523201 0.869435600938041 profile1
445 167.545144 0.934789707507717 profile1
446 167.556235 0.79956741381807 profile1
447 167.567326 0.57715494876289 profile1
448 167.647654 0.249265073499754 profile1
449 167.755373 0.211055803986434 profile1
450 167.788738 0.150893300528818 profile1
451 167.822104 0.0893314544293497 profile1
452 167.836721 0.0192291009449822 profile1
453 167.845502 -0.0570540202120527 profile1
454 167.854284 -0.137459804970566 profile1
455 167.858563 -0.221701519825871 profile1
456 167.860327 -0.311940072009339 profile1
457 167.862092 -0.414649208222701 profile1
458 167.863857 -0.506358785992891 profile1
459 167.865622 -0.581185833697554 profile1
460 167.86764 -0.646367410516323 profile1
461 167.871511 -0.712285217152218 profile1
462 167.876871 -0.781807724877994 profile1
463 167.882232 -0.854862189781791 profile1
464 167.887593 -0.931365450010569 profile1
465 167.913375 -1.00131810787238 profile1
466 167.920966 -1.02622491510776 profile1
467 167.928557 -1.03619540528837 profile1
468 168.002821 -1.05839402412924 profile1
469 168.013929 -1.12269594123597 profile1
470 168.020304 -1.19074008798699 profile1
471 168.023961 -1.24274310676463 profile1
472 168.02735 -1.28657611400401 profile1
473 168.030739 -1.35219939694806 profile1
474 168.034128 -1.64121008422823 profile1
475 168.037518 -1.72374864434333 profile1
476 168.042103 -1.78832299879785 profile1
477 168.057523 -1.82804112982185 profile1
478 168.241031 -1.84993015416592 profile1
479 168.273712 -1.8844080211648 profile1
480 168.276509 -1.92434908985609 profile1
481 168.279306 -1.97087654084526 profile1
482 168.282103 -2.02396474146691 profile1
483 168.2849 -2.08354691419644 profile1
484 168.287697 -2.14951845093346 profile1
485 168.291368 -2.13964805343815 profile1
486 168.295216 -2.12623358476885 profile1
487 168.301388 -2.13070210425419 profile1
488 168.308464 -2.13602733512567 profile1
489 168.31554 -2.19883698240946 profile1
490 168.322616 -2.31373354090918 profile1
491 168.369835 -2.38317469903541 profile1
492 168.372164 -2.40659011415804 profile1
493 168.374493 -2.4304039223285 profile1
494 168.376821 -2.48842765994292 profile1
495 162.797792 -4.37856233045392 profile2
496 162.802465 -4.20294325194912 profile2
497 162.807137 -4.06682308648743 profile2
498 162.891193 -3.89665142008716 profile2
499 162.899169 -3.25082078897396 profile2
500 162.907146 -2.80585135792939 profile2
501 162.915122 -2.60108985599814 profile2
502 162.923098 -2.54788854075905 profile2
503 162.931074 -2.49710717621387 profile2
504 162.93905 -2.45123112923192 profile2
505 162.97044 -2.35283826337909 profile2
506 162.976744 -2.27990809897763 profile2
507 162.983048 -2.21261861178874 profile2
508 162.989352 -2.27429734051685 profile2
509 162.995537 -2.0263843463536 profile2
510 162.997832 -1.51673936054495 profile2
511 163.00011 -1.3973872674746 profile2
512 163.002388 -1.30450674895767 profile2
513 163.004665 -1.21027493466512 profile2
514 163.006943 -1.11481363393021 profile2
515 163.009221 -1.01825353755673 profile2
516 163.011499 -0.92073841349793 profile2
517 163.013777 -0.822418193796556 profile2
518 163.016054 -0.724911641196084 profile2
519 163.018332 -0.628936788838831 profile2
520 163.02061 -0.532765472710397 profile2
521 163.022888 -0.436583253999484 profile2
522 163.025166 -0.340843712186048 profile2
523 163.029526 -0.24583364406507 profile2
524 163.045161 -0.153331636708775 profile2
525 163.061794 -0.0642488369870329 profile2
526 163.078427 0.051968702735703 profile2
527 163.09506 0.198276967722504 profile2
528 163.111693 0.347576289197871 profile2
529 163.125708 0.508457585493586 profile2
530 163.137394 1.85141885224603 profile2
531 163.14908 1.98106255781857 profile2
532 163.154021 2.08908073490152 profile2
533 163.156127 2.17379127430923 profile2
534 163.157556 2.23458379986375 profile2
535 163.158891 2.27134227906945 profile2
536 163.160225 2.28443738193278 profile2
537 163.161559 2.27465815265464 profile2
538 163.162894 2.2431158885515 profile2
539 163.164228 2.19113895132411 profile2
540 163.165562 2.12016510756828 profile2
541 163.166897 2.03175339513213 profile2
542 163.26265 2.99160389287867 profile2
543 163.413317 5.4612066106837 profile2
544 163.495816 6.49556654193318 profile2
545 163.507977 6.84749578874377 profile2
546 163.520139 7.1455898932317 profile2
547 163.582672 7.41681292732851 profile2
548 164.022416 8.03481793761975 profile2
549 164.027702 6.99694259542195 profile2
550 164.032987 6.3647529385868 profile2
551 164.064248 6.0032451035491 profile2
552 164.070405 6.00196077372324 profile2
553 164.076561 6.00022756581428 profile2
554 164.255184 3.89282985585534 profile2
555 164.291807 2.58637330977086 profile2
556 164.314068 2.52451552741845 profile2
557 164.325529 2.5133074063911 profile2
558 164.336991 2.43601465683919 profile2
559 164.348452 2.04362569520701 profile2
560 164.60536 1.56075184199226 profile2
561 164.617986 1.55559425679151 profile2
562 164.628884 1.50730857889635 profile2
563 164.636687 1.43912915752933 profile2
564 164.648869 1.4068283627718 profile2
565 164.66892 1.36979402841264 profile2
566 164.758936 1.14859843961897 profile2
567 165.053217 0.702246017541326 profile2
568 165.121823 0.695273580498018 profile2
569 165.132678 0.660967043825114 profile2
570 165.143532 0.618996253354513 profile2
571 165.154046 1.03747244491555 profile2
572 165.15722 1.09859256320092 profile2
573 165.160395 1.12837452326749 profile2
574 165.163569 1.14784444002111 profile2
575 165.195982 1.08433018407275 profile2
576 165.223558 1.03932867543867 profile2
577 165.251135 1.008628061683 profile2
578 165.276843 0.913988880823983 profile2
579 165.283031 0.833317101617236 profile2
580 165.290201 0.767279565102213 profile2
581 165.297626 0.600694098083418 profile2
582 165.445995 0.527983062922618 profile2
583 165.451594 0.51574715566747 profile2
584 165.457194 0.496320519280278 profile2
585 165.462793 0.459338492173715 profile2
586 165.468393 0.412140825985742 profile2
587 165.473992 0.357424827543465 profile2
588 165.479592 0.295437584055988 profile2
589 165.485905 -2.98973713832987 profile2
590 165.495439 -3.0494675157557 profile2
591 165.565236 -2.93763990898977 profile2
592 165.56991 -2.68764196248366 profile2
593 165.574583 -2.50862618839417 profile2
594 165.581587 -2.39659997242808 profile2
595 165.605467 -2.37935858932299 profile2
596 165.629348 -2.32695109399359 profile2
597 165.653228 -2.28021651225446 profile2
598 165.677109 -2.25600804977917 profile2
599 165.700989 -2.29299506793098 profile2
600 165.704891 -2.3711931579405 profile2
601 165.706625 -2.45009200552998 profile2
602 165.708359 -2.52914743110093 profile2
603 165.710093 -2.60779739245702 profile2
604 165.711827 -2.68547418245857 profile2
605 165.713561 -2.80711382109487 profile2
606 165.715295 -2.93964394816356 profile2
607 165.717029 -3.06714515572356 profile2
608 165.718763 -3.18683536923306 profile2
609 165.720497 -3.29874177507785 profile2
610 165.722231 -3.40570843082905 profile2
611 165.723965 -3.51054058222368 profile2
612 165.725699 -3.5572936293452 profile2
613 165.802549 -3.55264025151988 profile2
614 165.85132 -3.55691691979619 profile2
615 165.858793 -3.63031513536963 profile2
616 165.864624 -3.73828649047428 profile2
617 165.868565 -3.85342405510979 profile2
618 165.872506 -3.97545240092522 profile2
619 165.876447 -4.10403948674891 profile2
620 165.880388 -4.23879676122327 profile2
621 165.884329 -4.35718837039715 profile2
622 165.88827 -4.48365542771888 profile2
623 165.892211 -4.62230443962196 profile2
624 165.896152 -4.74458910898097 profile2
625 165.900093 -4.86677560974587 profile2
626 165.912941 -4.94394398658147 profile2
627 165.925276 -4.96950647860104 profile2
628 165.925359 -4.98947599335045 profile2
629 165.925441 -5.00869902703338 profile2
630 165.930685 -5.0511973910141 profile2
631 166.172164 -5.11610789267808 profile2
632 166.181382 -5.2349466053903 profile2
633 166.1906 -5.36290436585453 profile2
634 166.324274 -5.47336800291629 profile2
635 166.325217 -5.47195667286924 profile2
636 166.32602 -5.46672194584892 profile2
637 166.326823 -5.4650604183375 profile2
638 166.327627 -5.48722922641491 profile2
639 166.32843 -5.52456547275822 profile2
640 166.377584 -5.54978084163164 profile2
641 166.382507 -5.52526168744387 profile2
642 166.38743 -5.49756813599995 profile2
643 166.394815 -5.46676778875153 profile2
644 166.403288 -5.40568012726213 profile2
645 166.407404 -5.34386422093614 profile2
646 166.411519 -5.34230584850581 profile2
647 166.415634 -5.34317437137197 profile2
648 166.419069 -5.34670325200324 profile2
649 166.422503 -5.35323298228171 profile2
650 166.425938 -5.36319181802135 profile2
651 166.429372 -5.3770653792158 profile2
652 166.432807 -5.39535218584978 profile2
653 166.439999 -5.41846795424496 profile2
654 166.448156 -5.44637430184895 profile2
655 166.475596 -5.46169516099215 profile2
656 166.491355 -5.50983430375817 profile2
657 166.507114 -5.52555858506399 profile2
658 166.522873 -5.52918272502371 profile2
659 166.537635 -5.5115256309872 profile2
660 166.55226 -5.51390905312925 profile2
661 166.566886 -5.57303575863276 profile2
662 166.581511 -5.5505867379443 profile2
663 166.592132 -5.50270888810722 profile2
664 166.599166 -5.45800328824955 profile2
665 166.606199 -5.40833418904377 profile2
666 166.613233 -5.31286575785702 profile2
667 166.62365 -5.23086068028544 profile2
668 166.754477 -5.45788189272665 profile2
669 166.783106 -5.34294248915416 profile2
670 166.802407 -5.26222126027039 profile2
671 166.805057 -5.19552265928092 profile2
672 166.807706 -5.1329056692478 profile2
673 166.811338 -5.05096067771187 profile2
674 166.839967 -4.9951644408439 profile2
675 166.951357 -4.97602835100613 profile2
676 166.992184 -4.97841978589034 profile2
677 167.033011 -4.98046689065974 profile2
678 167.073838 -6.08465513828992 profile2
679 167.142758 -5.65291321270848 profile2
680 167.274124 -5.47991564372029 profile2
681 167.282638 -5.44643114416271 profile2
682 167.286179 -5.44016329543174 profile2
683 167.289719 -5.46310444699967 profile2
684 167.29326 -5.5136423012947 profile2
685 167.306473 -5.59429648554397 profile2
686 167.322761 -5.63434259294116 profile2
687 167.349466 -5.6448808422145 profile2
688 167.360748 -5.64108052408566 profile2
689 167.37203 -5.63806436905885 profile2
690 167.396998 -5.63545534109059 profile2
691 167.523201 -5.47051049888993 profile2
692 167.545144 -5.51931068419945 profile2
693 167.556235 -5.5152585739106 profile2
694 167.567326 -5.47173174678525 profile2
695 167.647654 -5.42605336805808 profile2
696 167.755373 -5.42786632287432 profile2
697 167.788738 -5.43043812157725 profile2
698 167.822104 -5.43321277331108 profile2
699 167.836721 -5.43952432522853 profile2
700 167.845502 -5.44816736349079 profile2
701 167.854284 -5.45826040811158 profile2
702 167.858563 -5.46989751859208 profile2
703 167.860327 -5.4809980135143 profile2
704 167.862092 -5.48726512448308 profile2
705 167.863857 -5.4831980441386 profile2
706 167.865622 -5.46342626133746 profile2
707 167.86764 -5.44539327240995 profile2
708 167.871511 -5.42961333940569 profile2
709 167.876871 -5.41612635913324 profile2
710 167.882232 -5.40495621502965 profile2
711 167.887593 -5.39611990362227 profile2
712 167.913375 -5.39436854158587 profile2
713 167.920966 -5.39628217429253 profile2
714 167.928557 -5.39699949762022 profile2
715 168.002821 -5.39961184023101 profile2
716 168.013929 -5.4113662309598 profile2
717 168.020304 -5.42782871927777 profile2
718 168.023961 -5.44948160687345 profile2
719 168.02735 -5.47725806496887 profile2
720 168.030739 -5.54032330925581 profile2
721 168.034128 -6.07650977698672 profile2
722 168.037518 -6.11416933161664 profile2
723 168.042103 -6.14398740305901 profile2
724 168.057523 -6.03293246000234 profile2
725 168.241031 -6.02345703215327 profile2
726 168.273712 -6.02948502137903 profile2
727 168.276509 -6.03654297368675 profile2
728 168.279306 -6.04385609159191 profile2
729 168.282103 -6.05139370742202 profile2
730 168.2849 -6.05912321181552 profile2
731 168.287697 -6.06701052581785 profile2
732 168.291368 -6.08834587432164 profile2
733 168.295216 -6.12416400001756 profile2
734 168.301388 -6.1595004169148 profile2
735 168.308464 -5.97237969306512 profile2
736 168.31554 -6.01696311314878 profile2
737 168.322616 -6.35836765860451 profile2
738 168.369835 -6.57097575635358 profile2
739 168.372164 -6.57170782783594 profile2
740 168.374493 -6.57248682870246 profile2
741 168.376821 -6.57205285895536 profile2
