marker_position lod trace
1 162.797792 -40.0582479762835 pleio
2 162.802465 -40.2044075171823 pleio
3 162.807137 -40.3899629093706 pleio
4 162.891193 -40.3879417093375 pleio
5 162.899169 -39.8843940476866 pleio
6 162.907146 -39.8601168077166 pleio
7 162.915122 -39.9293779079725 pleio
8 162.923098 -39.9060419089181 pleio
9 162.931074 -39.8947774200524 pleio
10 162.93905 -39.8911324908767 pleio
11 162.97044 -39.856021900316 pleio
12 162.976744 -39.7769493487591 pleio
13 162.983048 -39.7648475203768 pleio
14 162.989352 -39.2941437202042 pleio
15 162.995537 -38.9327949458419 pleio
16 162.997832 -38.1133890943222 pleio
17 163.00011 -37.9791193080854 pleio
18 163.002388 -37.9261778212782 pleio
19 163.004665 -37.87614138147 pleio
20 163.006943 -37.8290659127291 pleio
21 163.009221 -37.7850046709256 pleio
22 163.011499 -37.7440061270582 pleio
23 163.013777 -37.7061161494981 pleio
24 163.016054 -37.6677541458824 pleio
25 163.018332 -37.6278240047885 pleio
26 163.02061 -37.5912053050454 pleio
27 163.022888 -37.557936799151 pleio
28 163.025166 -37.5283692466524 pleio
29 163.029526 -37.5024355649902 pleio
30 163.045161 -37.4742907451741 pleio
31 163.061794 -37.4285370705937 pleio
32 163.078427 -36.5922937019764 pleio
33 163.09506 -35.5160890399618 pleio
34 163.111693 -34.8395349980014 pleio
35 163.125708 -34.7549179654189 pleio
36 163.137394 -33.1873206661753 pleio
37 163.14908 -33.2416391429458 pleio
38 163.154021 -32.7308065592671 pleio
39 163.156127 -32.3122094549076 pleio
40 163.157556 -31.9974720596017 pleio
41 163.158891 -31.7944501541253 pleio
42 163.160225 -31.7061861030005 pleio
43 163.161559 -31.7304047510921 pleio
44 163.162894 -31.8597007164652 pleio
45 163.164228 -32.0824233701447 pleio
46 163.165562 -32.3840652779961 pleio
47 163.166897 -32.7492543176608 pleio
48 163.26265 -32.1851194700422 pleio
49 163.413317 -30.4524305759643 pleio
50 163.495816 -26.3219162051795 pleio
51 163.507977 -25.6296380885923 pleio
52 163.520139 -25.1055443054169 pleio
53 163.582672 -24.8004209218166 pleio
54 164.022416 -27.7171856915272 pleio
55 164.027702 -27.4298504838706 pleio
56 164.032987 -27.7559052502598 pleio
57 164.064248 -28.1679562501843 pleio
58 164.070405 -28.1691859321074 pleio
59 164.076561 -28.1705533355454 pleio
60 164.255184 -28.7850117129764 pleio
61 164.291807 -21.6599466728866 pleio
62 164.314068 -21.9126271627588 pleio
63 164.325529 -22.445894881159 pleio
64 164.336991 -22.7160149407291 pleio
65 164.348452 -21.998282886774 pleio
66 164.60536 -21.8267029870295 pleio
67 164.617986 -21.5017769290544 pleio
68 164.628884 -21.2433741567806 pleio
69 164.636687 -21.0741627250582 pleio
70 164.648869 -21.0187804939888 pleio
71 164.66892 -20.9747487145901 pleio
72 164.758936 -20.9195346411095 pleio
73 165.053217 -18.4284536508041 pleio
74 165.121823 -18.354829779985 pleio
75 165.132678 -18.2206742503317 pleio
76 165.143532 -13.1597128426377 pleio
77 165.154046 -11.8972711355424 pleio
78 165.15722 -11.7346119419329 pleio
79 165.160395 -11.6553626477952 pleio
80 165.163569 -11.7924874379475 pleio
81 165.195982 -12.0457305900715 pleio
82 165.223558 -12.0601944387681 pleio
83 165.251135 -12.017082326587 pleio
84 165.276843 -11.9708766395165 pleio
85 165.283031 -11.9836953059971 pleio
86 165.290201 -10.378778311565 pleio
87 165.297626 -1.53858869045431 pleio
88 165.445995 -0.273152546416857 pleio
89 165.451594 -0.139202351670472 pleio
90 165.457194 -0.0622766367985166 pleio
91 165.462793 -0.0136127743846625 pleio
92 165.468393 0 pleio
93 165.473992 -0.0277226766625252 pleio
94 165.479592 -0.0966680567199258 pleio
95 165.485905 -1.96857976263887 pleio
96 165.495439 -2.10669315166094 pleio
97 165.565236 -2.03678211233471 pleio
98 165.56991 -2.04592027406661 pleio
99 165.574583 -2.20802752183379 pleio
100 165.581587 -2.13434896758777 pleio
101 165.605467 -2.23454779542705 pleio
102 165.629348 -2.34873275836391 pleio
103 165.653228 -2.47058482521582 pleio
104 165.677109 -2.54496281780346 pleio
105 165.700989 -2.51108486574308 pleio
106 165.704891 -2.45186011888237 pleio
107 165.706625 -2.39755676354493 pleio
108 165.708359 -2.34853713186063 pleio
109 165.710093 -2.30510672456966 pleio
110 165.711827 -2.26750665649749 pleio
111 165.713561 -2.10871719210988 pleio
112 165.715295 -1.9562944564524 pleio
113 165.717029 -1.84475115393433 pleio
114 165.718763 -1.76895237491937 pleio
115 165.720497 -1.72258036571837 pleio
116 165.722231 -1.70096219071149 pleio
117 165.723965 -1.70424668051737 pleio
118 165.725699 -1.76881140856432 pleio
119 165.802549 -1.75572661129276 pleio
120 165.85132 -1.77045499668051 pleio
121 165.858793 -1.89109120150676 pleio
122 165.864624 -2.18395889895609 pleio
123 165.868565 -2.65224595980897 pleio
124 165.872506 -3.29648362454194 pleio
125 165.876447 -4.11288890903457 pleio
126 165.880388 -5.0933295367921 pleio
127 165.884329 -6.13630131084696 pleio
128 165.88827 -7.32463071225499 pleio
129 165.892211 -8.12618164875612 pleio
130 165.896152 -8.20398995723385 pleio
131 165.900093 -8.31738138198461 pleio
132 165.912941 -8.38891049713984 pleio
133 165.925276 -8.40609529943135 pleio
134 165.925359 -8.42737294140406 pleio
135 165.925441 -8.45124530922267 pleio
136 165.930685 -8.51011458000783 pleio
137 166.172164 -8.62420524829722 pleio
138 166.181382 -8.9355976892881 pleio
139 166.1906 -9.41107030110507 pleio
140 166.324274 -10.0171307981462 pleio
141 166.325217 -9.97125730665287 pleio
142 166.32602 -9.99932051554389 pleio
143 166.326823 -10.1068944478531 pleio
144 166.327627 -10.1978141722697 pleio
145 166.32843 -10.2480844832662 pleio
146 166.377584 -10.2732811662804 pleio
147 166.382507 -10.2448532952534 pleio
148 166.38743 -10.3234664616993 pleio
149 166.394815 -10.5102716577885 pleio
150 166.403288 -10.8110329533449 pleio
151 166.407404 -11.2250641709067 pleio
152 166.411519 -11.2904920683018 pleio
153 166.415634 -11.3902481470592 pleio
154 166.419069 -11.5245446104272 pleio
155 166.422503 -11.6931435755348 pleio
156 166.425938 -11.8952948018117 pleio
157 166.429372 -12.129705564392 pleio
158 166.432807 -12.3945628964789 pleio
159 166.439999 -12.6875436404944 pleio
160 166.448156 -13.0054975456749 pleio
161 166.475596 -13.2901103336802 pleio
162 166.491355 -12.834721574377 pleio
163 166.507114 -13.0097659664569 pleio
164 166.522873 -13.6030840808347 pleio
165 166.537635 -13.6529925561059 pleio
166 166.55226 -13.6661557247863 pleio
167 166.566886 -13.932501486311 pleio
168 166.581511 -13.9628456254427 pleio
169 166.592132 -14.1297849555303 pleio
170 166.599166 -14.5633301258641 pleio
171 166.606199 -15.0826613333646 pleio
172 166.613233 -15.1962874039181 pleio
173 166.62365 -15.901695141067 pleio
174 166.754477 -17.1287530711016 pleio
175 166.783106 -17.3011087294788 pleio
176 166.802407 -17.526240279814 pleio
177 166.805057 -17.7723100449398 pleio
178 166.807706 -18.022738929143 pleio
179 166.811338 -18.2425049864643 pleio
180 166.839967 -18.3857567980786 pleio
181 166.951357 -18.3484306524399 pleio
182 166.992184 -18.355093190402 pleio
183 167.033011 -18.3845905286429 pleio
184 167.073838 -25.3113178901526 pleio
185 167.142758 -27.1008259376856 pleio
186 167.274124 -28.6648464449696 pleio
187 167.282638 -29.0861253900052 pleio
188 167.286179 -29.6972617048865 pleio
189 167.289719 -30.4931721654877 pleio
190 167.29326 -31.3061845129422 pleio
191 167.306473 -31.975437585024 pleio
192 167.322761 -32.1586853324684 pleio
193 167.349466 -32.1869254888307 pleio
194 167.360748 -32.1790826902572 pleio
195 167.37203 -32.1723574646827 pleio
196 167.396998 -32.1672812805598 pleio
197 167.523201 -33.1334426808188 pleio
198 167.545144 -33.0596101550708 pleio
199 167.556235 -33.1548314354642 pleio
200 167.567326 -33.3627451354518 pleio
201 167.647654 -33.3738043948943 pleio
202 167.755373 -33.386541859697 pleio
203 167.788738 -33.3990240211096 pleio
204 167.822104 -33.4119312133091 pleio
205 167.836721 -33.4482903197072 pleio
206 167.845502 -33.496327204823 pleio
207 167.854284 -33.5492737073077 pleio
208 167.858563 -33.6068055869624 pleio
209 167.860327 -33.6721111204843 pleio
210 167.862092 -33.7544865121853 pleio
211 167.863857 -33.8188663384944 pleio
212 167.865622 -33.8542295047639 pleio
213 167.86764 -33.9028318003373 pleio
214 167.871511 -33.9559811039432 pleio
215 167.876871 -34.0109854050004 pleio
216 167.882232 -34.0677554736957 pleio
217 167.887593 -34.1262004929632 pleio
218 167.913375 -34.1696146476126 pleio
219 167.920966 -34.1923870345026 pleio
220 167.928557 -34.2145833020544 pleio
221 168.002821 -34.2384677791459 pleio
222 168.013929 -34.2714743212335 pleio
223 168.020304 -34.3113833724965 pleio
224 168.023961 -34.3369725508433 pleio
225 168.02735 -34.3623524904736 pleio
226 168.030739 -34.3099943675111 pleio
227 168.034128 -34.0074748396814 pleio
228 168.037518 -34.0786367413043 pleio
229 168.042103 -34.1398353296448 pleio
230 168.057523 -34.1708356052755 pleio
231 168.241031 -34.3603672891741 pleio
232 168.273712 -34.3752569605806 pleio
233 168.276509 -34.4000921284099 pleio
234 168.279306 -34.4357010855579 pleio
235 168.282103 -34.4822019912829 pleio
236 168.2849 -34.5396656946365 pleio
237 168.287697 -34.6081213275309 pleio
238 168.291368 -34.7686084264721 pleio
239 168.295216 -34.992830405458 pleio
240 168.301388 -35.2482172613107 pleio
241 168.308464 -35.6417006302055 pleio
242 168.31554 -36.2614161894429 pleio
243 168.322616 -37.0519309908744 pleio
244 168.369835 -37.3988368508174 pleio
245 168.372164 -37.4289669431786 pleio
246 168.374493 -37.4595764581405 pleio
247 168.376821 -37.5769224086089 pleio
248 162.797792 -31.4333990816938 profile1
249 162.802465 -31.4719779479381 profile1
250 162.807137 -31.526004640089 profile1
251 162.891193 -31.4321515192907 profile1
252 162.899169 -31.5037534568194 profile1
253 162.907146 -31.7143857903564 profile1
254 162.915122 -31.8064407415954 profile1
255 162.923098 -31.772179257157 profile1
256 162.931074 -31.7406718937806 profile1
257 162.93905 -31.7102775097603 profile1
258 162.97044 -31.8337323365053 profile1
259 162.976744 -31.8237319797844 profile1
260 162.983048 -31.8173715301264 profile1
261 162.989352 -31.0455325884539 profile1
262 162.995537 -30.7313540008951 profile1
263 162.997832 -30.1553835566273 profile1
264 163.00011 -30.0508766975109 profile1
265 163.002388 -30.0318925904335 profile1
266 163.004665 -30.0156047155562 profile1
267 163.006943 -30.0020392938955 profile1
268 163.009221 -29.9912188774386 profile1
269 163.011499 -29.9831619248424 profile1
270 163.013777 -29.9778829036707 profile1
271 163.016054 -29.9712989205166 profile1
272 163.018332 -29.9621258922807 profile1
273 163.02061 -29.9558407582953 profile1
274 163.022888 -29.9524533455607 profile1
275 163.025166 -29.9518537581131 profile1
276 163.029526 -29.9538258339654 profile1
277 163.045161 -29.9426288984694 profile1
278 163.061794 -29.9132172019047 profile1
279 163.078427 -29.2349979545467 profile1
280 163.09506 -28.3500492990554 profile1
281 163.111693 -27.7711737448199 profile1
282 163.125708 -27.6100213333967 profile1
283 163.137394 -27.4074671625497 profile1
284 163.14908 -27.3559018903128 profile1
285 163.154021 -26.9911886408402 profile1
286 163.156127 -26.7077277155425 profile1
287 163.157556 -26.5166196053851 profile1
288 163.158891 -26.4254799543044 profile1
289 163.160225 -26.4372976415175 profile1
290 163.161559 -26.5498092280154 profile1
291 163.162894 -26.7555678603783 profile1
292 163.164228 -27.042754069997 profile1
293 163.165562 -27.3965485871051 profile1
294 163.166897 -27.8012111462838 profile1
295 163.26265 -28.0501497476961 profile1
296 163.413317 -27.7826952879224 profile1
297 163.495816 -24.7718183950747 profile1
298 163.507977 -24.1229875046959 profile1
299 163.520139 -23.7162943773685 profile1
300 163.582672 -23.5544158139317 profile1
301 164.022416 -27.7171856915272 profile1
302 164.027702 -27.1867837703651 profile1
303 164.032987 -27.1162278659435 profile1
304 164.064248 -27.082032410839 profile1
305 164.070405 -27.0807115509127 profile1
306 164.076561 -27.0794816679384 profile1
307 164.255184 -26.9113479767948 profile1
308 164.291807 -18.3830533228654 profile1
309 164.314068 -17.8707316293506 profile1
310 164.325529 -17.8444451152815 profile1
311 164.336991 -17.5460562270159 profile1
312 164.348452 -16.3133443452822 profile1
313 164.60536 -15.6913815317283 profile1
314 164.617986 -15.5477142674924 profile1
315 164.628884 -15.4499853183999 profile1
316 164.636687 -15.4101487986883 profile1
317 164.648869 -15.4268297203367 profile1
318 164.66892 -15.5181666740385 profile1
319 164.758936 -15.9668251937179 profile1
320 165.053217 -13.2308202695858 profile1
321 165.121823 -13.1864940678799 profile1
322 165.132678 -13.0888979160816 profile1
323 165.143532 -8.09249329734578 profile1
324 165.154046 -7.06771008635421 profile1
325 165.15722 -6.82217275873202 profile1
326 165.160395 -6.55365130221156 profile1
327 165.163569 -6.39298572170044 profile1
328 165.195982 -6.31835132081499 profile1
329 165.223558 -6.26770469680652 profile1
330 165.251135 -6.21884644558363 profile1
331 165.276843 -6.17687086090612 profile1
332 165.283031 -6.20054361707004 profile1
333 165.290201 -4.60341161146115 profile1
334 165.297626 4.22177325197642 profile1
335 165.445995 5.4828080827562 profile1
336 165.451594 5.62555411689609 profile1
337 165.457194 5.71977505351429 profile1
338 165.462793 5.78014122180056 profile1
339 165.468393 5.80611018628324 profile1
340 165.473992 5.79443939370214 profile1
341 165.479592 5.74505297560649 profile1
342 165.485905 7.44152368814698 profile1
343 165.495439 7.29282946811903 profile1
344 165.565236 7.36755140557619 profile1
345 165.56991 7.56856313830149 profile1
346 165.574583 7.69413751403888 profile1
347 165.581587 7.80996154705883 profile1
348 165.605467 7.81067666708371 profile1
349 165.629348 7.80176596673796 profile1
350 165.653228 7.79102978897274 profile1
351 165.677109 7.78461739980411 profile1
352 165.700989 7.82676042970332 profile1
353 165.704891 7.89499126044331 profile1
354 165.706625 7.95881805142438 profile1
355 165.708359 8.01785035314203 profile1
356 165.710093 8.07174698328448 profile1
357 165.711827 8.12022471574787 profile1
358 165.713561 8.29848550820227 profile1
359 165.715295 8.47719944378036 profile1
360 165.717029 8.61546579523999 profile1
361 165.718763 8.71227722099144 profile1
362 165.720497 8.76803412342277 profile1
363 165.722231 8.78353313522207 profile1
364 165.723965 8.75825290747561 profile1
365 165.725699 8.67083848210026 profile1
366 165.802549 8.6423049889419 profile1
367 165.85132 8.63630234826559 profile1
368 165.858793 8.59265478863378 profile1
369 165.864624 8.33514778490837 profile1
370 165.868565 7.91155961155762 profile1
371 165.872506 7.32153476477656 profile1
372 165.876447 6.56896691248816 profile1
373 165.880388 5.66202233269811 profile1
374 165.884329 4.63074453378842 profile1
375 165.88827 3.4642116807172 profile1
376 165.892211 2.69508119857958 profile1
377 165.896152 2.67794426248298 profile1
378 165.900093 2.64907475322908 profile1
379 165.912941 2.62394772336213 profile1
380 165.925276 2.60817857114855 profile1
381 165.925359 2.58969129295198 profile1
382 165.925441 2.56857337038642 profile1
383 165.930685 2.50663127454723 profile1
384 166.172164 2.3917426034882 profile1
385 166.181382 2.09461985382864 profile1
386 166.1906 1.65236773425 profile1
387 166.324274 1.17786459137947 profile1
388 166.325217 1.17725104948628 profile1
389 166.32602 1.11751981998286 profile1
390 166.326823 0.991236483597523 profile1
391 166.327627 0.933523757347795 profile1
392 166.32843 0.948286609221113 profile1
393 166.377584 0.981448334227343 profile1
394 166.382507 1.03259543879181 profile1
395 166.38743 0.976525890532748 profile1
396 166.394815 0.812044002423411 profile1
397 166.403288 0.483897476800718 profile1
398 166.407404 0.0535901849924906 profile1
399 166.411519 0.0504537334125529 profile1
400 166.415634 0.0160975248368452 profile1
401 166.419069 -0.0498337762015668 profile1
402 166.422503 -0.147316175237957 profile1
403 166.425938 -0.275877987836761 profile1
404 166.429372 -0.434557784430295 profile1
405 166.432807 -0.621907290065192 profile1
406 166.439999 -0.835960678902425 profile1
407 166.448156 -1.07377125352622 profile1
408 166.475596 -1.29836069169589 profile1
409 166.491355 -0.857877411917335 profile1
410 166.507114 -1.03517859763139 profile1
411 166.522873 -1.62816653413983 profile1
412 166.537635 -1.68013895159568 profile1
413 166.55226 -1.6942748607401 profile1
414 166.566886 -1.98544173799788 profile1
415 166.581511 -1.99971400216579 profile1
416 166.592132 -2.16314468488956 profile1
417 166.599166 -2.57843432356551 profile1
418 166.606199 -3.0463955394513 profile1
419 166.613233 -3.06624321406504 profile1
420 166.62365 -3.69074685212455 profile1
421 166.754477 -4.69961813725762 profile1
422 166.783106 -4.72875239632176 profile1
423 166.802407 -4.78093021564905 profile1
424 166.805057 -4.84503361130918 profile1
425 166.807706 -4.91521472338377 profile1
426 166.811338 -4.97568800114014 profile1
427 166.839967 -5.0195577784851 profile1
428 166.951357 -5.02612238102535 profile1
429 166.992184 -5.02999587160737 profile1
430 167.033011 -5.07555998479829 profile1
431 167.073838 -10.2790453332043 profile1
432 167.142758 -11.4379712426019 profile1
433 167.274124 -12.8124946071541 profile1
434 167.282638 -13.2931237448689 profile1
435 167.286179 -13.947945813622 profile1
436 167.289719 -14.7690472465534 profile1
437 167.29326 -15.5821698269745 profile1
438 167.306473 -16.2280273705277 profile1
439 167.322761 -16.4254274060329 profile1
440 167.349466 -16.4648430947338 profile1
441 167.360748 -16.4555934993197 profile1
442 167.37203 -16.4474725513527 profile1
443 167.396998 -16.4410035823108 profile1
444 167.523201 -17.3587006856925 profile1
445 167.545144 -17.2839299821678 profile1
446 167.556235 -17.3710054136893 profile1
447 167.567326 -17.5727197345448 profile1
448 167.647654 -17.694064533714 profile1
449 167.755373 -17.7063350283154 profile1
450 167.788738 -17.7181094399221 profile1
451 167.822104 -17.7301770999638 profile1
452 167.836721 -17.7682130853952 profile1
453 167.845502 -17.818739363804 profile1
454 167.854284 -17.8742001549604 profile1
455 167.858563 -17.9342543538797 profile1
456 167.860327 -18.0051475102806 profile1
457 167.862092 -18.1042499579428 profile1
458 167.863857 -18.1817275015109 profile1
459 167.865622 -18.2258959408593 profile1
460 167.86764 -18.2816980216763 profile1
461 167.871511 -18.3409832968885 profile1
462 167.876871 -18.4012464951179 profile1
463 167.882232 -18.462402853017 profile1
464 167.887593 -18.5243684497767 profile1
465 167.913375 -18.5673650858897 profile1
466 167.920966 -18.5875945779441 profile1
467 167.928557 -18.6081345010725 profile1
468 168.002821 -18.6266242460394 profile1
469 168.013929 -18.6405562860262 profile1
470 168.020304 -18.6595633483806 profile1
471 168.023961 -18.6592241193033 profile1
472 168.02735 -18.6541845196739 profile1
473 168.030739 -18.6585498178674 profile1
474 168.034128 -19.1633239544855 profile1
475 168.037518 -19.2014534849419 profile1
476 168.042103 -19.2369980456012 profile1
477 168.057523 -19.2278805053034 profile1
478 168.241031 -19.3857424206031 profile1
479 168.273712 -19.41607954687 profile1
480 168.276509 -19.4582002802082 profile1
481 168.279306 -19.5110273510127 profile1
482 168.282103 -19.5746046790284 profile1
483 168.2849 -19.648929200273 profile1
484 168.287697 -19.7339540872139 profile1
485 168.291368 -19.7981603872221 profile1
486 168.295216 -19.8890601018258 profile1
487 168.301388 -20.013352203427 profile1
488 168.308464 -20.222631283723 profile1
489 168.31554 -20.4911943794183 profile1
490 168.322616 -20.7981325465929 profile1
491 168.369835 -20.9347513504309 profile1
492 168.372164 -20.9594319383412 profile1
493 168.374493 -20.9845360241274 profile1
494 168.376821 -21.0950174169637 profile1
495 162.797792 -0.875060646730243 profile2
496 162.802465 -0.986472766277366 profile2
497 162.807137 -1.1266669362338 profile2
498 162.891193 -1.25942778057861 profile2
499 162.899169 -0.698968534778397 profile2
500 162.907146 -0.532401982740804 profile2
501 162.915122 -0.529361905173369 profile2
502 162.923098 -0.54184278727209 profile2
503 162.931074 -0.56446329937997 profile2
504 162.93905 -0.594896380765596 profile2
505 162.97044 -0.422549671393251 profile2
506 162.976744 -0.347796661425321 profile2
507 162.983048 -0.341253672775647 profile2
508 162.989352 -0.580315310899153 profile2
509 162.995537 -0.553686701714767 profile2
510 162.997832 -0.210629563898147 profile2
511 163.00011 -0.170210354221524 profile2
512 163.002388 -0.140384404029837 profile2
513 163.004665 -0.110721395629178 profile2
514 163.006943 -0.0812491124130818 profile2
515 163.009221 -0.0519960412543486 profile2
516 163.011499 -0.0229906089180025 profile2
517 163.013777 0.00573783231587793 profile2
518 163.016054 0.0336923486971267 profile2
519 163.018332 0.0606855222642462 profile2
520 163.02061 0.0873106523625513 profile2
521 163.022888 0.113540469675535 profile2
522 163.025166 0.138970334370732 profile2
523 163.029526 0.163464409217634 profile2
524 163.045161 0.179182298924563 profile2
525 163.061794 0.193923139325326 profile2
526 163.078427 0.295151026347266 profile2
527 163.09506 0.399459302599339 profile2
528 163.111693 0.418724939114844 profile2
529 163.125708 0.273272620156657 profile2
530 163.137394 1.79508256538735 profile2
531 163.14908 1.66278170060263 profile2
532 163.154021 1.86287714181896 profile2
533 163.156127 2.0494798912594 profile2
534 163.157556 2.22149571701317 profile2
535 163.158891 2.37813074222484 profile2
536 163.160225 2.5188329293449 profile2
537 163.161559 2.64320858239474 profile2
538 163.162894 2.75093435813218 profile2
539 163.164228 2.84169308874362 profile2
540 163.165562 2.9151479318206 profile2
541 163.166897 2.97101549730127 profile2
542 163.26265 3.87959592256344 profile2
543 163.413317 5.51977387189948 profile2
544 163.495816 6.89204777078011 profile2
545 163.507977 6.96202341433067 profile2
546 163.520139 7.10847955734185 profile2
547 163.582672 7.28668476204269 profile2
548 164.022416 8.78353313522207 profile2
549 164.027702 8.59749301670139 profile2
550 164.032987 8.24771655908978 profile2
551 164.064248 7.83090900193347 profile2
552 164.070405 7.82986401021113 profile2
553 164.076561 7.82876762611578 profile2
554 164.255184 7.20751174247848 profile2
555 164.291807 5.62670558395815 profile2
556 164.314068 4.85023912817058 profile2
557 164.325529 4.26079208888071 profile2
558 164.336991 3.65558452975634 profile2
559 164.348452 3.08359824425803 profile2
560 164.60536 2.57592758324087 profile2
561 164.617986 2.79117080698802 profile2
562 164.628884 2.97411512571534 profile2
563 164.636687 3.11540556702105 profile2
564 164.648869 3.1928100637578 profile2
565 164.66892 3.32635054536828 profile2
566 164.758936 3.79540281227906 profile2
567 165.053217 3.54214412819569 profile2
568 165.121823 3.57695265376146 profile2
569 165.132678 3.62063211275767 profile2
570 165.143532 3.67648197938679 profile2
571 165.154046 3.97581981220052 profile2
572 165.15722 3.91642537893932 profile2
573 165.160395 3.73858231484163 profile2
574 165.163569 3.44554025064661 profile2
575 165.195982 3.10261070859287 profile2
576 165.223558 3.03332802089775 profile2
577 165.251135 3.02769572662476 profile2
578 165.276843 3.06421788881883 profile2
579 165.283031 3.091019482148 profile2
580 165.290201 3.09763821057834 profile2
581 165.297626 3.25136991301583 profile2
582 165.445995 3.30970079622073 profile2
583 165.451594 3.28889393666156 profile2
584 165.457194 3.2555374344279 profile2
585 165.462793 3.22870174649597 profile2
586 165.468393 3.2011753317842 profile2
587 165.473992 3.16891922646669 profile2
588 165.479592 3.13215596257538 profile2
589 165.485905 -0.525898240946613 profile2
590 165.495439 -0.52505397839226 profile2
591 165.565236 -0.513917208788749 profile2
592 165.56991 -0.702772193765006 profile2
593 165.574583 -1.00519451971551 profile2
594 165.581587 -1.07157944252999 profile2
595 165.605467 -1.1744158805295 profile2
596 165.629348 -1.28002526661277 profile2
597 165.653228 -1.39239183828175 profile2
598 165.677109 -1.46139856436951 profile2
599 165.700989 -1.46880872357081 profile2
600 165.704891 -1.47627291209373 profile2
601 165.706625 -1.48454247007718 profile2
602 165.708359 -1.49359890740541 profile2
603 165.710093 -1.50341039726699 profile2
604 165.711827 -1.51393265019509 profile2
605 165.713561 -1.54294146415657 profile2
606 165.715295 -1.58338010920526 profile2
607 165.717029 -1.62572935285701 profile2
608 165.718763 -1.66310676176761 profile2
609 165.720497 -1.6893450329107 profile2
610 165.722231 -1.70096219071149 profile2
611 165.723965 -1.69819289627108 profile2
612 165.725699 -1.68638819147765 profile2
613 165.802549 -1.64273741736337 profile2
614 165.85132 -1.64808725122798 profile2
615 165.858793 -1.72122472885764 profile2
616 165.864624 -1.74499938627614 profile2
617 165.868565 -1.77935750571403 profile2
618 165.872506 -1.82434259822091 profile2
619 165.876447 -1.87988936125425 profile2
620 165.880388 -1.94582455622527 profile2
621 165.884329 -1.95512681566766 profile2
622 165.88827 -1.97805153750732 profile2
623 165.892211 -2.02045911724899 profile2
624 165.896152 -2.10521891844401 profile2
625 165.900093 -2.21796990476488 profile2
626 165.912941 -2.28264343842504 profile2
627 165.925276 -2.29084946484991 profile2
628 165.925359 -2.30059257181517 profile2
629 165.925441 -2.31064569804581 profile2
630 165.930685 -2.31682445948651 profile2
631 166.172164 -2.30736874172755 profile2
632 166.181382 -2.30912129964657 profile2
633 166.1906 -2.35603446923157 profile2
634 166.324274 -2.45823080166864 profile2
635 166.325217 -2.41268475951868 profile2
636 166.32602 -2.38295531458249 profile2
637 166.326823 -2.3672480474796 profile2
638 166.327627 -2.40436268444498 profile2
639 166.32843 -2.47390217505731 profile2
640 166.377584 -2.52733021626043 profile2
641 166.382507 -2.50865233669817 profile2
642 166.38743 -2.48891428510917 profile2
643 166.394815 -2.46840837552255 profile2
644 166.403288 -2.39488010110974 profile2
645 166.407404 -2.33518204201138 profile2
646 166.411519 -2.38763749685993 profile2
647 166.415634 -2.44589391372703 profile2
648 166.419069 -2.50982854023901 profile2
649 166.422503 -2.57918852118682 profile2
650 166.425938 -2.65359232303296 profile2
651 166.429372 -2.73254366509882 profile2
652 166.432807 -2.81545963015244 profile2
653 166.439999 -2.90171976567719 profile2
654 166.448156 -2.99078947236312 profile2
655 166.475596 -3.05557214501046 profile2
656 166.491355 -3.08772963608548 profile2
657 166.507114 -3.12453938954449 profile2
658 166.522873 -3.16325423412052 profile2
659 166.537635 -3.20687683961661 profile2
660 166.55226 -3.20885139898343 profile2
661 166.566886 -3.18833327765319 profile2
662 166.581511 -3.20488613165745 profile2
663 166.592132 -3.20999985117526 profile2
664 166.599166 -3.24064675350492 profile2
665 166.606199 -3.30816704267862 profile2
666 166.613233 -3.39873104741375 profile2
667 166.62365 -3.46694079394011 profile2
668 166.754477 -3.69793422243406 profile2
669 166.783106 -3.84435643240348 profile2
670 166.802407 -4.02095979865802 profile2
671 166.805057 -4.20726757472165 profile2
672 166.807706 -4.39281431607297 profile2
673 166.811338 -4.55972405072603 profile2
674 166.839967 -4.66564113858707 profile2
675 166.951357 -4.62091433483341 profile2
676 166.992184 -4.62443002571168 profile2
677 167.033011 -4.61400976322282 profile2
678 167.073838 -6.94918559814714 profile2
679 167.142758 -7.76772483646938 profile2
680 167.274124 -8.02647351274621 profile2
681 167.282638 -8.01296382699041 profile2
682 167.286179 -8.01761565661706 profile2
683 167.289719 -8.04229958601975 profile2
684 167.29326 -8.08524004470258 profile2
685 167.306473 -8.13539487603512 profile2
686 167.322761 -8.13700557708659 profile2
687 167.349466 -8.13176257766981 profile2
688 167.360748 -8.13273293750058 profile2
689 167.37203 -8.13391703269061 profile2
690 167.396998 -8.13539383739308 profile2
691 167.523201 -8.18988904085489 profile2
692 167.545144 -8.17993349157851 profile2
693 167.556235 -8.16307151363776 profile2
694 167.567326 -8.14865477389168 profile2
695 167.647654 -7.97603187271788 profile2
696 167.755373 -7.97728559951209 profile2
697 167.788738 -7.97910554212615 profile2
698 167.822104 -7.98109067384723 profile2
699 167.836721 -7.97854572150269 profile2
700 167.845502 -7.97470255320716 profile2
701 167.854284 -7.97101789532905 profile2
702 167.858563 -7.96752821942927 profile2
703 167.860327 -7.9620449353829 profile2
704 167.862092 -7.94920992175828 profile2
705 167.863857 -7.94053302603275 profile2
706 167.865622 -7.93650692108926 profile2
707 167.86764 -7.93671178556622 profile2
708 167.871511 -7.93899131673233 profile2
709 167.876871 -7.9426453957154 profile2
710 167.882232 -7.94765607809431 profile2
711 167.887593 -7.95400206221524 profile2
712 167.913375 -7.9609309583335 profile2
713 167.920966 -7.96515841318624 profile2
714 167.928557 -7.96836835686477 profile2
715 168.002821 -7.97532475611146 profile2
716 168.013929 -7.99668546703764 profile2
717 168.020304 -8.02125521458401 profile2
718 168.023961 -8.05027315750006 profile2
719 168.02735 -8.0840763363368 profile2
720 168.030739 -8.03981224047786 profile2
721 168.034128 -7.37169752893141 profile2
722 168.037518 -7.41461818430048 profile2
723 168.042103 -7.44865315040669 profile2
724 168.057523 -7.47670545721791 profile2
725 168.241031 -7.51523272184661 profile2
726 168.273712 -7.49722820124087 profile2
727 168.276509 -7.47716811930858 profile2
728 168.279306 -7.4571582218836 profile2
729 168.282103 -7.43728040590929 profile2
730 168.2849 -7.41761530134972 profile2
731 168.287697 -7.39824503117133 profile2
732 168.291368 -7.49748061162829 profile2
733 168.295216 -7.64050058055654 profile2
734 168.301388 -7.78610114941301 profile2
735 168.308464 -8.02204784653331 profile2
736 168.31554 -8.44427121169315 profile2
737 168.322616 -9.00425760241469 profile2
738 168.369835 -9.24300231819221 profile2
739 168.372164 -9.25040647500492 profile2
740 168.374493 -9.25788013664861 profile2
741 168.376821 -9.26707663246878 profile2
