marker_position lod trace
1 162.797792 -10.6671584499398 pleio
2 162.802465 -10.6085367280921 pleio
3 162.807137 -10.5779011599684 pleio
4 162.891193 -10.2561988588967 pleio
5 162.899169 -9.24857855771082 pleio
6 162.907146 -9.22629613169507 pleio
7 162.915122 -9.25629028937485 pleio
8 162.923098 -9.21986608021627 pleio
9 162.931074 -9.19957827673907 pleio
10 162.93905 -9.18221419388517 pleio
11 162.97044 -9.05879981392619 pleio
12 162.976744 -9.05744508502564 pleio
13 162.983048 -9.04643272081668 pleio
14 162.989352 -8.18711424455531 pleio
15 162.995537 -7.43158831708694 pleio
16 162.997832 -7.2066001692967 pleio
17 163.00011 -7.23358847261318 pleio
18 163.002388 -7.20554004117159 pleio
19 163.004665 -7.17803433525798 pleio
20 163.006943 -7.15108713422406 pleio
21 163.009221 -7.12471568735191 pleio
22 163.011499 -7.09893767595886 pleio
23 163.013777 -7.0737708557208 pleio
24 163.016054 -7.04358674374234 pleio
25 163.018332 -7.00659551220848 pleio
26 163.02061 -6.9703455182376 pleio
27 163.022888 -6.9348598171816 pleio
28 163.025166 -6.90066175479051 pleio
29 163.029526 -6.86791873720228 pleio
30 163.045161 -6.84062279194909 pleio
31 163.061794 -6.79341735496049 pleio
32 163.078427 -6.75170245846043 pleio
33 163.09506 -6.84736952479167 pleio
34 163.111693 -7.0300944967349 pleio
35 163.125708 -7.24428641323788 pleio
36 163.137394 -6.51371115148867 pleio
37 163.14908 -6.12434338262271 pleio
38 163.154021 -5.55394023630336 pleio
39 163.156127 -4.98918065539291 pleio
40 163.157556 -4.44147980391637 pleio
41 163.158891 -3.92327976275086 pleio
42 163.160225 -3.44709809239327 pleio
43 163.161559 -3.02439586538396 pleio
44 163.162894 -2.66448919638177 pleio
45 163.164228 -2.37371249426901 pleio
46 163.165562 -2.15500907256089 pleio
47 163.166897 -2.00856269043246 pleio
48 163.26265 -1.61534964844963 pleio
49 163.413317 -0.580398328798129 pleio
50 163.495816 -0.340409815396875 pleio
51 163.507977 -0.125997243798812 pleio
52 163.520139 0 pleio
53 163.582672 -0.156469535650763 pleio
54 164.022416 -1.01145183946691 pleio
55 164.027702 -4.917226208624 pleio
56 164.032987 -5.61302529415576 pleio
57 164.064248 -6.02368018407281 pleio
58 164.070405 -6.02366987120687 pleio
59 164.076561 -6.02360057650115 pleio
60 164.255184 -5.74783706591519 pleio
61 164.291807 -7.37057592987835 pleio
62 164.314068 -7.91262309790459 pleio
63 164.325529 -7.94716356427262 pleio
64 164.336991 -7.98846689148658 pleio
65 164.348452 -7.95231424622722 pleio
66 164.60536 -8.05414427791282 pleio
67 164.617986 -8.1887433643277 pleio
68 164.628884 -8.36840641547368 pleio
69 164.636687 -8.57140379996389 pleio
70 164.648869 -8.71852745995469 pleio
71 164.66892 -8.66060924381872 pleio
72 164.758936 -8.4239494038568 pleio
73 165.053217 -8.93707829910759 pleio
74 165.121823 -8.99434975431645 pleio
75 165.132678 -9.05846391071147 pleio
76 165.143532 -8.92680297256343 pleio
77 165.154046 -8.71735799953832 pleio
78 165.15722 -8.88811287120502 pleio
79 165.160395 -9.15118978414685 pleio
80 165.163569 -9.43926873088274 pleio
81 165.195982 -9.67767873282043 pleio
82 165.223558 -9.80270612254457 pleio
83 165.251135 -9.90435319087249 pleio
84 165.276843 -9.58293087979138 pleio
85 165.283031 -9.24596737499057 pleio
86 165.290201 -9.27744512633159 pleio
87 165.297626 -9.43554999032079 pleio
88 165.445995 -9.5914227223227 pleio
89 165.451594 -9.62457782781475 pleio
90 165.457194 -9.66527926152231 pleio
91 165.462793 -9.66317651959972 pleio
92 165.468393 -9.65321157358763 pleio
93 165.473992 -9.64852479144652 pleio
94 165.479592 -9.64935631205659 pleio
95 165.485905 -11.7224722109798 pleio
96 165.495439 -11.7610495544173 pleio
97 165.565236 -11.7988552893158 pleio
98 165.56991 -11.9015150369852 pleio
99 165.574583 -12.0167044745936 pleio
100 165.581587 -11.9564029940401 pleio
101 165.605467 -12.0006010770468 pleio
102 165.629348 -12.0362384780787 pleio
103 165.653228 -12.0741372811218 pleio
104 165.677109 -12.1008201943766 pleio
105 165.700989 -12.1676245831563 pleio
106 165.704891 -12.2784105117314 pleio
107 165.706625 -12.3841774567786 pleio
108 165.708359 -12.4841849673598 pleio
109 165.710093 -12.5777526608893 pleio
110 165.711827 -12.6642779809683 pleio
111 165.713561 -12.7121442833263 pleio
112 165.715295 -12.7414570447151 pleio
113 165.717029 -12.7624554354612 pleio
114 165.718763 -12.7806371403947 pleio
115 165.720497 -12.8032675154831 pleio
116 165.722231 -12.8373621396921 pleio
117 165.723965 -12.8841497728409 pleio
118 165.725699 -12.8269429287606 pleio
119 165.802549 -12.7696734516216 pleio
120 165.85132 -12.748766173959 pleio
121 165.858793 -12.7442016392595 pleio
122 165.864624 -12.7077597256381 pleio
123 165.868565 -12.6755628347305 pleio
124 165.872506 -12.6481883101953 pleio
125 165.876447 -12.6261801162464 pleio
126 165.880388 -12.6100175853305 pleio
127 165.884329 -12.6156928524998 pleio
128 165.88827 -12.6317234681722 pleio
129 165.892211 -12.659377798381 pleio
130 165.896152 -12.7038823086074 pleio
131 165.900093 -12.7524707180288 pleio
132 165.912941 -12.785454141324 pleio
133 165.925276 -12.8036839733617 pleio
134 165.925359 -12.8215837605008 pleio
135 165.925441 -12.8410062334064 pleio
136 165.930685 -12.8682182403108 pleio
137 166.172164 -12.7807349777454 pleio
138 166.181382 -12.5582946990722 pleio
139 166.1906 -12.3314617828855 pleio
140 166.324274 -12.2172306961571 pleio
141 166.325217 -12.2486402016374 pleio
142 166.32602 -12.460685118412 pleio
143 166.326823 -12.8427145337943 pleio
144 166.327627 -13.0670881829356 pleio
145 166.32843 -13.1095325432355 pleio
146 166.377584 -13.1498376631263 pleio
147 166.382507 -13.1777177248076 pleio
148 166.38743 -13.2095725694387 pleio
149 166.394815 -13.2451853752684 pleio
150 166.403288 -13.113730179495 pleio
151 166.407404 -13.0812899430962 pleio
152 166.411519 -13.122884641863 pleio
153 166.415634 -13.1840969335673 pleio
154 166.419069 -13.2661153617469 pleio
155 166.422503 -13.3699176294742 pleio
156 166.425938 -13.4961450528444 pleio
157 166.429372 -13.6449835221075 pleio
158 166.432807 -13.816079988468 pleio
159 166.439999 -14.0084859344071 pleio
160 166.448156 -14.2205209807602 pleio
161 166.475596 -14.3643105632339 pleio
162 166.491355 -14.2943419609027 pleio
163 166.507114 -14.3224286094351 pleio
164 166.522873 -14.3476195898098 pleio
165 166.537635 -14.3253002244694 pleio
166 166.55226 -14.3369559141796 pleio
167 166.566886 -14.8729946752565 pleio
168 166.581511 -14.9767606926579 pleio
169 166.592132 -15.2278502482622 pleio
170 166.599166 -15.6266205635415 pleio
171 166.606199 -15.9611775702176 pleio
172 166.613233 -15.8767996655319 pleio
173 166.62365 -15.8469253772593 pleio
174 166.754477 -16.0758707724289 pleio
175 166.783106 -16.1247405196044 pleio
176 166.802407 -16.0494548662524 pleio
177 166.805057 -15.9604907749652 pleio
178 166.807706 -15.905627602859 pleio
179 166.811338 -15.9394104768642 pleio
180 166.839967 -15.9966315555064 pleio
181 166.951357 -16.067973781412 pleio
182 166.992184 -16.0692273681281 pleio
183 167.033011 -16.394306512135 pleio
184 167.073838 -16.408610257745 pleio
185 167.142758 -16.4352172660561 pleio
186 167.274124 -16.4867262486161 pleio
187 167.282638 -16.605257842224 pleio
188 167.286179 -16.7545335289696 pleio
189 167.289719 -16.9299827740159 pleio
190 167.29326 -17.1028341410867 pleio
191 167.306473 -17.1342126701036 pleio
192 167.322761 -17.1215693446704 pleio
193 167.349466 -17.1215574915587 pleio
194 167.360748 -17.1444200810495 pleio
195 167.37203 -17.1679658442825 pleio
196 167.396998 -17.1920229673085 pleio
197 167.523201 -17.1747846849522 pleio
198 167.545144 -17.6030575845909 pleio
199 167.556235 -17.8760325829212 pleio
200 167.567326 -17.9612473055864 pleio
201 167.647654 -18.5971659593836 pleio
202 167.755373 -18.6019287222531 pleio
203 167.788738 -18.6115021657853 pleio
204 167.822104 -18.6214156271986 pleio
205 167.836721 -18.648621550767 pleio
206 167.845502 -18.6871526330242 pleio
207 167.854284 -18.7323831993397 pleio
208 167.858563 -18.7841848568796 pleio
209 167.860327 -18.8413777646069 pleio
210 167.862092 -18.9011649740726 pleio
211 167.863857 -18.9197723446558 pleio
212 167.865622 -18.8801888438231 pleio
213 167.86764 -18.8486580811891 pleio
214 167.871511 -18.8220720486987 pleio
215 167.876871 -18.7996779374567 pleio
216 167.882232 -18.7816243996223 pleio
217 167.887593 -18.7680301668656 pleio
218 167.913375 -18.7698273441152 pleio
219 167.920966 -18.7841232550604 pleio
220 167.928557 -18.7975499673537 pleio
221 168.002821 -18.8235742703327 pleio
222 168.013929 -18.8939363723587 pleio
223 168.020304 -18.9668225039571 pleio
224 168.023961 -19.0788987864066 pleio
225 168.02735 -19.2307038733677 pleio
226 168.030739 -19.44326413102 pleio
227 168.034128 -20.4972320048276 pleio
228 168.037518 -20.5728346464939 pleio
229 168.042103 -20.6300740649635 pleio
230 168.057523 -20.7362207071395 pleio
231 168.241031 -20.7856615627627 pleio
232 168.273712 -20.7976031601008 pleio
233 168.276509 -20.8167730421327 pleio
234 168.279306 -20.8399253879905 pleio
235 168.282103 -20.8670093412284 pleio
236 168.2849 -20.8979415971467 pleio
237 168.287697 -20.9325994301247 pleio
238 168.291368 -21.0491854704391 pleio
239 168.295216 -21.1779712916587 pleio
240 168.301388 -21.3009708019719 pleio
241 168.308464 -21.5566479210884 pleio
242 168.31554 -21.8759323063501 pleio
243 168.322616 -22.182053846622 pleio
244 168.369835 -22.2849821580783 pleio
245 168.372164 -22.2906452200047 pleio
246 168.374493 -22.2958227845294 pleio
247 168.376821 -22.2972863510272 pleio
248 162.797792 -8.33830141066154 profile1
249 162.802465 -8.3050366767894 profile1
250 162.807137 -8.28816247978811 profile1
251 162.891193 -7.92564936567891 profile1
252 162.899169 -7.11309456371806 profile1
253 162.907146 -7.23175403899595 profile1
254 162.915122 -7.33500464423132 profile1
255 162.923098 -7.2837017350996 profile1
256 162.931074 -7.24781483721649 profile1
257 162.93905 -7.21303626503012 profile1
258 162.97044 -7.03807160223861 profile1
259 162.976744 -7.02494635979206 profile1
260 162.983048 -7.01757927719949 profile1
261 162.989352 -6.16665661099122 profile1
262 162.995537 -5.46076714017612 profile1
263 162.997832 -5.17150456099235 profile1
264 163.00011 -5.17949944382276 profile1
265 163.002388 -5.16183741451359 profile1
266 163.004665 -5.14447254283234 profile1
267 163.006943 -5.12741202915346 profile1
268 163.009221 -5.11066476339257 profile1
269 163.011499 -5.09423973632598 profile1
270 163.013777 -5.07814597916015 profile1
271 163.016054 -5.05678649913841 profile1
272 163.018332 -5.02839644667514 profile1
273 163.02061 -5.00046647182173 profile1
274 163.022888 -4.97301049519189 profile1
275 163.025166 -4.94633405019052 profile1
276 163.029526 -4.92055059998231 profile1
277 163.045161 -4.89938764939543 profile1
278 163.061794 -4.85932581745192 profile1
279 163.078427 -4.94327963668842 profile1
280 163.09506 -5.21052299505307 profile1
281 163.111693 -5.51508544188203 profile1
282 163.125708 -5.77605410872696 profile1
283 163.137394 -5.40983309766635 profile1
284 163.14908 -4.82809385984138 profile1
285 163.154021 -4.2274270132202 profile1
286 163.156127 -3.61830861535174 profile1
287 163.157556 -3.01227200421045 profile1
288 163.158891 -2.4226132212029 profile1
289 163.160225 -1.86345160974714 profile1
290 163.161559 -1.34850846938744 profile1
291 163.162894 -0.88981241205537 profile1
292 163.164228 -0.496599181632489 profile1
293 163.165562 -0.174616071157441 profile1
294 163.166897 0.0733559716673897 profile1
295 163.26265 0.228611225904368 profile1
296 163.413317 0.345414863817138 profile1
297 163.495816 0.499663809913025 profile1
298 163.507977 0.613482456263961 profile1
299 163.520139 0.651112391001476 profile1
300 163.582672 0.44706099422055 profile1
301 164.022416 -0.908175909264636 profile1
302 164.027702 -4.60775405486362 profile1
303 164.032987 -5.02962333852918 profile1
304 164.064248 -5.32794308724233 profile1
305 164.070405 -5.3348151801932 profile1
306 164.076561 -5.34164956705304 profile1
307 164.255184 -5.74783706591519 profile1
308 164.291807 -6.43837750973172 profile1
309 164.314068 -6.87087663409534 profile1
310 164.325529 -6.95322821017974 profile1
311 164.336991 -7.01918928062147 profile1
312 164.348452 -6.93796187180733 profile1
313 164.60536 -6.92911176138208 profile1
314 164.617986 -6.99262693675388 profile1
315 164.628884 -7.09111598358492 profile1
316 164.636687 -7.21753437797844 profile1
317 164.648869 -7.32609701410017 profile1
318 164.66892 -7.3291968571785 profile1
319 164.758936 -7.33969676554107 profile1
320 165.053217 -7.76064364781377 profile1
321 165.121823 -7.80553892777308 profile1
322 165.132678 -7.88368993819036 profile1
323 165.143532 -7.89046422685146 profile1
324 165.154046 -7.81718391949661 profile1
325 165.15722 -7.99100698599338 profile1
326 165.160395 -8.24351628060154 profile1
327 165.163569 -8.56459551937757 profile1
328 165.195982 -8.70012551395202 profile1
329 165.223558 -8.80513204563432 profile1
330 165.251135 -8.91166806268941 profile1
331 165.276843 -8.62678141949864 profile1
332 165.283031 -8.31436893046871 profile1
333 165.290201 -8.33645171406609 profile1
334 165.297626 -8.47623450357185 profile1
335 165.445995 -8.61231163816405 profile1
336 165.451594 -8.59754042553572 profile1
337 165.457194 -8.58886499041868 profile1
338 165.462793 -8.56519823756872 profile1
339 165.468393 -8.53915548189556 profile1
340 165.473992 -8.5162250722192 profile1
341 165.479592 -8.4966744865782 profile1
342 165.485905 -8.69813858189184 profile1
343 165.495439 -8.7104964437365 profile1
344 165.565236 -8.70820930199365 profile1
345 165.56991 -8.72676428333656 profile1
346 165.574583 -8.74675471167265 profile1
347 165.581587 -8.63474023041824 profile1
348 165.605467 -8.65102410127157 profile1
349 165.629348 -8.66324664403154 profile1
350 165.653228 -8.67586979763308 profile1
351 165.677109 -8.68410531532773 profile1
352 165.700989 -8.69232764591136 profile1
353 165.704891 -8.70782230279276 profile1
354 165.706625 -8.72344093670479 profile1
355 165.708359 -8.73912616635075 profile1
356 165.710093 -8.75482156336517 profile1
357 165.711827 -8.77047205943886 profile1
358 165.713561 -8.79318813839643 profile1
359 165.715295 -8.81637101236558 profile1
360 165.717029 -8.84090418032599 profile1
361 165.718763 -8.87193096271667 profile1
362 165.720497 -8.91558914320425 profile1
363 165.722231 -8.97713308539772 profile1
364 165.723965 -9.05607198254564 profile1
365 165.725699 -9.04400652312281 profile1
366 165.802549 -9.00862233035896 profile1
367 165.85132 -8.99084459472472 profile1
368 165.858793 -8.97913178124493 profile1
369 165.864624 -8.93885272002723 profile1
370 165.868565 -8.89966715963751 profile1
371 165.872506 -8.86221986605566 profile1
372 165.876447 -8.82715455725021 profile1
373 165.880388 -8.79507983619956 profile1
374 165.884329 -8.75780150594424 profile1
375 165.88827 -8.72296107914108 profile1
376 165.892211 -8.70053833773428 profile1
377 165.896152 -8.69529506945522 profile1
378 165.900093 -8.69099415482012 profile1
379 165.912941 -8.69261508020129 profile1
380 165.925276 -8.70228435772016 profile1
381 165.925359 -8.71379448024776 profile1
382 165.925441 -8.72688494809192 profile1
383 165.930685 -8.74892881239149 profile1
384 166.172164 -8.73152547789672 profile1
385 166.181382 -8.68954378658149 profile1
386 166.1906 -8.67788162531088 profile1
387 166.324274 -8.58523016980874 profile1
388 166.325217 -8.64515687650513 profile1
389 166.32602 -8.88619572439788 profile1
390 166.326823 -9.2937829605011 profile1
391 166.327627 -9.51302522319173 profile1
392 166.32843 -9.5307502028269 profile1
393 166.377584 -9.54386466012545 profile1
394 166.382507 -9.54083299778303 profile1
395 166.38743 -9.54523872272645 profile1
396 166.394815 -9.55702332193754 profile1
397 166.403288 -9.39798648969254 profile1
398 166.407404 -9.33377153940889 profile1
399 166.411519 -9.34071765211079 profile1
400 166.415634 -9.3660665656092 profile1
401 166.419069 -9.41075827153775 profile1
402 166.422503 -9.47549736704655 profile1
403 166.425938 -9.56065250163319 profile1
404 166.429372 -9.66616646558549 profile1
405 166.432807 -9.79150176992702 profile1
406 166.439999 -9.9356086427451 profile1
407 166.448156 -10.0968072657957 profile1
408 166.475596 -10.2089465649469 profile1
409 166.491355 -10.1279914263161 profile1
410 166.507114 -10.1563099353315 profile1
411 166.522873 -10.1883199578147 profile1
412 166.537635 -10.1871217759599 profile1
413 166.55226 -10.1983278179815 profile1
414 166.566886 -10.6978958667248 profile1
415 166.581511 -10.7834796105327 profile1
416 166.592132 -11.0569435089026 profile1
417 166.599166 -11.502652259322 profile1
418 166.606199 -11.8942476412501 profile1
419 166.613233 -11.8476822124942 profile1
420 166.62365 -11.7851202725444 profile1
421 166.754477 -11.7177555401878 profile1
422 166.783106 -11.7240555987054 profile1
423 166.802407 -11.5978187316956 profile1
424 166.805057 -11.4515098686363 profile1
425 166.807706 -11.3348614272484 profile1
426 166.811338 -11.3096234925138 profile1
427 166.839967 -11.3223980889932 profile1
428 166.951357 -11.3823785882326 profile1
429 166.992184 -11.3813083900695 profile1
430 167.033011 -11.6437086824303 profile1
431 167.073838 -11.6660393254534 profile1
432 167.142758 -11.7298699000655 profile1
433 167.274124 -11.7626493642617 profile1
434 167.282638 -11.8994563858994 profile1
435 167.286179 -12.0618126396217 profile1
436 167.289719 -12.2442222922481 profile1
437 167.29326 -12.4140075557048 profile1
438 167.306473 -12.4381149966687 profile1
439 167.322761 -12.4338033431861 profile1
440 167.349466 -12.4396908792549 profile1
441 167.360748 -12.4619167863878 profile1
442 167.37203 -12.4848126232376 profile1
443 167.396998 -12.5082177027289 profile1
444 167.523201 -12.4948662255705 profile1
445 167.545144 -12.9362045629896 profile1
446 167.556235 -13.2225603055519 profile1
447 167.567326 -13.3125968584962 profile1
448 167.647654 -13.8644608781539 profile1
449 167.755373 -13.8657050933419 profile1
450 167.788738 -13.8687821574615 profile1
451 167.822104 -13.8720548430339 profile1
452 167.836721 -13.8957817019781 profile1
453 167.845502 -13.9319116280904 profile1
454 167.854284 -13.9748251447167 profile1
455 167.858563 -14.0243753464492 profile1
456 167.860327 -14.0800984678049 profile1
457 167.862092 -14.1409700758406 profile1
458 167.863857 -14.1519179784736 profile1
459 167.865622 -14.0930523120547 profile1
460 167.86764 -14.0414414333575 profile1
461 167.871511 -13.9942574584196 profile1
462 167.876871 -13.9508555849812 profile1
463 167.882232 -13.9114287484281 profile1
464 167.887593 -13.8761385951314 profile1
465 167.913375 -13.8622316036229 profile1
466 167.920966 -13.8698691958984 profile1
467 167.928557 -13.8773681829952 profile1
468 168.002821 -13.895206722527 profile1
469 168.013929 -13.9492736276505 profile1
470 168.020304 -14.0052480042172 profile1
471 168.023961 -14.1005323980859 profile1
472 168.02735 -14.2358172219533 profile1
473 168.030739 -14.4399708341552 profile1
474 168.034128 -15.5666033723832 profile1
475 168.037518 -15.6233644888471 profile1
476 168.042103 -15.665733702985 profile1
477 168.057523 -15.7329062900275 profile1
478 168.241031 -15.752554894429 profile1
479 168.273712 -15.7734837144967 profile1
480 168.276509 -15.8032311109192 profile1
481 168.279306 -15.8370363154121 profile1
482 168.282103 -15.8748232182255 profile1
483 168.2849 -15.9164828241254 profile1
484 168.287697 -15.961866170991 profile1
485 168.291368 -16.0696195621714 profile1
486 168.295216 -16.184961735598 profile1
487 168.301388 -16.2868759918743 profile1
488 168.308464 -16.2423432377966 profile1
489 168.31554 -16.2212181388 profile1
490 168.322616 -16.2249618148853 profile1
491 168.369835 -16.2326024488763 profile1
492 168.372164 -16.2314811998903 profile1
493 168.374493 -16.2299992514077 profile1
494 168.376821 -16.2249841331583 profile1
495 162.797792 -1.8179173608673 profile2
496 162.802465 -1.78974832302447 profile2
497 162.807137 -1.77527808237332 profile2
498 162.891193 -1.8343381875281 profile2
499 162.899169 -1.65270755436143 profile2
500 162.907146 -1.5637863501404 profile2
501 162.915122 -1.50843910075077 profile2
502 162.923098 -1.52053339260112 profile2
503 162.931074 -1.53267495765074 profile2
504 162.93905 -1.5464403527003 profile2
505 162.97044 -1.5956528953326 profile2
506 162.976744 -1.60610832215652 profile2
507 162.983048 -1.60081836711919 profile2
508 162.989352 -1.61237641831689 profile2
509 162.995537 -1.58306958291551 profile2
510 162.997832 -1.63402782525521 profile2
511 163.00011 -1.65172261699809 profile2
512 163.002388 -1.63979039625148 profile2
513 163.004665 -1.62809647827926 profile2
514 163.006943 -1.61665149538961 profile2
515 163.009221 -1.60546603668571 profile2
516 163.011499 -1.5945510756214 profile2
517 163.013777 -1.58391779362497 profile2
518 163.016054 -1.57374372398325 profile2
519 163.018332 -1.56407069099614 profile2
520 163.02061 -1.55468276049538 profile2
521 163.022888 -1.54559167064624 profile2
522 163.025166 -1.53701428505807 profile2
523 163.029526 -1.52900606101685 profile2
524 163.045161 -1.52221492202837 profile2
525 163.061794 -1.51529245223348 profile2
526 163.078427 -1.40096420290356 profile2
527 163.09506 -1.24454602938573 profile2
528 163.111693 -1.13601157313997 profile2
529 163.125708 -1.10110087452603 profile2
530 163.137394 -0.694540539128883 profile2
531 163.14908 -0.842203373811268 profile2
532 163.154021 -0.846264080481531 profile2
533 163.156127 -0.865391845560983 profile2
534 163.157556 -0.899841030581043 profile2
535 163.158891 -0.949167008067981 profile2
536 163.160225 -1.01219409450277 profile2
537 163.161559 -1.08707362324324 profile2
538 163.162894 -1.17145221730617 profile2
539 163.164228 -1.26269770728886 profile2
540 163.165562 -1.35815742326526 profile2
541 163.166897 -1.45524410315869 profile2
542 163.26265 -1.2102260959369 profile2
543 163.413317 -0.283076402675477 profile2
544 163.495816 -0.194919622193084 profile2
545 163.507977 -0.0896971032081631 profile2
546 163.520139 0 profile2
547 163.582672 0.0483879366451244 profile2
548 164.022416 0.559268609054591 profile2
549 164.027702 0.364823674028614 profile2
550 164.032987 0.0896554731331958 profile2
551 164.064248 -0.0287520667768012 profile2
552 164.070405 -0.0220080075095758 profile2
553 164.076561 -0.0152488396299372 profile2
554 164.255184 0.651112391001476 profile2
555 164.291807 -0.297401423647791 profile2
556 164.314068 -0.406139871571063 profile2
557 164.325529 -0.35702881281035 profile2
558 164.336991 -0.329970935017827 profile2
559 164.348452 -0.375514462397221 profile2
560 164.60536 -0.48883618127194 profile2
561 164.617986 -0.552633248678426 profile2
562 164.628884 -0.630872279402364 profile2
563 164.636687 -0.708319700745777 profile2
564 164.648869 -0.749208237793338 profile2
565 164.66892 -0.692362236694866 profile2
566 164.758936 -0.465820351991403 profile2
567 165.053217 -0.57229893204511 profile2
568 165.121823 -0.58848071485068 profile2
569 165.132678 -0.575925196608985 profile2
570 165.143532 -0.438864375032354 profile2
571 165.154046 -0.312351814354774 profile2
572 165.15722 -0.317167147554667 profile2
573 165.160395 -0.339267161432663 profile2
574 165.163569 -0.323793863505976 profile2
575 165.195982 -0.436032202268819 profile2
576 165.223558 -0.458963843341283 profile2
577 165.251135 -0.456278594723735 profile2
578 165.276843 -0.418278540110742 profile2
579 165.283031 -0.388035715618585 profile2
580 165.290201 -0.401819377194253 profile2
581 165.297626 -0.419500918474889 profile2
582 165.445995 -0.440916148953961 profile2
583 165.451594 -0.488830181778217 profile2
584 165.457194 -0.538182500942063 profile2
585 165.462793 -0.560780786865969 profile2
586 165.468393 -0.578527122241478 profile2
587 165.473992 -0.598826470900288 profile2
588 165.479592 -0.621630622908373 profile2
589 165.485905 -2.52946844440993 profile2
590 165.495439 -2.55654222803033 profile2
591 165.565236 -2.59410526491992 profile2
592 165.56991 -2.676731182538 profile2
593 165.574583 -2.77419973304525 profile2
594 165.581587 -2.83373499681211 profile2
595 165.605467 -2.86143018897742 profile2
596 165.629348 -2.88419407973578 profile2
597 165.653228 -2.90876380028336 profile2
598 165.677109 -2.92659585509355 profile2
599 165.700989 -2.9857693034602 profile2
600 165.704891 -3.0827431559127 profile2
601 165.706625 -3.1749862222642 profile2
602 165.708359 -3.26179547531426 profile2
603 165.710093 -3.34252171857495 profile2
604 165.711827 -3.41658715670846 profile2
605 165.713561 -3.45390210855238 profile2
606 165.715295 -3.47426921742779 profile2
607 165.717029 -3.48398818151765 profile2
608 165.718763 -3.48269672662898 profile2
609 165.720497 -3.47113576547192 profile2
610 165.722231 -3.45114842111588 profile2
611 165.723965 -3.42500434668651 profile2
612 165.725699 -3.38619906537049 profile2
613 165.802549 -3.36200260219953 profile2
614 165.85132 -3.35752306834502 profile2
615 165.858793 -3.36626093627713 profile2
616 165.864624 -3.37115108555609 profile2
617 165.868565 -3.37896898597685 profile2
618 165.872506 -3.38964302654145 profile2
619 165.876447 -3.40307267510565 profile2
620 165.880388 -3.41913138845952 profile2
621 165.884329 -3.46271500291874 profile2
622 165.88827 -3.51393924848979 profile2
623 165.892211 -3.56403315426991 profile2
624 165.896152 -3.61448258291976 profile2
625 165.900093 -3.66803965073461 profile2
626 165.912941 -3.69871597488618 profile2
627 165.925276 -3.70547830819812 profile2
628 165.925359 -3.70998652050642 profile2
629 165.925441 -3.71427801829758 profile2
630 165.930685 -3.71741420318941 profile2
631 166.172164 -3.6404137532025 profile2
632 166.181382 -3.44493959183146 profile2
633 166.1906 -3.21466872015904 profile2
634 166.324274 -3.1886456470833 profile2
635 166.325217 -3.16742975807886 profile2
636 166.32602 -3.14713873459242 profile2
637 166.326823 -3.13116603979829 profile2
638 166.327627 -3.13984665099552 profile2
639 166.32843 -3.16372476226296 profile2
640 166.377584 -3.19010426284286 profile2
641 166.382507 -3.22022756105638 profile2
642 166.38743 -3.24683996618968 profile2
643 166.394815 -3.26974662339865 profile2
644 166.403288 -3.29968500221446 profile2
645 166.407404 -3.33330986238789 profile2
646 166.411519 -3.36309014258996 profile2
647 166.415634 -3.39482322749541 profile2
648 166.419069 -3.4287376345293 profile2
649 166.422503 -3.46506517642652 profile2
650 166.425938 -3.50401667096002 profile2
651 166.429372 -3.54575572613166 profile2
652 166.432807 -3.59037496372005 profile2
653 166.439999 -3.63787739297192 profile2
654 166.448156 -3.68815779318142 profile2
655 166.475596 -3.71975316853386 profile2
656 166.491355 -3.72508389651018 profile2
657 166.507114 -3.71947797111297 profile2
658 166.522873 -3.70676206656479 profile2
659 166.537635 -3.68095514802389 profile2
660 166.55226 -3.68092509919423 profile2
661 166.566886 -3.71988956245952 profile2
662 166.581511 -3.73421841423506 profile2
663 166.592132 -3.71129205763583 profile2
664 166.599166 -3.67380732568523 profile2
665 166.606199 -3.62896179070189 profile2
666 166.613233 -3.58532065350997 profile2
667 166.62365 -3.61425507871552 profile2
668 166.754477 -3.91088504500368 profile2
669 166.783106 -3.95145951963013 profile2
670 166.802407 -4.00329720272417 profile2
671 166.805057 -4.06218945198353 profile2
672 166.807706 -4.12517410180007 profile2
673 166.811338 -4.18298731633665 profile2
674 166.839967 -4.22567414293175 profile2
675 166.951357 -4.22807665350774 profile2
676 166.992184 -4.23030538644086 profile2
677 167.033011 -4.28752607919909 profile2
678 167.073838 -4.27340545157464 profile2
679 167.142758 -4.22886278697267 profile2
680 167.274124 -4.25620846390741 profile2
681 167.282638 -4.2516941997895 profile2
682 167.286179 -4.25264217787314 profile2
683 167.289719 -4.25960088383621 profile2
684 167.29326 -4.27502132192815 profile2
685 167.306473 -4.28701689065353 profile2
686 167.322761 -4.28210374531895 profile2
687 167.349466 -4.27810392667626 profile2
688 167.360748 -4.27953267939582 profile2
689 167.37203 -4.2809169068454 profile2
690 167.396998 -4.28225352298911 profile2
691 167.523201 -4.28302802981977 profile2
692 167.545144 -4.27694614382907 profile2
693 167.556235 -4.27324910727017 profile2
694 167.567326 -4.27470200116318 profile2
695 167.647654 -4.33663318459001 profile2
696 167.755373 -4.33997083138135 profile2
697 167.788738 -4.34632269270385 profile2
698 167.822104 -4.35279978269253 profile2
699 167.836721 -4.35505295129553 profile2
700 167.845502 -4.35594351416674 profile2
701 167.854284 -4.35680417342472 profile2
702 167.858563 -4.35766077603783 profile2
703 167.860327 -4.35780068581141 profile2
704 167.862092 -4.35546922756589 profile2
705 167.863857 -4.3612424582538 profile2
706 167.865622 -4.37760515244067 profile2
707 167.86764 -4.39536299151422 profile2
708 167.871511 -4.41367019839643 profile2
709 167.876871 -4.4322643327023 profile2
710 167.882232 -4.45111164065306 profile2
711 167.887593 -4.47018032881301 profile2
712 167.913375 -4.48456130371937 profile2
713 167.920966 -4.49175094877182 profile2
714 167.928557 -4.49831112696481 profile2
715 168.002821 -4.50713365752508 profile2
716 168.013929 -4.52431336568532 profile2
717 168.020304 -4.542468650952 profile2
718 168.023961 -4.56086574653787 profile2
719 168.02735 -4.57970418551724 profile2
720 168.030739 -4.59194195544078 profile2
721 168.034128 -4.5405162666523 profile2
722 168.037518 -4.56178548434726 profile2
723 168.042103 -4.57868276133805 profile2
724 168.057523 -4.60758701114791 profile2
725 168.241031 -4.63313795911192 profile2
726 168.273712 -4.62387163718342 profile2
727 168.276509 -4.61296407709405 profile2
728 168.279306 -4.60194773324328 profile2
729 168.282103 -4.59084548457317 profile2
730 168.2849 -4.57968058102657 profile2
731 168.287697 -4.56847666323382 profile2
732 168.291368 -4.57218076883277 profile2
733 168.295216 -4.57949381377194 profile2
734 168.301388 -4.59502878039624 profile2
735 168.308464 -4.88682073744963 profile2
736 168.31554 -5.21867547203801 profile2
737 168.322616 -5.51424166021298 profile2
738 168.369835 -5.60811788721079 profile2
739 168.372164 -5.61540911698651 profile2
740 168.374493 -5.62254713096698 profile2
741 168.376821 -5.62985430373248 profile2
