marker_position lod trace
1 162.797792 -17.4949726752356 pleio
2 162.802465 -17.28608547741 pleio
3 162.807137 -17.1151130291312 pleio
4 162.891193 -17.3064753068967 pleio
5 162.899169 -17.7491000851352 pleio
6 162.907146 -18.4746283794349 pleio
7 162.915122 -18.8171916364838 pleio
8 162.923098 -18.7793792203937 pleio
9 162.931074 -18.7485838280498 pleio
10 162.93905 -18.7292624119499 pleio
11 162.97044 -18.6781672532161 pleio
12 162.976744 -18.6664108375243 pleio
13 162.983048 -18.6695199483039 pleio
14 162.989352 -18.7645315918642 pleio
15 162.995537 -18.5930529348098 pleio
16 162.997832 -18.1520472875242 pleio
17 163.00011 -18.1085382867581 pleio
18 163.002388 -18.1164960647208 pleio
19 163.004665 -18.1257654944958 pleio
20 163.006943 -18.1363684663552 pleio
21 163.009221 -18.1483224417665 pleio
22 163.011499 -18.1616442416295 pleio
23 163.013777 -18.1763443789053 pleio
24 163.016054 -18.1927231489422 pleio
25 163.018332 -18.2108778997595 pleio
26 163.02061 -18.230425568147 pleio
27 163.022888 -18.2513653531248 pleio
28 163.025166 -18.2736783598111 pleio
29 163.029526 -18.2973138583375 pleio
30 163.045161 -18.3225001643692 pleio
31 163.061794 -18.3501904446901 pleio
32 163.078427 -18.1970071244597 pleio
33 163.09506 -17.9337727056907 pleio
34 163.111693 -17.7002715862912 pleio
35 163.125708 -17.5636219405036 pleio
36 163.137394 -15.0010951075707 pleio
37 163.14908 -13.263577351242 pleio
38 163.154021 -13.0967738132423 pleio
39 163.156127 -12.9445551304707 pleio
40 163.157556 -12.8100689604287 pleio
41 163.158891 -12.6963485939134 pleio
42 163.160225 -12.6060757957964 pleio
43 163.161559 -12.5413653872331 pleio
44 163.162894 -12.5035823809005 pleio
45 163.164228 -12.4932456444075 pleio
46 163.165562 -12.5100312034796 pleio
47 163.166897 -12.5526635845031 pleio
48 163.26265 -12.0492712555182 pleio
49 163.413317 -10.8607323865924 pleio
50 163.495816 -9.79106155727712 pleio
51 163.507977 -9.69259938930009 pleio
52 163.520139 -9.67602088595665 pleio
53 163.582672 -9.62874248445959 pleio
54 164.022416 -9.15065790314283 pleio
55 164.027702 -8.69249513161554 pleio
56 164.032987 -9.40471622267768 pleio
57 164.064248 -10.0172221735482 pleio
58 164.070405 -9.99722115325346 pleio
59 164.076561 -9.97692302674348 pleio
60 164.255184 -8.56696583402391 pleio
61 164.291807 -9.44485720104108 pleio
62 164.314068 -8.99109127202831 pleio
63 164.325529 -8.9439616824272 pleio
64 164.336991 -8.94099753933374 pleio
65 164.348452 -9.09668711294005 pleio
66 164.60536 -9.39505376007072 pleio
67 164.617986 -9.50442178393856 pleio
68 164.628884 -9.64149869990542 pleio
69 164.636687 -9.77631567440311 pleio
70 164.648869 -9.84224184554379 pleio
71 164.66892 -9.94786087087388 pleio
72 164.758936 -10.5823739416203 pleio
73 165.053217 -8.72538527708647 pleio
74 165.121823 -8.87246313839437 pleio
75 165.132678 -8.8419593859529 pleio
76 165.143532 -8.07615857182251 pleio
77 165.154046 -7.59349989470491 pleio
78 165.15722 -7.29687417387458 pleio
79 165.160395 -7.10647117258547 pleio
80 165.163569 -7.02438181056844 pleio
81 165.195982 -6.9779991136566 pleio
82 165.223558 -6.92352913766252 pleio
83 165.251135 -6.86367099795643 pleio
84 165.276843 -6.37585461553876 pleio
85 165.283031 -5.78273527405419 pleio
86 165.290201 -5.21422141708188 pleio
87 165.297626 -4.41042640675125 pleio
88 165.445995 -4.00965231258012 pleio
89 165.451594 -3.95773949625848 pleio
90 165.457194 -3.91268667012444 pleio
91 165.462793 -3.87135256051384 pleio
92 165.468393 -3.83486233258833 pleio
93 165.473992 -3.80408329473091 pleio
94 165.479592 -3.77911115612323 pleio
95 165.485905 -7.40712372203466 pleio
96 165.495439 -7.40435710580406 pleio
97 165.565236 -7.42000441480645 pleio
98 165.56991 -7.43562178882889 pleio
99 165.574583 -7.53195452890968 pleio
100 165.581587 -7.67891563069338 pleio
101 165.605467 -7.67788494619483 pleio
102 165.629348 -7.68520748780437 pleio
103 165.653228 -7.70227217661298 pleio
104 165.677109 -7.71634812043958 pleio
105 165.700989 -7.68103331448126 pleio
106 165.704891 -7.62273542351888 pleio
107 165.706625 -7.57486088727262 pleio
108 165.708359 -7.53788725790892 pleio
109 165.710093 -7.51216700514758 pleio
110 165.711827 -7.49791917980757 pleio
111 165.713561 -7.43245855723643 pleio
112 165.715295 -7.3793264018171 pleio
113 165.717029 -7.36283884791345 pleio
114 165.718763 -7.3899259066141 pleio
115 165.720497 -7.46597582911946 pleio
116 165.722231 -7.59286053962759 pleio
117 165.723965 -7.76777134305418 pleio
118 165.725699 -7.97359362818144 pleio
119 165.802549 -8.1259682214226 pleio
120 165.85132 -8.17739150563665 pleio
121 165.858793 -8.16033490104841 pleio
122 165.864624 -8.09847312664661 pleio
123 165.868565 -8.05495579414224 pleio
124 165.872506 -8.03087106623051 pleio
125 165.876447 -8.02706685689562 pleio
126 165.880388 -8.04410374039648 pleio
127 165.884329 -8.09654386634233 pleio
128 165.88827 -8.18327051364306 pleio
129 165.892211 -8.28886871274085 pleio
130 165.896152 -8.39238218512706 pleio
131 165.900093 -8.50423842642677 pleio
132 165.912941 -8.5835362110851 pleio
133 165.925276 -8.62857789116099 pleio
134 165.925359 -8.67474422207121 pleio
135 165.925441 -8.72228478393152 pleio
136 165.930685 -8.79919642183726 pleio
137 166.172164 -8.70962565828401 pleio
138 166.181382 -8.43970800535307 pleio
139 166.1906 -8.15995274831661 pleio
140 166.324274 -7.76290843064594 pleio
141 166.325217 -7.47187942025247 pleio
142 166.32602 -7.18886893036119 pleio
143 166.326823 -6.94970385851317 pleio
144 166.327627 -6.85687117074045 pleio
145 166.32843 -6.84368875082625 pleio
146 166.377584 -6.82797126426772 pleio
147 166.382507 -6.783484502865 pleio
148 166.38743 -6.74751056958772 pleio
149 166.394815 -6.71963827855296 pleio
150 166.403288 -6.69790691004231 pleio
151 166.407404 -6.70213532605239 pleio
152 166.411519 -6.54045932748231 pleio
153 166.415634 -6.4029938346616 pleio
154 166.419069 -6.29452757163057 pleio
155 166.422503 -6.21984227801923 pleio
156 166.425938 -6.18333507489432 pleio
157 166.429372 -6.18861478924069 pleio
158 166.432807 -6.23814298829041 pleio
159 166.439999 -6.33292518287563 pleio
160 166.448156 -6.47204237866215 pleio
161 166.475596 -6.61377599140244 pleio
162 166.491355 -6.42477152344298 pleio
163 166.507114 -6.32753554613067 pleio
164 166.522873 -6.25557157724154 pleio
165 166.537635 -6.17482370594044 pleio
166 166.55226 -6.17056478515675 pleio
167 166.566886 -5.99030565890587 pleio
168 166.581511 -5.87402890753606 pleio
169 166.592132 -4.66192753965263 pleio
170 166.599166 -3.5315978624078 pleio
171 166.606199 -2.90777700575016 pleio
172 166.613233 -2.79931283074938 pleio
173 166.62365 -2.79959612477768 pleio
174 166.754477 -2.21055245859852 pleio
175 166.783106 -1.77058580810461 pleio
176 166.802407 -1.28092418433923 pleio
177 166.805057 -0.822298951623444 pleio
178 166.807706 -0.433555550163628 pleio
179 166.811338 -0.164647544825785 pleio
180 166.839967 0 pleio
181 166.951357 -0.381409947919698 pleio
182 166.992184 -0.381408505796034 pleio
183 167.033011 -0.15327357975937 pleio
184 167.073838 -0.251597503344919 pleio
185 167.142758 -0.550969173802183 pleio
186 167.274124 -1.0550124187662 pleio
187 167.282638 -0.853181791023035 pleio
188 167.286179 -0.807206850701133 pleio
189 167.289719 -0.923527830215505 pleio
190 167.29326 -1.19708992500719 pleio
191 167.306473 -1.37695088652398 pleio
192 167.322761 -1.46995044843989 pleio
193 167.349466 -1.45506393426631 pleio
194 167.360748 -1.3622755201152 pleio
195 167.37203 -1.27672802303053 pleio
196 167.396998 -1.19866391731751 pleio
197 167.523201 -1.10795184198678 pleio
198 167.545144 -1.0748222047022 pleio
199 167.556235 -1.04443627418178 pleio
200 167.567326 -1.0340123595272 pleio
201 167.647654 -1.31255179936595 pleio
202 167.755373 -1.28622285215858 pleio
203 167.788738 -1.22919182919309 pleio
204 167.822104 -1.17509075926422 pleio
205 167.836721 -1.09640243135322 pleio
206 167.845502 -1.01628073893946 pleio
207 167.854284 -0.943944093634342 pleio
208 167.858563 -0.879497003269651 pleio
209 167.860327 -0.823329417960549 pleio
210 167.862092 -0.778451936469791 pleio
211 167.863857 -0.727821488645869 pleio
212 167.865622 -0.665357538713194 pleio
213 167.86764 -0.617083665501138 pleio
214 167.871511 -0.58048118543257 pleio
215 167.876871 -0.554734635285909 pleio
216 167.882232 -0.539972524344272 pleio
217 167.887593 -0.536278742330899 pleio
218 167.913375 -0.536033524679087 pleio
219 167.920966 -0.539707223017813 pleio
220 167.928557 -0.547628647699591 pleio
221 168.002821 -0.570495763757193 pleio
222 168.013929 -0.64493794070619 pleio
223 168.020304 -0.724700905602111 pleio
224 168.023961 -0.846550769195111 pleio
225 168.02735 -1.03924183886085 pleio
226 168.030739 -1.23553901338624 pleio
227 168.034128 -3.42977549253508 pleio
228 168.037518 -3.53714264716247 pleio
229 168.042103 -3.62120868296891 pleio
230 168.057523 -3.72357017132877 pleio
231 168.241031 -3.61860648518577 pleio
232 168.273712 -3.6360325192866 pleio
233 168.276509 -3.68235820224356 pleio
234 168.279306 -3.7513314156641 pleio
235 168.282103 -3.84297336123702 pleio
236 168.2849 -3.95713560511773 pleio
237 168.287697 -4.09349874781596 pleio
238 168.291368 -4.21441024008611 pleio
239 168.295216 -4.37330921525956 pleio
240 168.301388 -4.56795979314412 pleio
241 168.308464 -4.91803459874745 pleio
242 168.31554 -5.8016093562845 pleio
243 168.322616 -7.18491668976691 pleio
244 168.369835 -7.84501644510492 pleio
245 168.372164 -7.86491030566066 pleio
246 168.374493 -7.8852641745357 pleio
247 168.376821 -7.8890235312856 pleio
248 163.09506 -10.8421690662877 profile1
249 163.111693 -10.8377496103344 profile1
250 163.125708 -10.8368371998686 profile1
251 163.137394 -10.8938919080946 profile1
252 162.797792 -8.83753743178622 profile1
253 162.802465 -8.79817537057044 profile1
254 162.807137 -8.7719622343914 profile1
255 162.891193 -8.86749416123502 profile1
256 162.899169 -9.20365843400604 profile1
257 162.907146 -9.68018898573176 profile1
258 162.915122 -10.029413646268 profile1
259 162.923098 -10.1011551199859 profile1
260 162.931074 -10.1725804398336 profile1
261 162.93905 -10.2477598451166 profile1
262 162.97044 -10.2708925299255 profile1
263 162.976744 -10.2822523125566 profile1
264 162.983048 -10.2940460760143 profile1
265 162.989352 -10.2885751953286 profile1
266 162.995537 -10.2945285916933 profile1
267 162.997832 -10.396953253851 profile1
268 163.00011 -10.4439105649522 profile1
269 163.002388 -10.4657155909768 profile1
270 163.004665 -10.4884755183582 profile1
271 163.006943 -10.5122016828587 profile1
272 163.009221 -10.5369033341105 profile1
273 163.011499 -10.5625868312373 profile1
274 163.013777 -10.5892551692943 profile1
275 163.016054 -10.616730400923 profile1
276 163.018332 -10.6449476615876 profile1
277 163.02061 -10.6741382338317 profile1
278 163.022888 -10.7042943082361 profile1
279 163.025166 -10.7353205219645 profile1
280 163.029526 -10.7671565799921 profile1
281 163.045161 -10.8005099893826 profile1
282 163.061794 -10.8372809482006 profile1
283 163.078427 -10.8509385336173 profile1
284 163.14908 -10.7584042352574 profile1
285 163.154021 -10.6871251810032 profile1
286 163.156127 -10.6130602658613 profile1
287 163.157556 -10.5376581067971 profile1
288 163.158891 -10.4627486402609 profile1
289 163.160225 -10.3904089434178 profile1
290 163.161559 -10.3227800926952 profile1
291 163.162894 -10.2618547372152 profile1
292 163.164228 -10.20928002274 profile1
293 163.165562 -10.1662216957826 profile1
294 163.166897 -10.1332452048319 profile1
295 163.26265 -9.97769877354716 profile1
296 163.413317 -9.53136088130914 profile1
297 163.495816 -9.64236351122369 profile1
298 163.507977 -9.65484949702905 profile1
299 163.520139 -9.6717928413809 profile1
300 163.582672 -9.62874248445959 profile1
301 164.022416 -8.31625266598338 profile1
302 164.027702 -7.19499972314795 profile1
303 164.032987 -7.25390966466942 profile1
304 164.064248 -7.41236857774028 profile1
305 164.070405 -7.39637104528993 profile1
306 164.076561 -7.38018805664526 profile1
307 164.255184 -5.62259067403326 profile1
308 164.291807 -6.67007078434916 profile1
309 164.314068 -6.39989699637946 profile1
310 164.325529 -6.38878234826278 profile1
311 164.336991 -6.3680007605923 profile1
312 164.348452 -6.35000847874616 profile1
313 164.60536 -6.41056759262729 profile1
314 164.617986 -6.49471630363349 profile1
315 164.628884 -6.58014448915135 profile1
316 164.636687 -6.64275003627477 profile1
317 164.648869 -6.64753472009407 profile1
318 164.66892 -6.65391045545477 profile1
319 164.758936 -6.72615034608336 profile1
320 165.053217 -4.95237683557834 profile1
321 165.121823 -5.08794006250365 profile1
322 165.132678 -5.0592246801526 profile1
323 165.143532 -4.64219372445045 profile1
324 165.154046 -4.21674179678302 profile1
325 165.15722 -4.06519038562668 profile1
326 165.160395 -3.95766821564883 profile1
327 165.163569 -3.70064769839245 profile1
328 165.195982 -3.57419834691876 profile1
329 165.223558 -3.51047281023049 profile1
330 165.251135 -3.45533493518503 profile1
331 165.276843 -2.98387403825185 profile1
332 165.283031 -2.42858895809916 profile1
333 165.290201 -1.86502650604678 profile1
334 165.297626 -1.14746485460672 profile1
335 165.445995 -0.836530774149879 profile1
336 165.451594 -0.809418059346846 profile1
337 165.457194 -0.78795741818843 profile1
338 165.462793 -0.773674267424212 profile1
339 165.468393 -0.763757267064855 profile1
340 165.473992 -0.757868470601104 profile1
341 165.479592 -0.7561708650676 profile1
342 165.485905 -0.909410914169512 profile1
343 165.495439 -0.930975113855092 profile1
344 165.565236 -0.899420567297623 profile1
345 165.56991 -0.851913461665995 profile1
346 165.574583 -0.813493171209656 profile1
347 165.581587 -0.889174661110063 profile1
348 165.605467 -0.870424562732471 profile1
349 165.629348 -0.861134369695548 profile1
350 165.653228 -0.857021109988651 profile1
351 165.677109 -0.856231678049747 profile1
352 165.700989 -0.823969094371404 profile1
353 165.704891 -0.778577890028009 profile1
354 165.706625 -0.742441010893839 profile1
355 165.708359 -0.715915747094832 profile1
356 165.710093 -0.699245314368702 profile1
357 165.711827 -0.692552195030922 profile1
358 165.713561 -0.572933355177784 profile1
359 165.715295 -0.441350142157217 profile1
360 165.717029 -0.334945539088044 profile1
361 165.718763 -0.258599198324703 profile1
362 165.720497 -0.216197115975677 profile1
363 165.722231 -0.209316152881826 profile1
364 165.723965 -0.237297989948087 profile1
365 165.725699 -0.316620765221647 profile1
366 165.802549 -0.409223167089082 profile1
367 165.85132 -0.459478018685226 profile1
368 165.858793 -0.430795270171461 profile1
369 165.864624 -0.348534997297147 profile1
370 165.868565 -0.274596124600321 profile1
371 165.872506 -0.209748104427979 profile1
372 165.876447 -0.154661627172297 profile1
373 165.880388 -0.109880209227428 profile1
374 165.884329 -0.0826369153581278 profile1
375 165.88827 -0.0748968146671147 profile1
376 165.892211 -0.0873824929137687 profile1
377 165.896152 -0.119973568013901 profile1
378 165.900093 -0.15753381793542 profile1
379 165.912941 -0.198798656081664 profile1
380 165.925276 -0.244848768276199 profile1
381 165.925359 -0.294007895591609 profile1
382 165.925441 -0.345723008253916 profile1
383 165.930685 -0.40867597832758 profile1
384 166.172164 -0.378697340146785 profile1
385 166.181382 -0.269365142921286 profile1
386 166.1906 -0.168381214235395 profile1
387 166.324274 -0.0117535943695605 profile1
388 166.325217 0.246195107287588 profile1
389 166.32602 0.490494575752462 profile1
390 166.326823 0.688898440694011 profile1
391 166.327627 0.74280901682793 profile1
392 166.32843 0.721069182299956 profile1
393 166.377584 0.725704607574861 profile1
394 166.382507 0.834957730961742 profile1
395 166.38743 0.937580657126059 profile1
396 166.394815 1.03332861509747 profile1
397 166.403288 1.10605227604605 profile1
398 166.407404 1.14735806269678 profile1
399 166.411519 1.33265909849016 profile1
400 166.415634 1.49646809028639 profile1
401 166.419069 1.63390043920784 profile1
402 166.422503 1.74010916989668 profile1
403 166.425938 1.81066205675365 profile1
404 166.429372 1.84194769110996 profile1
405 166.432807 1.83152980639103 profile1
406 166.439999 1.77838933844409 profile1
407 166.448156 1.6829972395615 profile1
408 166.475596 1.57285509815732 profile1
409 166.491355 1.72477108724904 profile1
410 166.507114 1.75909594539575 profile1
411 166.522873 1.77255508982276 profile1
412 166.537635 1.77010319437033 profile1
413 166.55226 1.77137813331658 profile1
414 166.566886 2.04356447038165 profile1
415 166.581511 2.17624152500646 profile1
416 166.592132 3.3979285959112 profile1
417 166.599166 4.52909641679499 profile1
418 166.606199 5.14476407762578 profile1
419 166.613233 5.24338763622925 profile1
420 166.62365 5.23428710002964 profile1
421 166.754477 6.14132720649475 profile1
422 166.783106 6.56044672926203 profile1
423 166.802407 7.03422168884077 profile1
424 166.805057 7.4838494305037 profile1
425 166.807706 7.87167032203708 profile1
426 166.811338 8.14915850638696 profile1
427 166.839967 8.31758929713197 profile1
428 166.951357 7.98893431150732 profile1
429 166.992184 7.99398610450211 profile1
430 167.033011 8.2584194194805 profile1
431 167.073838 8.11978150032965 profile1
432 167.142758 7.86644726529249 profile1
433 167.274124 7.44061868009163 profile1
434 167.282638 7.498560620573 profile1
435 167.286179 7.42344877768903 profile1
436 167.289719 7.21257545623003 profile1
437 167.29326 6.8764813378738 profile1
438 167.306473 6.67225183934414 profile1
439 167.322761 6.59098032189302 profile1
440 167.349466 6.61809474910923 profile1
441 167.360748 6.71785331301404 profile1
442 167.37203 6.81002027082526 profile1
443 167.396998 6.89445301012893 profile1
444 167.523201 7.0708116708213 profile1
445 167.545144 7.09868544576615 profile1
446 167.556235 7.15013317174331 profile1
447 167.567326 7.18714975551251 profile1
448 167.647654 6.88470753204229 profile1
449 167.755373 6.90932809190492 profile1
450 167.788738 6.95886424071361 profile1
451 167.822104 7.00587168082043 profile1
452 167.836721 7.07738844524323 profile1
453 167.845502 7.15051624567744 profile1
454 167.854284 7.21619403434436 profile1
455 167.858563 7.2744335571195 profile1
456 167.860327 7.32198995141888 profile1
457 167.862092 7.34888686457136 profile1
458 167.863857 7.39089270057794 profile1
459 167.865622 7.45658495222116 profile1
460 167.86764 7.51117640733445 profile1
461 167.871511 7.55703104611077 profile1
462 167.876871 7.59466305916872 profile1
463 167.882232 7.62391366925598 profile1
464 167.887593 7.64466306247787 profile1
465 167.913375 7.65727641281568 profile1
466 167.920966 7.65911803992857 profile1
467 167.928557 7.657365687197 profile1
468 168.002821 7.64840037204584 profile1
469 168.013929 7.61517639992004 profile1
470 168.020304 7.58024048060546 profile1
471 168.023961 7.49357793525227 profile1
472 168.02735 7.32864980540707 profile1
473 168.030739 7.11208234790307 profile1
474 168.034128 4.57629470200958 profile1
475 168.037518 4.53132317010268 profile1
476 168.042103 4.49634786117181 profile1
477 168.057523 4.46928078299875 profile1
478 168.241031 4.46307952773957 profile1
479 168.273712 4.44390541766927 profile1
480 168.276509 4.39533703095375 profile1
481 168.279306 4.32547393318377 profile1
482 168.282103 4.2342907411017 profile1
483 168.2849 4.12192692828383 profile1
484 168.287697 3.98868755914705 profile1
485 168.291368 3.90538319086162 profile1
486 168.295216 3.8029527479419 profile1
487 168.301388 3.66921738556683 profile1
488 168.308464 3.45662456262006 profile1
489 168.31554 3.06435899943313 profile1
490 168.322616 2.49880041339414 profile1
491 168.369835 2.2257064710689 profile1
492 168.372164 2.21191401937706 profile1
493 168.374493 2.19785419764691 profile1
494 168.376821 2.19985339214319 profile1
495 162.797792 -0.662991706759045 profile2
496 162.802465 -0.50419530734812 profile2
497 162.807137 -0.369515730538418 profile2
498 162.891193 -0.469714848106076 profile2
499 162.899169 -0.552131756081043 profile2
500 162.907146 -0.774612678971747 profile2
501 162.915122 -0.768101961431466 profile2
502 162.923098 -0.661113292955304 profile2
503 162.931074 -0.561450090478005 profile2
504 162.93905 -0.469570663370849 profile2
505 162.97044 -0.396097547649184 profile2
506 162.976744 -0.374352975110108 profile2
507 162.983048 -0.365931096688354 profile2
508 162.989352 -0.46643682744268 profile2
509 162.995537 -0.288051814714433 profile2
510 162.997832 0.25561499115889 profile2
511 163.00011 0.347558604256673 profile2
512 163.002388 0.361891315967762 profile2
513 163.004665 0.375896502450502 profile2
514 163.006943 0.389564348640533 profile2
515 163.009221 0.40288721501739 profile2
516 163.011499 0.415855256553723 profile2
517 163.013777 0.428461320292477 profile2
518 163.016054 0.440192727800998 profile2
519 163.018332 0.450878601315621 profile2
520 163.02061 0.461180537548305 profile2
521 163.022888 0.47109130185911 profile2
522 163.025166 0.480536334170818 profile2
523 163.029526 0.489506613338903 profile2
524 163.045161 0.498333435057626 profile2
525 163.061794 0.507979083320624 profile2
526 163.078427 0.675552666602936 profile2
527 163.09506 0.929774583739378 profile2
528 163.111693 1.15663941167754 profile2
529 163.125708 1.28852075756961 profile2
530 163.137394 4.00474673135593 profile2
531 163.14908 5.72908595367936 profile2
532 163.154021 5.82034769855418 profile2
533 163.156127 5.89415897759426 profile2
534 163.157556 5.94897171935744 profile2
535 163.158891 5.98374632734284 profile2
536 163.160225 5.99803812844647 profile2
537 163.161559 5.99201197462444 profile2
538 163.162894 5.96639713444741 profile2
539 163.164228 5.92237741434178 profile2
540 163.165562 5.86145042584514 profile2
541 163.166897 5.78543138193598 profile2
542 163.26265 6.15667144282788 profile2
543 163.413317 6.94672507818123 profile2
544 163.495816 8.16743630487973 profile2
545 163.507977 8.27813137482316 profile2
546 163.520139 8.31119642915838 profile2
547 163.582672 8.31758929713197 profile2
548 164.022416 7.45135091103138 profile2
549 164.027702 6.77587155070068 profile2
550 164.032987 6.11691789201023 profile2
551 164.064248 5.65300621139641 profile2
552 164.070405 5.65688986719331 profile2
553 164.076561 5.6608899544993 profile2
554 164.255184 5.33950758714463 profile2
555 164.291807 5.53274440158805 profile2
556 164.314068 5.71644304126988 profile2
557 164.325529 5.76223417093404 profile2
558 164.336991 5.75204867366427 profile2
559 164.348452 5.57667982497761 profile2
560 164.60536 5.33674742426399 profile2
561 164.617986 5.30832016581266 profile2
562 164.628884 5.25380875035397 profile2
563 164.636687 5.18006429381721 profile2
564 164.648869 5.1198025035299 profile2
565 164.66892 5.02386350392902 profile2
566 164.758936 4.47326989352084 profile2
567 165.053217 4.55289885774157 profile2
568 165.121823 4.54354349597475 profile2
569 165.132678 4.54437429429073 profile2
570 165.143532 4.89876822091896 profile2
571 165.154046 4.95307169152581 profile2
572 165.15722 5.10390449580482 profile2
573 165.160395 5.19005823658702 profile2
574 165.163569 5.01566929351172 profile2
575 165.195982 4.93243232948541 profile2
576 165.223558 4.92286624425408 profile2
577 165.251135 4.92820159159534 profile2
578 165.276843 4.95205509375719 profile2
579 165.283031 4.99754152654168 profile2
580 165.290201 5.01628336132695 profile2
581 165.297626 5.11948704143963 profile2
582 165.445995 5.22069295672699 profile2
583 165.451594 5.24611741290047 profile2
584 165.457194 5.27026706092027 profile2
585 165.462793 5.29747499584623 profile2
586 165.468393 5.32415228506908 profile2
587 165.473992 5.34920403007431 profile2
588 165.479592 5.37270902014661 profile2
589 165.485905 1.88562609942908 profile2
590 165.495439 1.91041749546665 profile2
591 165.565236 1.86175734401531 profile2
592 165.56991 1.79353972544925 profile2
593 165.574583 1.6532074176134 profile2
594 165.581587 1.58593596829719 profile2
595 165.605467 1.57058703954579 profile2
596 165.629348 1.55541946010604 profile2
597 165.653228 1.5351098669307 profile2
598 165.677109 1.5203668660279 profile2
599 165.700989 1.52354368573237 profile2
600 165.704891 1.53711163334128 profile2
601 165.706625 1.54945429221117 profile2
602 165.708359 1.56044156238189 profile2
603 165.710093 1.56995481088985 profile2
604 165.711827 1.57788878577006 profile2
605 165.713561 1.52427966315567 profile2
606 165.715295 1.44637453339954 profile2
607 165.717029 1.35659349423764 profile2
608 165.718763 1.25249247150118 profile2
609 165.720497 1.13224410958479 profile2
610 165.722231 0.995389817213104 profile2
611 165.723965 0.844074259169615 profile2
612 165.725699 0.711108975725619 profile2
613 165.802549 0.646925988134881 profile2
614 165.85132 0.644216109367052 profile2
615 165.858793 0.633604291396578 profile2
616 165.864624 0.615017334593781 profile2
617 165.868565 0.585709715498524 profile2
618 165.872506 0.545356337892073 profile2
619 165.876447 0.493785236236841 profile2
620 165.880388 0.430995676050126 profile2
621 165.884329 0.349080351313966 profile2
622 165.88827 0.251478433241203 profile2
623 165.892211 0.155140159366757 profile2
624 165.896152 0.0824478111328272 profile2
625 165.900093 0.00632099412049362 profile2
626 165.912941 -0.0337884395914294 profile2
627 165.925276 -0.0349701367152425 profile2
628 165.925359 -0.0343009058550082 profile2
629 165.925441 -0.0326354521548277 profile2
630 165.930685 -0.0495808662175959 profile2
631 166.172164 0.0135970801125843 profile2
632 166.181382 0.181815844340137 profile2
633 166.1906 0.363306161560357 profile2
634 166.324274 0.589567059114976 profile2
635 166.325217 0.618978522221777 profile2
636 166.32602 0.653508318134674 profile2
637 166.326823 0.689893864808592 profile2
638 166.327627 0.726851611951337 profile2
639 166.32843 0.76154645083289 profile2
640 166.377584 0.77256738355386 profile2
641 166.382507 0.708262001521981 profile2
642 166.38743 0.641851011115454 profile2
643 166.394815 0.573985821007243 profile2
644 166.403288 0.518981003004441 profile2
645 166.407404 0.468351762702868 profile2
646 166.411519 0.445743413789534 profile2
647 166.415634 0.419955279755198 profile2
648 166.419069 0.390945277519066 profile2
649 166.422503 0.358652222409771 profile2
650 166.425938 0.323008672399889 profile2
651 166.429372 0.28395004784957 profile2
652 166.432807 0.241427331305989 profile2
653 166.439999 0.195476398493654 profile2
654 166.448156 0.146606855346359 profile2
655 166.475596 0.107880485556716 profile2
656 166.491355 0.152386654017849 profile2
657 166.507114 0.219416849624549 profile2
658 166.522873 0.281987170189776 profile2
659 166.537635 0.368761405076353 profile2
660 166.55226 0.372025057976512 profile2
661 166.566886 0.295245553515798 profile2
662 166.581511 0.281584911036821 profile2
663 166.592132 0.269567450375507 profile2
664 166.599166 0.26441123160662 profile2
665 166.606199 0.268385929904883 profile2
666 166.613233 0.274338142197739 profile2
667 166.62365 0.281344806694117 profile2
668 166.754477 -0.0313461469387483 profile2
669 166.783106 -0.00970333266939258 profile2
670 166.802407 0.00736859757256527 profile2
671 166.805057 0.0167559312292105 profile2
672 166.807706 0.0168067654385937 profile2
673 166.811338 0.00577521068280838 profile2
674 166.839967 0 profile2
675 166.951357 -0.0547120050157097 profile2
676 166.992184 -0.0596105658362081 profile2
677 167.033011 -0.0883704645471001 profile2
678 167.073838 -0.065582795912119 profile2
679 167.142758 -0.141062345324423 profile2
680 167.274124 -0.23907956601973 profile2
681 167.282638 -0.0768020982411095 profile2
682 167.286179 0.0594669650057617 profile2
683 167.289719 0.165697732491057 profile2
684 167.29326 0.236417975387535 profile2
685 167.306473 0.266789498186002 profile2
686 167.322761 0.260584680399958 profile2
687 167.349466 0.254128084881007 profile2
688 167.360748 0.252905689570273 profile2
689 167.37203 0.252040954336177 profile2
690 167.396998 0.251402873759167 profile2
691 167.523201 0.170767887502948 profile2
692 167.545144 0.18150341325276 profile2
693 167.556235 0.168474933672872 profile2
694 167.567326 0.148457443687373 profile2
695 167.647654 0.145549176232195 profile2
696 167.755373 0.148298318100792 profile2
697 167.788738 0.157601708671643 profile2
698 167.822104 0.16651053962219 profile2
699 167.836721 0.175078007444393 profile2
700 167.845502 0.183362561441019 profile2
701 167.854284 0.191339540941223 profile2
702 167.858563 0.198889264174591 profile2
703 167.860327 0.208821887144096 profile2
704 167.862092 0.227892276290754 profile2
705 167.863857 0.237949437560156 profile2
706 167.865622 0.23658058610125 profile2
707 167.86764 0.231651963119189 profile2
708 167.871511 0.223472069423919 profile2
709 167.876871 0.21240063955609 profile2
710 167.882232 0.198469205636116 profile2
711 167.887593 0.181716174877843 profile2
712 167.913375 0.170006775915899 profile2
713 167.920966 0.165020280566918 profile2
714 167.928557 0.159014167709471 profile2
715 168.002821 0.145814029395336 profile2
716 168.013929 0.107254726453018 profile2
717 168.020304 0.0652526417918378 profile2
718 168.023961 0.034903879485785 profile2
719 168.02735 0.0132125831697675 profile2
720 168.030739 0.0393288878765437 profile2
721 168.034128 0.371710127937715 profile2
722 168.037518 0.312861108971199 profile2
723 168.042103 0.266330898040263 profile2
724 168.057523 0.186008443681283 profile2
725 168.241031 0.300596800268656 profile2
726 168.273712 0.299539107831036 profile2
727 168.276509 0.298540649138419 profile2
728 168.279306 0.295986951658306 profile2
729 168.282103 0.291896860944665 profile2
730 168.2849 0.286295895775939 profile2
731 168.287697 0.27921658762137 profile2
732 168.291368 0.234467323484767 profile2
733 168.295216 0.169351579463443 profile2
734 168.301388 0.0991662274548303 profile2
735 168.308464 -0.0525540664897908 profile2
736 168.31554 -0.573416785832723 profile2
737 168.322616 -1.43684360956948 profile2
738 168.369835 -1.84547731498769 profile2
739 168.372164 -1.85187406670748 profile2
740 168.374493 -1.85848507002227 profile2
741 168.376821 -1.86441875843808 profile2
