marker_position lod trace
1 162.797792 -13.4793724117092 pleio
2 162.802465 -13.4062060038941 pleio
3 162.807137 -13.339656171773 pleio
4 162.891193 -13.370521852651 pleio
5 162.899169 -12.8147398032898 pleio
6 162.907146 -12.400927316021 pleio
7 162.915122 -12.1910269742628 pleio
8 162.923098 -12.1508562959312 pleio
9 162.931074 -12.1052880254003 pleio
10 162.93905 -12.0592736345245 pleio
11 162.97044 -11.9834267325575 pleio
12 162.976744 -11.9639633894905 pleio
13 162.983048 -11.9237436014465 pleio
14 162.989352 -12.1339335016477 pleio
15 162.995537 -11.9748296505555 pleio
16 162.997832 -12.6956870091628 pleio
17 163.00011 -12.8390486662167 pleio
18 163.002388 -12.7957957799984 pleio
19 163.004665 -12.7534693669611 pleio
20 163.006943 -12.7120875917169 pleio
21 163.009221 -12.6716640208147 pleio
22 163.011499 -12.6322163713339 pleio
23 163.013777 -12.5937598120357 pleio
24 163.016054 -12.5580228945295 pleio
25 163.018332 -12.5256006660873 pleio
26 163.02061 -12.4942415394647 pleio
27 163.022888 -12.463960805531 pleio
28 163.025166 -12.4345684313626 pleio
29 163.029526 -12.405995423308 pleio
30 163.045161 -12.3832597713529 pleio
31 163.061794 -12.3685081858358 pleio
32 163.078427 -12.3440453233144 pleio
33 163.09506 -12.2999019769942 pleio
34 163.111693 -12.2612754710905 pleio
35 163.125708 -12.203661964959 pleio
36 163.137394 -11.2524348464713 pleio
37 163.14908 -10.0548559478207 pleio
38 163.154021 -9.83672682765325 pleio
39 163.156127 -9.64738715071347 pleio
40 163.157556 -9.49039271903028 pleio
41 163.158891 -9.36842849347104 pleio
42 163.160225 -9.28301284601377 pleio
43 163.161559 -9.23431971699912 pleio
44 163.162894 -9.22117566660837 pleio
45 163.164228 -9.24122318227528 pleio
46 163.165562 -9.29122781267061 pleio
47 163.166897 -9.36644625991926 pleio
48 163.26265 -8.85791928446832 pleio
49 163.413317 -7.74395436328974 pleio
50 163.495816 -6.92930638186443 pleio
51 163.507977 -6.8367076406404 pleio
52 163.520139 -6.76459997715651 pleio
53 163.582672 -6.70116808725202 pleio
54 164.022416 -7.26893833219151 pleio
55 164.027702 -7.11814272041199 pleio
56 164.032987 -7.3054190636826 pleio
57 164.064248 -7.45381574636158 pleio
58 164.070405 -7.44486976392552 pleio
59 164.076561 -7.43611834441911 pleio
60 164.255184 -7.79127623848115 pleio
61 164.291807 -7.14369140025198 pleio
62 164.314068 -7.03930900758516 pleio
63 164.325529 -7.02027893105258 pleio
64 164.336991 -7.01627437212884 pleio
65 164.348452 -7.00353933012124 pleio
66 164.60536 -6.96502878297411 pleio
67 164.617986 -6.74262335618924 pleio
68 164.628884 -6.52655894081107 pleio
69 164.636687 -6.32503254507422 pleio
70 164.648869 -6.18627292443909 pleio
71 164.66892 -6.0980947413919 pleio
72 164.758936 -5.85180489514821 pleio
73 165.053217 -5.1260919491153 pleio
74 165.121823 -4.79910478150883 pleio
75 165.132678 -4.63797488714325 pleio
76 165.143532 -4.20365327850532 pleio
77 165.154046 -4.06495468910412 pleio
78 165.15722 -3.88694740859018 pleio
79 165.160395 -3.76408570104972 pleio
80 165.163569 -3.64510158333789 pleio
81 165.195982 -3.79784545749519 pleio
82 165.223558 -3.83664256854046 pleio
83 165.251135 -3.85376396222603 pleio
84 165.276843 -3.77956372052528 pleio
85 165.283031 -3.5214062243338 pleio
86 165.290201 -2.83650863443442 pleio
87 165.297626 -0.0340774640676593 pleio
88 165.445995 -0.00460247457352731 pleio
89 165.451594 0 pleio
90 165.457194 -0.000911815338734115 pleio
91 165.462793 -0.0166639824120511 pleio
92 165.468393 -0.0367807297576952 pleio
93 165.473992 -0.0584407464704542 pleio
94 165.479592 -0.0816377198472904 pleio
95 165.485905 -0.915067437053806 pleio
96 165.495439 -0.928550634487578 pleio
97 165.565236 -0.918237424512802 pleio
98 165.56991 -0.854030749650583 pleio
99 165.574583 -0.837009178565747 pleio
100 165.581587 -0.750574168038533 pleio
101 165.605467 -0.815161315074711 pleio
102 165.629348 -0.881317319209149 pleio
103 165.653228 -0.968657652134301 pleio
104 165.677109 -1.03094700824302 pleio
105 165.700989 -1.06493385344577 pleio
106 165.704891 -1.13913852070822 pleio
107 165.706625 -1.22674272361002 pleio
108 165.708359 -1.32747786806278 pleio
109 165.710093 -1.44091446702866 pleio
110 165.711827 -1.56646447901355 pleio
111 165.713561 -1.62887498259119 pleio
112 165.715295 -1.71571810389762 pleio
113 165.717029 -1.86008576883616 pleio
114 165.718763 -2.07202556712588 pleio
115 165.720497 -2.35714151521652 pleio
116 165.722231 -2.71317635812236 pleio
117 165.723965 -3.12227780730058 pleio
118 165.725699 -3.34472465645698 pleio
119 165.802549 -3.47113292367639 pleio
120 165.85132 -3.53121334718086 pleio
121 165.858793 -3.49089472221697 pleio
122 165.864624 -3.38258498805908 pleio
123 165.868565 -3.29600672695226 pleio
124 165.872506 -3.23270074081206 pleio
125 165.876447 -3.1939133551022 pleio
126 165.880388 -3.18053477148847 pleio
127 165.884329 -3.1461812569272 pleio
128 165.88827 -3.13619878703587 pleio
129 165.892211 -3.14832999145941 pleio
130 165.896152 -3.16743852397672 pleio
131 165.900093 -3.1942650229609 pleio
132 165.912941 -3.22578358958192 pleio
133 165.925276 -3.25912754174986 pleio
134 165.925359 -3.29577142073564 pleio
135 165.925441 -3.33338680969289 pleio
136 165.930685 -3.32149164821131 pleio
137 166.172164 -3.12547367977982 pleio
138 166.181382 -3.07633284484993 pleio
139 166.1906 -3.58387193928092 pleio
140 166.324274 -4.40152757483452 pleio
141 166.325217 -4.5300532829879 pleio
142 166.32602 -4.6791576848878 pleio
143 166.326823 -4.87073051594602 pleio
144 166.327627 -4.9382975076844 pleio
145 166.32843 -4.90623338221761 pleio
146 166.377584 -4.87972151441575 pleio
147 166.382507 -4.87221809381253 pleio
148 166.38743 -4.87454608428686 pleio
149 166.394815 -4.88649618604332 pleio
150 166.403288 -4.96085572611167 pleio
151 166.407404 -5.06427631666878 pleio
152 166.411519 -4.99085508180244 pleio
153 166.415634 -4.92739307264391 pleio
154 166.419069 -4.87388164719929 pleio
155 166.422503 -4.8302318628688 pleio
156 166.425938 -4.79629718262215 pleio
157 166.429372 -4.7719018525766 pleio
158 166.432807 -4.75687092120771 pleio
159 166.439999 -4.75103682760062 pleio
160 166.448156 -4.75411390724383 pleio
161 166.475596 -4.75388704333905 pleio
162 166.491355 -4.55364479645685 pleio
163 166.507114 -4.39274045468154 pleio
164 166.522873 -4.31459934031662 pleio
165 166.537635 -4.28873142486102 pleio
166 166.55226 -4.2955011870932 pleio
167 166.566886 -4.30208712003612 pleio
168 166.581511 -4.26757091555042 pleio
169 166.592132 -4.24572797631202 pleio
170 166.599166 -4.25549599964647 pleio
171 166.606199 -4.29821132075186 pleio
172 166.613233 -4.35163946334557 pleio
173 166.62365 -4.55233199185694 pleio
174 166.754477 -5.30359392617742 pleio
175 166.783106 -5.26994972505803 pleio
176 166.802407 -5.23887767405323 pleio
177 166.805057 -5.22854067370045 pleio
178 166.807706 -5.24433669657592 pleio
179 166.811338 -5.27993741126683 pleio
180 166.839967 -5.31459315441418 pleio
181 166.951357 -5.44212067695288 pleio
182 166.992184 -5.46250522025286 pleio
183 167.033011 -5.06403291828378 pleio
184 167.073838 -5.87278000184171 pleio
185 167.142758 -6.63230350071312 pleio
186 167.274124 -7.57561114838042 pleio
187 167.282638 -7.48065227169596 pleio
188 167.286179 -7.48568546410249 pleio
189 167.289719 -7.59612142398496 pleio
190 167.29326 -7.7329497759277 pleio
191 167.306473 -7.90274836171909 pleio
192 167.322761 -8.03348744987248 pleio
193 167.349466 -8.09756802605216 pleio
194 167.360748 -8.11109672525605 pleio
195 167.37203 -8.12533850963007 pleio
196 167.396998 -8.1399094832494 pleio
197 167.523201 -8.1465524177927 pleio
198 167.545144 -8.1043111466015 pleio
199 167.556235 -8.26002929323649 pleio
200 167.567326 -8.49115818120285 pleio
201 167.647654 -8.8141097497852 pleio
202 167.755373 -8.85182349294368 pleio
203 167.788738 -8.91459195143582 pleio
204 167.822104 -8.97879139794626 pleio
205 167.836721 -9.0589233066404 pleio
206 167.845502 -9.14748913528217 pleio
207 167.854284 -9.24010762499379 pleio
208 167.858563 -9.33655481688145 pleio
209 167.860327 -9.43958923118557 pleio
210 167.862092 -9.55816600759094 pleio
211 167.863857 -9.66205532182953 pleio
212 167.865622 -9.74421871434429 pleio
213 167.86764 -9.82629296201037 pleio
214 167.871511 -9.91199902619263 pleio
215 167.876871 -10.0021456363342 pleio
216 167.882232 -10.0966440934829 pleio
217 167.887593 -10.19539255937 pleio
218 167.913375 -10.2824991498443 pleio
219 167.920966 -10.3120938487416 pleio
220 167.928557 -10.3244019739476 pleio
221 168.002821 -10.3500718187811 pleio
222 168.013929 -10.4214702221184 pleio
223 168.020304 -10.4974025605489 pleio
224 168.023961 -10.5589528886865 pleio
225 168.02735 -10.6129398837836 pleio
226 168.030739 -10.70099943307 pleio
227 168.034128 -11.131588494751 pleio
228 168.037518 -11.2267685391381 pleio
229 168.042103 -11.3022639450727 pleio
230 168.057523 -11.3360567540711 pleio
231 168.241031 -11.4110917984658 pleio
232 168.273712 -11.4520608063465 pleio
233 168.276509 -11.4980854323781 pleio
234 168.279306 -11.550832460507 pleio
235 168.282103 -11.6102551960603 pleio
236 168.2849 -11.6762656093945 pleio
237 168.287697 -11.7487396977074 pleio
238 168.291368 -11.7931699800495 pleio
239 168.295216 -11.8467119510457 pleio
240 168.301388 -11.9201447745823 pleio
241 168.308464 -12.0864550149196 pleio
242 168.31554 -12.4066910994094 pleio
243 168.322616 -12.8551791591159 pleio
244 168.369835 -13.0708874055094 pleio
245 168.372164 -13.1000173256362 pleio
246 168.374493 -13.1296489463802 pleio
247 168.376821 -13.190995749424 pleio
248 162.797792 -7.63173188868645 profile1
249 162.802465 -7.55529963636438 profile1
250 162.807137 -7.48046932443989 profile1
251 162.891193 -7.62782630787174 profile1
252 162.899169 -7.07203540570048 profile1
253 162.907146 -6.63301847820733 profile1
254 162.915122 -6.41751597670501 profile1
255 162.923098 -6.41795828234403 profile1
256 162.931074 -6.41376756122894 profile1
257 162.93905 -6.40935477783663 profile1
258 162.97044 -6.3985635252338 profile1
259 162.976744 -6.36302941482295 profile1
260 162.983048 -6.32824803209831 profile1
261 162.989352 -6.29120247917912 profile1
262 162.995537 -6.15893471559303 profile1
263 162.997832 -6.98665524975501 profile1
264 163.00011 -7.16122362626283 profile1
265 163.002388 -7.12983637163779 profile1
266 163.004665 -7.09957755002998 profile1
267 163.006943 -7.07046104748118 profile1
268 163.009221 -7.04249603305013 profile1
269 163.011499 -7.01569480297465 profile1
270 163.013777 -6.99006692644582 profile1
271 163.016054 -6.96705544400784 profile1
272 163.018332 -6.94716094374037 profile1
273 163.02061 -6.92849489129668 profile1
274 163.022888 -6.91106508278578 profile1
275 163.025166 -6.89467614525804 profile1
276 163.029526 -6.87924797534303 profile1
277 163.045161 -6.86989792677979 profile1
278 163.061794 -6.8683183210675 profile1
279 163.078427 -6.85586112186384 profile1
280 163.09506 -6.82191164593425 profile1
281 163.111693 -6.79383391216955 profile1
282 163.125708 -6.74814617707721 profile1
283 163.137394 -7.22945635408879 profile1
284 163.14908 -7.24542709252265 profile1
285 163.154021 -7.15102124183227 profile1
286 163.156127 -7.0805851918472 profile1
287 163.157556 -7.03681643919797 profile1
288 163.158891 -7.02163446404689 profile1
289 163.160225 -7.03588940080478 profile1
290 163.161559 -7.07918350567703 profile1
291 163.162894 -7.14985862757475 profile1
292 163.164228 -7.24515769114079 profile1
293 163.165562 -7.36152720453968 profile1
294 163.166897 -7.49389182639505 profile1
295 163.26265 -7.39708414538302 profile1
296 163.413317 -6.93459613566666 profile1
297 163.495816 -6.82199562004723 profile1
298 163.507977 -6.78542396151797 profile1
299 163.520139 -6.74862275002714 profile1
300 163.582672 -6.70116808725202 profile1
301 164.022416 -6.84552284584178 profile1
302 164.027702 -5.97908128190451 profile1
303 164.032987 -5.74570835257295 profile1
304 164.064248 -5.673277543406 profile1
305 164.070405 -5.66326741752705 profile1
306 164.076561 -5.65343460019041 profile1
307 164.255184 -5.40122132133917 profile1
308 164.291807 -4.34957767588246 profile1
309 164.314068 -4.2245085810224 profile1
310 164.325529 -4.15889224463316 profile1
311 164.336991 -4.09283796348288 profile1
312 164.348452 -4.00774760331239 profile1
313 164.60536 -3.92322242098285 profile1
314 164.617986 -3.82538525417111 profile1
315 164.628884 -3.7310465951071 profile1
316 164.636687 -3.64368923012609 profile1
317 164.648869 -3.58416595129653 profile1
318 164.66892 -3.52021958184675 profile1
319 164.758936 -3.3256054432586 profile1
320 165.053217 -2.51121602809499 profile1
321 165.121823 -2.20729849700131 profile1
322 165.132678 -2.08149917599238 profile1
323 165.143532 -1.72486937288922 profile1
324 165.154046 -1.60092490191934 profile1
325 165.15722 -1.40080692750872 profile1
326 165.160395 -1.25299254061534 profile1
327 165.163569 -1.03309638689454 profile1
328 165.195982 -1.0164846758768 profile1
329 165.223558 -1.01422101520008 profile1
330 165.251135 -1.02609440112849 profile1
331 165.276843 -0.964519556053908 profile1
332 165.283031 -0.681353914943832 profile1
333 165.290201 0.0629673806938961 profile1
334 165.297626 3.08398763845069 profile1
335 165.445995 3.19326825305789 profile1
336 165.451594 3.20055744649236 profile1
337 165.457194 3.20470015403654 profile1
338 165.462793 3.19379665643146 profile1
339 165.468393 3.1770248897233 profile1
340 165.473992 3.15747414116791 profile1
341 165.479592 3.13513687333528 profile1
342 165.485905 3.7295431702107 profile1
343 165.495439 3.71527509381359 profile1
344 165.565236 3.64771878717503 profile1
345 165.56991 3.50651522620723 profile1
346 165.574583 3.35825418667956 profile1
347 165.581587 3.40040877685972 profile1
348 165.605467 3.35128916760109 profile1
349 165.629348 3.31061237228218 profile1
350 165.653228 3.2515592668374 profile1
351 165.677109 3.20413495085544 profile1
352 165.700989 3.14929677330634 profile1
353 165.704891 3.04592577358769 profile1
354 165.706625 2.92795468375311 profile1
355 165.708359 2.79581199957009 profile1
356 165.710093 2.65010582003269 profile1
357 165.711827 2.49161448538861 profile1
358 165.713561 2.3952397365219 profile1
359 165.715295 2.29835441565983 profile1
360 165.717029 2.17591957331744 profile1
361 165.718763 2.02003590507592 profile1
362 165.720497 1.82188588282061 profile1
363 165.722231 1.57471712169979 profile1
364 165.723965 1.28119142179855 profile1
365 165.725699 1.10010341494135 profile1
366 165.802549 1.03297876530757 profile1
367 165.85132 1.00886069726634 profile1
368 165.858793 1.05648048701015 profile1
369 165.864624 1.17339672664321 profile1
370 165.868565 1.27139630021244 profile1
371 165.872506 1.34896092931393 profile1
372 165.876447 1.40486562650916 profile1
373 165.880388 1.43824138250969 profile1
374 165.884329 1.48330052191821 profile1
375 165.88827 1.50795791447325 profile1
376 165.892211 1.5197252944088 profile1
377 165.896152 1.52175805893712 profile1
378 165.900093 1.51670277265034 profile1
379 165.912941 1.50205470739376 profile1
380 165.925276 1.47817701368608 profile1
381 165.925359 1.45217924620616 profile1
382 165.925441 1.42559297291636 profile1
383 165.930685 1.45361546932889 profile1
384 166.172164 1.62627150195072 profile1
385 166.181382 1.63166954733495 profile1
386 166.1906 1.11300128617022 profile1
387 166.324274 0.327636467464407 profile1
388 166.325217 0.194583086567602 profile1
389 166.32602 0.0347293419665075 profile1
390 166.326823 -0.167678458177333 profile1
391 166.327627 -0.248541161472129 profile1
392 166.32843 -0.231543654505877 profile1
393 166.377584 -0.215917972617888 profile1
394 166.382507 -0.206484227383876 profile1
395 166.38743 -0.208457081315786 profile1
396 166.394815 -0.221688641867388 profile1
397 166.403288 -0.290258412949251 profile1
398 166.407404 -0.384996957315261 profile1
399 166.411519 -0.262322155594368 profile1
400 166.415634 -0.150093046852847 profile1
401 166.419069 -0.0488175124733655 profile1
402 166.422503 0.041066386473184 profile1
403 166.425938 0.119199651350616 profile1
404 166.429372 0.185308956444169 profile1
405 166.432807 0.239209595200641 profile1
406 166.439999 0.280810530062643 profile1
407 166.448156 0.310166426262739 profile1
408 166.475596 0.338427826217635 profile1
409 166.491355 0.517075425872403 profile1
410 166.507114 0.659108431195038 profile1
411 166.522873 0.710632825651835 profile1
412 166.537635 0.708007795439483 profile1
413 166.55226 0.697465804655806 profile1
414 166.566886 0.691279219586979 profile1
415 166.581511 0.717627704424802 profile1
416 166.592132 0.726330078368926 profile1
417 166.599166 0.699168982152089 profile1
418 166.606199 0.638753729283313 profile1
419 166.613233 0.573320547237989 profile1
420 166.62365 0.378598926275365 profile1
421 166.754477 0.0152794431822326 profile1
422 166.783106 -0.024954823263024 profile1
423 166.802407 -0.0654054917918113 profile1
424 166.805057 -0.124867141122757 profile1
425 166.807706 -0.208907413049012 profile1
426 166.811338 -0.311766473696998 profile1
427 166.839967 -0.39163048026719 profile1
428 166.951357 -0.657739935825501 profile1
429 166.992184 -0.679906389107293 profile1
430 167.033011 -0.269739834661519 profile1
431 167.073838 -0.62418004298368 profile1
432 167.142758 -1.15313530473455 profile1
433 167.274124 -1.97149432993601 profile1
434 167.282638 -1.98610597444805 profile1
435 167.286179 -2.09755002402857 profile1
436 167.289719 -2.30951421675319 profile1
437 167.29326 -2.54733734280042 profile1
438 167.306473 -2.81389626717168 profile1
439 167.322761 -2.97994084362383 profile1
440 167.349466 -3.05698976319527 profile1
441 167.360748 -3.07558621363108 profile1
442 167.37203 -3.09486826618688 profile1
443 167.396998 -3.1145549292159 profile1
444 167.523201 -3.16919056155854 profile1
445 167.545144 -3.11918919209086 profile1
446 167.556235 -3.26390822585971 profile1
447 167.567326 -3.48778648253847 profile1
448 167.647654 -3.7798714066615 profile1
449 167.755373 -3.81883830707589 profile1
450 167.788738 -3.88020337114997 profile1
451 167.822104 -3.94296245784498 profile1
452 167.836721 -4.01973411049006 profile1
453 167.845502 -4.10440150041993 profile1
454 167.854284 -4.19318573598284 profile1
455 167.858563 -4.28579227343258 profile1
456 167.860327 -4.38421779631237 profile1
457 167.862092 -4.49466052405915 profile1
458 167.863857 -4.58952118038161 profile1
459 167.865622 -4.66145287151933 profile1
460 167.86764 -4.72312504944211 profile1
461 167.871511 -4.78537130742733 profile1
462 167.876871 -4.85119282030064 profile1
463 167.882232 -4.92052514620353 profile1
464 167.887593 -4.99329350653497 profile1
465 167.913375 -5.0612961553733 profile1
466 167.920966 -5.08603404712666 profile1
467 167.928557 -5.09569448921922 profile1
468 168.002821 -5.11744490007314 profile1
469 168.013929 -5.18089249465835 profile1
470 168.020304 -5.24828926104189 profile1
471 168.023961 -5.29871389682609 profile1
472 168.02735 -5.34039435871206 profile1
473 168.030739 -5.40626335118195 profile1
474 168.034128 -5.71839247664545 profile1
475 168.037518 -5.80132562113114 profile1
476 168.042103 -5.86631810688927 profile1
477 168.057523 -5.90395224217137 profile1
478 168.241031 -5.91904789874088 profile1
479 168.273712 -5.9570069437379 profile1
480 168.276509 -6.00069675094313 profile1
481 168.279306 -6.05094919757834 profile1
482 168.282103 -6.10772097062508 profile1
483 168.2849 -6.17092767527647 profile1
484 168.287697 -6.24044680087331 profile1
485 168.291368 -6.23803643521789 profile1
486 168.295216 -6.23397858062249 profile1
487 168.301388 -6.24818089067592 profile1
488 168.308464 -6.25524962145999 profile1
489 168.31554 -6.32468924032233 profile1
490 168.322616 -6.45173471886571 profile1
491 168.369835 -6.52774335157442 profile1
492 168.372164 -6.55220116043605 profile1
493 168.374493 -6.57712218581193 profile1
494 168.376821 -6.63846950105092 profile1
495 162.797792 -2.26470665099065 profile2
496 162.802465 -2.27058631993502 profile2
497 162.807137 -2.28169874353613 profile2
498 162.891193 -2.17351388056973 profile2
499 162.899169 -2.17449580124737 profile2
500 162.907146 -2.20844407310553 profile2
501 162.915122 -2.22576378746241 profile2
502 162.923098 -2.18478643209089 profile2
503 162.931074 -2.14299073985017 profile2
504 162.93905 -2.10075643813363 profile2
505 162.97044 -2.03375275025973 profile2
506 162.976744 -2.05000293564228 profile2
507 162.983048 -2.04534171061532 profile2
508 162.989352 -2.30033051027829 profile2
509 162.995537 -2.28067427936337 profile2
510 162.997832 -2.18363361087405 profile2
511 163.00011 -2.15287043543637 profile2
512 163.002388 -2.14097070955778 profile2
513 163.004665 -2.128827766242 profile2
514 163.006943 -2.11644633699021 profile2
515 163.009221 -2.10383135028859 profile2
516 163.011499 -2.09098875205362 profile2
517 163.013777 -2.07792470769575 profile2
518 163.016054 -2.06500932702304 profile2
519 163.018332 -2.05236843110234 profile2
520 163.02061 -2.03952919889905 profile2
521 163.022888 -2.02649972148877 profile2
522 163.025166 -2.01331055061008 profile2
523 163.029526 -1.99998165757886 profile2
524 163.045161 -1.98675353448317 profile2
525 163.061794 -1.97376106772654 profile2
526 163.078427 -1.95993285934008 profile2
527 163.09506 -1.94708623280298 profile2
528 163.111693 -1.93478917798273 profile2
529 163.125708 -1.92514937573419 profile2
530 163.137394 -0.486639317286484 profile2
531 163.14908 0.762676326590257 profile2
532 163.154021 0.891480552638464 profile2
533 163.156127 1.01537424141633 profile2
534 163.157556 1.13342848312393 profile2
535 163.158891 1.24482563976714 profile2
536 163.160225 1.34886687441215 profile2
537 163.161559 1.44497136017645 profile2
538 163.162894 1.53266232056269 profile2
539 163.164228 1.611558491536 profile2
540 163.165562 1.68136163345997 profile2
541 163.166897 1.74174084985729 profile2
542 163.26265 2.18175526318127 profile2
543 163.413317 2.90148143080672 profile2
544 163.495816 3.61597267120618 profile2
545 163.507977 3.67908019560526 profile2
546 163.520139 3.71718961265139 profile2
547 163.582672 3.7295431702107 profile2
548 164.022416 3.27648599974624 profile2
549 164.027702 2.57153308815641 profile2
550 164.032987 2.15380285975408 profile2
551 164.064248 1.9284320522613 profile2
552 164.070405 1.92717954546782 profile2
553 164.076561 1.92591170214491 profile2
554 164.255184 1.27286329556139 profile2
555 164.291807 0.856117675014967 profile2
556 164.314068 0.831295331958341 profile2
557 164.325529 0.782272210615254 profile2
558 164.336991 0.716510980163622 profile2
559 164.348452 0.637522621705431 profile2
560 164.60536 0.587749735828937 profile2
561 164.617986 0.719454591617894 profile2
562 164.628884 0.846396137125089 profile2
563 164.636687 0.963576393438136 profile2
564 164.648869 1.04355535862908 profile2
565 164.66892 1.06756618254152 profile2
566 164.758936 1.11980960041035 profile2
567 165.053217 1.05588074889805 profile2
568 165.121823 1.08057582561638 profile2
569 165.132678 1.11711236999556 profile2
570 165.143532 1.19702454206209 profile2
571 165.154046 1.21926188060734 profile2
572 165.15722 1.19860563966866 profile2
573 165.160395 1.17415915609365 profile2
574 165.163569 1.07266615398826 profile2
575 165.195982 0.902312726558417 profile2
576 165.223558 0.86108184045095 profile2
577 165.251135 0.855990811275841 profile2
578 165.276843 0.87014420573401 profile2
579 165.283031 0.84537342503662 profile2
580 165.290201 0.781415346608955 profile2
581 165.297626 0.569677410463883 profile2
582 165.445995 0.513819513461997 profile2
583 165.451594 0.5133124547292 profile2
584 165.457194 0.510862086503825 profile2
585 165.462793 0.507807890079472 profile2
586 165.468393 0.506043327374864 profile2
587 165.473992 0.505581832979503 profile2
588 165.479592 0.506433335676579 profile2
589 165.485905 -0.915067437053806 profile2
590 165.495439 -0.911165180317951 profile2
591 165.565236 -0.832323822209797 profile2
592 165.56991 -0.626139356234983 profile2
593 165.574583 -0.462123205709141 profile2
594 165.581587 -0.42630065360833 profile2
595 165.605467 -0.439818994668995 profile2
596 165.629348 -0.465063463387295 profile2
597 165.653228 -0.493284499914567 profile2
598 165.677109 -0.507967704614823 profile2
599 165.700989 -0.485320315975473 profile2
600 165.704891 -0.452062907648002 profile2
601 165.706625 -0.417056912132524 profile2
602 165.708359 -0.380476748765575 profile2
603 165.710093 -0.342523316429472 profile2
604 165.711827 -0.303416614277195 profile2
605 165.713561 -0.26405462346857 profile2
606 165.715295 -0.249270060761653 profile2
607 165.717029 -0.267061401333674 profile2
608 165.718763 -0.319554043001294 profile2
609 165.720497 -0.403268549687366 profile2
610 165.722231 -0.508803622731887 profile2
611 165.723965 -0.620824169270446 profile2
612 165.725699 -0.663657050815768 profile2
613 165.802549 -0.726447603541068 profile2
614 165.85132 -0.764200741918605 profile2
615 165.858793 -0.772357253893128 profile2
616 165.864624 -0.783968667159908 profile2
617 165.868565 -0.79868862594945 profile2
618 165.872506 -0.816509726297194 profile2
619 165.876447 -0.837415505505218 profile2
620 165.880388 -0.861382770836615 profile2
621 165.884329 -0.878444828373338 profile2
622 165.88827 -0.900009493460573 profile2
623 165.892211 -0.929501630813903 profile2
624 165.896152 -0.952939648199405 profile2
625 165.900093 -0.976657616312189 profile2
626 165.912941 -0.994758473427306 profile2
627 165.925276 -1.00452235103659 profile2
628 165.925359 -1.01516082350679 profile2
629 165.925441 -1.02609773097186 profile2
630 165.930685 -1.04206158170203 profile2
631 166.172164 -1.0297682237241 profile2
632 166.181382 -1.00484609890283 profile2
633 166.1906 -1.0012362853427 profile2
634 166.324274 -1.0302382926663 profile2
635 166.325217 -1.02780220254418 profile2
636 166.32602 -1.01993748141832 profile2
637 166.326823 -1.01297527122128 profile2
638 166.327627 -1.00177698844995 profile2
639 166.32843 -0.987121373413602 profile2
640 166.377584 -0.97650150463187 profile2
641 166.382507 -0.978571239887652 profile2
642 166.38743 -0.979022187135455 profile2
643 166.394815 -0.977780617104048 profile2
644 166.403288 -0.98531045087226 profile2
645 166.407404 -0.997102083693833 profile2
646 166.411519 -1.04907190047824 profile2
647 166.415634 -1.10081068634289 profile2
648 166.419069 -1.1517801218642 profile2
649 166.422503 -1.20142799478451 profile2
650 166.425938 -1.24922134699536 profile2
651 166.429372 -1.29468264393632 profile2
652 166.432807 -1.33742378288236 profile2
653 166.439999 -1.37716061162768 profile2
654 166.448156 -1.41365498581495 profile2
655 166.475596 -1.44593784366646 profile2
656 166.491355 -1.43295963132661 profile2
657 166.507114 -1.41963006608998 profile2
658 166.522873 -1.39742202844514 profile2
659 166.537635 -1.36951050170276 profile2
660 166.55226 -1.36553074332864 profile2
661 166.566886 -1.37093226204949 profile2
662 166.581511 -1.36245708471792 profile2
663 166.592132 -1.34869230422737 profile2
664 166.599166 -1.33029129552221 profile2
665 166.606199 -1.31140402871409 profile2
666 166.613233 -1.29922432463831 profile2
667 166.62365 -1.30203107234139 profile2
668 166.754477 -1.684601060781 profile2
669 166.783106 -1.61057006563198 profile2
670 166.802407 -1.53864020620075 profile2
671 166.805057 -1.46846250987148 profile2
672 166.807706 -1.39993960396742 profile2
673 166.811338 -1.33215553131229 profile2
674 166.839967 -1.28604376430631 profile2
675 166.951357 -1.15151537563295 profile2
676 166.992184 -1.14901429192829 profile2
677 167.033011 -1.15865614264052 profile2
678 167.073838 -1.58610802332871 profile2
679 167.142758 -1.80676830473047 profile2
680 167.274124 -1.90610703414669 profile2
681 167.282638 -1.79437057366383 profile2
682 167.286179 -1.68553160736269 profile2
683 167.289719 -1.58169856532277 profile2
684 167.29326 -1.48035775001927 profile2
685 167.306473 -1.38349869459594 profile2
686 167.322761 -1.34856042177765 profile2
687 167.349466 -1.33597987434037 profile2
688 167.360748 -1.33145523256818 profile2
689 167.37203 -1.32700665861766 profile2
690 167.396998 -1.32252339883304 profile2
691 167.523201 -1.27535429610935 profile2
692 167.545144 -1.28794328277302 profile2
693 167.556235 -1.30241490353484 profile2
694 167.567326 -1.31041909489992 profile2
695 167.647654 -1.34686628898538 profile2
696 167.755373 -1.34483217512035 profile2
697 167.788738 -1.3449353034458 profile2
698 167.822104 -1.34504000874095 profile2
699 167.836721 -1.34693922155788 profile2
700 167.845502 -1.34935426277158 profile2
701 167.854284 -1.35171473931324 profile2
702 167.858563 -1.35409111256863 profile2
703 167.860327 -1.35725569433635 profile2
704 167.862092 -1.36404630502194 profile2
705 167.863857 -1.37102797719457 profile2
706 167.865622 -1.37819934819543 profile2
707 167.86764 -1.39560701697039 profile2
708 167.871511 -1.416140840388 profile2
709 167.876871 -1.43760834886613 profile2
710 167.882232 -1.45998919282499 profile2
711 167.887593 -1.48325965113474 profile2
712 167.913375 -1.50009161598691 profile2
713 167.920966 -1.50396652345223 profile2
714 167.928557 -1.50598333817889 profile2
715 168.002821 -1.50923234037921 profile2
716 168.013929 -1.51661874713365 profile2
717 168.020304 -1.5248388884743 profile2
718 168.023961 -1.53503586732078 profile2
719 168.02735 -1.54619554983853 profile2
720 168.030739 -1.56746726820682 profile2
721 168.034128 -1.69572548131557 profile2
722 168.037518 -1.70907121793804 profile2
723 168.042103 -1.72022901485238 profile2
724 168.057523 -1.71680023783495 profile2
725 168.241031 -1.77703547292073 profile2
726 168.273712 -1.77941797334726 profile2
727 168.276509 -1.78113832264917 profile2
728 168.279306 -1.78298094091794 profile2
729 168.282103 -1.78494244322999 profile2
730 168.2849 -1.78701910017329 profile2
731 168.287697 -1.78920914980447 profile2
732 168.291368 -1.83009776892245 profile2
733 168.295216 -1.8809768158825 profile2
734 168.301388 -1.93385155750001 profile2
735 168.308464 -2.09469689667519 profile2
736 168.31554 -2.34990671303013 profile2
737 168.322616 -2.67633453686951 profile2
738 168.369835 -2.81674991303603 profile2
739 168.372164 -2.81999924438794 profile2
740 168.374493 -2.82328052876958 profile2
741 168.376821 -2.82167991620977 profile2
