marker_position lod trace
1 162.797792 -16.6833667899238 pleio
2 162.802465 -16.4676815537419 pleio
3 162.807137 -16.2891063874636 pleio
4 162.891193 -16.0209727236651 pleio
5 162.899169 -15.5953872496113 pleio
6 162.907146 -15.6906584722621 pleio
7 162.915122 -15.8954295515436 pleio
8 162.923098 -15.774386142438 pleio
9 162.931074 -15.6634520865387 pleio
10 162.93905 -15.560171724841 pleio
11 162.97044 -15.2674601514241 pleio
12 162.976744 -15.2457823383051 pleio
13 162.983048 -15.237266003514 pleio
14 162.989352 -15.3698872406198 pleio
15 162.995537 -14.9584364335691 pleio
16 162.997832 -14.494253054725 pleio
17 163.00011 -14.4202731817378 pleio
18 163.002388 -14.3933503221728 pleio
19 163.004665 -14.3665899191843 pleio
20 163.006943 -14.3400351943015 pleio
21 163.009221 -14.3137323054449 pleio
22 163.011499 -14.2877314671353 pleio
23 163.013777 -14.2620845246466 pleio
24 163.016054 -14.2341551158941 pleio
25 163.018332 -14.203233100596 pleio
26 163.02061 -14.1730064248044 pleio
27 163.022888 -14.1435382029961 pleio
28 163.025166 -14.115086214267 pleio
29 163.029526 -14.0877610962933 pleio
30 163.045161 -14.0681913748616 pleio
31 163.061794 -14.0431099711686 pleio
32 163.078427 -13.7990391586746 pleio
33 163.09506 -13.4732658342019 pleio
34 163.111693 -13.2154330720109 pleio
35 163.125708 -13.015637635401 pleio
36 163.137394 -11.8287699457758 pleio
37 163.14908 -11.151898511314 pleio
38 163.154021 -11.1079547737505 pleio
39 163.156127 -11.0628187398907 pleio
40 163.157556 -11.015634129811 pleio
41 163.158891 -10.9658404760276 pleio
42 163.160225 -10.9133174838953 pleio
43 163.161559 -10.8584824496465 pleio
44 163.162894 -10.8023048632908 pleio
45 163.164228 -10.7462247718064 pleio
46 163.165562 -10.6920006759789 pleio
47 163.166897 -10.64154160393 pleio
48 163.26265 -9.68443258038508 pleio
49 163.413317 -7.18437713786203 pleio
50 163.495816 -6.47494340672972 pleio
51 163.507977 -6.52014337608224 pleio
52 163.520139 -6.56635515486516 pleio
53 163.582672 -6.54590768931932 pleio
54 164.022416 -6.24405385130426 pleio
55 164.027702 -6.48583317724903 pleio
56 164.032987 -6.7686702173437 pleio
57 164.064248 -7.02149851417829 pleio
58 164.070405 -7.01024170099023 pleio
59 164.076561 -6.99927160223025 pleio
60 164.255184 -7.69779402181462 pleio
61 164.291807 -6.2648835318785 pleio
62 164.314068 -6.15961759257176 pleio
63 164.325529 -5.90599839433385 pleio
64 164.336991 -5.7275222484162 pleio
65 164.348452 -5.77495431222833 pleio
66 164.60536 -6.03192999380113 pleio
67 164.617986 -6.03885787774582 pleio
68 164.628884 -6.0693614570138 pleio
69 164.636687 -6.10425850662197 pleio
70 164.648869 -6.10689678399644 pleio
71 164.66892 -6.05925183909929 pleio
72 164.758936 -5.98322160187397 pleio
73 165.053217 -4.60347309616679 pleio
74 165.121823 -4.56858733419374 pleio
75 165.132678 -4.59794611792594 pleio
76 165.143532 -4.18196817251818 pleio
77 165.154046 -3.36654566887805 pleio
78 165.15722 -3.11748381080999 pleio
79 165.160395 -2.94088430660809 pleio
80 165.163569 -2.96035906784137 pleio
81 165.195982 -2.92548648678128 pleio
82 165.223558 -2.92278558649942 pleio
83 165.251135 -2.92510757870863 pleio
84 165.276843 -2.90509912115203 pleio
85 165.283031 -2.60823798769172 pleio
86 165.290201 -2.06683725755883 pleio
87 165.297626 -1.11919099538029 pleio
88 165.445995 -1.00018464488591 pleio
89 165.451594 -0.950234552351195 pleio
90 165.457194 -0.913683912302061 pleio
91 165.462793 -0.896732015141067 pleio
92 165.468393 -0.893579440161267 pleio
93 165.473992 -0.902420338865606 pleio
94 165.479592 -0.922949460624391 pleio
95 165.485905 -0.542764442629227 pleio
96 165.495439 -0.550037015822422 pleio
97 165.565236 -0.444445718539777 pleio
98 165.56991 -0.227666528780028 pleio
99 165.574583 -0.110240835436762 pleio
100 165.581587 -0.00413704717803117 pleio
101 165.605467 0 pleio
102 165.629348 -0.00162130671020829 pleio
103 165.653228 -0.0169659746231145 pleio
104 165.677109 -0.0271732030509142 pleio
105 165.700989 -0.0243203721759258 pleio
106 165.704891 -0.0320548146401959 pleio
107 165.706625 -0.042155404577379 pleio
108 165.708359 -0.0545710822986917 pleio
109 165.710093 -0.0692371502326083 pleio
110 165.711827 -0.0860747579333839 pleio
111 165.713561 -0.0607222912821734 pleio
112 165.715295 -0.0644449926316102 pleio
113 165.717029 -0.11551565137765 pleio
114 165.718763 -0.215987285392361 pleio
115 165.720497 -0.366499355352701 pleio
116 165.722231 -0.565554185760065 pleio
117 165.723965 -0.809300600101598 pleio
118 165.725699 -1.08683516733959 pleio
119 165.802549 -1.23003169442684 pleio
120 165.85132 -1.26490226731315 pleio
121 165.858793 -1.25888756849245 pleio
122 165.864624 -1.25815354975876 pleio
123 165.868565 -1.29634246672731 pleio
124 165.872506 -1.37455052614394 pleio
125 165.876447 -1.49321682485625 pleio
126 165.880388 -1.65207643504583 pleio
127 165.884329 -1.83748339765214 pleio
128 165.88827 -2.07336613890613 pleio
129 165.892211 -2.29491654348546 pleio
130 165.896152 -2.42005466894236 pleio
131 165.900093 -2.5574593448756 pleio
132 165.912941 -2.6419110603515 pleio
133 165.925276 -2.65740697195889 pleio
134 165.925359 -2.66586957815971 pleio
135 165.925441 -2.67430090359946 pleio
136 165.930685 -2.73283913845788 pleio
137 166.172164 -2.73199787222915 pleio
138 166.181382 -2.68517092618191 pleio
139 166.1906 -2.60462988299802 pleio
140 166.324274 -2.6926242021443 pleio
141 166.325217 -2.97815389488522 pleio
142 166.32602 -3.41214438191115 pleio
143 166.326823 -3.95129233483997 pleio
144 166.327627 -4.24332518305746 pleio
145 166.32843 -4.32761814465858 pleio
146 166.377584 -4.40598545332105 pleio
147 166.382507 -4.4524650061752 pleio
148 166.38743 -4.51893499367464 pleio
149 166.394815 -4.60487715243201 pleio
150 166.403288 -4.74887888175586 pleio
151 166.407404 -4.95516601290191 pleio
152 166.411519 -4.95443691640557 pleio
153 166.415634 -4.96940064208773 pleio
154 166.419069 -4.99967220709151 pleio
155 166.422503 -5.04479528069318 pleio
156 166.425938 -5.10426246129607 pleio
157 166.429372 -5.17755646161521 pleio
158 166.432807 -5.26417695674784 pleio
159 166.439999 -5.36359552159947 pleio
160 166.448156 -5.47484584952464 pleio
161 166.475596 -5.52514074345937 pleio
162 166.491355 -5.28920350573867 pleio
163 166.507114 -5.22947796680128 pleio
164 166.522873 -5.22429926333741 pleio
165 166.537635 -5.15156015162184 pleio
166 166.55226 -5.15414023577092 pleio
167 166.566886 -5.02455655242058 pleio
168 166.581511 -5.04706392685593 pleio
169 166.592132 -5.085217476076 pleio
170 166.599166 -5.38449523724194 pleio
171 166.606199 -5.82347005258605 pleio
172 166.613233 -5.95903491454772 pleio
173 166.62365 -6.17535932126373 pleio
174 166.754477 -6.99383394149996 pleio
175 166.783106 -6.93634264262773 pleio
176 166.802407 -6.93143883382505 pleio
177 166.805057 -6.95969230446939 pleio
178 166.807706 -7.00861911840407 pleio
179 166.811338 -7.03514881609404 pleio
180 166.839967 -7.04398174178491 pleio
181 166.951357 -7.07120491693479 pleio
182 166.992184 -7.06833670838723 pleio
183 167.033011 -7.44775129192782 pleio
184 167.073838 -7.88244881455321 pleio
185 167.142758 -7.65642061444864 pleio
186 167.274124 -8.10222055298377 pleio
187 167.282638 -8.10573388499582 pleio
188 167.286179 -8.24164837546301 pleio
189 167.289719 -8.5107146277152 pleio
190 167.29326 -8.86863034810802 pleio
191 167.306473 -9.16468312551742 pleio
192 167.322761 -9.21671454422886 pleio
193 167.349466 -9.20995047624357 pleio
194 167.360748 -9.20704454170426 pleio
195 167.37203 -9.20452473168743 pleio
196 167.396998 -9.20188985177808 pleio
197 167.523201 -9.05210563912771 pleio
198 167.545144 -9.05545862644355 pleio
199 167.556235 -9.1922940504848 pleio
200 167.567326 -9.43162948410534 pleio
201 167.647654 -9.96909780536628 pleio
202 167.755373 -9.9724713620197 pleio
203 167.788738 -9.97903335222066 pleio
204 167.822104 -9.98561423167617 pleio
205 167.836721 -9.98681324206804 pleio
206 167.845502 -9.99066794669561 pleio
207 167.854284 -9.99950443286552 pleio
208 167.858563 -10.0135672082351 pleio
209 167.860327 -10.0365894366166 pleio
210 167.862092 -10.0822137424418 pleio
211 167.863857 -10.129320580087 pleio
212 167.865622 -10.17268362726 pleio
213 167.86764 -10.2045703047622 pleio
214 167.871511 -10.2388383015275 pleio
215 167.876871 -10.2790889797058 pleio
216 167.882232 -10.3252428721088 pleio
217 167.887593 -10.3771952223792 pleio
218 167.913375 -10.3940949714267 pleio
219 167.920966 -10.3666481474301 pleio
220 167.928557 -10.3400896031285 pleio
221 168.002821 -10.3242926500404 pleio
222 168.013929 -10.3464578320279 pleio
223 168.020304 -10.370199264023 pleio
224 168.023961 -10.3779173743414 pleio
225 168.02735 -10.3877589402169 pleio
226 168.030739 -10.40834181944 pleio
227 168.034128 -11.098171799328 pleio
228 168.037518 -11.1327750830049 pleio
229 168.042103 -11.1491347651844 pleio
230 168.057523 -11.595847970444 pleio
231 168.241031 -11.6366154873428 pleio
232 168.273712 -11.66269699885 pleio
233 168.276509 -11.7049191883512 pleio
234 168.279306 -11.7579552849375 pleio
235 168.282103 -11.8217687393611 pleio
236 168.2849 -11.8962360448387 pleio
237 168.287697 -11.9811389860681 pleio
238 168.291368 -12.0415996462485 pleio
239 168.295216 -12.1329348187203 pleio
240 168.301388 -12.2615455615566 pleio
241 168.308464 -12.8792547867742 pleio
242 168.31554 -14.3351632834499 pleio
243 168.322616 -16.522455017094 pleio
244 168.369835 -17.4907746460084 pleio
245 168.372164 -17.460343890144 pleio
246 168.374493 -17.4306152045301 pleio
247 168.376821 -17.4145545524687 pleio
248 162.797792 -12.0015442585943 profile1
249 162.802465 -11.7901011736413 profile1
250 162.807137 -11.5956111333008 profile1
251 162.891193 -11.334954312321 profile1
252 162.899169 -10.6093147536424 profile1
253 162.907146 -10.3277920053571 profile1
254 162.915122 -10.4057130496717 profile1
255 162.923098 -10.2919770323604 profile1
256 162.931074 -10.1896866264442 profile1
257 162.93905 -10.095846420209 profile1
258 162.97044 -9.86024405275266 profile1
259 162.976744 -9.86732487295156 profile1
260 162.983048 -9.87758499428605 profile1
261 162.989352 -9.73397897883029 profile1
262 162.995537 -9.39227402770909 profile1
263 162.997832 -9.13921625251684 profile1
264 163.00011 -9.11115486372215 profile1
265 163.002388 -9.1056272537285 profile1
266 163.004665 -9.10001678925206 profile1
267 163.006943 -9.09431828176566 profile1
268 163.009221 -9.08852912514845 profile1
269 163.011499 -9.08264850532612 profile1
270 163.013777 -9.07667897406494 profile1
271 163.016054 -9.06866117062655 profile1
272 163.018332 -9.05803716126888 profile1
273 163.02061 -9.04746079485609 profile1
274 163.022888 -9.03694403520006 profile1
275 163.025166 -9.0265189869208 profile1
276 163.029526 -9.01619079945869 profile1
277 163.045161 -9.01314647922628 profile1
278 163.061794 -9.00422929633426 profile1
279 163.078427 -8.76675367016864 profile1
280 163.09506 -8.43933860839622 profile1
281 163.111693 -8.17914470769779 profile1
282 163.125708 -7.98578922025854 profile1
283 163.137394 -7.158019854173 profile1
284 163.14908 -6.47627883292404 profile1
285 163.154021 -6.45946910664885 profile1
286 163.156127 -6.44320142342328 profile1
287 163.157556 -6.42753083784915 profile1
288 163.158891 -6.4125290574137 profile1
289 163.160225 -6.3982833809854 profile1
290 163.161559 -6.38489106765271 profile1
291 163.162894 -6.37245644457514 profile1
292 163.164228 -6.36108208505594 profile1
293 163.165562 -6.35086830203926 profile1
294 163.166897 -6.34200581003836 profile1
295 163.26265 -6.03368088457617 profile1
296 163.413317 -5.18006416606326 profile1
297 163.495816 -5.58931481610116 profile1
298 163.507977 -5.86762525222673 profile1
299 163.520139 -6.14760640075949 profile1
300 163.582672 -6.34780841016633 profile1
301 164.022416 -6.24405385130426 profile1
302 164.027702 -6.18976225176554 profile1
303 164.032987 -6.16428249655304 profile1
304 164.064248 -6.26215818959638 profile1
305 164.070405 -6.25861010382222 profile1
306 164.076561 -6.25513773101065 profile1
307 164.255184 -5.95740234115475 profile1
308 164.291807 -4.10805190272776 profile1
309 164.314068 -3.97386657129438 profile1
310 164.325529 -3.67714723049367 profile1
311 164.336991 -3.40600359861576 profile1
312 164.348452 -3.09865963153413 profile1
313 164.60536 -2.99123095696589 profile1
314 164.617986 -2.95591579041623 profile1
315 164.628884 -2.92434978348439 profile1
316 164.636687 -2.90520735577289 profile1
317 164.648869 -2.90711943808745 profile1
318 164.66892 -2.87624077527885 profile1
319 164.758936 -2.85381132681499 profile1
320 165.053217 -1.14143570355484 profile1
321 165.121823 -1.13838737637318 profile1
322 165.132678 -1.1975667776688 profile1
323 165.143532 -0.793563681952174 profile1
324 165.154046 -0.284770236866591 profile1
325 165.15722 -0.00885553261292025 profile1
326 165.160395 0.19760480157408 profile1
327 165.163569 0.228449372287437 profile1
328 165.195982 0.313832012410026 profile1
329 165.223558 0.332391628827659 profile1
330 165.251135 0.33810584879037 profile1
331 165.276843 0.387460830047156 profile1
332 165.283031 0.755481152057625 profile1
333 165.290201 1.3564531530175 profile1
334 165.297626 2.36366659074521 profile1
335 165.445995 2.52082461506908 profile1
336 165.451594 2.59549233829588 profile1
337 165.457194 2.66235934061855 profile1
338 165.462793 2.71532167113689 profile1
339 165.468393 2.75761077313776 profile1
340 165.473992 2.79039597032381 profile1
341 165.479592 2.81359363348788 profile1
342 165.485905 5.02497161902572 profile1
343 165.495439 5.04769332888014 profile1
344 165.565236 5.05598305254802 profile1
345 165.56991 5.00233889296189 profile1
346 165.574583 4.89720239904217 profile1
347 165.581587 5.04353851615352 profile1
348 165.605467 5.08718064257254 profile1
349 165.629348 5.12080340657542 profile1
350 165.653228 5.14216939253688 profile1
351 165.677109 5.15270469148837 profile1
352 165.700989 5.15868603568535 profile1
353 165.704891 5.15788219517586 profile1
354 165.706625 5.1541200091797 profile1
355 165.708359 5.14737953108166 profile1
356 165.710093 5.13766160166564 profile1
357 165.711827 5.12498954446973 profile1
358 165.713561 5.12617212860561 profile1
359 165.715295 5.09588521525705 profile1
360 165.717029 5.02376627092064 profile1
361 165.718763 4.9075560327414 profile1
362 165.720497 4.74589216282766 profile1
363 165.722231 4.53911309824392 profile1
364 165.723965 4.29020886578958 profile1
365 165.725699 4.02092193086466 profile1
366 165.802549 3.86483242977932 profile1
367 165.85132 3.82591003295188 profile1
368 165.858793 3.84032754210476 profile1
369 165.864624 3.87551986623576 profile1
370 165.868565 3.8749581234528 profile1
371 165.872506 3.83741162377098 profile1
372 165.876447 3.76227759624388 profile1
373 165.880388 3.64963094381379 profile1
374 165.884329 3.51633530762272 profile1
375 165.88827 3.33896583327181 profile1
376 165.892211 3.18133830547388 profile1
377 165.896152 3.10168327686738 profile1
378 165.900093 3.00729353909752 profile1
379 165.912941 2.95415966788307 profile1
380 165.925276 2.95515445905855 profile1
381 165.925359 2.96177020808241 profile1
382 165.925441 2.96809080574857 profile1
383 165.930685 2.92290856980595 profile1
384 166.172164 2.97124671182124 profile1
385 166.181382 3.0493723013447 profile1
386 166.1906 3.07550601557902 profile1
387 166.324274 3.1169686608474 profile1
388 166.325217 2.86682406418151 profile1
389 166.32602 2.47120823424994 profile1
390 166.326823 1.9728739152656 profile1
391 166.327627 1.72063932606145 profile1
392 166.32843 1.67350905789212 profile1
393 166.377584 1.62215996991299 profile1
394 166.382507 1.56798195011787 profile1
395 166.38743 1.4934094895212 profile1
396 166.394815 1.39896734813798 profile1
397 166.403288 1.22281751266763 profile1
398 166.407404 0.982926433255927 profile1
399 166.411519 0.984402267723135 profile1
400 166.415634 0.972097134901848 profile1
401 166.419069 0.946073148436265 profile1
402 166.422503 0.906448338156807 profile1
403 166.425938 0.853402033156026 profile1
404 166.429372 0.787163301146791 profile1
405 166.432807 0.708008595211469 profile1
406 166.439999 0.616309229349777 profile1
407 166.448156 0.512845314507514 profile1
408 166.475596 0.472226953962121 profile1
409 166.491355 0.755169028879952 profile1
410 166.507114 0.841175582205205 profile1
411 166.522873 0.866405396992214 profile1
412 166.537635 0.943912030003094 profile1
413 166.55226 0.943639011939517 profile1
414 166.566886 1.07730111003817 profile1
415 166.581511 1.07873158999741 profile1
416 166.592132 1.11415671503913 profile1
417 166.599166 0.903199211820283 profile1
418 166.606199 0.533787233552087 profile1
419 166.613233 0.403487502897043 profile1
420 166.62365 0.19053266423987 profile1
421 166.754477 -0.783264437129911 profile1
422 166.783106 -0.754461129617088 profile1
423 166.802407 -0.796597093746298 profile1
424 166.805057 -0.879902735375058 profile1
425 166.807706 -0.985521929736888 profile1
426 166.811338 -1.04947334852907 profile1
427 166.839967 -1.07437044274306 profile1
428 166.951357 -1.09585719615359 profile1
429 166.992184 -1.08995292997708 profile1
430 167.033011 -1.41824754380194 profile1
431 167.073838 -1.29416352506839 profile1
432 167.142758 -0.588540972080188 profile1
433 167.274124 -1.00212012423809 profile1
434 167.282638 -1.04377778096427 profile1
435 167.286179 -1.21119293048113 profile1
436 167.289719 -1.5039115941802 profile1
437 167.29326 -1.88404224411173 profile1
438 167.306473 -2.20977227999435 profile1
439 167.322761 -2.26684022693354 profile1
440 167.349466 -2.26219262288628 profile1
441 167.360748 -2.26302488838656 profile1
442 167.37203 -2.26445388060895 profile1
443 167.396998 -2.26533944262956 profile1
444 167.523201 -1.86876239622672 profile1
445 167.545144 -1.8694208390072 profile1
446 167.556235 -2.03857380779105 profile1
447 167.567326 -2.33048990513908 profile1
448 167.647654 -2.88992861427543 profile1
449 167.755373 -2.89589085551696 profile1
450 167.788738 -2.90366035810775 profile1
451 167.822104 -2.91184899668279 profile1
452 167.836721 -2.92601427654852 profile1
453 167.845502 -2.9467837327798 profile1
454 167.854284 -2.97303543010318 profile1
455 167.858563 -3.00486892796801 profile1
456 167.860327 -3.04696291848695 profile1
457 167.862092 -3.115107937518 profile1
458 167.863857 -3.17708752385159 profile1
459 167.865622 -3.22552387095185 profile1
460 167.86764 -3.26474733519576 profile1
461 167.871511 -3.30705804625818 profile1
462 167.876871 -3.35559310587664 profile1
463 167.882232 -3.41029415890327 profile1
464 167.887593 -3.47107932168792 profile1
465 167.913375 -3.49933983161867 profile1
466 167.920966 -3.48248289635196 profile1
467 167.928557 -3.46517714399678 profile1
468 168.002821 -3.44893943247041 profile1
469 168.013929 -3.43612925124507 profile1
470 168.020304 -3.42405462492725 profile1
471 168.023961 -3.40286373917738 profile1
472 168.02735 -3.38756516856828 profile1
473 168.030739 -3.4336680374895 profile1
474 168.034128 -4.55221283502189 profile1
475 168.037518 -4.54668824126197 profile1
476 168.042103 -4.538660718287 profile1
477 168.057523 -4.8976644309596 profile1
478 168.241031 -4.93253289014774 profile1
479 168.273712 -4.95328570155125 profile1
480 168.276509 -4.98897344741355 profile1
481 168.279306 -5.0354432033023 profile1
482 168.282103 -5.09269010122047 profile1
483 168.2849 -5.16062563847457 profile1
484 168.287697 -5.2390716269592 profile1
485 168.291368 -5.30621428702872 profile1
486 168.295216 -5.39826854983145 profile1
487 168.301388 -5.51923786727051 profile1
488 168.308464 -6.06861896047816 profile1
489 168.31554 -7.39770291722424 profile1
490 168.322616 -9.41343471858203 profile1
491 168.369835 -10.3197918323031 profile1
492 168.372164 -10.3120933729166 profile1
493 168.374493 -10.3051665016689 profile1
494 168.376821 -10.317421726635 profile1
495 162.797792 0.356589748000677 profile2
496 162.802465 0.358294734582446 profile2
497 162.807137 0.339515335790029 profile2
498 162.891193 0.348011520438018 profile2
499 162.899169 0.0515985262307691 profile2
500 162.907146 -0.318316942458208 profile2
501 162.915122 -0.442456330439337 profile2
502 162.923098 -0.432909276352568 profile2
503 162.931074 -0.421915675818528 profile2
504 162.93905 -0.410153595887314 profile2
505 162.97044 -0.34982093901565 profile2
506 162.976744 -0.321377141090004 profile2
507 162.983048 -0.303057346610816 profile2
508 162.989352 -0.577645668120047 profile2
509 162.995537 -0.50567457777592 profile2
510 162.997832 -0.287687460462537 profile2
511 163.00011 -0.240317526284384 profile2
512 163.002388 -0.219032536137513 profile2
513 163.004665 -0.19800844119605 profile2
514 163.006943 -0.17729274799435 profile2
515 163.009221 -0.156933252603727 profile2
516 163.011499 -0.136979897291007 profile2
517 163.013777 -0.117480880096172 profile2
518 163.016054 -0.097745866920494 profile2
519 163.018332 -0.0776188562461034 profile2
520 163.02061 -0.0581495051928871 profile2
521 163.022888 -0.0393878285304797 profile2
522 163.025166 -0.0215642454405582 profile2
523 163.029526 -0.00478462594844515 profile2
524 163.045161 0.0112949782349329 profile2
525 163.061794 0.026907973172301 profile2
526 163.078427 0.0343962917000672 profile2
527 163.09506 0.034406786692648 profile2
528 163.111693 0.0331623849504502 profile2
529 163.125708 0.0416513248669873 profile2
530 163.137394 0.44148982885919 profile2
531 163.14908 0.456606679508684 profile2
532 163.154021 0.48429325218604 profile2
533 163.156127 0.513463694578623 profile2
534 163.157556 0.544975886182026 profile2
535 163.158891 0.579418357144685 profile2
536 163.160225 0.616970640372938 profile2
537 163.161559 0.657304579897843 profile2
538 163.162894 0.69956844045989 profile2
539 163.164228 0.742458209124196 profile2
540 163.165562 0.784364895738727 profile2
541 163.166897 0.823629969342129 profile2
542 163.26265 1.48719929578597 profile2
543 163.413317 3.16310299915291 profile2
544 163.495816 4.2851305155888 profile2
545 163.507977 4.51532773309828 profile2
546 163.520139 4.74654566623432 profile2
547 163.582672 4.9657588494664 profile2
548 164.022416 5.15868603568535 profile2
549 164.027702 4.86649746402602 profile2
550 164.032987 4.55337539929495 profile2
551 164.064248 4.39099636229681 profile2
552 164.070405 4.39855680369493 profile2
553 164.076561 4.40590869995779 profile2
554 164.255184 3.40477130398196 profile2
555 164.291807 2.9924391226232 profile2
556 164.314068 2.96451248304485 profile2
557 164.325529 2.92332304117691 profile2
558 164.336991 2.83038270328173 profile2
559 164.348452 2.47475612268812 profile2
560 164.60536 2.11156450730095 profile2
561 164.617986 2.06870521692173 profile2
562 164.628884 2.00637907425404 profile2
563 164.636687 1.95226845544901 profile2
564 164.648869 1.95126066527516 profile2
565 164.66892 1.96975263978275 profile2
566 164.758936 2.02843399674893 profile2
567 165.053217 1.69472867554775 profile2
568 165.121823 1.72624918524276 profile2
569 165.132678 1.75525368700997 profile2
570 165.143532 1.7659289490304 profile2
571 165.154046 2.07398073149182 profile2
572 165.15722 2.05009978355348 profile2
573 165.160395 2.0212404269949 profile2
574 165.163569 1.96805361980796 profile2
575 165.195982 1.9144677033867 profile2
576 165.223558 1.8980699131062 profile2
577 165.251135 1.89002120770262 profile2
578 165.276843 1.86133942029796 profile2
579 165.283031 1.79117341002509 profile2
580 165.290201 1.73549516934158 profile2
581 165.297626 1.6822641995723 profile2
582 165.445995 1.64793933251806 profile2
583 165.451594 1.62300864084783 profile2
584 165.457194 1.5927369836951 profile2
585 165.462793 1.55699788967658 profile2
586 165.468393 1.51831982320169 profile2
587 165.473992 1.47735186200566 profile2
588 165.479592 1.43448788695795 profile2
589 165.485905 -0.408051569031616 profile2
590 165.495439 -0.43689554162594 profile2
591 165.565236 -0.338870836054054 profile2
592 165.56991 -0.0673505342797783 profile2
593 165.574583 0.153135882387208 profile2
594 165.581587 0.112635802402217 profile2
595 165.605467 0.0733552234816462 profile2
596 165.629348 0.0377502067927607 profile2
597 165.653228 0.000282159655015379 profile2
598 165.677109 -0.0210924032468704 profile2
599 165.700989 -0.0243203721759258 profile2
600 165.704891 -0.0315307449991673 profile2
601 165.706625 -0.0381391915424784 profile2
602 165.708359 -0.0440744783784274 profile2
603 165.710093 -0.0492724994823095 profile2
604 165.711827 -0.0536774794550452 profile2
605 165.713561 -0.0295019166109433 profile2
606 165.715295 -0.0029946195161779 profile2
607 165.717029 0.0178330309679579 profile2
608 165.718763 0.0331521412695687 profile2
609 165.720497 0.0436474155957356 profile2
610 165.722231 0.0504423983108685 profile2
611 165.723965 0.0543856777721691 profile2
612 165.725699 0.0450584078446436 profile2
613 165.802549 0.0575854298328581 profile2
614 165.85132 0.0620943911179641 profile2
615 165.858793 0.0535640678396039 profile2
616 165.864624 0.0194945536504993 profile2
617 165.868565 -0.0180607668127794 profile2
618 165.872506 -0.0589761597695075 profile2
619 165.876447 -0.103096716224834 profile2
620 165.880388 -0.150241070566868 profile2
621 165.884329 -0.203930161531436 profile2
622 165.88827 -0.264711863645648 profile2
623 165.892211 -0.331720827111174 profile2
624 165.896152 -0.380510149357063 profile2
625 165.900093 -0.427074787408018 profile2
626 165.912941 -0.460005604272863 profile2
627 165.925276 -0.475980782606844 profile2
628 165.925359 -0.490441395914455 profile2
629 165.925441 -0.504571849933903 profile2
630 165.930685 -0.517080659290561 profile2
631 166.172164 -0.564690287855242 profile2
632 166.181382 -0.597055136867017 profile2
633 166.1906 -0.543696702120003 profile2
634 166.324274 -0.667731776536359 profile2
635 166.325217 -0.703662553954609 profile2
636 166.32602 -0.741952093031477 profile2
637 166.326823 -0.781954310428308 profile2
638 166.327627 -0.821923294338784 profile2
639 166.32843 -0.860363881796953 profile2
640 166.377584 -0.889042488230415 profile2
641 166.382507 -0.884063742532354 profile2
642 166.38743 -0.878614862882359 profile2
643 166.394815 -0.872681461574323 profile2
644 166.403288 -0.843300978996526 profile2
645 166.407404 -0.811738349921872 profile2
646 166.411519 -0.812857619518815 profile2
647 166.415634 -0.81583475510958 profile2
648 166.419069 -0.820339802330547 profile2
649 166.422503 -0.826026517984842 profile2
650 166.425938 -0.832558665521484 profile2
651 166.429372 -0.839640577286054 profile2
652 166.432807 -0.847042666687322 profile2
653 166.439999 -0.85460529663809 profile2
654 166.448156 -0.862147570540835 profile2
655 166.475596 -0.871794366584315 profile2
656 166.491355 -0.918175763520719 profile2
657 166.507114 -0.943494358601649 profile2
658 166.522873 -0.962369776936703 profile2
659 166.537635 -0.965174381330212 profile2
660 166.55226 -0.96731888585447 profile2
661 166.566886 -0.966528846077492 profile2
662 166.581511 -0.989724463303572 profile2
663 166.592132 -1.06225329987633 profile2
664 166.599166 -1.14832599718689 profile2
665 166.606199 -1.21556675536886 profile2
666 166.613233 -1.2213367771544 profile2
667 166.62365 -1.22619030520729 profile2
668 166.754477 -1.08359633677706 profile2
669 166.783106 -1.05539280171615 profile2
670 166.802407 -1.0096147224439 profile2
671 166.805057 -0.956199554425689 profile2
672 166.807706 -0.901326445393097 profile2
673 166.811338 -0.865582082045395 profile2
674 166.839967 -0.850378890432005 profile2
675 166.951357 -0.85414549440618 profile2
676 166.992184 -0.857147289799262 profile2
677 167.033011 -0.905840057393976 profile2
678 167.073838 -1.47065537941046 profile2
679 167.142758 -1.94477294995326 profile2
680 167.274124 -1.97242381614995 profile2
681 167.282638 -1.9297047937681 profile2
682 167.286179 -1.8952668434432 profile2
683 167.289719 -1.87046415468602 profile2
684 167.29326 -1.84937027948112 profile2
685 167.306473 -1.82415471886694 profile2
686 167.322761 -1.81895747614898 profile2
687 167.349466 -1.81583072296786 profile2
688 167.360748 -1.81151600543102 profile2
689 167.37203 -1.80700406766862 profile2
690 167.396998 -1.80294854307902 profile2
691 167.523201 -2.05389260164785 profile2
692 167.545144 -2.05542090136046 profile2
693 167.556235 -2.02252838209229 profile2
694 167.567326 -1.96909373881651 profile2
695 167.647654 -1.94711441696186 profile2
696 167.755373 -1.9445414135521 profile2
697 167.788738 -1.943766835506 profile2
698 167.822104 -1.94258577751787 profile2
699 167.836721 -1.93002335112274 profile2
700 167.845502 -1.91341160092071 profile2
701 167.854284 -1.89618960582313 profile2
702 167.858563 -1.87850179534122 profile2
703 167.860327 -1.85945041822396 profile2
704 167.862092 -1.8370714728579 profile2
705 167.863857 -1.82263507587168 profile2
706 167.865622 -1.81845096950439 profile2
707 167.86764 -1.811442991005 profile2
708 167.871511 -1.80366700778323 profile2
709 167.876871 -1.79572206709359 profile2
710 167.882232 -1.78758453058778 profile2
711 167.887593 -1.77922885871273 profile2
712 167.913375 -1.76779502025071 profile2
713 167.920966 -1.75629897121145 profile2
714 167.928557 -1.74608413517934 profile2
715 168.002821 -1.74547933937928 profile2
716 168.013929 -1.77917670682531 profile2
717 168.020304 -1.81375590342347 profile2
718 168.023961 -1.84156801722328 profile2
719 168.02735 -1.86551119124089 profile2
720 168.030739 -1.83945675796537 profile2
721 168.034128 -1.41354751506469 profile2
722 168.037518 -1.45269900287466 profile2
723 168.042103 -1.47614003357359 profile2
724 168.057523 -1.56638567726555 profile2
725 168.241031 -1.5715255028151 profile2
726 168.273712 -1.57647279936828 profile2
727 168.276509 -1.58252793161819 profile2
728 168.279306 -1.58849126901185 profile2
729 168.282103 -1.5943290451022 profile2
730 168.2849 -1.60000529302158 profile2
731 168.287697 -1.60548014794793 profile2
732 168.291368 -1.59928052116337 profile2
733 168.295216 -1.6001548407706 profile2
734 168.301388 -1.60987018511822 profile2
735 168.308464 -1.68808558657257 profile2
736 168.31554 -1.84029762744209 profile2
737 168.322616 -2.05028846229096 profile2
738 168.369835 -2.12883178382641 profile2
739 168.372164 -2.10524593993049 profile2
740 168.374493 -2.08160834428253 profile2
741 168.376821 -2.05220612335001 profile2
