marker_position lod trace
1 162.797792 -20.3233536059551 pleio
2 162.802465 -20.0464635156252 pleio
3 162.807137 -19.849556904679 pleio
4 162.891193 -19.5049889456079 pleio
5 162.899169 -18.6379782715951 pleio
6 162.907146 -18.5008960389329 pleio
7 162.915122 -18.392470832249 pleio
8 162.923098 -18.2560338239717 pleio
9 162.931074 -18.1287676417931 pleio
10 162.93905 -18.0265339911519 pleio
11 162.97044 -17.9327883676057 pleio
12 162.976744 -17.9240954570331 pleio
13 162.983048 -17.8647365608471 pleio
14 162.989352 -17.302699941154 pleio
15 162.995537 -16.3076152847323 pleio
16 162.997832 -16.3922164461864 pleio
17 163.00011 -16.4606176352199 pleio
18 163.002388 -16.3854376800766 pleio
19 163.004665 -16.3122276245296 pleio
20 163.006943 -16.2411717547098 pleio
21 163.009221 -16.1724568005774 pleio
22 163.011499 -16.1062644288669 pleio
23 163.013777 -16.0427773131474 pleio
24 163.016054 -15.9789125734599 pleio
25 163.018332 -15.9139558075156 pleio
26 163.02061 -15.8524855456518 pleio
27 163.022888 -15.7946661924256 pleio
28 163.025166 -15.7411349000852 pleio
29 163.029526 -15.6921209255803 pleio
30 163.045161 -15.6631723156961 pleio
31 163.061794 -15.6490152900589 pleio
32 163.078427 -15.5813460547482 pleio
33 163.09506 -15.5532554782151 pleio
34 163.111693 -15.6661926427631 pleio
35 163.125708 -15.7577569514356 pleio
36 163.137394 -12.1572010917898 pleio
37 163.14908 -11.5573505009963 pleio
38 163.154021 -11.2263107473657 pleio
39 163.156127 -10.9226270947516 pleio
40 163.157556 -10.649220754799 pleio
41 163.158891 -10.4087361749844 pleio
42 163.160225 -10.2034400093087 pleio
43 163.161559 -10.0351403628282 pleio
44 163.162894 -9.90513219650016 pleio
45 163.164228 -9.81414843239018 pleio
46 163.165562 -9.76236636228699 pleio
47 163.166897 -9.74901197017061 pleio
48 163.26265 -8.61298696201031 pleio
49 163.413317 -7.55996145809261 pleio
50 163.495816 -6.7163362863046 pleio
51 163.507977 -6.81626836870953 pleio
52 163.520139 -7.00929048287434 pleio
53 163.582672 -6.99658699569973 pleio
54 164.022416 -0.725450865587149 pleio
55 164.027702 0 pleio
56 164.032987 -0.879640170053718 pleio
57 164.064248 -1.70570023901265 pleio
58 164.070405 -1.689311515297 pleio
59 164.076561 -1.67343311349949 pleio
60 164.255184 -3.5077524705767 pleio
61 164.291807 -9.33838190086963 pleio
62 164.314068 -9.80024064694961 pleio
63 164.325529 -9.97677766951018 pleio
64 164.336991 -10.2763171009503 pleio
65 164.348452 -11.0519437808073 pleio
66 164.60536 -11.8524264702763 pleio
67 164.617986 -11.7895119304315 pleio
68 164.628884 -11.779711353536 pleio
69 164.636687 -11.7845536900877 pleio
70 164.648869 -11.7436510431935 pleio
71 164.66892 -11.5259350099397 pleio
72 164.758936 -10.7984979761206 pleio
73 165.053217 -11.2226422626841 pleio
74 165.121823 -11.3022475670626 pleio
75 165.132678 -11.3579559031737 pleio
76 165.143532 -11.3496291893816 pleio
77 165.154046 -11.1135683827635 pleio
78 165.15722 -11.7078074988938 pleio
79 165.160395 -12.4554454241778 pleio
80 165.163569 -13.4009977763212 pleio
81 165.195982 -14.4478209892988 pleio
82 165.223558 -14.6732902479024 pleio
83 165.251135 -14.7338096310862 pleio
84 165.276843 -14.813327869832 pleio
85 165.283031 -15.3074331218442 pleio
86 165.290201 -15.5318148163711 pleio
87 165.297626 -17.4548124531991 pleio
88 165.445995 -18.7599153110021 pleio
89 165.451594 -18.883717063847 pleio
90 165.457194 -19.0183072719544 pleio
91 165.462793 -19.1418351658282 pleio
92 165.468393 -19.2670733147843 pleio
93 165.473992 -19.3985768978601 pleio
94 165.479592 -19.5354889542898 pleio
95 165.485905 -25.4388048456338 pleio
96 165.495439 -25.5441510834591 pleio
97 165.565236 -25.4308524424538 pleio
98 165.56991 -25.3200507077883 pleio
99 165.574583 -25.278373739241 pleio
100 165.581587 -25.0301493625456 pleio
101 165.605467 -25.0823139570978 pleio
102 165.629348 -25.0999393884904 pleio
103 165.653228 -25.1304979064134 pleio
104 165.677109 -25.1553673154811 pleio
105 165.700989 -25.1474737928972 pleio
106 165.704891 -25.1191264233993 pleio
107 165.706625 -25.0930541361321 pleio
108 165.708359 -25.0694674857679 pleio
109 165.710093 -25.0485540564841 pleio
110 165.711827 -25.030473689017 pleio
111 165.713561 -24.954342613308 pleio
112 165.715295 -24.8569894235556 pleio
113 165.717029 -24.760732981499 pleio
114 165.718763 -24.6781060550176 pleio
115 165.720497 -24.6240420912419 pleio
116 165.722231 -24.6120820958449 pleio
117 165.723965 -24.649530617849 pleio
118 165.725699 -24.7066069864841 pleio
119 165.802549 -24.6438842914457 pleio
120 165.85132 -24.6245315228715 pleio
121 165.858793 -24.670298010576 pleio
122 165.864624 -24.7195062811817 pleio
123 165.868565 -24.7855079072016 pleio
124 165.872506 -24.8685404874942 pleio
125 165.876447 -24.9686862300062 pleio
126 165.880388 -25.0858593716553 pleio
127 165.884329 -25.2305477589433 pleio
128 165.88827 -25.4118421423469 pleio
129 165.892211 -25.6184803662676 pleio
130 165.896152 -25.8143018687486 pleio
131 165.900093 -26.0160718443639 pleio
132 165.912941 -26.162724314048 pleio
133 165.925276 -26.2482389572935 pleio
134 165.925359 -26.3278146470933 pleio
135 165.925441 -26.4075852934791 pleio
136 165.930685 -26.4624223296433 pleio
137 166.172164 -26.3158136050166 pleio
138 166.181382 -25.9770906153211 pleio
139 166.1906 -25.7443191241818 pleio
140 166.324274 -26.0322681728845 pleio
141 166.325217 -26.2630035014632 pleio
142 166.32602 -26.5417817518826 pleio
143 166.326823 -26.8685125610471 pleio
144 166.327627 -27.0477763412724 pleio
145 166.32843 -27.1133717744851 pleio
146 166.377584 -27.1902518078871 pleio
147 166.382507 -27.299028410301 pleio
148 166.38743 -27.4164926835706 pleio
149 166.394815 -27.5421727860387 pleio
150 166.403288 -27.8179992102673 pleio
151 166.407404 -28.1215321876778 pleio
152 166.411519 -28.2387356757497 pleio
153 166.415634 -28.3994700665592 pleio
154 166.419069 -28.6061951692084 pleio
155 166.422503 -28.8603624415225 pleio
156 166.425938 -29.1621240227084 pleio
157 166.429372 -29.5101200300232 pleio
158 166.432807 -29.9014249759144 pleio
159 166.439999 -30.3316861093778 pleio
160 166.448156 -30.7955538938454 pleio
161 166.475596 -31.180143951523 pleio
162 166.491355 -30.9291603639428 pleio
163 166.507114 -30.8468465954023 pleio
164 166.522873 -30.7998443163123 pleio
165 166.537635 -30.7663470023134 pleio
166 166.55226 -30.7828639649613 pleio
167 166.566886 -31.08548894373 pleio
168 166.581511 -31.1121647833101 pleio
169 166.592132 -31.4675965844185 pleio
170 166.599166 -32.0507081434704 pleio
171 166.606199 -32.6216064073735 pleio
172 166.613233 -32.7700428881272 pleio
173 166.62365 -33.0303638468822 pleio
174 166.754477 -33.8548013466931 pleio
175 166.783106 -34.0313745964617 pleio
176 166.802407 -34.2469491218085 pleio
177 166.805057 -34.4990058822466 pleio
178 166.807706 -34.7847181726989 pleio
179 166.811338 -35.0893487257323 pleio
180 166.839967 -35.327112662625 pleio
181 166.951357 -35.5044045845743 pleio
182 166.992184 -35.5132326671865 pleio
183 167.033011 -35.6001367149394 pleio
184 167.073838 -37.0567422264079 pleio
185 167.142758 -38.5382856011888 pleio
186 167.274124 -38.9826919914331 pleio
187 167.282638 -38.468074750471 pleio
188 167.286179 -37.9962910265957 pleio
189 167.289719 -37.5826104478136 pleio
190 167.29326 -37.2749998760606 pleio
191 167.306473 -37.1583905179287 pleio
192 167.322761 -37.1513201857331 pleio
193 167.349466 -37.1526778996761 pleio
194 167.360748 -37.1441973170755 pleio
195 167.37203 -37.1367342040324 pleio
196 167.396998 -37.1305918246949 pleio
197 167.523201 -37.2497384224101 pleio
198 167.545144 -37.278732401637 pleio
199 167.556235 -37.1674648459475 pleio
200 167.567326 -37.0218900707828 pleio
201 167.647654 -37.573297769673 pleio
202 167.755373 -37.5658502006208 pleio
203 167.788738 -37.551424496698 pleio
204 167.822104 -37.5372277855543 pleio
205 167.836721 -37.5307047755622 pleio
206 167.845502 -37.5296858681581 pleio
207 167.854284 -37.532180704284 pleio
208 167.858563 -37.5380601301448 pleio
209 167.860327 -37.5516119591506 pleio
210 167.862092 -37.5862396575645 pleio
211 167.863857 -37.6193852654254 pleio
212 167.865622 -37.6474475331381 pleio
213 167.86764 -37.6821918487907 pleio
214 167.871511 -37.7219681808814 pleio
215 167.876871 -37.7660810031486 pleio
216 167.882232 -37.8144482518861 pleio
217 167.887593 -37.8669721709069 pleio
218 167.913375 -37.8933637326152 pleio
219 167.920966 -37.8908342439751 pleio
220 167.928557 -37.8912103302205 pleio
221 168.002821 -37.9053382919695 pleio
222 168.013929 -37.9674175083997 pleio
223 168.020304 -38.0333185671314 pleio
224 168.023961 -38.1051857508728 pleio
225 168.02735 -38.2005697880507 pleio
226 168.030739 -38.3186808508125 pleio
227 168.034128 -39.4767999296675 pleio
228 168.037518 -39.5476763690212 pleio
229 168.042103 -39.6006043122677 pleio
230 168.057523 -39.6455770656868 pleio
231 168.241031 -39.662290639168 pleio
232 168.273712 -39.6250691414907 pleio
233 168.276509 -39.5942974173975 pleio
234 168.279306 -39.5736974567039 pleio
235 168.282103 -39.5635654556201 pleio
236 168.2849 -39.5641121710824 pleio
237 168.287697 -39.5754614959714 pleio
238 168.291368 -39.6834861726833 pleio
239 168.295216 -39.8461459926213 pleio
240 168.301388 -40.0454097714964 pleio
241 168.308464 -40.7556159110118 pleio
242 168.31554 -41.899659695293 pleio
243 168.322616 -43.4003843539912 pleio
244 168.369835 -44.0632091773666 pleio
245 168.372164 -44.0846785246679 pleio
246 168.374493 -44.1063716038593 pleio
247 168.376821 -44.1513162341619 pleio
248 162.797792 -14.159842556017 profile1
249 162.802465 -13.8941054637478 profile1
250 162.807137 -13.6726675833922 profile1
251 162.891193 -13.4422365494008 profile1
252 162.899169 -12.5504304593621 profile1
253 162.907146 -11.9396727552237 profile1
254 162.915122 -11.7445187589473 profile1
255 162.923098 -11.7054191334681 profile1
256 162.931074 -11.6823066595697 profile1
257 162.93905 -11.6891531028419 profile1
258 162.97044 -11.5915614475642 profile1
259 162.976744 -11.5829028174241 profile1
260 162.983048 -11.5758274528887 profile1
261 162.989352 -11.2202805223277 profile1
262 162.995537 -10.4874730498026 profile1
263 162.997832 -10.4503700044929 profile1
264 163.00011 -10.4779678192031 profile1
265 163.002388 -10.4628452451986 profile1
266 163.004665 -10.4489076869499 profile1
267 163.006943 -10.4362084831016 profile1
268 163.009221 -10.4248027387112 profile1
269 163.011499 -10.4147382159599 profile1
270 163.013777 -10.406065298748 profile1
271 163.016054 -10.3951737403011 profile1
272 163.018332 -10.3810510320516 profile1
273 163.02061 -10.368650641634 profile1
274 163.022888 -10.3580099572083 profile1
275 163.025166 -10.349393762362 profile1
276 163.029526 -10.3428348013371 profile1
277 163.045161 -10.3470259493392 profile1
278 163.061794 -10.3597276107408 profile1
279 163.078427 -10.2779416088909 profile1
280 163.09506 -10.2124169291726 profile1
281 163.111693 -10.2846769297278 profile1
282 163.125708 -10.3710596738456 profile1
283 163.137394 -8.50470493158032 profile1
284 163.14908 -9.00250155418983 profile1
285 163.154021 -8.99631395541385 profile1
286 163.156127 -8.9989168842626 profile1
287 163.157556 -9.00961761627924 profile1
288 163.158891 -9.02759017870417 profile1
289 163.160225 -9.0519400568902 profile1
290 163.161559 -9.08179692386088 profile1
291 163.162894 -9.11640671453166 profile1
292 163.164228 -9.15519659462421 profile1
293 163.165562 -9.19782242477582 profile1
294 163.166897 -9.243839650866 profile1
295 163.26265 -8.61298696201031 profile1
296 163.413317 -7.33485253280174 profile1
297 163.495816 -6.7163362863046 profile1
298 163.507977 -6.76180808717041 profile1
299 163.520139 -6.84727145583001 profile1
300 163.582672 -6.7611017201475 profile1
301 164.60536 -9.82048027634431 profile1
302 164.617986 -9.81595219739719 profile1
303 164.628884 -9.81452643684303 profile1
304 164.636687 -9.81330910571401 profile1
305 164.648869 -9.80765490844684 profile1
306 164.66892 -9.61763488098433 profile1
307 164.758936 -8.979467283361 profile1
308 165.053217 -8.73505309110247 profile1
309 165.121823 -8.75951126051951 profile1
310 165.132678 -8.80799005323476 profile1
311 165.143532 -8.80738589390638 profile1
312 165.154046 -8.8019092119584 profile1
313 165.15722 -9.23978293352113 profile1
314 165.160395 -9.8169339596238 profile1
315 165.290201 -11.7519613130207 profile1
316 165.297626 -13.4647294289399 profile1
317 165.445995 -14.5901068114366 profile1
318 165.451594 -14.6542312373389 profile1
319 165.457194 -14.7200937312523 profile1
320 165.462793 -14.7520799272084 profile1
321 165.468393 -14.7764089969151 profile1
322 165.473992 -14.8022033390912 profile1
323 165.479592 -14.8293952902 profile1
324 165.485905 -17.93447654814 profile1
325 165.495439 -17.9767914643491 profile1
326 165.565236 -18.0107259508294 profile1
327 165.56991 -18.1060932465382 profile1
328 165.574583 -18.1930208926616 profile1
329 165.581587 -18.0061444608064 profile1
330 165.605467 -18.0629451067288 profile1
331 165.629348 -18.1208709542676 profile1
332 165.653228 -18.1897983335073 profile1
333 165.677109 -18.2352242763414 profile1
334 165.700989 -18.2230387134035 profile1
335 165.704891 -18.1906810635547 profile1
336 165.706625 -18.1591813163975 profile1
337 165.708359 -18.1287425903696 profile1
338 165.710093 -18.0995643944174 profile1
339 165.711827 -18.0718383157577 profile1
340 165.713561 -17.9131599434135 profile1
341 165.715295 -17.699734483054 profile1
342 165.717029 -17.4726326778579 profile1
343 165.718763 -17.2492509952945 profile1
344 165.720497 -17.0520379913593 profile1
345 165.722231 -16.9030186755699 profile1
346 165.723965 -16.8165824745742 profile1
347 165.725699 -16.7562755995224 profile1
348 165.802549 -16.6521694014888 profile1
349 165.85132 -16.6012902541796 profile1
350 165.858793 -16.6143353603636 profile1
351 165.864624 -16.640711621726 profile1
352 165.868565 -16.6820602548106 profile1
353 165.872506 -16.7384901628622 profile1
354 165.876447 -16.8099407669808 profile1
355 165.880388 -16.896174518886 profile1
356 165.884329 -17.0078765085101 profile1
357 165.88827 -17.146737430778 profile1
358 165.892211 -17.298884070821 profile1
359 165.896152 -17.4274335129538 profile1
360 165.900093 -17.5531947067062 profile1
361 165.912941 -17.6674646864231 profile1
362 165.925276 -17.767447667213 profile1
363 165.925359 -17.8625678293091 profile1
364 165.925441 -17.9577061368627 profile1
365 165.930685 -18.0129259031545 profile1
366 166.172164 -17.9216373700683 profile1
367 166.181382 -17.7533939674206 profile1
368 166.1906 -17.7380743196687 profile1
369 166.324274 -18.1623615855419 profile1
370 166.325217 -18.3341088233724 profile1
371 166.32602 -18.5357862826818 profile1
372 166.326823 -18.7677207531214 profile1
373 166.327627 -18.8689601403596 profile1
374 166.32843 -18.8741424117349 profile1
375 166.377584 -18.9068843914744 profile1
376 166.382507 -19.0351710415231 profile1
377 166.38743 -19.1692212618186 profile1
378 166.394815 -19.3085607114936 profile1
379 166.403288 -19.5780572871364 profile1
380 166.407404 -19.8544944460815 profile1
381 166.411519 -19.8787174833331 profile1
382 166.415634 -19.937171585303 profile1
383 166.419069 -20.0334296617701 profile1
384 166.422503 -20.1701927528802 profile1
385 166.425938 -20.3489332741096 profile1
386 166.429372 -20.5696105747603 profile1
387 166.432807 -20.830547020955 profile1
388 166.439999 -21.1285487859557 profile1
389 166.448156 -21.4595662127466 profile1
390 166.475596 -21.736724155036 profile1
391 166.491355 -21.4921558321786 profile1
392 166.507114 -21.3964722295051 profile1
393 166.522873 -21.3316348916166 profile1
394 166.537635 -21.2832041713095 profile1
395 166.55226 -21.2929495393713 profile1
396 166.566886 -21.7295530806777 profile1
397 166.581511 -21.7444125311864 profile1
398 166.592132 -22.0752419083512 profile1
399 166.599166 -22.5554258846697 profile1
400 166.606199 -23.0020866067528 profile1
401 166.613233 -23.2008615410218 profile1
402 166.62365 -23.4281595062705 profile1
403 166.754477 -23.8341288907306 profile1
404 166.783106 -23.9675952192575 profile1
405 166.802407 -24.1321810817828 profile1
406 166.805057 -24.3285285651957 profile1
407 166.807706 -24.5556759166301 profile1
408 166.811338 -24.8071016337256 profile1
409 166.839967 -25.0122790268627 profile1
410 166.951357 -25.1470841406398 profile1
411 166.992184 -25.149447504872 profile1
412 167.033011 -25.1896629654375 profile1
413 167.073838 -25.5651661753591 profile1
414 167.142758 -26.6146614902166 profile1
415 167.274124 -26.9302661761203 profile1
416 167.282638 -26.4976441045912 profile1
417 167.286179 -26.0939374995532 profile1
418 167.289719 -25.7340184803632 profile1
419 167.29326 -25.4693049650327 profile1
420 167.306473 -25.4071434630251 profile1
421 167.322761 -25.3984903397234 profile1
422 167.349466 -25.3887623977528 profile1
423 167.360748 -25.3727782268055 profile1
424 167.37203 -25.3587455711039 profile1
425 167.396998 -25.3469325380877 profile1
426 167.523201 -25.4651797606998 profile1
427 167.545144 -25.470123107674 profile1
428 167.556235 -25.3555499334743 profile1
429 167.567326 -25.2123471777553 profile1
430 167.647654 -25.8595690244276 profile1
431 167.755373 -25.8509348068337 profile1
432 167.788738 -25.8356880095715 profile1
433 167.822104 -25.8207694737356 profile1
434 167.836721 -25.8173386097231 profile1
435 167.845502 -25.8191285975743 profile1
436 167.854284 -25.8228036992671 profile1
437 167.858563 -25.8283236694266 profile1
438 167.860327 -25.8359314968349 profile1
439 167.862092 -25.8474785873351 profile1
440 167.863857 -25.857662332772 profile1
441 167.865622 -25.8645628911164 profile1
442 167.86764 -25.8742987786616 profile1
443 167.871511 -25.8872188881451 profile1
444 167.876871 -25.9032736417126 profile1
445 167.882232 -25.9224153284446 profile1
446 167.887593 -25.9445839976979 profile1
447 167.913375 -25.9537548173381 profile1
448 167.920966 -25.9503399412962 profile1
449 167.928557 -25.9496052899107 profile1
450 168.002821 -25.9485772703903 profile1
451 168.013929 -25.946160201453 profile1
452 168.020304 -25.9435747510967 profile1
453 168.023961 -25.9456324316194 profile1
454 168.02735 -25.963823917504 profile1
455 168.030739 -25.9650507946901 profile1
456 168.034128 -26.4178157542694 profile1
457 168.037518 -26.4110582992791 profile1
458 168.042103 -26.4065461438427 profile1
459 168.057523 -26.6501178535181 profile1
460 168.241031 -26.671795167898 profile1
461 168.273712 -26.6464115338992 profile1
462 168.276509 -26.6264525527346 profile1
463 168.279306 -26.6149348633064 profile1
464 168.282103 -26.6121092380827 profile1
465 168.2849 -26.618155114394 profile1
466 168.287697 -26.633178094777 profile1
467 168.291368 -26.6833849713004 profile1
468 168.295216 -26.7546678966961 profile1
469 168.301388 -26.8492609258007 profile1
470 168.308464 -27.3994927800331 profile1
471 168.31554 -28.2824824461665 profile1
472 168.322616 -29.4400669829393 profile1
473 168.369835 -29.9546742558986 profile1
474 168.372164 -29.976158675962 profile1
475 168.374493 -29.9978238926221 profile1
476 168.376821 -30.0401680790868 profile1
477 164.022416 -0.725450865587149 profile1
478 164.027702 0.538085037288675 profile1
479 164.032987 0.131814910000409 profile1
480 164.064248 -0.511345058979327 profile1
481 164.070405 -0.510069757256754 profile1
482 164.076561 -0.509130902625552 profile1
483 164.255184 -3.16087874628234 profile1
484 164.291807 -8.52517404898229 profile1
485 164.314068 -8.96953900679778 profile1
486 164.325529 -9.05370026048213 profile1
487 164.336991 -9.19938259908616 profile1
488 164.348452 -9.53261345249745 profile1
489 165.163569 -10.5073956551265 profile1
490 165.195982 -11.2611360444164 profile1
491 165.223558 -11.3882027930149 profile1
492 165.251135 -11.3933220516564 profile1
493 165.276843 -11.3292426248844 profile1
494 165.283031 -11.6490689589795 profile1
495 162.797792 -8.16686430502879 profile2
496 162.802465 -8.15208529083512 profile2
497 162.807137 -8.18754612632289 profile2
498 162.891193 -8.16939016333864 profile2
499 162.899169 -8.38468899548189 profile2
500 162.907146 -8.94907172401913 profile2
501 162.915122 -9.07157584023723 profile2
502 162.923098 -8.98029386456564 profile2
503 162.931074 -8.88677385238271 profile2
504 162.93905 -8.79310579126717 profile2
505 162.97044 -8.82570747160118 profile2
506 162.976744 -8.84010638572014 profile2
507 162.983048 -8.8046278018685 profile2
508 162.989352 -8.59376885006147 profile2
509 162.995537 -8.2920584937018 profile2
510 162.997832 -8.31511269151427 profile2
511 163.00011 -8.34441991536874 profile2
512 163.002388 -8.29278874065871 profile2
513 163.004665 -8.24179809186068 profile2
514 163.006943 -8.19155144270809 profile2
515 163.009221 -8.14215340180743 profile2
516 163.011499 -8.09371027634228 profile2
517 163.013777 -8.0463276984365 profile2
518 163.016054 -8.00054846764274 profile2
519 163.018332 -7.95661770423489 profile2
520 163.02061 -7.91406073639945 profile2
521 163.022888 -7.87297897366785 profile2
522 163.025166 -7.83373148806672 profile2
523 163.029526 -7.79648513548342 profile2
524 163.045161 -7.76996917968753 profile2
525 163.061794 -7.74764843568594 profile2
526 163.078427 -7.68917287686355 profile2
527 163.09506 -7.61455153077581 profile2
528 163.111693 -7.56061787109868 profile2
529 163.125708 -7.50520230636816 profile2
530 163.137394 -4.61232874300062 profile2
531 163.14908 -3.45324691359737 profile2
532 163.154021 -3.13427258753415 profile2
533 163.156127 -2.83337098679815 profile2
534 163.157556 -2.55465396769419 profile2
535 163.158891 -2.30210551730334 profile2
536 163.160225 -2.07938378644512 profile2
537 163.161559 -1.8896119852073 profile2
538 163.162894 -1.7352020528217 profile2
539 163.164228 -1.61772000064738 profile2
540 163.165562 -1.53783386830809 profile2
541 163.166897 -1.49526820604061 profile2
542 163.26265 -0.663293944956227 profile2
543 163.413317 -0.223520515974147 profile2
544 163.495816 0.416228349360784 profile2
545 163.507977 0.422741345799241 profile2
546 163.520139 0.370085509767695 profile2
547 163.582672 0.344504510347248 profile2
548 164.022416 0.538085037288675 profile2
549 164.027702 0 profile2
550 164.032987 -0.689794870803841 profile2
551 164.064248 -1.10805485796293 profile2
552 164.070405 -1.09285002560116 profile2
553 164.076561 -1.0777706533488 profile2
554 164.255184 -0.433730146658495 profile2
555 164.291807 -1.26668453617942 profile2
556 164.314068 -1.30391427793209 profile2
557 164.325529 -1.44898959594949 profile2
558 164.336991 -1.67411419345218 profile2
559 164.348452 -2.23183668536078 profile2
560 164.60536 -2.86399879028863 profile2
561 164.617986 -2.78103482615835 profile2
562 164.628884 -2.75498943602151 profile2
563 164.636687 -2.74723242786141 profile2
564 164.648869 -2.69852942365843 profile2
565 164.66892 -2.62415516551888 profile2
566 164.758936 -2.42097301052718 profile2
567 165.053217 -2.62680434967341 profile2
568 165.121823 -2.66306905524914 profile2
569 165.132678 -2.67271914755747 profile2
570 165.143532 -2.6653302435392 profile2
571 165.154046 -2.53303655634677 profile2
572 165.15722 -2.8036043059348 profile2
573 165.160395 -3.15763555665961 profile2
574 165.163569 -3.60421506769707 profile2
575 165.195982 -4.14061758378085 profile2
576 165.223558 -4.27783158057472 profile2
577 165.251135 -4.32581943066042 profile2
578 165.276843 -4.3944654343424 profile2
579 165.283031 -4.46770062105265 profile2
580 165.290201 -4.49671556330591 profile2
581 165.297626 -4.29652099225173 profile2
582 165.445995 -4.27506360480195 profile2
583 165.451594 -4.32433782899516 profile2
584 165.457194 -4.3829806412734 profile2
585 165.462793 -4.46952941041037 profile2
586 165.468393 -4.56677977360384 profile2
587 165.473992 -4.66879284886238 profile2
588 165.479592 -4.77467072045566 profile2
589 165.485905 -8.81663969410204 profile2
590 165.495439 -8.87005379693967 profile2
591 165.565236 -8.71037828504152 profile2
592 165.56991 -8.49801033874528 profile2
593 165.574583 -8.39766017918141 profile2
594 165.581587 -8.32095857279972 profile2
595 165.605467 -8.31805908236167 profile2
596 165.629348 -8.2928063758556 profile2
597 165.653228 -8.27444802778248 profile2
598 165.677109 -8.26680935926118 profile2
599 165.700989 -8.26547140343175 profile2
600 165.704891 -8.2579301041833 profile2
601 165.706625 -8.25081078768192 profile2
602 165.708359 -8.24415514520225 profile2
603 165.710093 -8.23799944575853 profile2
604 165.711827 -8.23237277515356 profile2
605 165.713561 -8.32248974165588 profile2
606 165.715295 -8.44097208025947 profile2
607 165.717029 -8.55677387007885 profile2
608 165.718763 -8.66150228519343 profile2
609 165.720497 -8.74764090030119 profile2
610 165.722231 -8.81089269423366 profile2
611 165.723965 -8.85238923855779 profile2
612 165.725699 -8.91556639235143 profile2
613 165.802549 -8.91544120089929 profile2
614 165.85132 -8.92374755081059 profile2
615 165.858793 -8.96182746507283 profile2
616 165.864624 -8.9915359178061 profile2
617 165.868565 -9.02800796214293 profile2
618 165.872506 -9.07139380487918 profile2
619 165.876447 -9.12180855141247 profile2
620 165.880388 -9.17932379601653 profile2
621 165.884329 -9.24964249976914 profile2
622 165.88827 -9.33895055270502 profile2
623 165.892211 -9.44884204587561 profile2
624 165.896152 -9.57125689275851 profile2
625 165.900093 -9.70402094893294 profile2
626 165.912941 -9.77098859295142 profile2
627 165.925276 -9.76650782006904 profile2
628 165.925359 -9.75792143915818 profile2
629 165.925441 -9.74865090003885 profile2
630 165.930685 -9.75472451008501 profile2
631 166.172164 -9.68203311080836 profile2
632 166.181382 -9.47643073213535 profile2
633 166.1906 -9.23142974278436 profile2
634 166.324274 -9.08834505255831 profile2
635 166.325217 -9.11981883060874 profile2
636 166.32602 -9.15366811667406 profile2
637 166.326823 -9.19255956472849 profile2
638 166.327627 -9.24633945134994 profile2
639 166.32843 -9.31086515789046 profile2
640 166.377584 -9.36299984341107 profile2
641 166.382507 -9.3602772119299 profile2
642 166.38743 -9.35930137149438 profile2
643 166.394815 -9.35992932967692 profile2
644 166.403288 -9.36514428243986 profile2
645 166.407404 -9.38179407666355 profile2
646 166.411519 -9.48638986223348 profile2
647 166.415634 -9.59833127545525 profile2
648 166.419069 -9.71621934879065 profile2
649 166.422503 -9.83847766658308 profile2
650 166.425938 -9.96344009415574 profile2
651 166.429372 -10.089458933155 profile2
652 166.432807 -10.2150199099241 profile2
653 166.439999 -10.3388049208248 profile2
654 166.448156 -10.4595012443386 profile2
655 166.475596 -10.5548974427237 profile2
656 166.491355 -10.5131756727992 profile2
657 166.507114 -10.4823059179321 profile2
658 166.522873 -10.4561480078487 profile2
659 166.537635 -10.4396453413001 profile2
660 166.55226 -10.4396438871469 profile2
661 166.566886 -10.2286983165309 profile2
662 166.581511 -10.2280177947172 profile2
663 166.592132 -10.213601692769 profile2
664 166.599166 -10.2468258595318 profile2
665 166.606199 -10.3121701370522 profile2
666 166.613233 -10.3019593304939 profile2
667 166.62365 -10.3883504749428 profile2
668 166.754477 -10.9030603005549 profile2
669 166.783106 -10.9495354971938 profile2
670 166.802407 -11.0000624981612 profile2
671 166.805057 -11.056736330307 profile2
672 166.807706 -11.120583064939 profile2
673 166.811338 -11.1928507984534 profile2
674 166.839967 -11.2479840905489 profile2
675 166.951357 -11.3179361949245 profile2
676 166.992184 -11.3236635374544 profile2
677 167.033011 -11.3114999749145 profile2
678 167.073838 -12.681825553792 profile2
679 167.142758 -13.4177866849606 profile2
680 167.274124 -13.6437534884476 profile2
681 167.282638 -13.4753066054245 profile2
682 167.286179 -13.3247728272684 profile2
683 167.289719 -13.1958703623593 profile2
684 167.29326 -13.0978411323532 profile2
685 167.306473 -12.9995146838453 profile2
686 167.322761 -12.9873290807501 profile2
687 167.349466 -12.9923151371397 profile2
688 167.360748 -12.9970417262964 profile2
689 167.37203 -13.0011905019004 profile2
690 167.396998 -13.0047700643569 profile2
691 167.523201 -12.9980155902053 profile2
692 167.545144 -13.0110106526778 profile2
693 167.556235 -13.0161372168858 profile2
694 167.567326 -13.0174508569903 profile2
695 167.647654 -12.9405580131423 profile2
696 167.755373 -12.9426568740146 profile2
697 167.788738 -12.9435691818604 profile2
698 167.822104 -12.9444441155257 profile2
699 167.836721 -12.9410210013097 profile2
700 167.845502 -12.9367860567608 profile2
701 167.854284 -12.9331242483212 profile2
702 167.858563 -12.9299628520386 profile2
703 167.860327 -12.9319556820254 profile2
704 167.862092 -12.9528648891267 profile2
705 167.863857 -12.9767270131814 profile2
706 167.865622 -13.0033694879654 profile2
707 167.86764 -13.0342323924932 profile2
708 167.871511 -13.0677813230849 profile2
709 167.876871 -13.1034092788345 profile2
710 167.882232 -13.1410494551996 profile2
711 167.887593 -13.1806291634239 profile2
712 167.913375 -13.2026638902415 profile2
713 167.920966 -13.2031113254796 profile2
714 167.928557 -13.2040942130548 profile2
715 168.002821 -13.2177062646755 profile2
716 168.013929 -13.2758603673461 profile2
717 168.020304 -13.3379432818675 profile2
718 168.023961 -13.3964271868083 profile2
719 168.02735 -13.4547725757095 profile2
720 168.030739 -13.5592945226675 profile2
721 168.034128 -14.2340825220615 profile2
722 168.037518 -14.3052336786244 profile2
723 168.042103 -14.3581310275225 profile2
724 168.057523 -14.1946683444891 profile2
725 168.241031 -14.1855084729935 profile2
726 168.273712 -14.1847210465091 profile2
727 168.276509 -14.1838430230389 profile2
728 168.279306 -14.1829296136537 profile2
729 168.282103 -14.1819607021285 profile2
730 168.2849 -14.1809168750979 profile2
731 168.287697 -14.179780479671 profile2
732 168.291368 -14.2406362291209 profile2
733 168.295216 -14.3418370542482 profile2
734 168.301388 -14.4623110712206 profile2
735 168.308464 -14.731669348215 profile2
736 168.31554 -15.2344963550785 profile2
737 168.322616 -15.9188463829444 profile2
738 168.369835 -16.2122469268259 profile2
739 168.372164 -16.2123135227534 profile2
740 168.374493 -16.2124580004565 profile2
741 168.376821 -16.2132651947886 profile2
