marker_position lod trace
1 67.606765 -11.8738453618862 pleio
2 67.613251 -11.8718143474702 pleio
3 67.619736 -11.8698958822499 pleio
4 67.626222 -11.8680898390673 pleio
5 67.641347 -11.866393657813 pleio
6 67.654855 -11.864781665943 pleio
7 67.658769 -11.8626797756157 pleio
8 67.662682 -11.860765896923 pleio
9 67.666596 -11.8589967681531 pleio
10 67.679986 -11.8573305971745 pleio
11 67.708923 -11.7957041786272 pleio
12 67.715069 -11.750683433932 pleio
13 67.721215 -11.7285798605902 pleio
14 67.746869 -11.7314600364227 pleio
15 67.778018 -11.7304160215458 pleio
16 67.809168 -11.7240227363397 pleio
17 67.895218 -11.5652611255478 pleio
18 67.900561 -11.348949110051 pleio
19 67.905905 -11.1586371729752 pleio
20 67.911248 -10.9978303850068 pleio
21 67.920171 -10.8578166860134 pleio
22 67.929072 -10.7270439327165 pleio
23 67.937973 -10.6281865699668 pleio
24 67.946874 -10.5619101518905 pleio
25 67.962131 -10.4514043015217 pleio
26 68.103338 -10.4180210011651 pleio
27 68.122257 -10.4315535550314 pleio
28 68.141177 -10.4659991133018 pleio
29 68.410128 -10.513044739422 pleio
30 68.415239 -10.3998147045482 pleio
31 68.42035 -10.2913510349278 pleio
32 68.640199 -10.0704770829877 pleio
33 68.652056 -9.78394229708496 pleio
34 68.656091 -9.52720768122541 pleio
35 68.660126 -9.30327321057033 pleio
36 68.664161 -9.11440494842117 pleio
37 68.685197 -8.96498502158413 pleio
38 68.806919 -8.91217926278066 pleio
39 68.816104 -8.91298765241982 pleio
40 68.825289 -8.9138344604271 pleio
41 68.885575 -8.90653929761757 pleio
42 68.886394 -8.8929425535601 pleio
43 68.887213 -8.88060458121006 pleio
44 68.888033 -8.86954831392361 pleio
45 68.888852 -8.85979278068362 pleio
46 68.889671 -8.85134891740552 pleio
47 68.89049 -8.69223511423417 pleio
48 68.89131 -8.5397411025491 pleio
49 68.892129 -8.41045383833693 pleio
50 68.987403 -8.5313994690091 pleio
51 69.064645 -7.79137465162263 pleio
52 69.131341 -6.68788968208187 pleio
53 69.198036 -6.68379971958018 pleio
54 69.214855 -6.69881624552944 pleio
55 69.21825 -6.72691071598233 pleio
56 69.221446 -6.76834051417808 pleio
57 69.224642 -6.822896016354 pleio
58 69.227838 -6.88998552907969 pleio
59 69.231034 -4.87014647040024 pleio
60 69.23423 -4.38488265688368 pleio
61 69.237426 -4.35279128883098 pleio
62 69.240621 -4.32103496921117 pleio
63 69.244859 -4.28968083901674 pleio
64 69.252696 -4.25934010204672 pleio
65 69.260534 -4.21664019233047 pleio
66 69.416362 -4.20044852634783 pleio
67 69.484146 -4.41062836151251 pleio
68 69.505599 -4.42111193896191 pleio
69 69.508945 -4.4488254080078 pleio
70 69.512291 -4.47738456229738 pleio
71 69.515636 -4.5063733435083 pleio
72 69.542556 -4.48254027808975 pleio
73 69.592546 -3.00847050338103 pleio
74 69.66328 -2.87220923002029 pleio
75 69.721392 -2.87085082720626 pleio
76 69.724456 -2.87845808740011 pleio
77 69.727519 -2.88743113753745 pleio
78 69.733033 -2.89775634205966 pleio
79 69.768364 -2.66455647593585 pleio
80 69.782339 -2.39359171531864 pleio
81 69.796313 -2.22884774982909 pleio
82 69.810287 -0.644152199099305 pleio
83 69.829176 -0.588007471710735 pleio
84 69.837051 -0.557049843630462 pleio
85 69.844926 -0.544213765425153 pleio
86 69.869428 -0.541076227168472 pleio
87 69.876397 -0.538340834969407 pleio
88 69.876657 -0.550759421474587 pleio
89 69.876917 -0.578151353517964 pleio
90 69.924127 -0.537528750027996 pleio
91 69.978753 -0.470030126659744 pleio
92 70.033378 -0.460104877325754 pleio
93 70.042973 -0.456626310458587 pleio
94 70.043703 -0.460121309126785 pleio
95 70.044434 -0.47043006412349 pleio
96 70.087246 -0.475905477556817 pleio
97 70.141872 -0.464821804191744 pleio
98 70.196497 -0.457823115562486 pleio
99 70.400832 -0.45171612916988 pleio
100 70.421006 -0.449259669951443 pleio
101 70.441181 -0.449812483133656 pleio
102 70.60917 -0.426047455406018 pleio
103 70.612702 -0.258950564045768 pleio
104 70.616235 -0.125011069591597 pleio
105 70.661194 -0.07025807862501 pleio
106 70.728481 -0.0464352950829261 pleio
107 70.750402 -0.0159116282074435 pleio
108 70.772323 0 pleio
109 70.779053 -0.00129085588031983 pleio
110 70.782062 -0.0209688916436718 pleio
111 70.785072 -0.0569403303691593 pleio
112 71.12066 -0.623733290341015 pleio
113 71.198629 -0.631088463388287 pleio
114 71.276599 -0.638089969393856 pleio
115 71.354568 -0.550513688070451 pleio
116 71.418821 -0.179799954676962 pleio
117 71.422464 -0.262054150765654 pleio
118 71.425934 -0.646807365303981 pleio
119 71.429405 -0.868381845899 pleio
120 71.432875 -0.910447512138371 pleio
121 71.436346 -0.954907937922375 pleio
122 71.439817 -1.00154451873336 pleio
123 71.443287 -1.05012986324602 pleio
124 71.449172 -1.0953194655812 pleio
125 71.46043 -1.13131272868374 pleio
126 71.475844 -1.16864992276115 pleio
127 71.510771 -1.20853304609693 pleio
128 71.658293 -1.24469072420094 pleio
129 71.675712 -1.27933526548073 pleio
130 71.693132 -1.32472619112876 pleio
131 71.782692 -1.96414998947638 pleio
132 71.793079 -2.22692717131346 pleio
133 71.803404 -2.47210065989243 pleio
134 71.813729 -2.36176998713669 pleio
135 71.824055 -3.29945030830323 pleio
136 71.83438 -4.0729279142733 pleio
137 71.859513 -4.24335840369563 pleio
138 71.937774 -4.26615929085156 pleio
139 71.945079 -4.3256226124921 pleio
140 71.952385 -4.38945292683001 pleio
141 71.98473 -4.47604591087661 pleio
142 72.012709 -4.60583948395571 pleio
143 72.040688 -4.68364033290386 pleio
144 72.210521 -4.56496810634007 pleio
145 72.314268 -4.39599847606926 pleio
146 72.366456 -4.4104357706841 pleio
147 72.411367 -4.43667723557503 pleio
148 72.450663 -4.46868356612376 pleio
149 72.471305 -4.53097492540003 pleio
150 72.491946 -4.61083933183064 pleio
151 72.512588 -4.72280070370292 pleio
152 72.601385 -4.62148356172342 pleio
153 72.621813 -4.46558944785123 pleio
154 72.642242 -4.42878033747162 pleio
155 72.66267 -4.39451319735914 pleio
156 72.771429 -5.26449964052322 pleio
157 72.883243 -5.23240439662804 pleio
158 72.898448 -5.20607392764678 pleio
159 72.913654 -5.18377736395513 pleio
160 72.928859 -5.16777949921447 pleio
161 72.944065 -5.15166224580132 pleio
162 72.95927 -5.11322263088119 pleio
163 72.974476 -5.19696793771404 pleio
164 72.989681 -7.38969424732515 pleio
165 72.996574 -7.8058777912333 pleio
166 72.9996 -7.83809875836933 pleio
167 73.002626 -7.83488929918062 pleio
168 73.005652 -7.82784616130476 pleio
169 73.012925 -7.8318296645563 pleio
170 73.023956 -7.84390592069125 pleio
171 73.034987 -7.86134307055422 pleio
172 73.046018 -7.94786718475409 pleio
173 73.057049 -8.05265502356484 pleio
174 73.06808 -8.16271113059615 pleio
175 73.079353 -8.25300442248555 pleio
176 73.111862 -7.56127287830463 pleio
177 73.146945 -7.66378294608387 pleio
178 73.171837 -7.71709510199331 pleio
179 73.196729 -7.91879156477143 pleio
180 73.629401 -7.94687030533133 pleio
181 74.062073 -7.96577392930863 pleio
182 74.066223 -7.98950558781931 pleio
183 74.070373 -8.01551705528606 pleio
184 74.074523 -8.04374998245207 pleio
185 74.078673 -8.07413485253104 pleio
186 74.082823 -7.97445911874025 pleio
187 74.3761735 -8.09274421437637 pleio
188 74.669524 -8.10839522592283 pleio
189 74.672012 -8.28482517938902 pleio
190 74.674499 -8.49232840306261 pleio
191 74.716248 -8.71762764683539 pleio
192 74.724515 -8.94753035260291 pleio
193 74.732783 -9.05795001770231 pleio
194 75.0995546666667 -8.51306607904238 pleio
195 75.4663263333333 -8.51361878969934 pleio
196 75.833098 -8.46694502403031 pleio
197 75.863363 -8.4089777808427 pleio
198 75.875899 -8.35056508819473 pleio
199 75.888435 -8.35733254635833 pleio
200 75.900971 -8.51351077126623 pleio
201 75.903257 -8.71612636269244 pleio
202 75.904489 -8.81843519340448 pleio
203 75.905721 -8.88981303251537 pleio
204 75.917304 -8.97508599591951 pleio
205 76.287653 -9.02687414359366 pleio
206 76.288899 -9.08892238389423 pleio
207 76.290145 -9.15601964792307 pleio
208 76.397032 -9.22703393049126 pleio
209 76.403847 -9.32799489103498 pleio
210 76.410663 -9.43317759478377 pleio
211 76.607927 -9.5071489669573 pleio
212 76.623625 -9.32412750716394 pleio
213 76.633554 -9.27378868180749 pleio
214 76.643483 -9.24206804862939 pleio
215 76.653411 -9.23196912441137 pleio
216 76.66334 -9.24521810487714 pleio
217 76.700004 -9.18884215220477 pleio
218 67.606765 -10.0998033919794 profile1
219 67.613251 -10.0982761918798 profile1
220 67.619736 -10.0967740780366 profile1
221 67.626222 -10.0952961359615 profile1
222 67.641347 -10.0938399926245 profile1
223 67.654855 -10.0924334936824 profile1
224 67.658769 -10.0914784503981 profile1
225 67.662682 -10.0906151924168 profile1
226 67.666596 -10.089804347385 profile1
227 67.679986 -10.0890080237676 profile1
228 67.708923 -10.0867535562873 profile1
229 67.715069 -10.0964657008898 profile1
230 67.721215 -10.1180523138623 profile1
231 67.746869 -10.1530585966917 profile1
232 67.778018 -10.1536719804166 profile1
233 67.809168 -10.1480587041178 profile1
234 67.895218 -9.99328055965374 profile1
235 67.900561 -9.77529051127592 profile1
236 67.905905 -9.57333317654819 profile1
237 67.911248 -9.39011120454773 profile1
238 67.920171 -9.21093173947652 profile1
239 67.929072 -9.01853755498033 profile1
240 67.937973 -8.84683733720609 profile1
241 67.946874 -8.69737528682824 profile1
242 67.962131 -8.54545986284202 profile1
243 68.103338 -8.48821509454056 profile1
244 68.122257 -8.48759345067172 profile1
245 68.141177 -8.46537244048731 profile1
246 68.410128 -8.45384263769139 profile1
247 68.415239 -8.38352901108452 profile1
248 68.42035 -8.32130744676285 profile1
249 68.640199 -8.17413107507607 profile1
250 68.652056 -7.97170461712061 profile1
251 68.656091 -7.78738159434502 profile1
252 68.660126 -7.624258579801 profile1
253 68.664161 -7.48493713999642 profile1
254 68.685197 -7.37475785142973 profile1
255 68.806919 -7.33376147447637 profile1
256 68.816104 -7.33454119250224 profile1
257 68.825289 -7.33531336486014 profile1
258 68.885575 -7.32953083121321 profile1
259 68.886394 -7.31835602599336 profile1
260 68.887213 -7.30774755012176 profile1
261 68.888033 -7.29771316154942 profile1
262 68.888852 -7.28826024533444 profile1
263 68.889671 -7.27939386928699 profile1
264 68.89049 -7.1409851416313 profile1
265 68.89131 -7.00267041827403 profile1
266 68.892129 -6.87921167161325 profile1
267 68.987403 -6.99069813773419 profile1
268 69.064645 -6.69747726796225 profile1
269 69.131341 -5.49380708282645 profile1
270 69.198036 -5.42971124291796 profile1
271 69.214855 -5.34774628995298 profile1
272 69.21825 -5.2733709031967 profile1
273 69.221446 -5.207979764616 profile1
274 69.224642 -5.15266726667108 profile1
275 69.227838 -5.10824892953963 profile1
276 69.231034 -3.5140659170283 profile1
277 69.23423 -3.09799033539641 profile1
278 69.237426 -3.07303838847586 profile1
279 69.240621 -3.04829828403364 profile1
280 69.244859 -3.02383220741735 profile1
281 69.252696 -3.00064692856186 profile1
282 69.260534 -2.96964167398324 profile1
283 69.416362 -2.95979849994409 profile1
284 69.484146 -2.94557200140269 profile1
285 69.505599 -2.93836873493002 profile1
286 69.508945 -2.92427571428534 profile1
287 69.512291 -2.91035312532703 profile1
288 69.515636 -2.89672331332926 profile1
289 69.542556 -2.94819753718154 profile1
290 69.592546 -1.08289830419373 profile1
291 69.66328 -0.973789643165346 profile1
292 69.721392 -0.971269808648812 profile1
293 69.724456 -0.977141432117926 profile1
294 69.727519 -0.984117336570763 profile1
295 69.733033 -0.992188986753644 profile1
296 69.768364 -0.85611611391271 profile1
297 69.782339 -0.718481031583132 profile1
298 69.796313 -0.676186610327316 profile1
299 69.810287 0.0663770477771675 profile1
300 69.829176 0.180203028444782 profile1
301 69.837051 0.245681715238733 profile1
302 69.844926 0.295741379004134 profile1
303 69.869428 0.342302896982229 profile1
304 69.876397 0.400097953284181 profile1
305 69.876657 0.445243276994181 profile1
306 69.876917 0.476109736383243 profile1
307 69.924127 0.469923439478694 profile1
308 69.978753 0.46476898396038 profile1
309 70.033378 0.460569848420428 profile1
310 70.042973 0.448593587022856 profile1
311 70.043703 0.428475436977748 profile1
312 70.044434 0.400378380164852 profile1
313 70.087246 0.375530836567402 profile1
314 70.141872 0.366051213080595 profile1
315 70.196497 0.352726720169459 profile1
316 70.400832 0.35157821168925 profile1
317 70.421006 0.361471218300143 profile1
318 70.441181 0.366365979877644 profile1
319 70.60917 0.383008712752583 profile1
320 70.612702 0.479442673891884 profile1
321 70.616235 0.507197194006856 profile1
322 70.661194 0.495510296559542 profile1
323 70.728481 0.474895964430059 profile1
324 70.750402 0.425520639345898 profile1
325 70.772323 0.36353081866545 profile1
326 70.779053 0.285229380175376 profile1
327 70.782062 0.188020000974333 profile1
328 70.785072 0.0806122913266662 profile1
329 71.12066 -0.590875321300673 profile1
330 71.198629 -0.592704084434565 profile1
331 71.276599 -0.594275271937851 profile1
332 71.354568 -0.550513688070451 profile1
333 71.418821 -0.146394324910137 profile1
334 71.422464 -0.0584265968502985 profile1
335 71.425934 -0.23040248066994 profile1
336 71.429405 -0.39066683371776 profile1
337 71.432875 -0.458284633006415 profile1
338 71.436346 -0.526809065510337 profile1
339 71.439817 -0.595992181287313 profile1
340 71.443287 -0.665581607076379 profile1
341 71.449172 -0.728896743694963 profile1
342 71.46043 -0.778710947310873 profile1
343 71.475844 -0.828977615604145 profile1
344 71.510771 -0.880360137752195 profile1
345 71.658293 -0.929035806198635 profile1
346 71.675712 -0.978807491862882 profile1
347 71.693132 -1.03628292556597 profile1
348 71.782692 -1.10521167130481 profile1
349 71.793079 -1.19846013940444 profile1
350 71.803404 -1.4584047165952 profile1
351 71.813729 -1.53260058029581 profile1
352 71.824055 -2.22016188553454 profile1
353 71.83438 -2.80225753300916 profile1
354 71.859513 -2.91761368141619 profile1
355 71.937774 -2.95961980843294 profile1
356 71.945079 -2.96653755446155 profile1
357 71.952385 -2.97901464612744 profile1
358 71.98473 -3.02495651777645 profile1
359 72.012709 -3.1154579146362 profile1
360 72.040688 -3.16521423998051 profile1
361 72.210521 -3.01053913350018 profile1
362 72.314268 -2.80777738854384 profile1
363 72.366456 -2.81249179152209 profile1
364 72.411367 -2.81756994661534 profile1
365 72.450663 -2.82887670670447 profile1
366 72.471305 -2.87227743716849 profile1
367 72.491946 -2.95895764657065 profile1
368 72.512588 -3.07456821256049 profile1
369 72.601385 -3.05205466395919 profile1
370 72.621813 -2.93819922113009 profile1
371 72.642242 -2.93773854576991 profile1
372 72.66267 -2.93736554710466 profile1
373 72.771429 -3.83801267919283 profile1
374 72.883243 -3.82347269069499 profile1
375 72.898448 -3.8090509302742 profile1
376 72.913654 -3.79624432628434 profile1
377 72.928859 -3.78649868604573 profile1
378 72.944065 -3.77613722129605 profile1
379 72.95927 -3.83821105529787 profile1
380 72.974476 -4.13105088343759 profile1
381 72.989681 -6.65028234588412 profile1
382 72.996574 -7.16104018563997 profile1
383 72.9996 -7.22575745906241 profile1
384 73.002626 -7.25447649030698 profile1
385 73.005652 -7.2765888410463 profile1
386 73.012925 -7.29827180137122 profile1
387 73.023956 -7.31999886926141 profile1
388 73.034987 -7.34230998222508 profile1
389 73.046018 -7.37856272485262 profile1
390 73.057049 -7.41664332596051 profile1
391 73.06808 -7.4537315883414 profile1
392 73.079353 -7.48507946228568 profile1
393 73.111862 -7.25044710443042 profile1
394 73.146945 -7.22833448608657 profile1
395 73.171837 -7.22836825718327 profile1
396 73.196729 -7.26234350607536 profile1
397 73.629401 -7.24343504933696 profile1
398 74.062073 -7.27046787409075 profile1
399 74.066223 -7.27954478828417 profile1
400 74.070373 -7.29055799474332 profile1
401 74.074523 -7.30349135720776 profile1
402 74.078673 -7.31831996179568 profile1
403 74.082823 -7.28636794385385 profile1
404 74.3761735 -7.34630804039787 profile1
405 74.669524 -7.36381330657101 profile1
406 74.672012 -7.47428577858217 profile1
407 74.674499 -7.59665144721088 profile1
408 74.716248 -7.72361895436255 profile1
409 74.724515 -7.84807773005995 profile1
410 74.732783 -8.03875253236124 profile1
411 75.0995546666667 -7.59123535899756 profile1
412 75.4663263333333 -7.56386384496104 profile1
413 75.833098 -7.6289619484874 profile1
414 75.863363 -7.63058798969702 profile1
415 75.875899 -7.62894432707878 profile1
416 75.888435 -7.6328695943529 profile1
417 75.900971 -7.65914928387088 profile1
418 75.903257 -7.70300030536802 profile1
419 75.904489 -7.77294427079964 profile1
420 75.905721 -7.85913811835318 profile1
421 75.917304 -7.95609616636616 profile1
422 76.287653 -7.98621694003706 profile1
423 76.288899 -7.99626912197154 profile1
424 76.290145 -8.00491154859163 profile1
425 76.397032 -8.05793354624335 profile1
426 76.403847 -8.17230546767703 profile1
427 76.410663 -8.30174552829911 profile1
428 76.607927 -8.59813750981335 profile1
429 76.623625 -8.57902165723678 profile1
430 76.633554 -8.53127341296232 profile1
431 76.643483 -8.49952941878946 profile1
432 76.653411 -8.48676498835623 profile1
433 76.66334 -8.4947996016565 profile1
434 76.700004 -8.56177790112829 profile1
435 67.606765 -1.54681715347058 profile2
436 67.613251 -1.54623305410722 profile2
437 67.619736 -1.54573788009351 profile2
438 67.626222 -1.54533243315062 profile2
439 67.641347 -1.54501650567009 profile2
440 67.654855 -1.54473445650868 profile2
441 67.658769 -1.54347043032599 profile2
442 67.662682 -1.54230627236895 profile2
443 67.666596 -1.5412368999267 profile2
444 67.679986 -1.54025741311324 profile2
445 67.708923 -1.47700507498996 profile2
446 67.715069 -1.41861996226005 profile2
447 67.721215 -1.37199760174713 profile2
448 67.746869 -1.3379215011312 profile2
449 67.778018 -1.33615631807029 profile2
450 67.809168 -1.33533480006884 profile2
451 67.895218 -1.32675035214628 profile2
452 67.900561 -1.32169908553454 profile2
453 67.905905 -1.32731997256449 profile2
454 67.911248 -1.34452061041977 profile2
455 67.920171 -1.37959759935891 profile2
456 67.929072 -1.43854341316745 profile2
457 67.937973 -1.50970110105423 profile2
458 67.946874 -1.59221524353848 profile2
459 67.962131 -1.63322691592697 profile2
460 68.103338 -1.65729919452972 profile2
461 68.122257 -1.67171402271463 profile2
462 68.141177 -1.72880793941635 profile2
463 68.410128 -1.78694827582422 profile2
464 68.415239 -1.74330454368316 profile2
465 68.42035 -1.69639207323853 profile2
466 68.640199 -1.61985727898485 profile2
467 68.652056 -1.53169715753991 profile2
468 68.656091 -1.45587512839296 profile2
469 68.660126 -1.39234484227842 profile2
470 68.664161 -1.34079689893353 profile2
471 68.685197 -1.30009880694112 profile2
472 68.806919 -1.28784669071416 profile2
473 68.816104 -1.28789779986484 profile2
474 68.825289 -1.28799618871566 profile2
475 68.885575 -1.28682763792934 profile2
476 68.886394 -1.28504731873929 profile2
477 68.887213 -1.28397642269568 profile2
478 68.888033 -1.28362856869293 profile2
479 68.888852 -1.28401371644955 profile2
480 68.889671 -1.28513591099334 profile2
481 68.89049 -1.26815978411478 profile2
482 68.89131 -1.25872152370846 profile2
483 68.892129 -1.25833497662977 profile2
484 68.987403 -1.26469920933495 profile2
485 69.064645 -0.789384185494741 profile2
486 69.131341 -0.849342047246465 profile2
487 69.198036 -0.907744444640644 profile2
488 69.214855 -1.00229436451339 profile2
489 69.21825 -1.10251967228805 profile2
490 69.221446 -1.20735366389168 profile2
491 69.224642 -1.31555641653497 profile2
492 69.227838 -1.42576909548255 profile2
493 69.231034 -0.989342072580116 profile2
494 69.23423 -0.918744711619179 profile2
495 69.237426 -0.911442737715769 profile2
496 69.240621 -0.904266468586705 profile2
497 69.244859 -0.897218613892311 profile2
498 69.252696 -0.889895863245111 profile2
499 69.260534 -0.877949756538671 profile2
500 69.416362 -0.868903585021543 profile2
501 69.484146 -1.09244619349402 profile2
502 69.505599 -1.11023389240011 profile2
503 69.508945 -1.1523448697953 profile2
504 69.512291 -1.19511483414069 profile2
505 69.515636 -1.23800168687495 profile2
506 69.542556 -1.16386401166983 profile2
507 69.592546 -1.52509120081056 profile2
508 69.66328 -1.49755601296143 profile2
509 69.721392 -1.4982427044237 profile2
510 69.724456 -1.49931065838304 profile2
511 69.727519 -1.50066908075572 profile2
512 69.733033 -1.50231303498195 profile2
513 69.768364 -1.3923962127624 profile2
514 69.782339 -1.24184473172106 profile2
515 69.796313 -1.10535237589124 profile2
516 69.810287 -0.217454521463862 profile2
517 69.829176 -0.269608695184784 profile2
518 69.837051 -0.302216805776592 profile2
519 69.844926 -0.337322423175033 profile2
520 69.869428 -0.378959253866803 profile2
521 69.876397 -0.432746036087322 profile2
522 69.876657 -0.489372424164465 profile2
523 69.876917 -0.546939738635099 profile2
524 69.924127 -0.500302078825356 profile2
525 69.978753 -0.427745912099762 profile2
526 70.033378 -0.413582496958694 profile2
527 70.042973 -0.398159928693802 profile2
528 70.043703 -0.381640145397275 profile2
529 70.044434 -0.364028484362591 profile2
530 70.087246 -0.344841380993361 profile2
531 70.141872 -0.324414226219396 profile2
532 70.196497 -0.303878530139685 profile2
533 70.400832 -0.296877779993252 profile2
534 70.421006 -0.304562170992317 profile2
535 70.441181 -0.310220297338179 profile2
536 70.60917 -0.303126237533785 profile2
537 70.612702 -0.231785865964121 profile2
538 70.616235 -0.125011069591597 profile2
539 70.661194 -0.0583960633215204 profile2
540 70.728481 -0.0132380777237114 profile2
541 70.750402 0.0676455709650535 profile2
542 70.772323 0.146028005603682 profile2
543 70.779053 0.223071455528539 profile2
544 70.782062 0.300252393948069 profile2
545 70.785072 0.370893822772259 profile2
546 71.12066 0.474547147458741 profile2
547 71.198629 0.46904115602152 profile2
548 71.276599 0.463626610652108 profile2
549 71.354568 0.507197194006856 profile2
550 71.418821 0.475062493338111 profile2
551 71.422464 0.30644972296028 profile2
552 71.425934 0.0938240051557102 profile2
553 71.429405 0.0315679590818264 profile2
554 71.432875 0.0564437762245472 profile2
555 71.436346 0.0797692543836067 profile2
556 71.439817 0.101518000634655 profile2
557 71.443287 0.121668314751559 profile2
558 71.449172 0.138941051438888 profile2
559 71.46043 0.1519779843782 profile2
560 71.475844 0.164083839375033 profile2
561 71.510771 0.174716549105859 profile2
562 71.658293 0.186397022248545 profile2
563 71.675712 0.200729161802405 profile2
564 71.693132 0.211934088970716 profile2
565 71.782692 -0.364062464671635 profile2
566 71.793079 -0.537426902706926 profile2
567 71.803404 -0.532666922462274 profile2
568 71.813729 -0.35796598048015 profile2
569 71.824055 -0.656244665577901 profile2
570 71.83438 -0.870328728205968 profile2
571 71.859513 -0.925965393421078 profile2
572 71.937774 -0.910979945964188 profile2
573 71.945079 -0.963438044407676 profile2
574 71.952385 -1.01436259115964 profile2
575 71.98473 -1.05454023929931 profile2
576 72.012709 -1.09233541113434 profile2
577 72.040688 -1.11925348849881 profile2
578 72.210521 -1.15035543623967 profile2
579 72.314268 -1.17381038944293 profile2
580 72.366456 -1.18474878397923 profile2
581 72.411367 -1.20645912526357 profile2
582 72.450663 -1.22809131880661 profile2
583 72.471305 -1.250133543098 profile2
584 72.491946 -1.24686708551054 profile2
585 72.512588 -1.24674819337542 profile2
586 72.601385 -1.17057257995448 profile2
587 72.621813 -1.12903590486781 profile2
588 72.642242 -1.09257892374791 profile2
589 72.66267 -1.05856276463115 profile2
590 72.771429 -1.0411795831763 profile2
591 72.883243 -1.02290266521033 profile2
592 72.898448 -1.0099054519257 profile2
593 72.913654 -0.999375266572593 profile2
594 72.928859 -0.992129836094773 profile2
595 72.944065 -0.985441359223135 profile2
596 72.95927 -0.887755348050846 profile2
597 72.974476 -0.692897947211284 profile2
598 72.989681 -0.448552866421422 profile2
599 72.996574 -0.357766394736957 profile2
600 72.9996 -0.327527629374401 profile2
601 73.002626 -0.297380445518062 profile2
602 73.005652 -0.270421320060902 profile2
603 73.012925 -0.255213839289132 profile2
604 73.023956 -0.248262659595117 profile2
605 73.034987 -0.24620376278254 profile2
606 73.046018 -0.298892364364492 profile2
607 73.057049 -0.368035718203366 profile2
608 73.06808 -0.443537553737968 profile2
609 73.079353 -0.50521872645332 profile2
610 73.111862 -0.004502162993982 profile2
611 73.146945 -0.116161447968702 profile2
612 73.171837 -0.166285093238426 profile2
613 73.196729 -0.342720552146832 profile2
614 73.629401 -0.389111433565304 profile2
615 74.062073 -0.381336234710874 profile2
616 74.066223 -0.394909949209701 profile2
617 74.070373 -0.408841104542636 profile2
618 74.074523 -0.423090625083205 profile2
619 74.078673 -0.43761677298619 profile2
620 74.082823 -0.3671883276908 profile2
621 74.3761735 -0.427299700583681 profile2
622 74.669524 -0.425722606516315 profile2
623 74.672012 -0.490472433712944 profile2
624 74.674499 -0.573927852651939 profile2
625 74.716248 -0.670012283145561 profile2
626 74.724515 -0.772647384108396 profile2
627 74.732783 -0.696338573525975 profile2
628 75.0995546666667 -0.624792876811491 profile2
629 75.4663263333333 -0.650389821650956 profile2
630 75.833098 -0.54335525584514 profile2
631 75.863363 -0.484667868483464 profile2
632 75.875899 -0.429225393834477 profile2
633 75.888435 -0.434838538001092 profile2
634 75.900971 -0.570279258994024 profile2
635 75.903257 -0.73421118554336 profile2
636 75.904489 -0.770071670206868 profile2
637 75.905721 -0.758556308711567 profile2
638 75.917304 -0.750479304721381 profile2
639 76.287653 -0.772757619260638 profile2
640 76.288899 -0.824375834342728 profile2
641 76.290145 -0.88224684046944 profile2
642 76.397032 -0.898938895265176 profile2
643 76.403847 -0.883958745850815 profile2
644 76.410663 -0.858915276823212 profile2
645 76.607927 -0.648551486186683 profile2
646 76.623625 -0.490250308236672 profile2
647 76.633554 -0.490497275335344 profile2
648 76.643483 -0.493310468595659 profile2
649 76.653411 -0.498710792857472 profile2
650 76.66334 -0.506610133800681 profile2
651 76.700004 -0.389292925538963 profile2
