marker_position lod trace
1 162.797792 -13.271291025203 pleio
2 162.802465 -13.6343097367552 pleio
3 162.807137 -14.0105721502093 pleio
4 162.891193 -14.6340031901672 pleio
5 162.899169 -14.3619406257281 pleio
6 162.907146 -15.1033611773075 pleio
7 162.915122 -15.8149318269603 pleio
8 162.923098 -15.824765780754 pleio
9 162.931074 -15.8209752923781 pleio
10 162.93905 -15.8120722417981 pleio
11 162.97044 -15.513537078446 pleio
12 162.976744 -15.5072737446637 pleio
13 162.983048 -15.4760123933854 pleio
14 162.989352 -15.1313218289173 pleio
15 162.995537 -15.0152394217609 pleio
16 162.997832 -14.7716978760083 pleio
17 163.00011 -14.7627781203752 pleio
18 163.002388 -14.7307502358327 pleio
19 163.004665 -14.6990257870966 pleio
20 163.006943 -14.6676584193157 pleio
21 163.009221 -14.6367037992307 pleio
22 163.011499 -14.6062156749637 pleio
23 163.013777 -14.5762539529706 pleio
24 163.016054 -14.551377169604 pleio
25 163.018332 -14.5330669312819 pleio
26 163.02061 -14.515375791697 pleio
27 163.022888 -14.4983568163991 pleio
28 163.025166 -14.4818402258249 pleio
29 163.029526 -14.4657850188507 pleio
30 163.045161 -14.4507064229915 pleio
31 163.061794 -14.448434718226 pleio
32 163.078427 -14.3829086716628 pleio
33 163.09506 -14.2559750494207 pleio
34 163.111693 -14.1739255847555 pleio
35 163.125708 -14.1846648890352 pleio
36 163.137394 -12.1213544894352 pleio
37 163.14908 -9.96991091352405 pleio
38 163.154021 -9.71209831632665 pleio
39 163.156127 -9.48489343623858 pleio
40 163.157556 -9.29191153622302 pleio
41 163.158891 -9.13644866107161 pleio
42 163.160225 -9.02129637555682 pleio
43 163.161559 -8.94852319277896 pleio
44 163.162894 -8.91932537448873 pleio
45 163.164228 -8.93390555576024 pleio
46 163.165562 -8.99146247034941 pleio
47 163.166897 -9.08971921208984 pleio
48 163.26265 -8.48028857126482 pleio
49 163.413317 -7.47226287176749 pleio
50 163.495816 -7.30154076567262 pleio
51 163.507977 -7.24399919442584 pleio
52 163.520139 -7.29787430478126 pleio
53 163.582672 -7.17039001185499 pleio
54 164.022416 -6.92531656235925 pleio
55 164.027702 -5.16145612445327 pleio
56 164.032987 -4.60959428913058 pleio
57 164.064248 -4.30868384366764 pleio
58 164.070405 -4.32294433108741 pleio
59 164.076561 -4.33740672237427 pleio
60 164.255184 -6.11719200060406 pleio
61 164.291807 -4.8257666999125 pleio
62 164.314068 -5.20441146163012 pleio
63 164.325529 -5.46442406626096 pleio
64 164.336991 -5.69396031242363 pleio
65 164.348452 -5.71802052221237 pleio
66 164.60536 -5.77934148045606 pleio
67 164.617986 -5.43935086177169 pleio
68 164.628884 -5.15883105471007 pleio
69 164.636687 -4.94260394681645 pleio
70 164.648869 -4.8154814874614 pleio
71 164.66892 -4.80970103938275 pleio
72 164.758936 -4.83728649017937 pleio
73 165.053217 -0.188279560581373 pleio
74 165.121823 -0.0427078540585972 pleio
75 165.132678 0 pleio
76 165.143532 -0.134782880879823 pleio
77 165.154046 -0.0985615989519145 pleio
78 165.15722 -0.274940460883073 pleio
79 165.160395 -0.516135242730458 pleio
80 165.163569 -0.714943635352368 pleio
81 165.195982 -0.866529713801799 pleio
82 165.223558 -0.843471355377846 pleio
83 165.251135 -0.791680508088084 pleio
84 165.276843 -0.650353044488563 pleio
85 165.283031 -0.433590747938017 pleio
86 165.290201 -0.619297958089567 pleio
87 165.297626 -0.94347829686231 pleio
88 165.445995 -1.41003692828731 pleio
89 165.451594 -1.39410333114777 pleio
90 165.457194 -1.38311583706729 pleio
91 165.462793 -1.38586804163577 pleio
92 165.468393 -1.39608352543183 pleio
93 165.473992 -1.41121437765954 pleio
94 165.479592 -1.43085077608744 pleio
95 165.485905 -4.2329605714781 pleio
96 165.495439 -4.24231184092324 pleio
97 165.565236 -4.28765663065724 pleio
98 165.56991 -4.36133887932138 pleio
99 165.574583 -4.56997852586137 pleio
100 165.581587 -5.33802573792865 pleio
101 165.605467 -5.2997294012749 pleio
102 165.629348 -5.28708014006798 pleio
103 165.653228 -5.28392109146578 pleio
104 165.677109 -5.28936888955799 pleio
105 165.700989 -5.29360389877477 pleio
106 165.704891 -5.30412775120518 pleio
107 165.706625 -5.31612379744167 pleio
108 165.708359 -5.32964025000653 pleio
109 165.710093 -5.34471593549944 pleio
110 165.711827 -5.36137667319259 pleio
111 165.713561 -5.42427727126373 pleio
112 165.715295 -5.51775757778089 pleio
113 165.717029 -5.6316616214224 pleio
114 165.718763 -5.7643690202614 pleio
115 165.720497 -5.91328105356306 pleio
116 165.722231 -6.0752084070772 pleio
117 165.723965 -6.24540633566506 pleio
118 165.725699 -6.36604789218137 pleio
119 165.802549 -6.38089526874697 pleio
120 165.85132 -6.40283807598835 pleio
121 165.858793 -6.45134406450011 pleio
122 165.864624 -6.51338034014964 pleio
123 165.868565 -6.58768222678176 pleio
124 165.872506 -6.67386176549832 pleio
125 165.876447 -6.77133375724815 pleio
126 165.880388 -6.87933052360578 pleio
127 165.884329 -6.96967701201942 pleio
128 165.88827 -7.06938596853599 pleio
129 165.892211 -7.14865985593103 pleio
130 165.896152 -7.17773618176966 pleio
131 165.900093 -7.20742203045989 pleio
132 165.912941 -7.21667759782115 pleio
133 165.925276 -7.20560975846932 pleio
134 165.925359 -7.19562898940694 pleio
135 165.925441 -7.18574792904616 pleio
136 165.930685 -7.1879059948633 pleio
137 166.172164 -7.26431317157177 pleio
138 166.181382 -7.42672241418227 pleio
139 166.1906 -7.54926344003515 pleio
140 166.324274 -7.56495013876116 pleio
141 166.325217 -7.83855182853878 pleio
142 166.32602 -8.29140734143712 pleio
143 166.326823 -8.88690408735556 pleio
144 166.327627 -9.18273345202329 pleio
145 166.32843 -9.21475084598553 pleio
146 166.377584 -9.23327410763311 pleio
147 166.382507 -9.20637191689318 pleio
148 166.38743 -9.18820990044121 pleio
149 166.394815 -9.17920154259558 pleio
150 166.403288 -9.2518695685401 pleio
151 166.407404 -9.4179086664774 pleio
152 166.411519 -9.38741683895986 pleio
153 166.415634 -9.37716027657552 pleio
154 166.419069 -9.38824132051261 pleio
155 166.422503 -9.42160673750444 pleio
156 166.425938 -9.47793653578689 pleio
157 166.429372 -9.55754530617856 pleio
158 166.432807 -9.66029671304571 pleio
159 166.439999 -9.78555006539829 pleio
160 166.448156 -9.93211675519828 pleio
161 166.475596 -10.0446421491524 pleio
162 166.491355 -10.0634973897627 pleio
163 166.507114 -10.2425937714128 pleio
164 166.522873 -10.435623911738 pleio
165 166.537635 -10.4691865285395 pleio
166 166.55226 -10.4781745852036 pleio
167 166.566886 -10.6783769698926 pleio
168 166.581511 -10.7523974658915 pleio
169 166.592132 -10.6578323997083 pleio
170 166.599166 -10.6486780658443 pleio
171 166.606199 -10.7003018664858 pleio
172 166.613233 -10.6614331171189 pleio
173 166.62365 -10.7917339509032 pleio
174 166.754477 -10.7938653087125 pleio
175 166.783106 -10.7348334865958 pleio
176 166.802407 -10.6869044994857 pleio
177 166.805057 -10.6741080081958 pleio
178 166.807706 -10.700680493257 pleio
179 166.811338 -10.7218467680532 pleio
180 166.839967 -10.7275348563483 pleio
181 166.951357 -10.9796829707268 pleio
182 166.992184 -10.9780942293234 pleio
183 167.033011 -11.1365290018491 pleio
184 167.073838 -10.8058516363799 pleio
185 167.142758 -10.7436701304101 pleio
186 167.274124 -10.9393831193694 pleio
187 167.282638 -11.0275652984642 pleio
188 167.286179 -11.1879329531562 pleio
189 167.289719 -11.4221008937099 pleio
190 167.29326 -11.7192965192912 pleio
191 167.306473 -11.8658508462336 pleio
192 167.322761 -11.9705093374226 pleio
193 167.349466 -12.0134314648599 pleio
194 167.360748 -12.0145113718596 pleio
195 167.37203 -12.0177589290489 pleio
196 167.396998 -12.0227546022069 pleio
197 167.523201 -11.8873336793261 pleio
198 167.545144 -12.1315556432942 pleio
199 167.556235 -12.4866436670867 pleio
200 167.567326 -12.8229803117542 pleio
201 167.647654 -12.9357285676016 pleio
202 167.755373 -12.9409238735132 pleio
203 167.788738 -12.9499793870496 pleio
204 167.822104 -12.9594849846003 pleio
205 167.836721 -12.9219315303056 pleio
206 167.845502 -12.8753785690739 pleio
207 167.854284 -12.8354782814839 pleio
208 167.858563 -12.8023216210393 pleio
209 167.860327 -12.7870192530613 pleio
210 167.862092 -12.8218614801308 pleio
211 167.863857 -12.8844321877505 pleio
212 167.865622 -12.9790716977756 pleio
213 167.86764 -13.0862642385988 pleio
214 167.871511 -13.2004772937048 pleio
215 167.876871 -13.3198687934885 pleio
216 167.882232 -13.4442206332919 pleio
217 167.887593 -13.5732925678427 pleio
218 167.913375 -13.6500891781556 pleio
219 167.920966 -13.6536312061804 pleio
220 167.928557 -13.6543365231329 pleio
221 168.002821 -13.6667469542217 pleio
222 168.013929 -13.7229493842435 pleio
223 168.020304 -13.7869173608633 pleio
224 168.023961 -13.9341492664141 pleio
225 168.02735 -14.1566313438367 pleio
226 168.030739 -14.4116258721898 pleio
227 168.034128 -15.463733982449 pleio
228 168.037518 -15.5586973412217 pleio
229 168.042103 -15.6306253661327 pleio
230 168.057523 -15.6426241155273 pleio
231 168.241031 -15.6599663656043 pleio
232 168.273712 -15.6310157374938 pleio
233 168.276509 -15.6138812567263 pleio
234 168.279306 -15.6059688731017 pleio
235 168.282103 -15.6074980022924 pleio
236 168.2849 -15.6186097697633 pleio
237 168.287697 -15.6393712403882 pleio
238 168.291368 -15.6498218363218 pleio
239 168.295216 -15.6760713371525 pleio
240 168.301388 -15.7084024604563 pleio
241 168.308464 -15.44323808312 pleio
242 168.31554 -15.3705548289373 pleio
243 168.322616 -15.5213001191402 pleio
244 168.369835 -15.6312225537446 pleio
245 168.372164 -15.6321539942599 pleio
246 168.374493 -15.6331416973173 pleio
247 168.376821 -15.6341465152229 pleio
248 162.797792 -8.63340882775113 profile1
249 162.802465 -8.67521679100044 profile1
250 162.807137 -8.71072556812499 profile1
251 162.891193 -9.03615429060714 profile1
252 162.899169 -8.63552082344961 profile1
253 162.907146 -9.33673619691655 profile1
254 162.915122 -10.2975265356858 profile1
255 162.923098 -10.3630893763691 profile1
256 162.931074 -10.4132861221258 profile1
257 162.93905 -10.4559407217392 profile1
258 162.97044 -10.1198387433536 profile1
259 162.976744 -10.1342237873442 profile1
260 162.983048 -10.134494057039 profile1
261 162.989352 -9.84050159129698 profile1
262 162.995537 -9.80114864003352 profile1
263 162.997832 -9.91856332555711 profile1
264 163.00011 -9.99402361162344 profile1
265 163.002388 -9.99760626475701 profile1
266 163.004665 -10.0013085529244 profile1
267 163.006943 -10.0051213803446 profile1
268 163.009221 -10.0090321186434 profile1
269 163.011499 -10.0130280979835 profile1
270 163.013777 -10.0170976491564 profile1
271 163.016054 -10.0254863777901 profile1
272 163.018332 -10.0394960394914 profile1
273 163.02061 -10.0534214721463 profile1
274 163.022888 -10.0672462426741 profile1
275 163.025166 -10.0808073384635 profile1
276 163.029526 -10.0940370270871 profile1
277 163.045161 -10.1066023635347 profile1
278 163.061794 -10.1301803058653 profile1
279 163.078427 -10.1248134430879 profile1
280 163.09506 -10.0783808842921 profile1
281 163.111693 -10.0666329478869 profile1
282 163.125708 -10.1324515556803 profile1
283 163.137394 -9.97727497744616 profile1
284 163.14908 -9.10445908699308 profile1
285 163.154021 -8.82529023945454 profile1
286 163.156127 -8.56347467354843 profile1
287 163.157556 -8.32178772710619 profile1
288 163.158891 -8.10274448026303 profile1
289 163.160225 -7.90851289346948 profile1
290 163.161559 -7.74082145924799 profile1
291 163.162894 -7.60090735038278 profile1
292 163.164228 -7.4894618877659 profile1
293 163.165562 -7.40663999611434 profile1
294 163.166897 -7.35162428731497 profile1
295 163.26265 -7.12204619667988 profile1
296 163.413317 -6.66031852746926 profile1
297 163.495816 -6.98279960044314 profile1
298 163.507977 -7.03949355054878 profile1
299 163.520139 -7.20301680348498 profile1
300 163.582672 -7.17039001185499 profile1
301 164.022416 -5.96310783992752 profile1
302 164.027702 -4.39240261220011 profile1
303 164.032987 -4.15849136973128 profile1
304 164.064248 -4.11908324779737 profile1
305 164.070405 -4.11410680171231 profile1
306 164.076561 -4.10909253254703 profile1
307 164.255184 -3.22315204856112 profile1
308 164.291807 -2.39605426183709 profile1
309 164.314068 -2.55489441157175 profile1
310 164.325529 -2.5381543130067 profile1
311 164.336991 -2.4968314676012 profile1
312 164.348452 -2.30219878245464 profile1
313 164.60536 -2.17212115017264 profile1
314 164.617986 -1.89081945147279 profile1
315 164.628884 -1.6589745145648 profile1
316 164.636687 -1.47707683076509 profile1
317 164.648869 -1.36344960941623 profile1
318 164.66892 -1.36926617942325 profile1
319 164.758936 -1.40773439035111 profile1
320 165.163569 4.46288759875463 profile1
321 165.195982 4.43576825031292 profile1
322 165.223558 4.48057371916598 profile1
323 165.251135 4.5288815917081 profile1
324 167.286179 -6.41365172635556 profile1
325 167.289719 -6.7039729993453 profile1
326 167.29326 -7.01660788221062 profile1
327 167.306473 -7.12873012053008 profile1
328 167.322761 -7.18806140260918 profile1
329 167.349466 -7.21076181550115 profile1
330 167.360748 -7.21232245348759 profile1
331 167.37203 -7.2139117452915 profile1
332 167.396998 -7.21544555751676 profile1
333 167.523201 -7.19042673715433 profile1
334 167.545144 -7.41840689271985 profile1
335 167.556235 -7.69837478883063 profile1
336 167.567326 -7.95295419481771 profile1
337 167.647654 -8.0984417935937 profile1
338 167.755373 -8.09911563093134 profile1
339 167.788738 -8.10144686275008 profile1
340 167.822104 -8.10373645050765 profile1
341 167.836721 -8.03080869263725 profile1
342 167.845502 -7.94005103149217 profile1
343 167.854284 -7.85585653867343 profile1
344 167.858563 -7.77844867394419 profile1
345 167.860327 -7.70947082342135 profile1
346 167.862092 -7.6534360621063 profile1
347 167.863857 -7.64151364213791 profile1
348 167.865622 -7.68328665910202 profile1
349 167.86764 -7.72896187243164 profile1
350 167.871511 -7.77871643667046 profile1
351 167.876871 -7.83254439248644 profile1
352 167.882232 -7.89034113831791 profile1
353 167.887593 -7.95197898935227 profile1
354 167.913375 -7.987842824076 profile1
355 167.920966 -7.98722939942019 profile1
356 167.928557 -7.98577728678142 profile1
357 168.002821 -7.98993078768926 profile1
358 168.013929 -8.01695454430724 profile1
359 168.020304 -8.05075270115315 profile1
360 168.023961 -8.18180404238143 profile1
361 168.02735 -8.40002699581614 profile1
362 168.030739 -8.61344880103587 profile1
363 168.034128 -9.28439327789853 profile1
364 168.037518 -9.34839844966971 profile1
365 168.042103 -9.39686625870151 profile1
366 168.057523 -9.36534654993937 profile1
367 168.241031 -9.36382221278438 profile1
368 168.273712 -9.32246407999093 profile1
369 168.276509 -9.29319638238203 profile1
370 168.279306 -9.27343984081376 profile1
371 168.282103 -9.26344515839253 profile1
372 168.2849 -9.26337850522144 profile1
373 168.287697 -9.27332474259468 profile1
374 168.291368 -9.29767204678903 profile1
375 168.295216 -9.33626206988139 profile1
376 168.301388 -9.37750391795268 profile1
377 168.308464 -9.20988457466998 profile1
378 168.31554 -9.06738713431145 profile1
379 168.322616 -8.94096832016633 profile1
380 168.369835 -8.88721405901925 profile1
381 168.372164 -8.87793929923991 profile1
382 168.374493 -8.86871554929825 profile1
383 168.376821 -8.8517477108155 profile1
384 165.053217 4.50898525023019 profile1
385 165.121823 4.68341224416079 profile1
386 165.132678 4.75453096819613 profile1
387 165.143532 4.69035816163141 profile1
388 165.154046 4.86795689368141 profile1
389 165.15722 4.77609001762942 profile1
390 165.160395 4.65123987281168 profile1
391 165.276843 4.57820125231016 profile1
392 165.283031 4.84730852562534 profile1
393 165.290201 4.78427653134406 profile1
394 165.297626 4.36014371082535 profile1
395 165.445995 3.91922736836133 profile1
396 165.451594 3.89674888692302 profile1
397 165.457194 3.86783298703326 profile1
398 165.462793 3.83918376748141 profile1
399 165.468393 3.80650660143732 profile1
400 165.473992 3.76846754298579 profile1
401 165.479592 3.72550864533922 profile1
402 165.485905 2.03154582900517 profile1
403 165.495439 2.00069914749587 profile1
404 165.565236 1.7714395572873 profile1
405 165.56991 1.36816058284915 profile1
406 165.574583 0.836104303464326 profile1
407 165.581587 -0.248075354756508 profile1
408 165.605467 -0.267080900151174 profile1
409 165.629348 -0.292351581124292 profile1
410 165.653228 -0.317953327240616 profile1
411 165.677109 -0.335349121353532 profile1
412 165.700989 -0.34961197707921 profile1
413 165.704891 -0.364230055380398 profile1
414 165.706625 -0.378026544284918 profile1
415 165.708359 -0.390894345706042 profile1
416 165.710093 -0.402740988512835 profile1
417 165.711827 -0.413490155006439 profile1
418 165.713561 -0.480563022822438 profile1
419 165.715295 -0.578822427752046 profile1
420 165.717029 -0.69419080854628 profile1
421 165.718763 -0.824454721154129 profile1
422 165.720497 -0.966702021670491 profile1
423 165.722231 -1.11785137667744 profile1
424 165.723965 -1.27572556680776 profile1
425 165.725699 -1.44960501934422 profile1
426 165.802549 -1.48014788045019 profile1
427 165.85132 -1.4894044122308 profile1
428 165.858793 -1.5034304062453 profile1
429 165.864624 -1.54134819931387 profile1
430 165.868565 -1.58602670865592 profile1
431 165.872506 -1.6370606508515 profile1
432 165.876447 -1.69387809306982 profile1
433 165.880388 -1.7557591117127 profile1
434 165.884329 -1.83647030223823 profile1
435 165.88827 -1.9224851109903 profile1
436 165.892211 -1.97772654441165 profile1
437 165.896152 -1.99635335379076 profile1
438 165.900093 -2.01872147990073 profile1
439 165.912941 -2.02541125800387 profile1
440 165.925276 -2.01787859356452 profile1
441 165.925359 -2.01077464975057 profile1
442 165.925441 -2.00336711516194 profile1
443 165.930685 -2.00759438181959 profile1
444 166.172164 -2.04191176896157 profile1
445 166.181382 -2.10032705610162 profile1
446 166.1906 -2.13411671590831 profile1
447 166.324274 -2.08243003417415 profile1
448 166.325217 -2.23203168897594 profile1
449 166.32602 -2.5898096503063 profile1
450 166.326823 -3.12017477915172 profile1
451 166.327627 -3.37648744557309 profile1
452 166.32843 -3.37189038552061 profile1
453 166.377584 -3.35880912706105 profile1
454 166.382507 -3.31807839567278 profile1
455 166.38743 -3.28670844069811 profile1
456 166.394815 -3.26516595454035 profile1
457 166.403288 -3.38652537254931 profile1
458 166.407404 -3.6355147623177 profile1
459 166.411519 -3.73759853429849 profile1
460 166.415634 -3.85687707698436 profile1
461 166.419069 -3.99260131825438 profile1
462 166.422503 -4.14392292748591 profile1
463 166.425938 -4.3099090084642 profile1
464 166.429372 -4.48956595164407 profile1
465 166.432807 -4.68185288481537 profile1
466 166.439999 -4.88568699214358 profile1
467 166.448156 -5.09991487866708 profile1
468 166.475596 -5.24713705741781 profile1
469 166.491355 -5.1912416428146 profile1
470 166.507114 -5.30593858495725 profile1
471 166.522873 -5.43071683481406 profile1
472 166.537635 -5.46269547400627 profile1
473 166.55226 -5.47259977185191 profile1
474 166.566886 -5.70433125975983 profile1
475 166.581511 -5.78630627495542 profile1
476 166.592132 -5.67588739293939 profile1
477 166.599166 -5.67586316337325 profile1
478 166.606199 -5.76612273216089 profile1
479 166.613233 -5.75752842810183 profile1
480 166.62365 -5.89266468919167 profile1
481 166.754477 -6.16399495014982 profile1
482 166.783106 -6.16962569774523 profile1
483 166.802407 -6.18155186436133 profile1
484 166.805057 -6.21728632863155 profile1
485 166.807706 -6.27741637763459 profile1
486 166.811338 -6.30749357041312 profile1
487 166.839967 -6.31105857908431 profile1
488 166.951357 -6.25428392258422 profile1
489 166.992184 -6.25246308442115 profile1
490 167.033011 -6.35070956223857 profile1
491 167.073838 -5.87117402620343 profile1
492 167.142758 -5.88862015304212 profile1
493 167.274124 -5.9130991694878 profile1
494 167.282638 -6.1478281388869 profile1
495 162.797792 -2.04538378918238 profile2
496 162.802465 -2.41018781766217 profile2
497 162.807137 -2.80142744986243 profile2
498 162.891193 -3.13022978280679 profile2
499 162.899169 -3.14247627159182 profile2
500 162.907146 -3.28142250037071 profile2
501 162.915122 -3.13732285593907 profile2
502 162.923098 -3.0732284814326 profile2
503 162.931074 -3.01016000290585 profile2
504 162.93905 -2.9489025032862 profile2
505 162.97044 -2.98716256378619 profile2
506 162.976744 -2.96191782188148 profile2
507 162.983048 -2.92340646141481 profile2
508 162.989352 -2.88943784298282 profile2
509 162.995537 -2.8248556722397 profile2
510 162.997832 -2.29126859921861 profile2
511 163.00011 -2.18285116940715 profile2
512 163.002388 -2.14184555907146 profile2
513 163.004665 -2.10109535371579 profile2
514 163.006943 -2.06067872510471 profile2
515 163.009221 -2.02067906241968 profile2
516 163.011499 -1.98117842599975 profile2
517 163.013777 -1.94226380145544 profile2
518 163.016054 -1.90452355154777 profile2
519 163.018332 -1.86823752058059 profile2
520 163.02061 -1.83283264372481 profile2
521 163.022888 -1.79839227860405 profile2
522 163.025166 -1.7649086525201 profile2
523 163.029526 -1.73241959710574 profile2
524 163.045161 -1.70116761585195 profile2
525 163.061794 -1.67261646749493 profile2
526 163.078427 -1.61837591088568 profile2
527 163.09506 -1.54467103894192 profile2
528 163.111693 -1.47720930896336 profile2
529 163.125708 -1.4227142845262 profile2
530 163.137394 0.949331102429467 profile2
531 163.14908 2.55919649565492 profile2
532 163.154021 2.66802592957195 profile2
533 163.156127 2.75929922664324 profile2
534 163.157556 2.83051564496167 profile2
535 163.158891 2.87918142347777 profile2
536 163.160225 2.9029865862794 profile2
537 163.161559 2.90003050288879 profile2
538 163.162894 2.86902276482275 profile2
539 163.164228 2.80944419038964 profile2
540 163.165562 2.72162791134205 profile2
541 163.166897 2.60687219040243 profile2
542 163.26265 3.16112724961963 profile2
543 163.413317 3.95899215503633 profile2
544 163.495816 4.5650663673329 profile2
545 163.507977 4.69164386623174 profile2
546 163.520139 4.77614257660115 profile2
547 163.582672 4.84257519824828 profile2
548 164.022416 3.97651983623154 profile2
549 164.027702 4.24435115459153 profile2
550 164.032987 4.6052397041459 profile2
551 164.064248 4.86795689368141 profile2
552 164.070405 4.85097633112688 profile2
553 164.076561 4.83370512477689 profile2
554 164.255184 2.09089573666582 profile2
555 164.291807 2.53563584143077 profile2
556 164.314068 2.32640448968368 profile2
557 164.325529 2.03544735729483 profile2
558 164.336991 1.74668689092052 profile2
559 164.348452 1.50517673137374 profile2
560 164.60536 1.25856959304415 profile2
561 164.617986 1.37511193842726 profile2
562 164.628884 1.45865552779646 profile2
563 164.636687 1.50620944482672 profile2
564 164.648869 1.51946806239056 profile2
565 164.66892 1.52748198266615 profile2
566 164.758936 1.50808851662511 profile2
567 165.053217 0.166385911466106 profile2
568 165.121823 0.129797916594172 profile2
569 165.132678 0.103579669343577 profile2
570 165.143532 0.0418204619314067 profile2
571 165.154046 -0.0448202393762758 profile2
572 165.15722 -0.114714842472177 profile2
573 165.160395 -0.232600482111272 profile2
574 165.163569 -0.248726048076014 profile2
575 165.195982 -0.379087648809875 profile2
576 165.223558 -0.40775817208484 profile2
577 165.251135 -0.410315064882091 profile2
578 165.276843 -0.317196643865437 profile2
579 165.283031 -0.397940916965537 profile2
580 165.290201 -0.619297958089567 profile2
581 165.297626 -0.606345159649121 profile2
582 165.445995 -0.65996922035473 profile2
583 165.451594 -0.629459334663187 profile2
584 165.457194 -0.599667970794411 profile2
585 165.462793 -0.58276817620543 profile2
586 165.468393 -0.5702502189113 profile2
587 165.473992 -0.55896502716469 profile2
588 165.479592 -0.548812227147812 profile2
589 165.485905 -2.34396519852186 profile2
590 165.495439 -2.32618036463071 profile2
591 165.565236 -2.13893090115254 profile2
592 165.56991 -1.81896565528455 profile2
593 165.574583 -1.52723451754086 profile2
594 165.581587 -1.26616945541763 profile2
595 165.605467 -1.21442145867735 profile2
596 165.629348 -1.18495298275787 profile2
597 165.653228 -1.16683176135537 profile2
598 165.677109 -1.16277063368905 profile2
599 165.700989 -1.15943071645185 profile2
600 165.704891 -1.16797358034069 profile2
601 165.706625 -1.17953673522543 profile2
602 165.708359 -1.19420449191987 profile2
603 165.710093 -1.21202654057578 profile2
604 165.711827 -1.23301484439859 profile2
605 165.713561 -1.24615569026571 profile2
606 165.715295 -1.26345276315829 profile2
607 165.717029 -1.28816674585045 profile2
608 165.718763 -1.32004106920009 profile2
609 165.720497 -1.35850197497026 profile2
610 165.722231 -1.40271315367619 profile2
611 165.723965 -1.44964972159692 profile2
612 165.725699 -1.42927719913911 profile2
613 165.802549 -1.42471414115193 profile2
614 165.85132 -1.43968269805033 profile2
615 165.858793 -1.4758093363507 profile2
616 165.864624 -1.5030373422386 profile2
617 165.868565 -1.53692418189058 profile2
618 165.872506 -1.57744177765163 profile2
619 165.876447 -1.62452121271754 profile2
620 165.880388 -1.67805194665769 profile2
621 165.884329 -1.7016170638367 profile2
622 165.88827 -1.73174213578685 profile2
623 165.892211 -1.77449090800301 profile2
624 165.896152 -1.79769460911501 profile2
625 165.900093 -1.81593978829235 profile2
626 165.912941 -1.82383818462088 profile2
627 165.925276 -1.81954867345544 profile2
628 165.925359 -1.81521130648635 profile2
629 165.925441 -1.81116746371665 profile2
630 165.930685 -1.80558441296941 profile2
631 166.172164 -1.86031437952883 profile2
632 166.181382 -1.99452808244139 profile2
633 166.1906 -2.10566754887548 profile2
634 166.324274 -2.18040163252277 profile2
635 166.325217 -2.31781596549242 profile2
636 166.32602 -2.45084839456203 profile2
637 166.326823 -2.57525929245985 profile2
638 166.327627 -2.64472471986803 profile2
639 166.32843 -2.68275450230903 profile2
640 166.377584 -2.71303217530549 profile2
641 166.382507 -2.71458073162079 profile2
642 166.38743 -2.71600920464404 profile2
643 166.394815 -2.71731753493272 profile2
644 166.403288 -2.66174237600592 profile2
645 166.407404 -2.58685436431512 profile2
646 166.411519 -2.46368645499343 profile2
647 166.415634 -2.34868524209723 profile2
648 166.419069 -2.24358428844113 profile2
649 166.422503 -2.14995676034332 profile2
650 166.425938 -2.06908742523795 profile2
651 166.429372 -2.00185915836553 profile2
652 166.432807 -1.9486745434147 profile2
653 166.439999 -1.90942812439246 profile2
654 166.448156 -1.88353317704133 profile2
655 166.475596 -1.87769015460648 profile2
656 166.491355 -1.93449464458147 profile2
657 166.507114 -1.98878620519096 profile2
658 166.522873 -2.04802927914334 profile2
659 166.537635 -2.05474592686536 profile2
660 166.55226 -2.05561565058789 profile2
661 166.566886 -2.05817293676157 profile2
662 166.581511 -2.05968982452886 profile2
663 166.592132 -2.0708867549788 profile2
664 166.599166 -2.0544296816254 profile2
665 166.606199 -2.00132936769073 profile2
666 166.613233 -1.94245215108872 profile2
667 166.62365 -1.92636559182249 profile2
668 166.754477 -1.67766711241067 profile2
669 166.783106 -1.60780245143374 profile2
670 166.802407 -1.54750068776035 profile2
671 166.805057 -1.50305377484368 profile2
672 166.807706 -1.47675579442619 profile2
673 166.811338 -1.46763348444839 profile2
674 166.839967 -1.4670951472344 profile2
675 166.951357 -1.8000469474386 profile2
676 166.992184 -1.80038538105418 profile2
677 167.033011 -1.86611006027636 profile2
678 167.073838 -2.11478979910079 profile2
679 167.142758 -2.12431299817852 profile2
680 167.274124 -2.305121412345 profile2
681 167.282638 -2.18372844527182 profile2
682 167.286179 -2.10443618008185 profile2
683 167.289719 -2.07102029535846 profile2
684 167.29326 -2.08265817205104 profile2
685 167.306473 -2.13909787937693 profile2
686 167.322761 -2.18059690092461 profile2
687 167.349466 -2.19427627388254 profile2
688 167.360748 -2.19039608632311 profile2
689 167.37203 -2.18857352644661 profile2
690 167.396998 -2.18853847615324 profile2
691 167.523201 -2.07621513732359 profile2
692 167.545144 -2.11050373152277 profile2
693 167.556235 -2.20882776611397 profile2
694 167.567326 -2.31421551583364 profile2
695 167.647654 -2.2231883780998 profile2
696 167.755373 -2.2263065118344 profile2
697 167.788738 -2.2305421941349 profile2
698 167.822104 -2.23522274086847 profile2
699 167.836721 -2.26583445981495 profile2
700 167.845502 -2.30547606568393 profile2
701 167.854284 -2.34621105699047 profile2
702 167.858563 -2.38790438946157 profile2
703 167.860327 -2.43956967511091 profile2
704 167.862092 -2.52786847387855 profile2
705 167.863857 -2.59606057571512 profile2
706 167.865622 -2.63685268923215 profile2
707 167.86764 -2.68643842641077 profile2
708 167.871511 -2.73971921790063 profile2
709 167.876871 -2.79502480732473 profile2
710 167.882232 -2.85225941155519 profile2
711 167.887593 -2.91132386209502 profile2
712 167.913375 -2.94685054180942 profile2
713 167.920966 -2.94985689791318 profile2
714 167.928557 -2.95162360649414 profile2
715 168.002821 -2.96078944182289 profile2
716 168.013929 -2.99667591258392 profile2
717 168.020304 -3.03590837911643 profile2
718 168.023961 -3.06731344512882 profile2
719 168.02735 -3.09320350682588 profile2
720 168.030739 -3.17872436748235 profile2
721 168.034128 -3.83556876319906 profile2
722 168.037518 -3.88492825706274 profile2
723 168.042103 -3.92251029080073 profile2
724 168.057523 -3.94071049508928 profile2
725 168.241031 -3.96124025397957 profile2
726 168.273712 -3.96837825546315 profile2
727 168.276509 -3.97575833525068 profile2
728 168.279306 -3.98349286222699 profile2
729 168.282103 -3.99157237827866 profile2
730 168.2849 -3.99998652147438 profile2
731 168.287697 -4.00872435800263 profile2
732 168.291368 -3.99650361792494 profile2
733 168.295216 -3.99026878863486 profile2
734 168.301388 -3.99115469982973 profile2
735 168.308464 -3.91352348963362 profile2
736 168.31554 -4.01893895025645 profile2
737 168.322616 -4.34123194399903 profile2
738 168.369835 -4.52193161867605 profile2
739 168.372164 -4.53102388139886 profile2
740 168.374493 -4.54011481925177 profile2
741 168.376821 -4.55534822954315 profile2
