marker_position lod trace
1 67.606765 -6.47442210089019 pleio
2 67.613251 -6.48156932418397 pleio
3 67.619736 -6.48870375889993 pleio
4 67.626222 -6.49582478737225 pleio
5 67.641347 -6.50293114664283 pleio
6 67.654855 -6.50998992637317 pleio
7 67.658769 -6.51639880410388 pleio
8 67.662682 -6.5227540283647 pleio
9 67.666596 -6.52907959331058 pleio
10 67.679986 -6.53539705052559 pleio
11 67.708923 -6.56370599962986 pleio
12 67.715069 -6.59695909916579 pleio
13 67.721215 -6.63271529577427 pleio
14 67.746869 -6.66659133097126 pleio
15 67.778018 -6.67316611755856 pleio
16 67.809168 -6.67703694101662 pleio
17 67.895218 -6.69744693812565 pleio
18 67.900561 -6.74187988377172 pleio
19 67.905905 -6.79964860911404 pleio
20 67.911248 -6.8702717374515 pleio
21 67.920171 -6.92191175198815 pleio
22 67.929072 -6.92571707869829 pleio
23 67.937973 -6.94362649237973 pleio
24 67.946874 -6.97489169092927 pleio
25 67.962131 -7.00028209719372 pleio
26 68.103338 -6.9993746200858 pleio
27 68.122257 -6.98045485546142 pleio
28 68.141177 -6.94021311589449 pleio
29 68.410128 -6.92392104977261 pleio
30 68.415239 -6.8615623639338 pleio
31 68.42035 -6.79480550043835 pleio
32 68.640199 -6.67573806857075 pleio
33 68.652056 -6.51546239472679 pleio
34 68.656091 -6.35316105849895 pleio
35 68.660126 -6.18910993325818 pleio
36 68.664161 -6.0239440389373 pleio
37 68.685197 -5.85560707341332 pleio
38 68.806919 -5.78353369614949 pleio
39 68.816104 -5.7857373375611 pleio
40 68.825289 -5.78790683366125 pleio
41 68.885575 -5.78259241929635 pleio
42 68.886394 -5.77107865330577 pleio
43 68.887213 -5.76010920310298 pleio
44 68.888033 -5.74971151010444 pleio
45 68.888852 -5.73990925672585 pleio
46 68.889671 -5.73072200316805 pleio
47 68.89049 -5.64167321326761 pleio
48 68.89131 -5.53371173783742 pleio
49 68.892129 -5.41578729073455 pleio
50 68.987403 -4.61027371180476 pleio
51 69.064645 -4.17929939576871 pleio
52 69.131341 -3.65662728869176 pleio
53 69.198036 -3.62396577797985 pleio
54 69.214855 -3.58884304532269 pleio
55 69.21825 -3.55515869377027 pleio
56 69.221446 -3.52306829965847 pleio
57 69.224642 -3.49278119782786 pleio
58 69.227838 -3.46450463501712 pleio
59 69.231034 -2.92482656680556 pleio
60 69.23423 -2.87692562270325 pleio
61 69.237426 -2.87592926084649 pleio
62 69.240621 -2.87505310729137 pleio
63 69.244859 -2.87427248133509 pleio
64 69.252696 -2.87341422581505 pleio
65 69.260534 -2.8723013195691 pleio
66 69.416362 -2.91378463152127 pleio
67 69.484146 -3.03026767523374 pleio
68 69.505599 -3.03905230943725 pleio
69 69.508945 -3.06411061678172 pleio
70 69.512291 -3.09372957203542 pleio
71 69.515636 -3.12751060544121 pleio
72 69.542556 -3.19958911439746 pleio
73 69.592546 -3.37759922315434 pleio
74 69.66328 -3.4672769326711 pleio
75 69.721392 -3.47832651975116 pleio
76 69.724456 -3.47554222651321 pleio
77 69.727519 -3.47282062779027 pleio
78 69.733033 -3.47017136441368 pleio
79 69.768364 -3.3483983905639 pleio
80 69.782339 -3.18211453674734 pleio
81 69.796313 -2.99844627146378 pleio
82 69.810287 -0.330929621202102 pleio
83 69.829176 -0.075091304094742 pleio
84 69.837051 -0.0843220268711342 pleio
85 69.844926 -0.0882001636210801 pleio
86 69.869428 -0.091900357253086 pleio
87 69.876397 -0.0784674044240842 pleio
88 69.876657 -0.081500661978396 pleio
89 69.876917 -0.0986516494829326 pleio
90 69.924127 -0.195749486997758 pleio
91 69.978753 -0.297117974976541 pleio
92 70.033378 -0.232653343369355 pleio
93 70.042973 -0.170673886148628 pleio
94 70.043703 -0.112749856066873 pleio
95 70.044434 -0.0601034828319321 pleio
96 70.087246 -0.0350534623049017 pleio
97 70.141872 -0.0524723200977017 pleio
98 70.196497 -0.0412217705516978 pleio
99 70.400832 -0.0560183555698374 pleio
100 70.421006 -0.0645400388707152 pleio
101 70.441181 -0.0754394013443252 pleio
102 70.60917 -0.097862768813572 pleio
103 70.612702 -0.173591752472182 pleio
104 70.616235 -0.262876182527504 pleio
105 70.661194 -0.326276090588597 pleio
106 70.728481 -0.332011991559867 pleio
107 70.750402 -0.31825829349639 pleio
108 70.772323 -0.318207305052576 pleio
109 70.779053 -0.32538512949292 pleio
110 70.782062 -0.329995451665487 pleio
111 70.785072 -0.339007226507669 pleio
112 71.12066 -0.146009177368825 pleio
113 71.198629 -0.188135111587168 pleio
114 71.276599 -0.230306124325966 pleio
115 71.354568 -0.364446972242605 pleio
116 71.418821 -0.350145422170117 pleio
117 71.422464 -0.412555432870798 pleio
118 71.425934 -0.529598906950784 pleio
119 71.429405 -0.522412383840871 pleio
120 71.432875 -0.427991006699118 pleio
121 71.436346 -0.33471986115287 pleio
122 71.439817 -0.24297538360556 pleio
123 71.443287 -0.153133312341259 pleio
124 71.449172 -0.0847860235757123 pleio
125 71.46043 -0.0599058579697493 pleio
126 71.475844 -0.0343592012896995 pleio
127 71.510771 -0.00875947118017019 pleio
128 71.658293 0 pleio
129 71.675712 -0.0233445208866119 pleio
130 71.693132 -0.0546697500592103 pleio
131 71.782692 -0.715001785151727 pleio
132 71.793079 -0.883779741332682 pleio
133 71.803404 -0.969108475661229 pleio
134 71.813729 -0.94313104629992 pleio
135 71.824055 -1.34547588479325 pleio
136 71.83438 -1.44466749026496 pleio
137 71.859513 -1.38563964960969 pleio
138 71.937774 -1.24445849337411 pleio
139 71.945079 -1.44076613633034 pleio
140 71.952385 -1.45086884784735 pleio
141 71.98473 -1.40686726450892 pleio
142 72.012709 -1.39405255578383 pleio
143 72.040688 -1.37591083444935 pleio
144 72.210521 -1.22870040548365 pleio
145 72.314268 -1.84856808983137 pleio
146 72.366456 -1.87573157231686 pleio
147 72.411367 -1.85886816033983 pleio
148 72.450663 -1.83901625389096 pleio
149 72.471305 -1.78352992312679 pleio
150 72.491946 -1.57848945049074 pleio
151 72.512588 -1.33455957580827 pleio
152 72.601385 -0.991776046569596 pleio
153 72.621813 -1.06474726000328 pleio
154 72.642242 -1.10234858068757 pleio
155 72.66267 -1.14121530926629 pleio
156 72.771429 -2.00683085577109 pleio
157 72.883243 -1.99927867017907 pleio
158 72.898448 -1.99410850231208 pleio
159 72.913654 -1.99362709721101 pleio
160 72.928859 -1.99854513958801 pleio
161 72.944065 -2.00770155060803 pleio
162 72.95927 -2.01175971048428 pleio
163 72.974476 -2.254210507241 pleio
164 72.989681 -3.05434693145488 pleio
165 72.996574 -3.01854904200104 pleio
166 72.9996 -3.14876599789477 pleio
167 73.002626 -3.23820890201494 pleio
168 73.005652 -3.27322003807206 pleio
169 73.012925 -3.30787561074868 pleio
170 73.023956 -3.34368879872023 pleio
171 73.034987 -3.38243822166726 pleio
172 73.046018 -3.40806177476401 pleio
173 73.057049 -3.43984432441233 pleio
174 73.06808 -3.48123718220186 pleio
175 73.079353 -3.53063281781913 pleio
176 73.111862 -2.11735884410943 pleio
177 73.146945 -1.84321011824064 pleio
178 73.171837 -1.90909573173146 pleio
179 73.196729 -1.83135842906675 pleio
180 73.629401 -1.85555109159054 pleio
181 74.062073 -1.85830795766835 pleio
182 74.066223 -1.89275087697414 pleio
183 74.070373 -1.92705770405634 pleio
184 74.074523 -1.96111180704846 pleio
185 74.078673 -1.99480157197784 pleio
186 74.082823 -2.11923192544631 pleio
187 74.3761735 -2.05709459886704 pleio
188 74.669524 -2.08691749680377 pleio
189 74.672012 -2.06687810647095 pleio
190 74.674499 -2.08877747423115 pleio
191 74.716248 -2.1522859541192 pleio
192 74.724515 -2.25337707295155 pleio
193 74.732783 -2.37301789497274 pleio
194 75.0995546666667 -2.81504706552259 pleio
195 75.4663263333333 -2.82534736144049 pleio
196 75.833098 -2.81247599902313 pleio
197 75.863363 -2.80151550469923 pleio
198 75.875899 -2.78077260254791 pleio
199 75.888435 -2.74001082521969 pleio
200 75.900971 -2.66490935488429 pleio
201 75.903257 -2.60240492855949 pleio
202 75.904489 -2.55673251116151 pleio
203 75.905721 -2.51856093004848 pleio
204 75.917304 -2.48432301487934 pleio
205 76.287653 -2.47042857795776 pleio
206 76.288899 -2.47353665535665 pleio
207 76.290145 -2.48699088310759 pleio
208 76.397032 -2.4926123062459 pleio
209 76.403847 -2.48133441815192 pleio
210 76.410663 -2.45818424129139 pleio
211 76.607927 -2.31879798310109 pleio
212 76.623625 -2.2653240979486 pleio
213 76.633554 -2.29351018817602 pleio
214 76.643483 -2.31623721107275 pleio
215 76.653411 -2.33211060716535 pleio
216 76.66334 -2.34028830534951 pleio
217 76.700004 -2.32907359083274 pleio
218 67.606765 -3.9754288803859 profile1
219 67.613251 -3.97867547098207 profile1
220 67.619736 -3.98190052859819 profile1
221 67.626222 -3.98510384952255 profile1
222 67.641347 -3.98828501940436 profile1
223 67.654855 -3.99141596477472 profile1
224 67.658769 -3.99398786703826 profile1
225 67.662682 -3.99651813339908 profile1
226 67.666596 -3.99902330760684 profile1
227 67.679986 -4.00151725701978 profile1
228 67.708923 -4.00799009273532 profile1
229 67.715069 -4.01485940119633 profile1
230 67.721215 -4.02178000975219 profile1
231 67.746869 -4.02587627778926 profile1
232 67.778018 -4.02806445624987 profile1
233 67.809168 -4.02827399324789 profile1
234 67.895218 -3.97708725368022 profile1
235 67.900561 -3.90709524705678 profile1
236 67.905905 -3.84541516501136 profile1
237 67.911248 -3.79271348457413 profile1
238 67.920171 -3.73113868853702 profile1
239 67.929072 -3.64353718229267 profile1
240 67.937973 -3.5667406155722 profile1
241 67.946874 -3.50112442976187 profile1
242 67.962131 -3.45857657727552 profile1
243 68.103338 -3.43704928021545 profile1
244 68.122257 -3.42538992531633 profile1
245 68.141177 -3.39462551380643 profile1
246 68.410128 -3.38538660325513 profile1
247 68.415239 -3.35898892950312 profile1
248 68.42035 -3.32906549024423 profile1
249 68.640199 -3.2722077575811 profile1
250 68.652056 -3.20253372995232 profile1
251 68.656091 -3.13994394856132 profile1
252 68.660126 -3.0850026175652 profile1
253 68.664161 -3.03799382079972 profile1
254 68.685197 -3.00044779367349 profile1
255 68.806919 -2.98676388269056 profile1
256 68.816104 -2.98845571254733 profile1
257 68.825289 -2.99013964985211 profile1
258 68.885575 -2.98857029349635 profile1
259 68.886394 -2.9847993716464 profile1
260 68.887213 -2.98190995620779 profile1
261 68.888033 -2.97991592219745 profile1
262 68.888852 -2.97882556669128 profile1
263 68.889671 -2.97864141296259 profile1
264 68.89049 -2.89528745339083 profile1
265 68.89131 -2.79277886277236 profile1
266 68.892129 -2.68049292642596 profile1
267 68.987403 -2.45081866871543 profile1
268 69.064645 -2.30260407232916 profile1
269 69.131341 -2.15704976478704 profile1
270 69.198036 -2.13347976431274 profile1
271 69.214855 -2.11134321193929 profile1
272 69.21825 -2.09093320546893 profile1
273 69.221446 -2.07238425135085 profile1
274 69.224642 -2.05581117075576 profile1
275 69.227838 -2.04130809785506 profile1
276 69.231034 -1.89744090582232 profile1
277 69.23423 -1.89286381250453 profile1
278 69.237426 -1.89376356161677 profile1
279 69.240621 -1.89468980115085 profile1
280 69.244859 -1.89564199438756 profile1
281 69.252696 -1.89652973048578 profile1
282 69.260534 -1.89749396906396 profile1
283 69.416362 -1.86453527154637 profile1
284 69.484146 -1.69402171985497 profile1
285 69.505599 -1.69780580676249 profile1
286 69.508945 -1.70960337507839 profile1
287 69.512291 -1.72572472840158 profile1
288 69.515636 -1.74598877267361 profile1
289 69.542556 -1.81630911398483 profile1
290 69.592546 -0.9697455518657 profile1
291 69.66328 -1.05037487544257 profile1
292 69.721392 -1.05567610732339 profile1
293 69.724456 -1.0531739065412 profile1
294 69.727519 -1.05061663752676 profile1
295 69.733033 -1.04801687181207 profile1
296 69.768364 -1.0551573353975 profile1
297 69.782339 -1.09015054364761 profile1
298 69.796313 -1.13336130110279 profile1
299 69.810287 0.0970923483792651 profile1
300 69.829176 0.192551362003397 profile1
301 69.837051 0.193368887168347 profile1
302 69.844926 0.207519199541482 profile1
303 69.869428 0.217261241257973 profile1
304 69.876397 0.205894810943733 profile1
305 69.876657 0.19034337720109 profile1
306 69.876917 0.175791658631254 profile1
307 69.924127 0.1013191754243 profile1
308 69.978753 0.0182912088638479 profile1
309 70.033378 0.0766877754906652 profile1
310 70.042973 0.135063064848276 profile1
311 70.043703 0.192350654052415 profile1
312 70.044434 0.247444983878512 profile1
313 70.087246 0.278666118238687 profile1
314 70.141872 0.27125508526242 profile1
315 70.196497 0.270961322309348 profile1
316 70.400832 0.27141428792652 profile1
317 70.421006 0.281032187879406 profile1
318 70.441181 0.290608487910355 profile1
319 70.60917 0.300794714874824 profile1
320 70.612702 0.314631277914357 profile1
321 70.616235 0.315599367278927 profile1
322 70.661194 0.317007006495728 profile1
323 70.728481 0.322981759892617 profile1
324 70.750402 0.32770679640153 profile1
325 70.772323 0.322861484865724 profile1
326 70.779053 0.309745191318667 profile1
327 70.782062 0.291770462746722 profile1
328 70.785072 0.273056612465421 profile1
329 71.12066 0.0897395518667415 profile1
330 71.198629 0.0842942861151781 profile1
331 71.276599 0.0790552267548523 profile1
332 71.354568 -0.0877480524776583 profile1
333 71.418821 -0.0228033518793744 profile1
334 71.422464 -0.032339487676797 profile1
335 71.425934 -0.0999614252975112 profile1
336 71.429405 -0.111525513779268 profile1
337 71.432875 -0.0722645809487571 profile1
338 71.436346 -0.0333081874091444 profile1
339 71.439817 0.0050480247175546 profile1
340 71.443287 0.0425074189317227 profile1
341 71.449172 0.0674944679182287 profile1
342 71.46043 0.067447320212044 profile1
343 71.475844 0.0683497189919748 profile1
344 71.510771 0.070015937724999 profile1
345 71.658293 0.0544146152943934 profile1
346 71.675712 0.0039860662552908 profile1
347 71.693132 -0.0546697500592103 profile1
348 71.782692 -0.0894360579058298 profile1
349 71.793079 -0.280194233371917 profile1
350 71.803404 -0.581692803810527 profile1
351 71.813729 -0.641419485878595 profile1
352 71.824055 -0.627819350696068 profile1
353 71.83438 -0.615686328232742 profile1
354 71.859513 -0.613143891189335 profile1
355 71.937774 -0.189906870319168 profile1
356 71.945079 -0.238526729762089 profile1
357 71.952385 -0.257724889945513 profile1
358 71.98473 -0.264066402505221 profile1
359 72.012709 -0.268156744627135 profile1
360 72.040688 -0.269718302313706 profile1
361 72.210521 -0.0355775105955165 profile1
362 72.314268 -0.641753129234928 profile1
363 72.366456 -0.560268311529603 profile1
364 72.411367 -0.549879674106742 profile1
365 72.450663 -0.538716782668643 profile1
366 72.471305 -0.505314012664843 profile1
367 72.491946 -0.375227597026749 profile1
368 72.512588 -0.22046572913738 profile1
369 72.601385 -0.227181951636022 profile1
370 72.621813 -0.192031621868828 profile1
371 72.642242 -0.119366570333541 profile1
372 72.66267 -0.0501945374433585 profile1
373 72.771429 -0.359383111244524 profile1
374 72.883243 -0.363213410944328 profile1
375 72.898448 -0.385472200487381 profile1
376 72.913654 -0.411288414733778 profile1
377 72.928859 -0.44115335910323 profile1
378 72.944065 -0.473587190347917 profile1
379 72.95927 -0.470663777408047 profile1
380 72.974476 -0.544492746424586 profile1
381 72.989681 -1.37628996804223 profile1
382 72.996574 -1.46480693630918 profile1
383 72.9996 -1.61873586727006 profile1
384 73.002626 -1.71455316335806 profile1
385 73.005652 -1.72195576731563 profile1
386 73.012925 -1.72992027334323 profile1
387 73.023956 -1.73847155878223 profile1
388 73.034987 -1.74762558949882 profile1
389 73.046018 -1.76553224362947 profile1
390 73.057049 -1.78782533480439 profile1
391 73.06808 -1.81313857391965 profile1
392 73.079353 -1.83626593640639 profile1
393 73.111862 -0.549260691506452 profile1
394 73.146945 -0.439049615124016 profile1
395 73.171837 -0.601479643165636 profile1
396 73.196729 -0.459309248905335 profile1
397 73.629401 -0.47005641755347 profile1
398 74.062073 -0.482182342101988 profile1
399 74.066223 -0.523011082852696 profile1
400 74.070373 -0.563560472862615 profile1
401 74.074523 -0.603684314854117 profile1
402 74.078673 -0.64324008309145 profile1
403 74.082823 -0.686056244042148 profile1
404 74.3761735 -0.678774354581143 profile1
405 74.669524 -0.690782757282434 profile1
406 74.672012 -0.769820666740501 profile1
407 74.674499 -0.866695321914761 profile1
408 74.716248 -0.980458145597402 profile1
409 74.724515 -1.10878320884381 profile1
410 74.732783 -1.1802352605964 profile1
411 75.0995546666667 -0.818543648517445 profile1
412 75.4663263333333 -0.826944463741875 profile1
413 75.833098 -0.81766348872119 profile1
414 75.863363 -0.803474261634033 profile1
415 75.875899 -0.777220827344443 profile1
416 75.888435 -0.740068140411753 profile1
417 75.900971 -0.681282396730509 profile1
418 75.903257 -0.623077373985673 profile1
419 75.904489 -0.586098450620971 profile1
420 75.905721 -0.56037620047797 profile1
421 75.917304 -0.537562435003226 profile1
422 76.287653 -0.520191138550575 profile1
423 76.288899 -0.517464939007017 profile1
424 76.290145 -0.525466341634483 profile1
425 76.397032 -0.531048433683041 profile1
426 76.403847 -0.530522798896455 profile1
427 76.410663 -0.52943283080579 profile1
428 76.607927 -0.626531382524558 profile1
429 76.623625 -0.549068778986317 profile1
430 76.633554 -0.512329185309456 profile1
431 76.643483 -0.474906573298475 profile1
432 76.653411 -0.437119980440523 profile1
433 76.66334 -0.399528296484414 profile1
434 76.700004 -0.318558784436676 profile1
435 67.606765 -3.41819037319114 profile2
436 67.613251 -3.42101915421068 profile2
437 67.619736 -3.42386354342003 profile2
438 67.626222 -3.42672320355191 profile2
439 67.641347 -3.42959741469316 profile2
440 67.654855 -3.43248589101691 profile2
441 67.658769 -3.43537956784038 profile2
442 67.662682 -3.43826975039677 profile2
443 67.666596 -3.44116366164124 profile2
444 67.679986 -3.44406880862966 profile2
445 67.708923 -3.46618429639672 profile2
446 67.715069 -3.49329713441909 profile2
447 67.721215 -3.52320018853327 profile2
448 67.746869 -3.55339633100618 profile2
449 67.778018 -3.55704342245087 profile2
450 67.809168 -3.5602001717414 profile2
451 67.895218 -3.62447659331851 profile2
452 67.900561 -3.72843600574326 profile2
453 67.905905 -3.83893833475509 profile2
454 67.911248 -3.95502137079021 profile2
455 67.920171 -4.06214322334934 profile2
456 67.929072 -4.14847310483767 profile2
457 67.937973 -4.24059237950109 profile2
458 67.946874 -4.33743747717913 profile2
459 67.962131 -4.40340288465077 profile2
460 68.103338 -4.42173160165972 profile2
461 68.122257 -4.41159052264778 profile2
462 68.141177 -4.4019153968764 profile2
463 68.410128 -4.39224491855538 profile2
464 68.415239 -4.34870436664389 profile2
465 68.42035 -4.30438416883409 profile2
466 68.640199 -4.22935237261977 profile2
467 68.652056 -4.12365131100682 profile2
468 68.656091 -4.01089454192668 profile2
469 68.660126 -3.89086465404852 profile2
470 68.664161 -3.76394611977162 profile2
471 68.685197 -3.62698696656927 profile2
472 68.806919 -3.56623179056825 profile2
473 68.816104 -3.56621804576419 profile2
474 68.825289 -3.56618408335563 profile2
475 68.885575 -3.56142479736721 profile2
476 68.886394 -3.55228139245501 profile2
477 68.887213 -3.54287784347184 profile2
478 68.888033 -3.53323366321393 profile2
479 68.888852 -3.52336959757465 profile2
480 68.889671 -3.51330746264176 profile2
481 68.89049 -3.49447042007512 profile2
482 68.89131 -3.47383561571219 profile2
483 68.892129 -3.45229642831856 profile2
484 68.987403 -2.8264765469869 profile2
485 69.064645 -2.45873880431911 profile2
486 69.131341 -2.03151772394255 profile2
487 69.198036 -2.02172702394223 profile2
488 69.214855 -2.00935569836517 profile2
489 69.21825 -1.99677109957882 profile2
490 69.221446 -1.98399093723105 profile2
491 69.224642 -1.97110183446034 profile2
492 69.227838 -1.95820869318362 profile2
493 69.231034 -1.48572387929039 profile2
494 69.23423 -1.43573108980904 profile2
495 69.237426 -1.43357525269967 profile2
496 69.240621 -1.43150505319441 profile2
497 69.244859 -1.4294984859861 profile2
498 69.252696 -1.42747068666895 profile2
499 69.260534 -1.42522472244754 profile2
500 69.416362 -1.49471447087513 profile2
501 69.484146 -1.75931175880131 profile2
502 69.505599 -1.76575247525962 profile2
503 69.508945 -1.78312381347752 profile2
504 69.512291 -1.80068244975563 profile2
505 69.515636 -1.81816222187552 profile2
506 69.542556 -1.81607623352678 profile2
507 69.592546 -2.69958464959576 profile2
508 69.66328 -2.71417081838938 profile2
509 69.721392 -2.71997019080281 profile2
510 69.724456 -2.71980253096567 profile2
511 69.727519 -2.71973780490214 profile2
512 69.733033 -2.71977006916011 profile2
513 69.768364 -2.55993234161157 profile2
514 69.782339 -2.31592143096447 profile2
515 69.796313 -2.04825762945834 profile2
516 69.810287 -0.0676036183941465 profile2
517 69.829176 0.134158397278025 profile2
518 69.837051 0.125075758863723 profile2
519 69.844926 0.107085368500842 profile2
520 69.869428 0.0941664594475233 profile2
521 69.876397 0.120112484941194 profile2
522 69.876657 0.134449440006065 profile2
523 69.876917 0.134657520419743 profile2
524 69.924127 0.125507263260246 profile2
525 69.978753 0.104995215099359 profile2
526 70.033378 0.100870213588271 profile2
527 70.042973 0.0945185922464357 profile2
528 70.043703 0.0856931565718926 profile2
529 70.044434 0.0742825976058133 profile2
530 70.087246 0.0608122970492895 profile2
531 70.141872 0.0457896406786104 profile2
532 70.196497 0.0524920506862262 profile2
533 70.400832 0.0327173567366634 profile2
534 70.421006 0.0102717397965479 profile2
535 70.441181 -0.014438024037491 profile2
536 70.60917 -0.0512251890867653 profile2
537 70.612702 -0.145907038005234 profile2
538 70.616235 -0.240498212980657 profile2
539 70.661194 -0.309850788063423 profile2
540 70.728481 -0.324504397262056 profile2
541 70.750402 -0.31825829349639 profile2
542 70.772323 -0.316329053741685 profile2
543 70.779053 -0.312573381181436 profile2
544 70.782062 -0.299947738579423 profile2
545 70.785072 -0.289938883934673 profile2
546 71.12066 0.0908136638956068 profile2
547 71.198629 0.0537053345812633 profile2
548 71.276599 0.0164166309698891 profile2
549 71.354568 0.0469641199133545 profile2
550 71.418821 -0.00453980114289388 profile2
551 71.422464 -0.0510445307296844 profile2
552 71.425934 -0.101614785887442 profile2
553 71.429405 -0.0856372927633697 profile2
554 71.432875 -0.0304987804673574 profile2
555 71.436346 0.0229527452948748 profile2
556 71.439817 0.0746180570134531 profile2
557 71.443287 0.124405677717308 profile2
558 71.449172 0.165555892765013 profile2
559 71.46043 0.190837524230695 profile2
560 71.475844 0.215971420775998 profile2
561 71.510771 0.240469869801526 profile2
562 71.658293 0.2665558425753 profile2
563 71.675712 0.297053849305254 profile2
564 71.693132 0.32770679640153 profile2
565 71.782692 -0.348847616018048 profile2
566 71.793079 -0.332333484911753 profile2
567 71.803404 -0.135424981957544 profile2
568 71.813729 -0.051354092078354 profile2
569 71.824055 -0.58020186300125 profile2
570 71.83438 -0.754961295323132 profile2
571 71.859513 -0.699356700655422 profile2
572 71.937774 -0.987632063846667 profile2
573 71.945079 -1.13530024229397 profile2
574 71.952385 -1.13037044943686 profile2
575 71.98473 -1.07960939462962 profile2
576 72.012709 -1.05692312254981 profile2
577 72.040688 -1.03406049502391 profile2
578 72.210521 -1.13141056199233 profile2
579 72.314268 -1.2274399238277 profile2
580 72.366456 -1.33846776273825 profile2
581 72.411367 -1.33568867282654 profile2
582 72.450663 -1.33066851366557 profile2
583 72.471305 -1.31174645324016 profile2
584 72.491946 -1.24288502694559 profile2
585 72.512588 -1.16153472842392 profile2
586 72.601385 -0.818130485411795 profile2
587 72.621813 -0.920019143051475 profile2
588 72.642242 -1.03135050834848 profile2
589 72.66267 -1.14121530926629 profile2
590 72.771429 -1.77361802589136 profile2
591 72.883243 -1.76255258314933 profile2
592 72.898448 -1.73644294471058 profile2
593 72.913654 -1.71248057387136 profile2
594 72.928859 -1.69079137778471 profile2
595 72.944065 -1.67170967510506 profile2
596 72.95927 -1.69309474304719 profile2
597 72.974476 -1.9566257650616 profile2
598 72.989681 -2.12713575716896 profile2
599 72.996574 -2.01108080692076 profile2
600 72.9996 -2.01225339500063 profile2
601 73.002626 -2.01714121252183 profile2
602 73.005652 -2.04794984033631 profile2
603 73.012925 -2.07800033744699 profile2
604 73.023956 -2.10861303926747 profile2
605 73.034987 -2.14138734746838 profile2
606 73.046018 -2.15247403920378 profile2
607 73.057049 -2.16616122902017 profile2
608 73.06808 -2.18725498300221 profile2
609 73.079353 -2.21802395778058 profile2
610 73.111862 -1.92228867450137 profile2
611 73.146945 -1.74368866828268 profile2
612 73.171837 -1.64674649733061 profile2
613 73.196729 -1.70585553200424 profile2
614 73.629401 -1.71853777717343 profile2
615 74.062073 -1.70920944820942 profile2
616 74.066223 -1.70219931922415 profile2
617 74.070373 -1.69534538879615 profile2
618 74.074523 -1.68867207480306 profile2
619 74.078673 -1.68220479798028 profile2
620 74.082823 -1.76493214326554 profile2
621 74.3761735 -1.70602375237602 profile2
622 74.669524 -1.72380454684789 profile2
623 74.672012 -1.61371728860158 profile2
624 74.674499 -1.53191322488133 profile2
625 74.716248 -1.47923896460939 profile2
626 74.724515 -1.45385398369375 profile2
627 74.732783 -1.50130713051074 profile2
628 75.0995546666667 -2.31581402111004 profile2
629 75.4663263333333 -2.31601274193203 profile2
630 75.833098 -2.31308157839401 profile2
631 75.863363 -2.31357229811485 profile2
632 75.875899 -2.31704242968285 profile2
633 75.888435 -2.31278481600316 profile2
634 75.900971 -2.29883272447435 profile2
635 75.903257 -2.29915033338619 profile2
636 75.904489 -2.29397318667768 profile2
637 75.905721 -2.28467208446942 profile2
638 75.917304 -2.27698021191272 profile2
639 76.287653 -2.28054435180135 profile2
640 76.288899 -2.28523834245125 profile2
641 76.290145 -2.28995955784319 profile2
642 76.397032 -2.28698368938491 profile2
643 76.403847 -2.26939622967563 profile2
644 76.410663 -2.23884475778168 profile2
645 76.607927 -1.9649577880152 profile2
646 76.623625 -1.97940213318992 profile2
647 76.633554 -2.05658641816044 profile2
648 76.643483 -2.12842546186162 profile2
649 76.653411 -2.19271143185488 profile2
650 76.66334 -2.24767458662936 profile2
651 76.700004 -2.32907359083274 profile2
