marker_position lod trace
1 142.490795 -7.93316096542516 pleio
2 142.517426 -7.82107826031028 pleio
3 142.560149 -7.70467548464366 pleio
4 142.602873 -7.58794499088892 pleio
5 142.64402 -7.4700813357653 pleio
6 142.685103 -6.73974755333313 pleio
7 142.726186 -6.60035640604925 pleio
8 142.767269 -6.48645597118169 pleio
9 142.808353 -6.35329904827441 pleio
10 142.849436 -6.16761445633641 pleio
11 142.876943 -5.99338104796529 pleio
12 142.880371 -5.83122989132627 pleio
13 142.883799 -5.68192239467716 pleio
14 142.904956 -5.54666071073007 pleio
15 142.989329 -5.18978528895128 pleio
16 143.073701 -4.81903294473896 pleio
17 143.155273 -4.7197443278863 pleio
18 143.159416 -4.66014751164714 pleio
19 143.163559 -4.62010762410945 pleio
20 143.167702 -4.59142109788139 pleio
21 143.171846 -4.60058238729909 pleio
22 143.175989 -4.64724587673199 pleio
23 143.180132 -4.72625122994679 pleio
24 143.240265 -4.8554248351351 pleio
25 143.324863 -4.38933137982555 pleio
26 143.409462 -4.55416490102902 pleio
27 143.484637 -4.51176264265681 pleio
28 143.487347 -4.46750665288354 pleio
29 143.490056 -4.38086953529267 pleio
30 143.492766 -4.30658225999919 pleio
31 143.495555 -4.24495290598066 pleio
32 143.498344 -4.19616382296115 pleio
33 143.501132 -4.15614972378794 pleio
34 143.521072 -4.16742379764151 pleio
35 143.53778 -4.22236574099254 pleio
36 143.554489 -4.39295004798872 pleio
37 143.570345 -4.68733335111128 pleio
38 143.571477 -5.06144060190697 pleio
39 143.572611 -5.49904618368392 pleio
40 143.574439 -5.9802477794267 pleio
41 143.699438 -6.10883178518078 pleio
42 143.824436 -5.48487280789002 pleio
43 143.915168 -4.61966583983796 pleio
44 143.920616 -4.45325706434683 pleio
45 143.926063 -4.30044155023714 pleio
46 143.93182 -4.06256797868093 pleio
47 143.935901 -3.86997632577508 pleio
48 143.939982 -3.74789610975149 pleio
49 143.944917 -3.69660045528983 pleio
50 143.975668 -3.71117195703553 pleio
51 144.013221 -3.80454904173316 pleio
52 144.051716 -3.8922306905481 pleio
53 144.090211 -3.90541908917612 pleio
54 144.128706 -3.9054435989495 pleio
55 144.167202 -3.90637620458635 pleio
56 144.176428 -3.9077455188941 pleio
57 144.180816 -3.90906685677956 pleio
58 144.185205 -3.91002200799122 pleio
59 144.348163 -3.86325041807834 pleio
60 144.361337 -3.86648839830166 pleio
61 144.363468 -3.31818372501588 pleio
62 144.365599 -2.55460543920463 pleio
63 144.367577 -1.88925950434706 pleio
64 144.375504 -1.34865228222511 pleio
65 144.385418 -0.98119329814888 pleio
66 144.395332 -0.794571809853218 pleio
67 144.407236 -0.768827729165418 pleio
68 144.411293 -0.784153294470363 pleio
69 144.415349 -0.821639395216739 pleio
70 144.419405 -0.880400885419922 pleio
71 144.423461 -0.959357325669644 pleio
72 144.427517 -0.760752761705236 pleio
73 144.431573 -0.548014636915296 pleio
74 144.437408 -0.417185902866865 pleio
75 144.440911 -0.381181825153443 pleio
76 144.442944 -0.349310112103778 pleio
77 144.444976 -0.288298212158968 pleio
78 144.447008 -0.204719740113289 pleio
79 144.44904 -0.127064822476493 pleio
80 144.454745 -0.0777685238267963 pleio
81 144.498681 -0.0332380381994062 pleio
82 144.558267 0 pleio
83 144.587405 -0.197400931760798 pleio
84 144.587686 -0.608500839581596 pleio
85 144.587968 -1.05338628915983 pleio
86 144.617027 -1.30357818362878 pleio
87 144.705848 -1.14656469560633 pleio
88 144.716797 -1.38291097084157 pleio
89 144.727745 -1.6405938716825 pleio
90 144.897381 -1.76293785050152 pleio
91 144.903395 -1.84100911182354 pleio
92 144.909409 -1.92768941107028 pleio
93 144.916914 -2.02263944886538 pleio
94 144.947844 -2.10453160174669 pleio
95 144.978774 -2.18924206676094 pleio
96 145.106694 -2.73263149305638 pleio
97 145.224788 -2.02987243709711 pleio
98 145.342881 -1.73732525558539 pleio
99 145.729503 -1.70577044452148 pleio
100 145.916546 -1.80171930207231 pleio
101 146.10359 -1.81306575265319 pleio
102 146.240909 -2.07627523152597 pleio
103 146.283615 -2.39300583229836 pleio
104 146.304543 -2.34376062269734 pleio
105 146.314537 -2.30859154194739 pleio
106 146.319976 -2.28794158699819 pleio
107 146.322338 -2.28209360413414 pleio
108 146.3247 -2.29116194696763 pleio
109 146.327062 -2.31508069884624 pleio
110 146.329424 -2.35359752423059 pleio
111 146.331786 -2.40629007746192 pleio
112 146.334148 -2.47256945769489 pleio
113 146.33651 -3.25574328094534 pleio
114 146.643419 -3.83891498494378 pleio
115 146.654632 -3.83779713625695 pleio
116 146.665844 -3.835353593846 pleio
117 146.677056 -3.75703725467683 pleio
118 146.688269 -3.58902821449357 pleio
119 146.69133 -3.6410074733525 pleio
120 146.694026 -3.77326821716945 pleio
121 146.696722 -3.98315933006333 pleio
122 146.699418 -4.25120542560733 pleio
123 146.702114 -4.5448559060613 pleio
124 146.70481 -4.60083539078534 pleio
125 146.707507 -4.59704036220124 pleio
126 146.710838 -4.598375096167 pleio
127 146.716274 -4.60484561767323 pleio
128 146.72171 -4.61639961123453 pleio
129 146.727146 -4.63292903504594 pleio
130 146.734615 -4.66894167624262 pleio
131 146.80381 -4.6732451068489 pleio
132 146.862885 -4.16205914450394 pleio
133 146.863965 -3.48899060961531 pleio
134 146.865044 -2.93159033080353 pleio
135 146.87452 -2.53163054471936 pleio
136 146.889753 -2.34440755566555 pleio
137 146.904986 -2.33780476003493 pleio
138 147.064187 -2.27899451005127 pleio
139 147.069549 -2.31687218596445 pleio
140 147.074911 -2.29860267637689 pleio
141 147.080273 -2.26434490914643 pleio
142 147.089309 -2.31972201273354 pleio
143 147.114764 -2.4572098828829 pleio
144 147.137425 -2.49940424724353 pleio
145 147.157965 -2.57628927920652 pleio
146 147.178504 -2.8228514614236 pleio
147 147.221814 -3.61054499008863 pleio
148 147.253583 -5.66108624711731 pleio
149 147.272554 -5.8368697606056 pleio
150 147.275576 -6.08274495328913 pleio
151 147.278599 -6.39633082405566 pleio
152 147.281622 -6.6027281067262 pleio
153 147.284644 -6.8522113302067 pleio
154 147.286194 -7.1384240425695 pleio
155 147.286753 -7.45377278513789 pleio
156 147.287312 -7.79002359708699 pleio
157 147.287872 -8.13891904257036 pleio
158 147.290648 -8.45732050325109 pleio
159 147.299484 -8.75093555866435 pleio
160 147.327447 -8.94832246934734 pleio
161 147.35561 -8.96960460700776 pleio
162 147.383773 -8.5030098939732 pleio
163 147.397845 -8.45805533984033 pleio
164 147.402328 -8.41482254553207 pleio
165 147.406811 -8.37329540690815 pleio
166 147.411546 -8.33395417456235 pleio
167 147.442387 -8.296920002159 pleio
168 147.535843 -8.28321058432249 pleio
169 147.551736 -8.2374111152807 pleio
170 147.555599 -8.23905470114175 pleio
171 147.559461 -8.24295643197477 pleio
172 147.563362 -8.20651858113005 pleio
173 147.583398 -8.22784135278356 pleio
174 147.602453 -8.37742581958263 pleio
175 147.621507 -8.52469945651832 pleio
176 147.682611 -8.5531018193341 pleio
177 147.68996 -8.53980360752073 pleio
178 147.695588 -8.48552153533831 pleio
179 147.701215 -8.41990127785612 pleio
180 147.706843 -8.66334804158119 pleio
181 147.719435 -9.14315553375335 pleio
182 147.737975 -9.14567176857855 pleio
183 147.751499 -9.15670095568999 pleio
184 147.760277 -9.17767435111967 pleio
185 147.769056 -9.19689364013428 pleio
186 147.777834 -9.22271570534775 pleio
187 147.786613 -8.95060291051504 pleio
188 147.795391 -8.00778069284274 pleio
189 147.816836 -7.24980425788324 pleio
190 147.850698 -7.22668250762401 pleio
191 147.88456 -7.24325624283304 pleio
192 147.914702 -8.0231385635009 pleio
193 147.91491 -7.98436324543865 pleio
194 147.915116 -7.96676226400693 pleio
195 147.915322 -7.97009566812149 pleio
196 147.915527 -7.99362033366157 pleio
197 147.915733 -8.03613542130247 pleio
198 147.916803 -8.08981507158831 pleio
199 147.923623 -8.05257126896219 pleio
200 147.930444 -8.03961693435502 pleio
201 147.937264 -8.03047511371125 pleio
202 147.944084 -7.95471281682635 pleio
203 147.949324 -7.87673483143827 pleio
204 147.953121 -7.79809921401471 pleio
205 147.956917 -7.83225438127899 pleio
206 147.960714 -8.03326350111597 pleio
207 147.964511 -8.3967310272071 pleio
208 147.968307 -8.58413542713296 pleio
209 147.973733 -8.62795345625624 pleio
210 147.982072 -8.54147870950161 pleio
211 147.982175 -8.4322080168718 pleio
212 147.982278 -8.33309384094145 pleio
213 147.986316 -8.24117710860413 pleio
214 147.986987 -8.19448937132694 pleio
215 147.987657 -8.23913940669943 pleio
216 147.988327 -8.37502389677253 pleio
217 147.988998 -8.59538952938463 pleio
218 147.989668 -8.83201943788486 pleio
219 148.006053 -8.89714106960581 pleio
220 148.013144 -8.92624694354823 pleio
221 148.020236 -8.96810700220114 pleio
222 148.027327 -9.02267898946768 pleio
223 148.033269 -9.08962284003643 pleio
224 148.037078 -9.16829093992606 pleio
225 148.040918 -9.25332598800475 pleio
226 148.046494 -8.86372625978895 pleio
227 148.05207 -8.64366143765243 pleio
228 148.180347 -8.64272705863755 pleio
229 148.183086 -8.68005410955402 pleio
230 148.185825 -8.72783044213628 pleio
231 148.188563 -8.78173307210227 pleio
232 148.191302 -8.7115425561562 pleio
233 148.194041 -8.6999511019206 pleio
234 148.19678 -8.71727051958189 pleio
235 148.200032 -8.70508588222452 pleio
236 148.204884 -8.69614554418082 pleio
237 148.213021 -8.7220098833453 pleio
238 148.213171 -8.97231986123888 pleio
239 148.213321 -9.27436710872892 pleio
240 148.326473 -9.60866471283355 pleio
241 148.333368 -9.88759437983538 pleio
242 148.340263 -9.87992836181751 pleio
243 148.347157 -9.85534583063181 pleio
244 148.354052 -9.79591012820738 pleio
245 148.362946 -9.73615522071761 pleio
246 148.380016 -9.67089620521474 pleio
247 148.403283 -9.649090061517 pleio
248 148.42655 -9.68383303527914 pleio
249 148.430037 -9.70788043933304 pleio
250 148.4319 -9.75191466876174 pleio
251 148.433763 -9.81572597304219 pleio
252 148.435626 -10.5518976323276 pleio
253 148.437489 -11.694069086829 pleio
254 148.439352 -12.3989551398066 pleio
255 148.441214 -12.8916365372938 pleio
256 148.443077 -13.3467032498163 pleio
257 148.44494 -13.7308003957574 pleio
258 148.446803 -14.0206513651757 pleio
259 148.453459 -14.1264702117612 pleio
260 148.477993 -14.11415425229 pleio
261 148.493526 -14.1030072660526 pleio
262 148.493644 -14.0951700383774 pleio
263 148.493762 -14.0906926890583 pleio
264 148.502187 -14.3547497724739 pleio
265 148.624196 -14.5306926277953 pleio
266 148.648833 -14.5977045733848 pleio
267 148.673469 -14.9300530978664 pleio
268 148.812084 -14.3128615445525 pleio
269 148.815025 -14.1952713146159 pleio
270 144.385418 -0.25928384013273 profile1
271 144.395332 -0.13799263017309 profile1
272 144.407236 -0.143628136949162 profile1
273 144.411293 -0.188434099367151 profile1
274 144.415349 -0.254911316716255 profile1
275 144.419405 -0.342247732755716 profile1
276 144.423461 -0.449415875475655 profile1
277 144.427517 -0.281006168843892 profile1
278 144.431573 -0.0994572141620427 profile1
279 144.437408 -0.00125105236147797 profile1
280 144.440911 -0.00576808745362937 profile1
281 144.442944 -0.0108112805182752 profile1
282 144.444976 -0.0152204240559253 profile1
283 144.447008 -0.0180298945528973 profile1
284 144.44904 -0.0200903926412735 profile1
285 144.454745 -0.0138330944820691 profile1
286 144.498681 -0.00700818044537365 profile1
287 144.558267 0 profile1
288 144.587405 -0.195295934157161 profile1
289 144.587686 -0.605711457052056 profile1
290 144.587968 -1.04657440560742 profile1
291 144.617027 -1.29053154359828 profile1
292 144.705848 -1.08381083260803 profile1
293 144.716797 -1.17517604287873 profile1
294 144.727745 -1.31709219964932 profile1
295 144.897381 -1.36431211729386 profile1
296 144.903395 -1.36756409604144 profile1
297 144.909409 -1.37139226512779 profile1
298 144.916914 -1.37580244165672 profile1
299 144.947844 -1.37696488271538 profile1
300 144.978774 -1.37812563587291 profile1
301 145.106694 -1.90176721181424 profile1
302 145.224788 -1.21904580244886 profile1
303 145.342881 -1.07451007783054 profile1
304 145.729503 -0.881154562069582 profile1
305 145.916546 -0.878255578053679 profile1
306 146.10359 -0.883047890321027 profile1
307 146.240909 -1.21833609254623 profile1
308 146.283615 -1.34767046097591 profile1
309 146.304543 -1.32112706477833 profile1
310 146.314537 -1.29981084038039 profile1
311 146.319976 -1.28380124213128 profile1
312 146.322338 -1.27314916511157 profile1
313 146.3247 -1.26787538316533 profile1
314 146.327062 -1.26797093532031 profile1
315 146.329424 -1.27339753883801 profile1
316 146.331786 -1.28408821236948 profile1
317 146.334148 -1.29994947985495 profile1
318 146.33651 -1.21605417002416 profile1
319 146.643419 -1.27832498331476 profile1
320 146.654632 -1.28789988532039 profile1
321 146.665844 -1.30053916521701 profile1
322 146.677056 -1.29657328805288 profile1
323 146.688269 -1.31049538614329 profile1
324 146.69133 -1.40041581586555 profile1
325 146.694026 -1.47873101599904 profile1
326 146.696722 -1.53418841593989 profile1
327 146.699418 -1.55812120435358 profile1
328 146.862885 -1.38261042577265 profile1
329 146.863965 -1.11921416628771 profile1
330 146.865044 -0.920771350678407 profile1
331 146.87452 -0.810331030573498 profile1
332 146.889753 -0.80005360317496 profile1
333 146.904986 -0.832233780933755 profile1
334 147.064187 -0.731470605414941 profile1
335 147.069549 -0.643732573333025 profile1
336 147.074911 -0.580387681895922 profile1
337 147.080273 -0.550439883516036 profile1
338 147.089309 -0.587271547109048 profile1
339 147.114764 -0.709203374297096 profile1
340 147.137425 -0.739152486230545 profile1
341 147.157965 -0.818238554099841 profile1
342 147.178504 -1.0304837582177 profile1
343 147.221814 -2.52360530174641 profile1
344 147.253583 -4.56837582001684 profile1
345 147.272554 -4.80945143852041 profile1
346 147.275576 -5.13840489813418 profile1
347 147.278599 -5.51242182741496 profile1
348 147.281622 -5.73141815499557 profile1
349 147.284644 -5.98026327099353 profile1
350 147.286194 -6.25366730527281 profile1
351 147.286753 -6.54533016759834 profile1
352 147.786613 -8.35694727439025 profile1
353 147.795391 -7.72860934008455 profile1
354 147.816836 -7.11949990286838 profile1
355 147.850698 -7.09099378640677 profile1
356 147.88456 -7.10876367553011 profile1
357 147.914702 -7.93642937322939 profile1
358 147.91491 -7.9286237145973 profile1
359 147.915116 -7.93050297246996 profile1
360 147.915322 -7.94173379074603 profile1
361 147.915527 -7.96179747275126 profile1
362 147.915733 -7.99001059977043 profile1
363 147.916803 -8.02183566438079 profile1
364 147.923623 -7.99790118167738 profile1
365 147.930444 -7.9854144381231 profile1
366 147.937264 -7.97448749297002 profile1
367 147.944084 -7.91603752589764 profile1
368 147.949324 -7.8434051946523 profile1
369 147.953121 -7.62127266913522 profile1
370 147.956917 -7.38584771369116 profile1
371 147.960714 -7.27670899328731 profile1
372 147.964511 -7.30137450893482 profile1
373 147.968307 -7.31296424045209 profile1
374 147.973733 -7.2761413392599 profile1
375 147.982072 -7.17182686058001 profile1
376 147.982175 -7.07928519102747 profile1
377 147.982278 -6.9950048528042 profile1
378 147.986316 -6.89365251711015 profile1
379 147.986987 -6.73988153918475 profile1
380 147.987657 -6.63836640202251 profile1
381 147.988327 -6.59191271689172 profile1
382 147.988998 -6.60029235220609 profile1
383 147.989668 -6.6482139158868 profile1
384 148.006053 -6.68113884890147 profile1
385 148.013144 -6.6189041379446 profile1
386 148.020236 -6.56348189101586 profile1
387 148.027327 -6.51507796532859 profile1
388 148.033269 -6.4737889562794 profile1
389 148.037078 -6.43959993907629 profile1
390 148.040918 -6.48658756587406 profile1
391 148.046494 -6.05744486714149 profile1
392 148.05207 -5.78078442820682 profile1
393 148.180347 -5.71780731949604 profile1
394 148.183086 -5.74207994290077 profile1
395 148.185825 -5.77082715020192 profile1
396 148.188563 -5.80149789985399 profile1
397 148.191302 -5.74909381840972 profile1
398 148.194041 -5.73839726371356 profile1
399 148.19678 -5.74951186383193 profile1
400 148.200032 -5.74263927193386 profile1
401 148.204884 -5.74411367198501 profile1
402 148.213021 -5.76434334999888 profile1
403 148.213171 -5.87785918137735 profile1
404 148.213321 -6.01798976584155 profile1
405 142.490795 -4.26416120584231 profile1
406 142.517426 -4.27176685334514 profile1
407 142.560149 -4.27145090059044 profile1
408 142.602873 -4.2705480378521 profile1
409 142.64402 -4.26825895826006 profile1
410 142.685103 -3.69070938826226 profile1
411 142.726186 -3.67490389723749 profile1
412 142.767269 -3.67465234613241 profile1
413 142.808353 -3.67481449457214 profile1
414 142.849436 -3.68109395156943 profile1
415 142.876943 -3.69523403140505 profile1
416 142.880371 -3.71737370183811 profile1
417 142.883799 -3.7474619881981 profile1
418 142.904956 -3.78201038643552 profile1
419 142.989329 -3.46293602352598 profile1
420 143.073701 -3.19939700418488 profile1
421 143.155273 -3.14784739076371 profile1
422 143.159416 -3.04925315950914 profile1
423 143.163559 -3.00921373840284 profile1
424 143.167702 -3.06414181794386 profile1
425 143.171846 -3.15192265881841 profile1
426 143.175989 -3.26997169194132 profile1
427 143.180132 -3.41346666835638 profile1
428 143.240265 -3.58762486640328 profile1
429 143.324863 -3.16428001694057 profile1
430 143.409462 -3.24665575711367 profile1
431 143.484637 -3.2705181000589 profile1
432 143.487347 -3.30571424973266 profile1
433 143.490056 -3.31573042780445 profile1
434 143.492766 -3.33308278170225 profile1
435 143.495555 -3.35784297146652 profile1
436 143.498344 -3.38998612934108 profile1
437 143.501132 -3.4259735023679 profile1
438 143.521072 -3.46903059862558 profile1
439 143.53778 -3.51910814815402 profile1
440 143.554489 -3.66141325682851 profile1
441 143.570345 -3.91552310316583 profile1
442 143.571477 -4.24655243994933 profile1
443 143.572611 -4.64050208625703 profile1
444 143.574439 -5.07878320913731 profile1
445 143.699438 -5.22157124716581 profile1
446 143.824436 -4.71255509959242 profile1
447 143.915168 -3.82327644777721 profile1
448 143.920616 -3.56943978486892 profile1
449 143.926063 -3.32145266227967 profile1
450 143.93182 -3.01259752143575 profile1
451 143.935901 -2.72701131090612 profile1
452 143.939982 -2.47688461356956 profile1
453 143.944917 -2.26789019128765 profile1
454 143.975668 -2.10286302098705 profile1
455 144.013221 -2.10746347998061 profile1
456 144.051716 -2.13673488259461 profile1
457 144.090211 -2.14251335384977 profile1
458 144.128706 -2.14278484404839 profile1
459 144.167202 -2.14316217622469 profile1
460 144.176428 -2.14359354047133 profile1
461 144.180816 -2.1440167420708 profile1
462 144.185205 -2.14431409281391 profile1
463 144.348163 -2.2184597282053 profile1
464 144.361337 -2.25193087891581 profile1
465 144.363468 -1.91798778702292 profile1
466 144.365599 -1.34421493864413 profile1
467 144.367577 -0.867744200040738 profile1
468 144.375504 -0.507256787966934 profile1
469 146.702114 -1.54232457544375 profile1
470 146.70481 -1.54247720338033 profile1
471 146.707507 -1.5521308872383 profile1
472 146.710838 -1.56304783704739 profile1
473 146.716274 -1.5751880685629 profile1
474 146.72171 -1.58850162183344 profile1
475 146.727146 -1.60292999302283 profile1
476 146.734615 -1.61967276651336 profile1
477 146.80381 -1.61386172082057 profile1
478 147.287312 -6.84136209113884 profile1
479 147.287872 -7.1353229785315 profile1
480 147.290648 -7.41803305355634 profile1
481 147.299484 -7.6859733860112 profile1
482 147.327447 -7.86358578558798 profile1
483 147.35561 -7.92485172081829 profile1
484 147.383773 -7.90693590592968 profile1
485 147.397845 -7.90416873824607 profile1
486 147.402328 -7.90127915214926 profile1
487 147.406811 -7.89829352210205 profile1
488 147.411546 -7.89499698979317 profile1
489 147.442387 -7.89137007367034 profile1
490 147.535843 -7.88654407418679 profile1
491 147.551736 -7.83738342885897 profile1
492 147.555599 -7.85779490987473 profile1
493 147.559461 -7.79187098386343 profile1
494 147.563362 -7.66213474064092 profile1
495 147.583398 -7.61948716723737 profile1
496 147.602453 -7.6425010809444 profile1
497 147.621507 -7.64624116813688 profile1
498 147.682611 -7.64839817691643 profile1
499 147.68996 -7.64987076775235 profile1
500 147.695588 -7.63794908269843 profile1
501 147.701215 -7.60785100427846 profile1
502 147.706843 -7.88244045020228 profile1
503 147.719435 -8.36973343684071 profile1
504 147.737975 -8.3617846581123 profile1
505 147.751499 -8.35826147428132 profile1
506 147.760277 -8.36350908363437 profile1
507 147.769056 -8.37143712132156 profile1
508 147.777834 -8.3829325129392 profile1
509 148.326473 -6.16555475242732 profile1
510 148.333368 -6.27011656163089 profile1
511 148.340263 -6.30417363616507 profile1
512 148.347157 -6.33470854322862 profile1
513 148.354052 -6.36193041562976 profile1
514 148.362946 -6.38892113626182 profile1
515 148.380016 -6.41142814762262 profile1
516 148.403283 -6.42256118461884 profile1
517 148.42655 -6.44898672605222 profile1
518 148.430037 -6.45608611221083 profile1
519 148.4319 -6.4799227502961 profile1
520 148.433763 -6.5202936647113 profile1
521 148.435626 -6.96875065534458 profile1
522 148.437489 -7.60758747351628 profile1
523 148.439352 -8.15933123943124 profile1
524 148.441214 -8.63993037015215 profile1
525 148.443077 -9.07775783286195 profile1
526 148.44494 -9.43941186656842 profile1
527 148.446803 -9.70213489630861 profile1
528 148.453459 -9.7984027992351 profile1
529 148.477993 -9.79266233942896 profile1
530 148.493526 -9.78699049237778 profile1
531 148.493644 -9.78411874701907 profile1
532 148.493762 -9.78381174946087 profile1
533 148.502187 -9.83050919824018 profile1
534 148.624196 -9.95159667563543 profile1
535 148.648833 -9.6133448117904 profile1
536 148.673469 -9.40817692360766 profile1
537 148.812084 -8.89497399848195 profile1
538 148.815025 -8.77764669595141 profile1
539 142.490795 -3.41323726721469 profile2
540 142.517426 -3.29204286635517 profile2
541 142.560149 -3.17427555767365 profile2
542 142.602873 -3.05690067179475 profile2
543 142.64402 -2.93996339371543 profile2
544 142.685103 -2.82313046309234 profile2
545 142.726186 -2.70681973339005 profile2
546 142.767269 -2.59180997885361 profile2
547 142.808353 -2.45697906853525 profile2
548 142.849436 -2.2630861674904 profile2
549 142.876943 -2.07297212215614 profile2
550 142.880371 -1.88711378047875 profile2
551 142.883799 -1.70631918606204 profile2
552 142.904956 -1.53528271023876 profile2
553 142.989329 -1.52012992987778 profile2
554 143.073701 -1.42042949066602 profile2
555 143.155273 -1.3764349836069 profile2
556 143.159416 -1.42129318048975 profile2
557 143.163559 -1.42408990391825 profile2
558 143.167702 -1.34132470434167 profile2
559 143.171846 -1.262233364632 profile2
560 143.175989 -1.18908148125257 profile2
561 143.180132 -1.12161120902661 profile2
562 143.240265 -1.07115942762615 profile2
563 143.324863 -1.07199672268661 profile2
564 143.409462 -1.14399962214545 profile2
565 143.484637 -1.08081407118275 profile2
566 143.487347 -1.00399521460528 profile2
567 143.490056 -0.907370700882412 profile2
568 143.492766 -0.815676365166869 profile2
569 143.495555 -0.729144281294775 profile2
570 143.498344 -0.647977242992606 profile2
571 143.501132 -0.571077574433282 profile2
572 143.521072 -0.537843680520338 profile2
573 143.53778 -0.540487345836078 profile2
574 143.554489 -0.565541792986188 profile2
575 143.570345 -0.601932309170331 profile2
576 143.571477 -0.640807834140414 profile2
577 143.572611 -0.679921628129515 profile2
578 143.574439 -0.717990751362275 profile2
579 143.699438 -0.693842554253306 profile2
580 143.824436 -0.58335261266746 profile2
581 143.915168 -0.607939593171685 profile2
582 143.920616 -0.710151198866855 profile2
583 143.926063 -0.818885804111821 profile2
584 143.93182 -0.901899845648077 profile2
585 143.935901 -1.0028944023417 profile2
586 143.939982 -1.13980624746117 profile2
587 143.944917 -1.30671551866272 profile2
588 143.975668 -1.49507132930793 profile2
589 144.013221 -1.58728985095481 profile2
590 144.051716 -1.64803118436474 profile2
591 144.090211 -1.65549931585326 profile2
592 144.128706 -1.65549514596764 profile2
593 144.167202 -1.65626880313299 profile2
594 144.176428 -1.65741634677121 profile2
595 144.180816 -1.65852701554944 profile2
596 144.185205 -1.65944021814719 profile2
597 144.348163 -1.5459207393174 profile2
598 144.361337 -1.51514947157314 profile2
599 144.363468 -1.31681827092319 profile2
600 144.365599 -1.15933348011199 profile2
601 144.367577 -0.999055050740306 profile2
602 144.375504 -0.842805243752404 profile2
603 144.385418 -0.729884145076441 profile2
604 144.395332 -0.662780126498739 profile2
605 144.407236 -0.629756418556635 profile2
606 144.411293 -0.599185988603442 profile2
607 144.415349 -0.569493751081313 profile2
608 144.419405 -0.540575261976907 profile2
609 144.423461 -0.512341001943237 profile2
610 144.427517 -0.480300652912343 profile2
611 144.431573 -0.447674398371312 profile2
612 144.437408 -0.414808952472065 profile2
613 144.440911 -0.375195393211207 profile2
614 144.442944 -0.339074482891127 profile2
615 144.444976 -0.273988063436252 profile2
616 144.447008 -0.187526909470207 profile2
617 144.44904 -0.107610981149456 profile2
618 144.454745 -0.0642074339396232 profile2
619 144.498681 -0.0262894682273458 profile2
620 144.558267 0 profile2
621 144.587405 -0.00192965993797318 profile2
622 144.587686 -0.00122336021932774 profile2
623 144.587968 -0.00244563422088838 profile2
624 144.617027 -0.00665107972571873 profile2
625 144.705848 -0.0595150148567636 profile2
626 144.716797 -0.2171271777716 profile2
627 144.727745 -0.347729452025995 profile2
628 144.897381 -0.426698332376083 profile2
629 144.903395 -0.502095140573495 profile2
630 144.909409 -0.585779894502444 profile2
631 144.916914 -0.677403919020095 profile2
632 144.947844 -0.758969117099841 profile2
633 144.978774 -0.843418729180746 profile2
634 145.106694 -0.872435414922164 profile2
635 145.224788 -0.840511875211576 profile2
636 145.342881 -0.682810171361803 profile2
637 145.729503 -0.845797883505096 profile2
638 145.916546 -0.95319206196837 profile2
639 146.10359 -0.96489796862999 profile2
640 146.240909 -0.899262371586227 profile2
641 146.283615 -1.08255176052143 profile2
642 146.304543 -1.0580872906778 profile2
643 146.314537 -1.04205602030075 profile2
644 146.319976 -1.03483824618509 profile2
645 146.322338 -1.03668612036005 profile2
646 146.3247 -1.04771633529845 profile2
647 146.327062 -1.06789734289133 profile2
648 146.329424 -1.0970423255487 profile2
649 146.331786 -1.13482434754877 profile2
650 146.334148 -1.18077722844597 profile2
651 146.33651 -2.03784920044902 profile2
652 146.643419 -2.56852314113806 profile2
653 146.654632 -2.55266162547275 profile2
654 146.665844 -2.53259957848615 profile2
655 146.677056 -2.45260619890441 profile2
656 146.688269 -2.26481454389961 profile2
657 146.69133 -2.22397688109249 profile2
658 146.694026 -2.27599556659921 profile2
659 146.696722 -2.42932385824388 profile2
660 146.699418 -2.67285467945034 profile2
661 146.702114 -2.97642160493301 profile2
662 146.70481 -3.02996314467935 profile2
663 146.707507 -3.0149887887673 profile2
664 146.710838 -3.0040048420681 profile2
665 146.716274 -2.9970620224302 profile2
666 146.72171 -2.99416067510693 profile2
667 146.727146 -2.99525193102007 profile2
668 146.734615 -3.01384956608188 profile2
669 146.80381 -3.02410282159993 profile2
670 146.862885 -2.74363664327254 profile2
671 146.863965 -2.32211886178873 profile2
672 146.865044 -1.95142056747594 profile2
673 146.87452 -1.65148501157876 profile2
674 146.889753 -1.46731326462312 profile2
675 146.904986 -1.4260254374912 profile2
676 147.064187 -1.45975395240497 profile2
677 147.069549 -1.57864764789871 profile2
678 147.074911 -1.61838360111043 profile2
679 147.080273 -1.60827544314112 profile2
680 147.089309 -1.6241762196056 profile2
681 147.114764 -1.641952948979 profile2
682 147.137425 -1.65480243004749 profile2
683 147.157965 -1.65233116108931 profile2
684 147.178504 -1.69297550788172 profile2
685 147.221814 -0.999038094787323 profile2
686 147.253583 -1.00497973005065 profile2
687 147.272554 -0.943683835207817 profile2
688 147.275576 -0.867783463755911 profile2
689 147.278599 -0.816696369294059 profile2
690 147.281622 -0.811249171431068 profile2
691 147.284644 -0.820200873567077 profile2
692 147.286194 -0.842212064869161 profile2
693 147.286753 -0.875676276064048 profile2
694 147.287312 -0.91885690681318 profile2
695 147.287872 -0.970009817672404 profile2
696 147.290648 -1.00288169746477 profile2
697 147.299484 -1.02642350088318 profile2
698 147.327447 -1.05335600772359 profile2
699 147.35561 -1.01283133003771 profile2
700 147.383773 -0.574235851337801 profile2
701 147.397845 -0.531850482615703 profile2
702 147.402328 -0.491315734367232 profile2
703 147.406811 -0.452581603541174 profile2
704 147.411546 -0.416382194762367 profile2
705 147.442387 -0.382871612475054 profile2
706 147.535843 -0.373856235387886 profile2
707 147.551736 -0.37391439818849 profile2
708 147.555599 -0.342831676535369 profile2
709 147.559461 -0.406258478255227 profile2
710 147.563362 -0.500128171869076 profile2
711 147.583398 -0.566130388663271 profile2
712 147.602453 -0.691380093580571 profile2
713 147.621507 -0.833891068687126 profile2
714 147.682611 -0.860647503707259 profile2
715 147.68996 -0.847080822930593 profile2
716 147.695588 -0.807037116659294 profile2
717 147.701215 -0.774017259943394 profile2
718 147.706843 -0.747945176162123 profile2
719 147.719435 -0.750879765242566 profile2
720 147.737975 -0.761867676126008 profile2
721 147.751499 -0.778587886504875 profile2
722 147.760277 -0.797847811939678 profile2
723 147.769056 -0.812546362992735 profile2
724 147.777834 -0.830244924049292 profile2
725 147.786613 -0.571832428315299 profile2
726 147.795391 -0.230856276010782 profile2
727 147.816836 -0.061842788654206 profile2
728 147.850698 -0.0760043903094673 profile2
729 147.88456 -0.0863484688149403 profile2
730 147.914702 -0.0691804372746325 profile2
731 147.91491 -0.0387568626492666 profile2
732 147.915116 -0.0200259057422128 profile2
733 147.915322 -0.0131301998479591 profile2
734 147.915527 -0.0178828301215003 profile2
735 147.915733 -0.0337897782215807 profile2
736 147.916803 -0.0575506672985027 profile2
737 147.923623 -0.0459539159914025 profile2
738 147.930444 -0.0476731125317252 profile2
739 147.937264 -0.0517745702375849 profile2
740 147.944084 -0.0372776272341882 profile2
741 147.949324 -0.0355642908552852 profile2
742 147.953121 -0.178983601697008 profile2
743 147.956917 -0.449130471048667 profile2
744 147.960714 -0.764703729861592 profile2
745 147.964511 -1.11367319276003 profile2
746 147.968307 -1.30257710984621 profile2
747 147.973733 -1.39466219775673 profile2
748 147.982072 -1.41774050991407 profile2
749 147.982175 -1.40302667578572 profile2
750 147.982278 -1.39043357074659 profile2
751 147.986316 -1.40085739399583 profile2
752 147.986987 -1.50396880766157 profile2
753 147.987657 -1.64574871125434 profile2
754 147.988327 -1.82339528681185 profile2
755 147.988998 -2.03060639630065 profile2
756 147.989668 -2.21490454467912 profile2
757 148.006053 -2.24362008389221 profile2
758 148.013144 -2.33377523653217 profile2
759 148.020236 -2.42977663198397 profile2
760 148.027327 -2.53142735380772 profile2
761 148.033269 -2.63835353793115 profile2
762 148.037078 -2.74999406958711 profile2
763 148.040918 -2.78394271447046 profile2
764 148.046494 -2.81583911179509 profile2
765 148.05207 -2.86768526347567 profile2
766 148.180347 -2.92757558620698 profile2
767 148.183086 -2.93519986749112 profile2
768 148.185825 -2.94897602963399 profile2
769 148.188563 -2.96726063711729 profile2
770 148.191302 -2.9474188658496 profile2
771 148.194041 -2.94439370172319 profile2
772 148.19678 -2.94836149607648 profile2
773 148.200032 -2.94096638743425 profile2
774 148.204884 -2.92808780881309 profile2
775 148.213021 -2.93084040154534 profile2
776 148.213171 -3.06313983265086 profile2
777 148.213321 -3.22187112469445 profile2
778 148.326473 -3.40304714105399 profile2
779 148.333368 -3.57554897188512 profile2
780 148.340263 -3.53008408135935 profile2
781 148.347157 -3.47208757403573 profile2
782 148.354052 -3.38424974616589 profile2
783 148.362946 -3.29617527277237 profile2
784 148.380016 -3.20774100451763 profile2
785 148.403283 -3.17574877412682 profile2
786 148.42655 -3.18423106690412 profile2
787 148.430037 -3.20173007086254 profile2
788 148.4319 -3.22180855595034 profile2
789 148.433763 -3.2444432059527 profile2
790 148.435626 -3.52218334117411 profile2
791 148.437489 -4.0094999486478 profile2
792 148.439352 -4.15485261987102 profile2
793 148.441214 -4.16567604820635 profile2
794 148.443077 -4.1821951372101 profile2
795 148.44494 -4.20466096971702 profile2
796 148.446803 -4.23275981872944 profile2
797 148.453459 -4.24383974696786 profile2
798 148.477993 -4.23815174215731 profile2
799 148.493526 -4.23251692540156 profile2
800 148.493644 -4.22715737376374 profile2
801 148.493762 -4.22243487505816 profile2
802 148.502187 -4.45510698441869 profile2
803 148.624196 -4.50557111578927 profile2
804 148.648833 -4.9275970575724 profile2
805 148.673469 -5.46129692545217 profile2
806 148.812084 -5.36195733732886 profile2
807 148.815025 -5.36226503864361 profile2
