marker_position lod trace
1 142.490795 -6.16881839470708 pleio
2 142.517426 -6.08646587086829 pleio
3 142.560149 -5.99951391261002 pleio
4 142.602873 -5.91228361108222 pleio
5 142.64402 -5.82423638829278 pleio
6 142.685103 -5.59518278766022 pleio
7 142.726186 -5.46453616700194 pleio
8 142.767269 -5.37901816645881 pleio
9 142.808353 -5.29049716860829 pleio
10 142.849436 -5.1963334968525 pleio
11 142.876943 -5.11105932445325 pleio
12 142.880371 -5.03497023205948 pleio
13 142.883799 -4.96806057231731 pleio
14 142.904956 -4.90809239541217 pleio
15 142.989329 -4.94605805745548 pleio
16 143.073701 -4.86126643800764 pleio
17 143.155273 -4.56490156096223 pleio
18 143.159416 -4.13305726977177 pleio
19 143.163559 -3.90116190285293 pleio
20 143.167702 -3.82666647090054 pleio
21 143.171846 -3.75524157474919 pleio
22 143.175989 -3.6876128496908 pleio
23 143.180132 -3.62383769173775 pleio
24 143.240265 -3.55615501596322 pleio
25 143.324863 -3.56513893143523 pleio
26 143.409462 -3.48609734392084 pleio
27 143.484637 -3.40385353048426 pleio
28 143.487347 -3.37918979287782 pleio
29 143.490056 -3.41545016719057 pleio
30 143.492766 -3.46196827053809 pleio
31 143.495555 -3.51834613372984 pleio
32 143.498344 -3.58409076716286 pleio
33 143.501132 -3.6633799569864 pleio
34 143.521072 -3.64191410996269 pleio
35 143.53778 -3.58374393952377 pleio
36 143.554489 -3.51130579459276 pleio
37 143.570345 -3.42453709480024 pleio
38 143.571477 -3.33062172580829 pleio
39 143.572611 -3.23030252834672 pleio
40 143.574439 -3.1277238186201 pleio
41 143.699438 -2.86284325990136 pleio
42 143.824436 -2.91382868874624 pleio
43 143.915168 -2.80101717144111 pleio
44 143.920616 -2.95037964259535 pleio
45 143.926063 -3.09399785077248 pleio
46 143.93182 -3.08209918481421 pleio
47 143.935901 -3.12029152277289 pleio
48 143.939982 -3.19259121123267 pleio
49 143.944917 -3.29650059199244 pleio
50 143.975668 -3.42721159085649 pleio
51 144.013221 -3.48452183972586 pleio
52 144.051716 -3.51547297427532 pleio
53 144.090211 -3.51106028942228 pleio
54 144.128706 -3.50792106952311 pleio
55 144.167202 -3.50533939286505 pleio
56 144.176428 -3.5030569003105 pleio
57 144.180816 -3.50079213018851 pleio
58 144.185205 -3.49801077899256 pleio
59 144.348163 -3.29540824103739 pleio
60 144.361337 -3.35951410274556 pleio
61 144.363468 -2.69592352950108 pleio
62 144.365599 -2.08121323084274 pleio
63 144.367577 -1.72064615886618 pleio
64 144.375504 -1.45670294339818 pleio
65 144.385418 -1.23285634868669 pleio
66 144.395332 -1.05475978564712 pleio
67 144.407236 -0.972037675184104 pleio
68 144.411293 -0.926993537120558 pleio
69 144.415349 -0.882558344254687 pleio
70 144.419405 -0.83875063560092 pleio
71 144.423461 -0.795597144255284 pleio
72 144.427517 -0.777902027047634 pleio
73 144.431573 -0.770567802815573 pleio
74 144.437408 -0.765848573206543 pleio
75 144.440911 -0.755629405535486 pleio
76 144.442944 -0.747396596890158 pleio
77 144.444976 -0.693013180377556 pleio
78 144.447008 -0.604437689148352 pleio
79 144.44904 -0.523875995537512 pleio
80 144.454745 -0.451538932857347 pleio
81 144.498681 -0.386040884470144 pleio
82 144.558267 -0.33369398018577 pleio
83 144.587405 -0.273671203535042 pleio
84 144.587686 -0.181049636534886 pleio
85 144.587968 -0.0868578194607355 pleio
86 144.617027 -0.0227955419700909 pleio
87 144.705848 -0.056554773885607 pleio
88 144.716797 -0.0996930511108264 pleio
89 144.727745 0 pleio
90 144.897381 -0.0990176643756273 pleio
91 144.903395 -0.258386534006229 pleio
92 144.909409 -0.426918099399391 pleio
93 144.916914 -0.603700002831115 pleio
94 144.947844 -0.762711648657415 pleio
95 144.978774 -0.924524955085327 pleio
96 145.106694 -0.855759997432141 pleio
97 145.224788 -0.215517037905072 pleio
98 145.342881 -0.214789695553145 pleio
99 145.729503 -0.335151281238153 pleio
100 145.916546 -0.464833077313704 pleio
101 146.10359 -0.535931986855477 pleio
102 146.240909 -0.556499740439671 pleio
103 146.283615 -0.398053939144604 pleio
104 146.304543 -0.371368262853699 pleio
105 146.314537 -0.362027522859147 pleio
106 146.319976 -0.370567156819635 pleio
107 146.322338 -0.397235262065667 pleio
108 146.3247 -0.441975640928368 pleio
109 146.327062 -0.504422392922879 pleio
110 146.329424 -0.583905729959983 pleio
111 146.331786 -0.679481884731966 pleio
112 146.334148 -0.789963739143664 pleio
113 146.33651 -1.87639438136257 pleio
114 146.643419 -2.7172169348301 pleio
115 146.654632 -2.68449888933377 pleio
116 146.665844 -2.65704399799674 pleio
117 146.677056 -2.56949520952347 pleio
118 146.688269 -2.45358450742251 pleio
119 146.69133 -2.54068340617288 pleio
120 146.694026 -2.73790164343778 pleio
121 146.696722 -3.06118874431292 pleio
122 146.699418 -3.50455765933486 pleio
123 146.702114 -4.03789270549622 pleio
124 146.70481 -4.17467021221039 pleio
125 146.707507 -4.19973980668455 pleio
126 146.710838 -4.2285743999744 pleio
127 146.716274 -4.26113237698654 pleio
128 146.72171 -4.29733230381142 pleio
129 146.727146 -4.33705476555806 pleio
130 146.734615 -4.37744469336353 pleio
131 146.80381 -4.40059853832687 pleio
132 146.862885 -4.4179067679848 pleio
133 146.863965 -4.51006359704184 pleio
134 146.865044 -4.68417275371738 pleio
135 146.87452 -4.92759462274238 pleio
136 146.889753 -5.13670519362842 pleio
137 146.904986 -5.13869884053247 pleio
138 147.064187 -4.87208254911488 pleio
139 147.069549 -4.88001258368944 pleio
140 147.074911 -4.8749642471791 pleio
141 147.080273 -4.76088032214042 pleio
142 147.089309 -4.67301253575786 pleio
143 147.114764 -4.60704641855494 pleio
144 147.137425 -4.59696338360071 pleio
145 147.157965 -4.57616094865679 pleio
146 147.178504 -4.57268407959825 pleio
147 147.221814 -4.72455400172119 pleio
148 147.253583 -5.19375020194707 pleio
149 147.272554 -5.12561554488866 pleio
150 147.275576 -5.05842239880686 pleio
151 147.278599 -5.02769690558598 pleio
152 147.281622 -4.99345761136859 pleio
153 147.284644 -4.98535980314396 pleio
154 147.286194 -5.00266449359208 pleio
155 147.286753 -5.04363016689254 pleio
156 147.287312 -5.10570500048872 pleio
157 147.287872 -5.18579468176091 pleio
158 147.290648 -5.25014357892568 pleio
159 147.299484 -5.30204580978894 pleio
160 147.327447 -5.36537825898449 pleio
161 147.35561 -5.39828162051293 pleio
162 147.383773 -5.55366183174644 pleio
163 147.397845 -5.5601865559505 pleio
164 147.402328 -5.56660917192244 pleio
165 147.406811 -5.57304925778304 pleio
166 147.411546 -5.57946455317131 pleio
167 147.442387 -5.58535181529851 pleio
168 147.535843 -5.59610653499669 pleio
169 147.551736 -5.81553002060392 pleio
170 147.555599 -6.06092459711741 pleio
171 147.559461 -6.28667578944518 pleio
172 147.563362 -6.53016916615242 pleio
173 147.583398 -6.96693086672084 pleio
174 147.602453 -7.27516564323253 pleio
175 147.621507 -7.53833635691583 pleio
176 147.682611 -7.57434253725609 pleio
177 147.68996 -7.56551046016511 pleio
178 147.695588 -7.56567562452964 pleio
179 147.701215 -7.5642647172204 pleio
180 147.706843 -7.59066717541638 pleio
181 147.719435 -7.6060347050231 pleio
182 147.737975 -7.51948316017553 pleio
183 147.751499 -7.48817128465686 pleio
184 147.760277 -7.46454895955254 pleio
185 147.769056 -7.44634711392041 pleio
186 147.777834 -7.43168215834777 pleio
187 147.786613 -7.57540577553383 pleio
188 147.795391 -7.35607038719272 pleio
189 147.816836 -7.22786827376552 pleio
190 147.850698 -7.19956740678058 pleio
191 147.88456 -7.17379039094432 pleio
192 147.914702 -7.23325334607215 pleio
193 147.91491 -7.25774357460645 pleio
194 147.915116 -7.28798837372201 pleio
195 147.915322 -7.32320453420457 pleio
196 147.915527 -7.36244974550025 pleio
197 147.915733 -7.40469302555394 pleio
198 147.916803 -7.44620140436673 pleio
199 147.923623 -7.44561246036891 pleio
200 147.930444 -7.44178932232657 pleio
201 147.937264 -7.43725470164123 pleio
202 147.944084 -7.49723540232727 pleio
203 147.949324 -7.58135368583942 pleio
204 147.953121 -7.57910009284109 pleio
205 147.956917 -7.51030892638035 pleio
206 147.960714 -7.43414068763992 pleio
207 147.964511 -7.35770221375248 pleio
208 147.968307 -7.31516174740422 pleio
209 147.973733 -7.29970120088095 pleio
210 147.982072 -7.30336666098937 pleio
211 147.982175 -7.30118970396548 pleio
212 147.982278 -7.30011329791107 pleio
213 147.986316 -7.35442432667016 pleio
214 147.986987 -7.60533267312748 pleio
215 147.987657 -7.87741059139457 pleio
216 147.988327 -8.15843347776674 pleio
217 147.988998 -8.43521625449458 pleio
218 147.989668 -8.65957853596326 pleio
219 148.006053 -8.73187405966051 pleio
220 148.013144 -8.72990229106935 pleio
221 148.020236 -8.72609529154476 pleio
222 148.027327 -8.720368828267 pleio
223 148.033269 -8.71272842233862 pleio
224 148.037078 -8.70327994931713 pleio
225 148.040918 -8.58397399330194 pleio
226 148.046494 -8.35790074658739 pleio
227 148.05207 -8.17160053087672 pleio
228 148.180347 -8.05657210874202 pleio
229 148.183086 -8.03401235285764 pleio
230 148.185825 -8.01212432728049 pleio
231 148.188563 -7.99245815663195 pleio
232 148.191302 -8.02800975572171 pleio
233 148.194041 -8.06004309345893 pleio
234 148.19678 -8.05481741905972 pleio
235 148.200032 -7.99175033220426 pleio
236 148.204884 -7.93421699124037 pleio
237 148.213021 -7.88989030671549 pleio
238 148.213171 -7.92256206324764 pleio
239 148.213321 -7.97423373293593 pleio
240 148.326473 -8.02705900739935 pleio
241 148.333368 -7.99496578514049 pleio
242 148.340263 -7.98974227624388 pleio
243 148.347157 -7.97434594051321 pleio
244 148.354052 -7.93472373545042 pleio
245 148.362946 -7.89888805109104 pleio
246 148.380016 -7.87407805614817 pleio
247 148.403283 -7.87206298179717 pleio
248 148.42655 -7.87143357442773 pleio
249 148.430037 -7.86553822909187 pleio
250 148.4319 -7.8598385035975 pleio
251 148.433763 -7.85433263354544 pleio
252 148.435626 -8.00770272737536 pleio
253 148.437489 -8.2715170371618 pleio
254 148.439352 -8.32732573202138 pleio
255 148.441214 -8.30565657542882 pleio
256 148.443077 -8.28993814211572 pleio
257 148.44494 -8.27924389883255 pleio
258 148.446803 -8.27194260522094 pleio
259 148.453459 -8.26653669737154 pleio
260 148.477993 -8.26532370188415 pleio
261 148.493526 -8.28306255472013 pleio
262 148.493644 -8.30406841473875 pleio
263 148.493762 -8.32653901486062 pleio
264 148.502187 -8.51834296796148 pleio
265 148.624196 -8.56086517996547 pleio
266 148.648833 -8.90612906736525 pleio
267 148.673469 -9.5166868571259 pleio
268 148.812084 -9.19806968146418 pleio
269 148.815025 -9.20220980348795 pleio
270 142.490795 -0.882381741619987 profile1
271 142.517426 -0.882983849789815 profile1
272 142.560149 -0.881024520821326 profile1
273 142.602873 -0.879155696878297 profile1
274 142.64402 -0.877178798024918 profile1
275 142.685103 -0.786934263863296 profile1
276 142.726186 -0.759257861951791 profile1
277 142.767269 -0.757855749781994 profile1
278 142.808353 -0.753534634551843 profile1
279 142.849436 -0.745006185835971 profile1
280 142.876943 -0.743609775783598 profile1
281 142.880371 -0.749157316939024 profile1
282 142.883799 -0.761379059867506 profile1
283 142.904956 -0.778113975117557 profile1
284 142.989329 -0.766973441444481 profile1
285 143.073701 -0.770675240623149 profile1
286 143.155273 -0.574478782449496 profile1
287 143.159416 -0.276614510742288 profile1
288 143.163559 -0.153179039351612 profile1
289 143.167702 -0.147924440548441 profile1
290 143.171846 -0.142530577069434 profile1
291 143.175989 -0.137226718537941 profile1
292 143.180132 -0.132096123570158 profile1
293 143.240265 -0.119529131961833 profile1
294 143.324863 -0.143724696256265 profile1
295 143.409462 -0.124364194806081 profile1
296 143.484637 -0.116001705746074 profile1
297 143.487347 -0.166027830898601 profile1
298 143.490056 -0.265305990096995 profile1
299 143.492766 -0.371726636310679 profile1
300 143.495555 -0.484689052486696 profile1
301 143.498344 -0.6035103954911 profile1
302 143.501132 -0.727462389459281 profile1
303 143.521072 -0.744010951360864 profile1
304 143.53778 -0.721875249593775 profile1
305 143.554489 -0.672675280320655 profile1
306 143.570345 -0.629843158328897 profile1
307 143.571477 -0.611369980867222 profile1
308 143.572611 -0.617806405084111 profile1
309 143.574439 -0.648465433445375 profile1
310 143.699438 -0.683028218363564 profile1
311 143.824436 -0.658242707794338 profile1
312 143.915168 -0.408370519565249 profile1
313 143.920616 -0.460513408047295 profile1
314 143.926063 -0.509502473916009 profile1
315 143.93182 -0.525736772412047 profile1
316 143.935901 -0.514421911160738 profile1
317 143.939982 -0.498815868176734 profile1
318 143.944917 -0.478903688421383 profile1
319 143.975668 -0.455112423513768 profile1
320 144.013221 -0.447610766487482 profile1
321 144.051716 -0.443136461964036 profile1
322 144.090211 -0.439359438977076 profile1
323 144.128706 -0.434304093922376 profile1
324 144.167202 -0.429505196047651 profile1
325 144.176428 -0.424827357656864 profile1
326 144.180816 -0.420133485047812 profile1
327 144.185205 -0.414930210923972 profile1
328 144.348163 -0.250651225243536 profile1
329 144.361337 -0.48279889177788 profile1
330 144.363468 -0.157843355416019 profile1
331 144.365599 0.0988930846824627 profile1
332 144.367577 0.159502002853565 profile1
333 144.375504 0.178630892390809 profile1
334 144.385418 0.197113789392966 profile1
335 144.395332 0.214054630210494 profile1
336 144.407236 0.229278057611527 profile1
337 144.411293 0.244543013078778 profile1
338 144.415349 0.259957463227108 profile1
339 144.419405 0.275447669079629 profile1
340 144.423461 0.290931822315877 profile1
341 144.427517 0.298316090446841 profile1
342 144.431573 0.302296974779813 profile1
343 144.437408 0.304645920761048 profile1
344 144.440911 0.301984351902991 profile1
345 144.442944 0.29801843180657 profile1
346 144.444976 0.295967393286706 profile1
347 144.447008 0.296174994130342 profile1
348 144.44904 0.296053181447317 profile1
349 144.454745 0.306420652081732 profile1
350 144.498681 0.317499711577488 profile1
351 144.558267 0.326745237957879 profile1
352 144.587405 0.32466294826687 profile1
353 144.587686 0.322825153814388 profile1
354 144.587968 0.320482606142154 profile1
355 144.617027 0.317664554840042 profile1
356 144.705848 0.229502693298811 profile1
357 144.716797 0.0743473478722651 profile1
358 144.727745 0 profile1
359 144.897381 0.00406517294594427 profile1
360 144.903395 0.0235636245625779 profile1
361 144.909409 0.0428432178422739 profile1
362 144.916914 0.0619240453377872 profile1
363 144.947844 0.0761480352704516 profile1
364 144.978774 0.0902914735161956 profile1
365 145.106694 0.167160116382096 profile1
366 145.224788 0.405568062676881 profile1
367 145.342881 0.401123889736998 profile1
368 145.729503 0.31931394056999 profile1
369 145.916546 0.278883903199428 profile1
370 146.10359 0.265898397926979 profile1
371 146.240909 0.274214661754543 profile1
372 146.283615 0.424358495060537 profile1
373 146.304543 0.434202348040533 profile1
374 146.314537 0.441899518711653 profile1
375 146.319976 0.447413987271993 profile1
376 146.322338 0.450717028971602 profile1
377 146.3247 0.451787420427138 profile1
378 146.327062 0.450610917202684 profile1
379 146.329424 0.447183356501725 profile1
380 146.331786 0.441508082849601 profile1
381 146.334148 0.433599089682817 profile1
382 146.33651 -0.381917964835964 profile1
383 146.643419 -1.15798680365074 profile1
384 146.654632 -1.11828177880515 profile1
385 146.665844 -1.08086075545931 profile1
386 146.677056 -1.03728378854928 profile1
387 146.688269 -0.977243034894684 profile1
388 146.69133 -0.896233268193732 profile1
389 146.694026 -0.819395811628085 profile1
390 146.696722 -0.761419332681009 profile1
391 146.699418 -0.737079125921559 profile1
392 146.702114 -0.756128518278391 profile1
393 146.70481 -0.766282521016976 profile1
394 146.707507 -0.767585606624698 profile1
395 146.710838 -0.770513063411568 profile1
396 146.716274 -0.775087707877006 profile1
397 146.72171 -0.781322295883801 profile1
398 146.727146 -0.789218944258828 profile1
399 146.734615 -0.800328241475168 profile1
400 146.80381 -0.807651761549607 profile1
401 146.862885 -0.863816117982951 profile1
402 146.863965 -0.979930405167695 profile1
403 146.865044 -1.13090963847699 profile1
404 146.87452 -1.30648722865289 profile1
405 146.889753 -1.43801486126141 profile1
406 146.904986 -1.42523298390208 profile1
407 147.064187 -1.47713823024923 profile1
408 147.069549 -1.60705597996878 profile1
409 147.074911 -1.67265496370122 profile1
410 147.080273 -1.61161224179871 profile1
411 147.089309 -1.55743321772946 profile1
412 147.114764 -1.50538788406341 profile1
413 147.137425 -1.49536213875131 profile1
414 147.157965 -1.4537937959288 profile1
415 147.178504 -1.40446526205936 profile1
416 147.221814 -1.31420800598352 profile1
417 147.253583 -1.54523346055563 profile1
418 147.272554 -1.5476680433549 profile1
419 147.275576 -1.54711126811512 profile1
420 147.278599 -1.571299156238 profile1
421 147.281622 -1.55399522594378 profile1
422 147.284644 -1.55722928793149 profile1
423 147.286194 -1.58076611244309 profile1
424 147.286753 -1.62340490161515 profile1
425 147.287312 -1.68310898813782 profile1
426 147.287872 -1.75722517087716 profile1
427 147.290648 -1.82057287855666 profile1
428 147.299484 -1.87503667543554 profile1
429 147.327447 -1.95787172514928 profile1
430 147.35561 -2.04692240416808 profile1
431 147.383773 -2.51082178698929 profile1
432 147.397845 -2.52870481418864 profile1
433 147.402328 -2.54636875904945 profile1
434 147.406811 -2.56400099944154 profile1
435 147.411546 -2.58144275815776 profile1
436 147.442387 -2.59829446913316 profile1
437 147.535843 -2.61141345507643 profile1
438 147.551736 -2.76936972483713 profile1
439 147.555599 -2.98490156412168 profile1
440 147.559461 -3.07779979549102 profile1
441 147.563362 -3.13004605924757 profile1
442 147.583398 -3.23100397330434 profile1
443 147.602453 -3.27306040658047 profile1
444 147.621507 -3.29964260966222 profile1
445 147.682611 -3.31096212125036 profile1
446 147.68996 -3.33072142462278 profile1
447 147.695588 -3.37402144823902 profile1
448 147.701215 -3.41463702250392 profile1
449 147.706843 -3.35435171315889 profile1
450 147.719435 -3.19868666497817 profile1
451 147.737975 -3.11451486692491 profile1
452 147.751499 -3.08349327256159 profile1
453 147.760277 -3.04303753203787 profile1
454 147.769056 -3.00335639937882 profile1
455 147.777834 -2.96463347892289 profile1
456 147.786613 -2.95030648559866 profile1
457 147.795391 -2.78893552434994 profile1
458 147.816836 -2.80267896099336 profile1
459 147.850698 -2.85938838917667 profile1
460 147.88456 -2.93776195356824 profile1
461 147.914702 -2.98503985630637 profile1
462 147.91491 -3.00848131598547 profile1
463 147.915116 -3.03572392547903 profile1
464 147.915322 -3.06627388685967 profile1
465 147.915527 -3.09952999582008 profile1
466 147.915733 -3.13482666744645 profile1
467 147.916803 -3.1695966919175 profile1
468 147.923623 -3.17493745348584 profile1
469 147.930444 -3.17525690128465 profile1
470 147.937264 -3.17508950199805 profile1
471 147.944084 -3.20575567672948 profile1
472 147.949324 -3.24903342920584 profile1
473 147.953121 -3.29836437052366 profile1
474 147.956917 -3.35391302252447 profile1
475 147.960714 -3.41282511469712 profile1
476 147.964511 -3.47411051369336 profile1
477 147.968307 -3.50423641164797 profile1
478 147.973733 -3.52174874853296 profile1
479 147.982072 -3.54459658426363 profile1
480 147.982175 -3.5652257893018 profile1
481 147.982278 -3.58619458242136 profile1
482 147.986316 -3.611544431986 profile1
483 147.986987 -3.65430299856064 profile1
484 147.987657 -3.70286073355701 profile1
485 147.988327 -3.75666576809324 profile1
486 147.988998 -3.81476290418035 profile1
487 147.989668 -3.86383029348072 profile1
488 148.006053 -3.86426657894886 profile1
489 148.013144 -3.8420612513229 profile1
490 148.020236 -3.81547212577406 profile1
491 148.027327 -3.78438542211236 profile1
492 148.033269 -3.74882795921623 profile1
493 148.037078 -3.70897881095916 profile1
494 148.040918 -3.66507474879501 profile1
495 148.046494 -3.52896377189047 profile1
496 148.05207 -3.41994661898388 profile1
497 148.180347 -3.3560492667324 profile1
498 148.183086 -3.3312901133142 profile1
499 148.185825 -3.30549297135195 profile1
500 148.188563 -3.28015535652943 profile1
501 148.191302 -3.3109328357819 profile1
502 148.194041 -3.33758366788149 profile1
503 148.19678 -3.33546881135317 profile1
504 148.200032 -3.29104590039437 profile1
505 148.204884 -3.25056740610903 profile1
506 148.213021 -3.21450999418572 profile1
507 148.213171 -3.20424059963628 profile1
508 148.213321 -3.21061439518896 profile1
509 148.326473 -3.22955612536019 profile1
510 148.333368 -3.27660841271782 profile1
511 148.340263 -3.33288053858875 profile1
512 148.347157 -3.3711510071556 profile1
513 148.354052 -3.37167619343686 profile1
514 148.362946 -3.37230759744987 profile1
515 148.380016 -3.37308744807522 profile1
516 148.403283 -3.37067607005822 profile1
517 148.42655 -3.35672863759949 profile1
518 148.430037 -3.34454672344305 profile1
519 148.4319 -3.33253554076385 profile1
520 148.433763 -3.32070797149667 profile1
521 148.435626 -3.28824175442598 profile1
522 148.437489 -3.33541977877708 profile1
523 148.439352 -3.31917877635949 profile1
524 148.441214 -3.27258627010716 profile1
525 148.443077 -3.23133687584083 profile1
526 148.44494 -3.19500817803822 profile1
527 148.446803 -3.16231953887476 profile1
528 148.453459 -3.13527278141236 profile1
529 148.477993 -3.1158645621017 profile1
530 148.493526 -3.09363375615049 profile1
531 148.493644 -3.07104733016825 profile1
532 148.493762 -3.04871256979519 profile1
533 148.502187 -3.07728992540835 profile1
534 148.624196 -3.06464939780562 profile1
535 148.648833 -3.19940708074433 profile1
536 148.673469 -3.51283585451058 profile1
537 148.812084 -3.51381100624192 profile1
538 148.815025 -3.51673267121733 profile1
539 142.490795 -4.68786611957034 profile2
540 142.517426 -4.60586193873174 profile2
541 142.560149 -4.52197537339709 profile2
542 142.602873 -4.43786911875771 profile2
543 142.64402 -4.35321909991505 profile2
544 142.685103 -4.22915299423356 profile2
545 142.726186 -4.13187232718771 profile2
546 142.767269 -4.04945188069353 profile2
547 142.808353 -3.96714518137216 profile2
548 142.849436 -3.88370553348929 profile2
549 142.876943 -3.80197688543116 profile2
550 142.880371 -3.72242939333947 profile2
551 142.883799 -3.64531767568065 profile2
552 142.904956 -3.570569144359 profile2
553 142.989329 -3.62529909610858 profile2
554 143.073701 -3.53607252338553 profile2
555 143.155273 -3.44265131861936 profile2
556 143.159416 -3.32045774706623 profile2
557 143.163559 -3.22028114944841 profile2
558 143.167702 -3.15445410844034 profile2
559 143.171846 -3.09179235673052 profile2
560 143.175989 -3.03274233237747 profile2
561 143.180132 -2.97724148165664 profile2
562 143.240265 -2.92485654986193 profile2
563 143.324863 -2.92086413833275 profile2
564 143.409462 -2.86692213225834 profile2
565 143.484637 -2.79445578934628 profile2
566 143.487347 -2.71769801894252 profile2
567 143.490056 -2.65092131234685 profile2
568 143.492766 -2.58732959269877 profile2
569 143.495555 -2.52717090199059 profile2
570 143.498344 -2.47067736099008 profile2
571 143.501132 -2.42271708631478 profile2
572 143.521072 -2.38411234294421 profile2
573 143.53778 -2.34826616121511 profile2
574 143.554489 -2.32532556187704 profile2
575 143.570345 -2.28222331717616 profile2
576 143.571477 -2.2082959764277 profile2
577 143.572611 -2.10368866529321 profile2
578 143.574439 -1.97308831755291 profile2
579 143.699438 -1.67478710593484 profile2
580 143.824436 -1.75294854548693 profile2
581 143.915168 -1.90393571569235 profile2
582 143.920616 -2.0014484476655 profile2
583 143.926063 -2.09489359281689 profile2
584 143.93182 -2.06320003799019 profile2
585 143.935901 -2.11031867429495 profile2
586 143.939982 -2.19534543964462 profile2
587 143.944917 -2.31585089446739 profile2
588 143.975668 -2.46670144692734 profile2
589 144.013221 -2.53163510715727 profile2
590 144.051716 -2.56775070862083 profile2
591 144.090211 -2.56703310171295 profile2
592 144.128706 -2.56890572364583 profile2
593 144.167202 -2.57108026954884 profile2
594 144.176428 -2.57343339721123 profile2
595 144.180816 -2.57582014326905 profile2
596 144.185205 -2.57818041776662 profile2
597 144.348163 -2.54286740888629 profile2
598 144.361337 -2.38563336512171 profile2
599 144.363468 -2.05561289782622 profile2
600 144.365599 -1.70368301163382 profile2
601 144.367577 -1.40700101844431 profile2
602 144.375504 -1.16503321100352 profile2
603 144.385418 -0.961939318090075 profile2
604 144.395332 -0.802365814277965 profile2
605 144.407236 -0.735110807651781 profile2
606 144.411293 -0.705180329108902 profile2
607 144.415349 -0.676127383341405 profile2
608 144.419405 -0.647888131546127 profile2
609 144.423461 -0.620398699904566 profile2
610 144.427517 -0.611969270493794 profile2
611 144.431573 -0.611042930884876 profile2
612 144.437408 -0.610957493085559 profile2
613 144.440911 -0.59826913156396 profile2
614 144.442944 -0.586291765672304 profile2
615 144.444976 -0.531012085769989 profile2
616 144.447008 -0.444430438460621 profile2
617 144.44904 -0.365341236315863 profile2
618 144.454745 -0.3045515710303 profile2
619 144.498681 -0.251137660474565 profile2
620 144.558267 -0.208758204252187 profile2
621 144.587405 -0.147512402560708 profile2
622 144.587686 -0.0546983992754552 profile2
623 144.587968 0.0401966223574453 profile2
624 144.617027 0.106236353364359 profile2
625 144.705848 0.157489364823067 profile2
626 144.716797 0.27230539962051 profile2
627 144.727745 0.451787420427138 profile2
628 144.897381 0.348011883093923 profile2
629 144.903395 0.167614286416168 profile2
630 144.909409 -0.0213807274142128 profile2
631 144.916914 -0.21807375571959 profile2
632 144.947844 -0.39195242618 profile2
633 144.978774 -0.568315126704068 profile2
634 145.106694 -0.581020556049919 profile2
635 145.224788 -0.181415469804794 profile2
636 145.342881 -0.175203023711418 profile2
637 145.729503 -0.207316427773306 profile2
638 145.916546 -0.293029024685684 profile2
639 146.10359 -0.350213351262787 profile2
640 146.240909 -0.378787312161934 profile2
641 146.283615 -0.370704929970148 profile2
642 146.304543 -0.354182787061811 profile2
643 146.314537 -0.352703186285503 profile2
644 146.319976 -0.366751922338557 profile2
645 146.322338 -0.396537629784551 profile2
646 146.3247 -0.441649513529373 profile2
647 146.327062 -0.50151616335928 profile2
648 146.329424 -0.576065679112669 profile2
649 146.331786 -0.664364324087824 profile2
650 146.334148 -0.765248937626551 profile2
651 146.33651 -1.05181091377268 profile2
652 146.643419 -1.12615465323122 profile2
653 146.654632 -1.13358937641211 profile2
654 146.665844 -1.14401943191302 profile2
655 146.677056 -1.09993623250344 profile2
656 146.688269 -1.03981501730888 profile2
657 146.69133 -1.19927943078603 profile2
658 146.694026 -1.45935226888485 profile2
659 146.696722 -1.82166272742987 profile2
660 146.699418 -2.26700428218326 profile2
661 146.702114 -2.75570954845331 profile2
662 146.70481 -2.87491070101629 profile2
663 146.707507 -2.89585534051396 profile2
664 146.710838 -2.91896751466602 profile2
665 146.716274 -2.94419151158664 profile2
666 146.72171 -2.97144168911682 profile2
667 146.727146 -3.00060479709744 profile2
668 146.734615 -3.02836010878601 profile2
669 146.80381 -3.04354101702504 profile2
670 146.862885 -3.00343294222228 profile2
671 146.863965 -2.97655809140932 profile2
672 146.865044 -2.99583670747821 profile2
673 146.87452 -3.05902568343977 profile2
674 146.889753 -3.13271927980721 profile2
675 146.904986 -3.14718419001453 profile2
676 147.064187 -2.82015479602612 profile2
677 147.069549 -2.68167591538263 profile2
678 147.074911 -2.60310324467946 profile2
679 147.080273 -2.55214895055944 profile2
680 147.089309 -2.52074936727107 profile2
681 147.114764 -2.50948568082212 profile2
682 147.137425 -2.50992391400369 profile2
683 147.157965 -2.53343166502216 profile2
684 147.178504 -2.58387131446481 profile2
685 147.221814 -2.82652316741549 profile2
686 147.253583 -3.06667745408833 profile2
687 147.272554 -2.99110114640224 profile2
688 147.275576 -2.92065829581759 profile2
689 147.278599 -2.86171906812512 profile2
690 147.281622 -2.84336521047901 profile2
691 147.284644 -2.83056381277644 profile2
692 147.286194 -2.82286973717225 profile2
693 147.286753 -2.81977649128314 profile2
694 147.287312 -2.82078012607269 profile2
695 147.287872 -2.82543397855632 profile2
696 147.290648 -2.8250528683486 profile2
697 147.299484 -2.82112228911156 profile2
698 147.327447 -2.79967178054167 profile2
699 147.35561 -2.7439773183362 profile2
700 147.383773 -2.4333982984678 profile2
701 147.397845 -2.42143280952517 profile2
702 147.402328 -2.40960567267648 profile2
703 147.406811 -2.39784969896894 profile2
704 147.411546 -2.38627128675485 profile2
705 147.442387 -2.37476979441775 profile2
706 147.535843 -2.37238263394167 profile2
707 147.551736 -2.44010988723937 profile2
708 147.555599 -2.47280147356566 profile2
709 147.559461 -2.60536149497141 profile2
710 147.563362 -2.79786101001685 profile2
711 147.583398 -3.13796447219992 profile2
712 147.602453 -3.40676468456381 profile2
713 147.621507 -3.64669508960711 profile2
714 147.682611 -3.67236031524345 profile2
715 147.68996 -3.64379619422599 profile2
716 147.695588 -3.59999569824631 profile2
717 147.701215 -3.55731472056079 profile2
718 147.706843 -3.64228423404569 profile2
719 147.719435 -3.81391148609391 profile2
720 147.737975 -3.81276388769355 profile2
721 147.751499 -3.81293838448506 profile2
722 147.760277 -3.83068000401168 profile2
723 147.769056 -3.85278358913256 profile2
724 147.777834 -3.87733998393244 profile2
725 147.786613 -4.04050270967315 profile2
726 147.795391 -3.98944313229898 profile2
727 147.816836 -3.84582685852964 profile2
728 147.850698 -3.7536558054844 profile2
729 147.88456 -3.64316227323927 profile2
730 147.914702 -3.65109693189603 profile2
731 147.91491 -3.65072623868235 profile2
732 147.915116 -3.65245586109138 profile2
733 147.915322 -3.65604118244821 profile2
734 147.915527 -3.66118534886615 profile2
735 147.915733 -3.66756251307594 profile2
736 147.916803 -3.67400844694623 profile2
737 147.923623 -3.66748370579543 profile2
738 147.930444 -3.66316614798702 profile2
739 147.937264 -3.65865780516276 profile2
740 147.944084 -3.6903088091354 profile2
741 147.949324 -3.73406606352078 profile2
742 147.953121 -3.6855949154949 profile2
743 147.956917 -3.56332615699776 profile2
744 147.960714 -3.4285289349518 profile2
745 147.964511 -3.28932469776334 profile2
746 147.968307 -3.21619096731378 profile2
747 147.973733 -3.18378192148492 profile2
748 147.982072 -3.16562778320998 profile2
749 147.982175 -3.14316298033014 profile2
750 147.982278 -3.12143565600095 profile2
751 147.986316 -3.14863009450067 profile2
752 147.986987 -3.34867749632129 profile2
753 147.987657 -3.56506981784191 profile2
754 147.988327 -3.78628223491287 profile2
755 147.988998 -4.00016303197356 profile2
756 147.989668 -4.17152211156715 profile2
757 148.006053 -4.23898559961655 profile2
758 148.013144 -4.26106855541085 profile2
759 148.020236 -4.28571295660768 profile2
760 148.027327 -4.31295349703864 profile2
761 148.033269 -4.34277265664889 profile2
762 148.037078 -4.37509875950054 profile2
763 148.040918 -4.30341070422846 profile2
764 148.046494 -4.21900707241241 profile2
765 148.05207 -4.1486052077295 profile2
766 148.180347 -4.10407633408822 profile2
767 148.183086 -4.10576502906579 profile2
768 148.185825 -4.10904203660474 profile2
769 148.188563 -4.11398484415974 profile2
770 148.191302 -4.12060889602751 profile2
771 148.194041 -4.12877399447002 profile2
772 148.19678 -4.12678588058678 profile2
773 148.200032 -4.10543564833616 profile2
774 148.204884 -4.08588690257243 profile2
775 148.213021 -4.07454078034607 profile2
776 148.213171 -4.10893360540308 profile2
777 148.213321 -4.14570590027141 profile2
778 148.326473 -4.17221947528539 profile2
779 148.333368 -4.09382633146513 profile2
780 148.340263 -4.03533912747565 profile2
781 148.347157 -3.98417881251703 profile2
782 148.354052 -3.94513368581713 profile2
783 148.362946 -3.90990514737449 profile2
784 148.380016 -3.88550315243468 profile2
785 148.403283 -3.8861074039517 profile2
786 148.42655 -3.89859037370947 profile2
787 148.430037 -3.90420950009025 profile2
788 148.4319 -3.90984383286373 profile2
789 148.433763 -3.9154842079947 profile2
790 148.435626 -4.08941756352968 profile2
791 148.437489 -4.31227131628965 profile2
792 148.439352 -4.3898242485517 profile2
793 148.441214 -4.41489616787938 profile2
794 148.443077 -4.44039198938296 profile2
795 148.44494 -4.46574420053283 profile2
796 148.446803 -4.49057107873119 profile2
797 148.453459 -4.51127217239601 profile2
798 148.477993 -4.52863689483623 profile2
799 148.493526 -4.56921800899882 profile2
800 148.493644 -4.61363198284005 profile2
801 148.493762 -4.65934014848725 profile2
802 148.502187 -4.82962133781708 profile2
803 148.624196 -4.88389115715243 profile2
804 148.648833 -5.09945052552312 profile2
805 148.673469 -5.40837107540227 profile2
806 148.812084 -5.12884084842346 profile2
807 148.815025 -5.13228429971725 profile2
