marker_position lod trace
1 40.751751 -13.8666315082898 pleio
2 40.852649 -12.5181684106267 pleio
3 40.963726 -12.156873497844 pleio
4 41.071368 -12.1636176092093 pleio
5 41.130258 -12.1608868344687 pleio
6 41.189147 -12.1583339846063 pleio
7 41.248037 -12.155954438399 pleio
8 41.306927 -12.153531160786 pleio
9 41.376781 -12.1467129453094 pleio
10 41.466542 -12.1351788739744 pleio
11 41.467199 -12.1265817419003 pleio
12 41.467856 -12.1230733637904 pleio
13 41.535355 -12.0159860222665 pleio
14 41.812857 -9.08224747220809 pleio
15 42.090359 -9.07667765668418 pleio
16 42.192627 -9.0622103491317 pleio
17 42.292082 -9.07455785802985 pleio
18 42.391537 -9.05919387109117 pleio
19 42.490992 -9.00672691452736 pleio
20 42.590447 -8.99304150690915 pleio
21 42.689901 -8.98479854399792 pleio
22 42.789356 -8.97688961364962 pleio
23 42.929723 -8.9690902865356 pleio
24 43.030511 -8.88832926594651 pleio
25 43.09059 -8.76671957350166 pleio
26 43.150669 -8.66396664653556 pleio
27 43.210748 -8.58207894056789 pleio
28 43.265979 -8.52110788689017 pleio
29 43.296031 -8.47406418040566 pleio
30 43.336485 -7.9973481281322 pleio
31 43.376939 -7.98670298003442 pleio
32 43.399199 -5.68846772729661 pleio
33 43.400566 -4.50607830853965 pleio
34 43.401932 -4.06220494603009 pleio
35 43.416832 -4.30421514280643 pleio
36 43.545216 -5.02568505742352 pleio
37 43.659927 -5.01789849385897 pleio
38 43.662301 -4.99842160113096 pleio
39 43.664677 -4.9799620086242 pleio
40 43.66789 -4.93811711640968 pleio
41 43.746502 -4.02064524231674 pleio
42 43.811623 -3.77510943805896 pleio
43 43.828159 -3.74522175355984 pleio
44 43.836311 -3.71733447839794 pleio
45 43.838406 -3.66351497963231 pleio
46 43.840501 -3.49799735636168 pleio
47 43.844466 -3.36140621153879 pleio
48 43.861003 -3.26661511714112 pleio
49 43.901546 -3.22066136555204 pleio
50 43.980158 -3.21645737661793 pleio
51 44.020771 -3.35860340925083 pleio
52 44.053303 -3.36766050941355 pleio
53 44.085836 -3.30261656777437 pleio
54 44.138903 -3.33131548377894 pleio
55 44.294495 -3.13076971920463 pleio
56 44.317834 -3.1495247262295 pleio
57 44.341174 -3.2059774682509 pleio
58 44.364954 -3.25466682621175 pleio
59 44.431929 -1.75560432310393 pleio
60 44.438774 -1.51141414534632 pleio
61 44.445619 -1.38570663983748 pleio
62 44.482294 -1.04106657189571 pleio
63 44.551043 -0.750436579756624 pleio
64 44.564207 -0.683826722334699 pleio
65 44.568298 -0.652520534721524 pleio
66 44.572388 -0.653674935769789 pleio
67 44.576479 -0.690930938218479 pleio
68 44.58057 -0.758415747096026 pleio
69 44.584661 -0.841001428026 pleio
70 44.588908 -0.939482395460306 pleio
71 44.596324 -1.07467600179223 pleio
72 44.603741 -1.28084419075708 pleio
73 44.608283 -1.55359723905683 pleio
74 44.609389 -1.87080640238076 pleio
75 44.610566 -2.22964087709312 pleio
76 44.612126 -2.62682200959021 pleio
77 44.618941 -3.05872268313695 pleio
78 44.625756 -3.52147376241671 pleio
79 44.632571 -3.9224143045624 pleio
80 44.721343 -4.16809551497325 pleio
81 44.725576 -4.3176446975138 pleio
82 44.729808 -4.49817215087688 pleio
83 44.761322 -4.6439089396282 pleio
84 44.780832 -4.64224970565737 pleio
85 44.800342 -4.09200858985444 pleio
86 44.819852 -3.53241120600559 pleio
87 44.838742 -3.4723316883214 pleio
88 44.856652 -3.26218032911534 pleio
89 44.867332 -3.07224573231451 pleio
90 44.874623 -2.90792310356479 pleio
91 44.881915 -2.77057515231303 pleio
92 44.889206 -2.66131757843175 pleio
93 44.896497 -2.48181731572387 pleio
94 44.940291 -1.68032203989405 pleio
95 44.995858 -1.29133927856893 pleio
96 45.051425 -0.953864304785104 pleio
97 45.101619 -0.653777082364139 pleio
98 45.106404 -0.39257663924813 pleio
99 45.111189 -0.182890848047808 pleio
100 45.144068 -0.0357450551271581 pleio
101 45.165 -0.0105252180002551 pleio
102 45.174292 0 pleio
103 45.183584 -0.00537824582379252 pleio
104 45.206863 -0.020944781888706 pleio
105 45.270542 -0.521102162784606 pleio
106 45.33422 -1.01654259929969 pleio
107 45.420117 -1.35418079950579 pleio
108 45.434499 -1.08928534911251 pleio
109 45.438006 -0.942872630960334 pleio
110 45.441513 -0.929538676192171 pleio
111 45.445019 -0.974352703996693 pleio
112 45.448526 -1.02449510570376 pleio
113 45.452033 -1.07983507969029 pleio
114 45.455539 -0.890208682343348 pleio
115 45.458985 -1.10068054476488 pleio
116 45.460636 -1.26778778952938 pleio
117 45.462287 -1.34150359022416 pleio
118 45.463938 -1.38383876861785 pleio
119 45.465589 -1.40922180389849 pleio
120 45.46724 -1.43563143933992 pleio
121 45.470001 -1.46303819685598 pleio
122 45.474942 -1.49141041722765 pleio
123 45.479882 -1.5207201899799 pleio
124 45.484823 -1.550935293396 pleio
125 45.489764 -1.58202397006052 pleio
126 45.494704 -1.6139531013426 pleio
127 45.499645 -1.63197801823814 pleio
128 45.504585 -1.54814627329298 pleio
129 45.622192 -1.24533908527009 pleio
130 45.689416 -1.86139322611211 pleio
131 45.705169 -1.89100294000001 pleio
132 45.720922 -2.04635740078852 pleio
133 46.0005425 -2.62085827652001 pleio
134 46.280163 -4.75609750162851 pleio
135 46.288948 -5.96749342150775 pleio
136 46.297732 -6.29570382234681 pleio
137 46.306516 -6.34105344037251 pleio
138 46.315301 -6.39034686105629 pleio
139 46.32335 -6.41340200718348 pleio
140 46.326762 -6.5971749024001 pleio
141 46.330173 -7.05604199456875 pleio
142 46.333584 -7.51962182014194 pleio
143 46.336995 -7.72894711087694 pleio
144 46.341532 -7.99525225524515 pleio
145 46.350316 -8.31214427649331 pleio
146 46.358463 -8.57405717560033 pleio
147 46.360127 -8.58208946669416 pleio
148 46.36179 -8.5978551308025 pleio
149 46.363103 -8.62133304159176 pleio
150 46.364052 -8.65248678466908 pleio
151 46.364976 -8.69126672526142 pleio
152 46.365522 -8.73761013325027 pleio
153 46.366069 -8.79144137075232 pleio
154 46.366615 -8.85267398518925 pleio
155 46.367161 -8.921204263793 pleio
156 46.367707 -8.9969202319119 pleio
157 46.368253 -9.07969828389822 pleio
158 46.368799 -9.1474261081319 pleio
159 46.485003 -10.8715725399725 pleio
160 46.557864 -10.753447615747 pleio
161 46.610522 -10.7922660915152 pleio
162 46.616448 -10.7923914331888 pleio
163 46.622375 -10.7930933151402 pleio
164 46.628301 -10.7943790406561 pleio
165 46.687297 -10.7962533180545 pleio
166 46.730117 -10.8285913893634 pleio
167 46.732363 -10.9456548336782 pleio
168 46.73461 -11.1070360585495 pleio
169 46.736857 -11.3122066920488 pleio
170 46.739103 -11.5600227503869 pleio
171 46.74135 -11.8109255248596 pleio
172 46.750658 -11.8171137299075 pleio
173 46.815826 -11.8005632560405 pleio
174 46.828517 -11.7929793149222 pleio
175 46.833526 -11.9033062284641 pleio
176 46.838536 -11.8722323950257 pleio
177 46.843545 -11.8497691266549 pleio
178 46.848554 -11.8355894995264 pleio
179 46.853564 -11.8291296294274 pleio
180 46.921126 -11.8286012048114 pleio
181 47.021298 -11.8543488595596 pleio
182 47.023709 -11.8677685177274 pleio
183 47.02612 -11.9514510817513 pleio
184 47.035721 -11.9580645452387 pleio
185 47.160161 -11.8870993704822 pleio
186 47.295389 -11.9667432461084 pleio
187 47.430616 -11.9393552717148 pleio
188 47.565843 -11.9338427255773 pleio
189 47.70107 -11.9386833571902 pleio
190 47.836298 -12.1690713452648 pleio
191 47.971525 -12.442488925484 pleio
192 48.106752 -12.4408518365255 pleio
193 48.24198 -12.4350233982954 pleio
194 48.377207 -12.4280197426652 pleio
195 48.474506 -12.4217023326558 pleio
196 48.553159 -12.4161140171977 pleio
197 48.631813 -12.4106132832946 pleio
198 48.717003 -12.4053518232313 pleio
199 48.805261 -12.8362210343613 pleio
200 48.89352 -13.44049214703 pleio
201 48.982344 -14.0581848065216 pleio
202 49.13026 -14.6610701585832 pleio
203 49.161395 -14.8216118622954 pleio
204 49.168603 -14.8121241844725 pleio
205 49.175812 -14.7740345870295 pleio
206 49.276939 -14.9110503688479 pleio
207 49.413086 -16.4896699859115 pleio
208 49.549232 -16.9369339832318 pleio
209 49.611939 -17.1174427019838 pleio
210 49.614662 -17.4762751925414 pleio
211 49.617384 -17.8494558767094 pleio
212 49.620107 -17.8311576447782 pleio
213 49.62283 -17.8198507593687 pleio
214 49.625553 -17.8155834840775 pleio
215 49.628276 -17.8183586061037 pleio
216 49.638989 -17.8454531383922 pleio
217 49.65723 -17.9049070694041 pleio
218 49.660035 -17.9764112999816 pleio
219 49.66284 -18.0527651794187 pleio
220 49.665644 -18.1337460787041 pleio
221 49.668449 -18.2191258473455 pleio
222 49.671254 -18.3086746964027 pleio
223 49.674058 -18.4021648194251 pleio
224 49.695383 -18.4992825802746 pleio
225 49.798204 -18.5154031627457 pleio
226 49.807433 -18.5222589110697 pleio
227 49.816662 -18.5281417998428 pleio
228 49.911484 -19.7835004874806 pleio
229 50.08976 -22.0071711325025 pleio
230 50.121095 -22.0079210772886 pleio
231 50.152431 -22.0094521500615 pleio
232 50.173971 -22.0124257613077 pleio
233 50.177001 -22.0155159580197 pleio
234 50.180031 -22.8128801132904 pleio
235 50.183061 -23.350226844712 pleio
236 50.18609 -23.4517016278757 pleio
237 50.18912 -23.5615620486483 pleio
238 50.19215 -23.630687795907 pleio
239 50.295327 -23.2729727653547 pleio
240 50.302108 -23.2727586800913 pleio
241 50.308889 -23.2741797380151 pleio
242 50.311001 -23.277308114868 pleio
243 40.751751 -3.13089224942322 profile1
244 40.852649 -1.99367879446524 profile1
245 40.963726 -1.9231528396189 profile1
246 41.071368 -1.93173140744304 profile1
247 41.130258 -1.93524161200054 profile1
248 41.189147 -1.93904958593636 profile1
249 41.248037 -1.94315209163813 profile1
250 41.306927 -1.94730510740925 profile1
251 41.376781 -1.94718990128701 profile1
252 41.466542 -1.94451168841036 profile1
253 41.467199 -1.94359649392826 profile1
254 41.467856 -1.94805463405341 profile1
255 41.535355 -1.92910087059951 profile1
256 41.812857 -0.425692562455102 profile1
257 42.090359 -0.428068041124366 profile1
258 42.192627 -0.425909819367132 profile1
259 42.292082 -0.434571820917293 profile1
260 42.391537 -0.43247064930113 profile1
261 42.490992 -0.414913072851751 profile1
262 42.590447 -0.412971086813668 profile1
263 42.689901 -0.413717465488359 profile1
264 42.789356 -0.415104989796843 profile1
265 42.929723 -0.416971109420041 profile1
266 43.030511 -0.411815254566135 profile1
267 43.09059 -0.407560222274184 profile1
268 43.150669 -0.411991743131603 profile1
269 43.210748 -0.425108839907735 profile1
270 43.265979 -0.446856465048273 profile1
271 43.296031 -0.471852257590548 profile1
272 43.336485 -0.506275273750365 profile1
273 43.376939 -0.523067705133402 profile1
274 43.399199 0.790039728900284 profile1
275 43.400566 1.8086559265879 profile1
276 43.401932 2.13038750968606 profile1
277 43.416832 2.30723751663764 profile1
278 43.545216 2.36514497471699 profile1
279 43.659927 2.36668627369014 profile1
280 43.662301 2.38139729448602 profile1
281 43.664677 2.39513779318914 profile1
282 43.66789 2.40887923530736 profile1
283 43.746502 3.42256586795534 profile1
284 43.811623 3.68778629306731 profile1
285 43.828159 3.67894582842041 profile1
286 43.836311 3.66856228604145 profile1
287 43.838406 3.69176459558422 profile1
288 43.840501 3.84887912440425 profile1
289 43.844466 3.9592109982931 profile1
290 43.861003 4.01005275299515 profile1
291 43.901546 4.00315239930997 profile1
292 43.980158 3.96070682348542 profile1
293 44.020771 3.78631665528698 profile1
294 44.053303 3.71455070268591 profile1
295 44.085836 3.69418597103459 profile1
296 44.138903 3.66617780958397 profile1
297 44.294495 3.8139130169439 profile1
298 44.317834 3.81773970778508 profile1
299 44.341174 3.76728949124178 profile1
300 44.364954 3.69999104043479 profile1
301 44.431929 4.30056919798297 profile1
302 44.438774 4.38880420882647 profile1
303 44.445619 4.42802830099929 profile1
304 44.482294 4.81618441389313 profile1
305 44.551043 5.16798144430675 profile1
306 44.564207 5.10848713781741 profile1
307 44.568298 5.01682870995134 profile1
308 44.572388 4.89759547241765 profile1
309 44.576479 4.74584993677253 profile1
310 44.58057 4.57001526212793 profile1
311 44.584661 4.36550032444468 profile1
312 44.588908 4.1459628617307 profile1
313 44.596324 3.91106628613094 profile1
314 44.603741 3.61078235745227 profile1
315 44.608283 3.25186372569199 profile1
316 44.609389 2.86427164587353 profile1
317 44.610566 2.45138020943193 profile1
318 44.612126 2.01689876313079 profile1
319 44.618941 1.56475694309469 profile1
320 44.625756 1.09898518897752 profile1
321 44.632571 0.667867379535803 profile1
322 44.721343 0.401041405948523 profile1
323 44.725576 0.222274513517083 profile1
324 44.729808 0.0134557696021964 profile1
325 44.761322 -0.148511570129514 profile1
326 44.780832 -0.140439335296262 profile1
327 44.800342 0.0645019265257293 profile1
328 44.819852 0.163733243321805 profile1
329 44.838742 0.161610418872008 profile1
330 44.856652 0.137793622773485 profile1
331 44.867332 0.109363497912308 profile1
332 44.874623 0.076212017162753 profile1
333 44.881915 0.0384230317838797 profile1
334 44.889206 -0.00390949315467555 profile1
335 44.896497 0.0101719702270775 profile1
336 44.940291 0.822607106016649 profile1
337 44.995858 0.785082583073078 profile1
338 45.051425 0.736887681922649 profile1
339 45.101619 0.688040640463383 profile1
340 45.106404 0.641387513687043 profile1
341 45.111189 0.586742645253585 profile1
342 45.144068 0.517993679654626 profile1
343 45.165 0.49049881904038 profile1
344 45.174292 0.459265954740234 profile1
345 45.183584 0.423079125828435 profile1
346 45.206863 0.391245265646458 profile1
347 45.270542 0.160017417929988 profile1
348 45.33422 -0.262079612636963 profile1
349 45.420117 -0.545382014038636 profile1
350 45.434499 -0.458911912109122 profile1
351 45.438006 -0.406209492521067 profile1
352 45.441513 -0.406940842133591 profile1
353 45.445019 -0.448966977915714 profile1
354 45.448526 -0.496167568317385 profile1
355 45.452033 -0.548420488530359 profile1
356 45.455539 -0.29743737468634 profile1
357 45.458985 -0.540436334566125 profile1
358 45.460636 -0.727132754425421 profile1
359 45.462287 -0.797123921005231 profile1
360 45.463938 -0.841272001469224 profile1
361 45.465589 -0.871485976742595 profile1
362 45.46724 -0.902770816730613 profile1
363 45.470001 -0.935092550670072 profile1
364 45.474942 -0.968414692889301 profile1
365 45.479882 -1.00269805206667 profile1
366 45.484823 -1.03790132144217 profile1
367 45.489764 -1.07398099139072 profile1
368 45.494704 -1.11089164263432 profile1
369 45.499645 -1.1510650929847 profile1
370 45.504585 -1.18427378344205 profile1
371 45.622192 -1.24533908527009 profile1
372 45.689416 -1.40257973219746 profile1
373 45.705169 -1.41009904460691 profile1
374 45.720922 -1.40500731357253 profile1
375 46.0005425 -2.27876931665643 profile1
376 46.280163 -3.58893853247821 profile1
377 46.288948 -4.73313706183269 profile1
378 46.297732 -5.00289161559313 profile1
379 46.306516 -4.96855697299554 profile1
380 46.315301 -4.93457445154214 profile1
381 46.32335 -5.01095627827985 profile1
382 46.326762 -5.30810074256875 profile1
383 46.330173 -5.70867351346535 profile1
384 46.333584 -6.02918283971759 profile1
385 46.336995 -6.16529888979878 profile1
386 46.341532 -6.31865888737965 profile1
387 46.350316 -6.48447510738486 profile1
388 46.358463 -6.60871188965786 profile1
389 46.360127 -6.59969283528544 profile1
390 46.36179 -6.59456632468964 profile1
391 46.363103 -6.59331685084388 profile1
392 46.364052 -6.59592023504074 profile1
393 46.364976 -6.6023436490878 profile1
394 46.365522 -6.61254572656487 profile1
395 46.366069 -6.62647672396796 profile1
396 46.366615 -6.64407871750975 profile1
397 46.367161 -6.66528599792462 profile1
398 46.367707 -6.6900249731958 profile1
399 46.368253 -6.71821503342855 profile1
400 46.368799 -6.75013154536678 profile1
401 46.485003 -8.33226206014133 profile1
402 46.557864 -8.54669456098631 profile1
403 46.610522 -8.60247325704054 profile1
404 46.616448 -8.59187089177071 profile1
405 46.622375 -8.58092175443788 profile1
406 46.628301 -8.56965217337493 profile1
407 46.687297 -8.55809144913422 profile1
408 46.730117 -8.56804589127113 profile1
409 46.732363 -8.62271107285863 profile1
410 46.73461 -8.68456289895449 profile1
411 46.736857 -8.75341024418608 profile1
412 46.739103 -8.8288054464408 profile1
413 46.74135 -8.89792678035851 profile1
414 46.750658 -8.88451870434939 profile1
415 46.815826 -8.85590116924509 profile1
416 46.828517 -8.8511024772763 profile1
417 46.833526 -8.85183759676151 profile1
418 46.838536 -8.83140273994825 profile1
419 46.843545 -8.81632010758088 profile1
420 46.848554 -8.80613735289758 profile1
421 46.853564 -8.80019666164786 profile1
422 46.921126 -8.79724253286983 profile1
423 47.021298 -8.91394467841427 profile1
424 47.023709 -8.89740350315399 profile1
425 47.02612 -8.88855427724571 profile1
426 47.035721 -8.894767561919 profile1
427 47.160161 -8.92196121083793 profile1
428 47.295389 -8.95625804148548 profile1
429 47.430616 -8.96959347725775 profile1
430 47.565843 -8.97052685516724 profile1
431 47.70107 -8.95387611677907 profile1
432 47.836298 -9.05717831826937 profile1
433 47.971525 -9.22023846180239 profile1
434 48.106752 -9.21841185517977 profile1
435 48.24198 -9.2147461931577 profile1
436 48.377207 -9.21010958220564 profile1
437 48.474506 -9.2058303248752 profile1
438 48.553159 -9.20193985596113 profile1
439 48.631813 -9.19804772221267 profile1
440 48.717003 -9.19427171356075 profile1
441 48.805261 -9.33022650099563 profile1
442 48.89352 -9.5683567562784 profile1
443 48.982344 -9.83472856567576 profile1
444 49.13026 -10.0273911928385 profile1
445 49.161395 -10.2012518737146 profile1
446 49.168603 -10.1892433439852 profile1
447 49.175812 -10.1507811615615 profile1
448 49.276939 -10.1857669548732 profile1
449 49.413086 -10.2808517440102 profile1
450 49.549232 -9.70508059117723 profile1
451 49.611939 -9.82369347920014 profile1
452 49.614662 -10.0488314721014 profile1
453 49.617384 -10.2792808054686 profile1
454 49.620107 -10.3180728701062 profile1
455 49.62283 -10.357284546606 profile1
456 49.625553 -10.3967586967551 profile1
457 49.628276 -10.4363235977763 profile1
458 49.638989 -10.4802408693874 profile1
459 49.65723 -10.5188959287462 profile1
460 49.660035 -10.5596150863857 profile1
461 49.66284 -10.5999154058384 profile1
462 49.665644 -10.639594390513 profile1
463 49.668449 -10.678463219986 profile1
464 49.671254 -10.7163501575699 profile1
465 49.674058 -10.7531034069838 profile1
466 49.695383 -10.7884514029855 profile1
467 49.798204 -10.7947216701687 profile1
468 49.807433 -10.793917265878 profile1
469 49.816662 -10.7933293339973 profile1
470 49.911484 -11.0031580703979 profile1
471 50.08976 -11.5468021870084 profile1
472 50.121095 -11.5414477670585 profile1
473 50.152431 -11.5360872138643 profile1
474 50.173971 -11.5313874544491 profile1
475 50.177001 -11.5265725975373 profile1
476 50.180031 -12.4631685096337 profile1
477 50.183061 -13.0733809524739 profile1
478 50.18609 -13.190322003137 profile1
479 50.18912 -13.3144923002056 profile1
480 50.19215 -13.4125118485393 profile1
481 50.295327 -13.7347418796364 profile1
482 50.302108 -13.730602865184 profile1
483 50.308889 -13.7276710183005 profile1
484 50.311001 -13.7260040424633 profile1
485 40.751751 -7.44361906385762 profile2
486 40.852649 -7.2347014626285 profile2
487 40.963726 -6.88233829783138 profile2
488 41.071368 -6.88351843951667 profile2
489 41.130258 -6.88049295598718 profile2
490 41.189147 -6.87735824518687 profile2
491 41.248037 -6.87410983344721 profile2
492 41.306927 -6.87076922738699 profile2
493 41.376781 -6.86710219094101 profile2
494 41.466542 -6.86048481697531 profile2
495 41.467199 -6.85501173988146 profile2
496 41.467856 -6.84975177088914 profile2
497 41.535355 -6.75109860092679 profile2
498 41.812857 -5.05186048802556 profile2
499 42.090359 -5.04532337507462 profile2
500 42.192627 -5.03618794455051 profile2
501 42.292082 -5.0436108954096 profile2
502 42.391537 -5.0347024887263 profile2
503 42.490992 -5.00480848443504 profile2
504 42.590447 -4.99714013149012 profile2
505 42.689901 -4.9922918912336 profile2
506 42.789356 -4.98725224109481 profile2
507 42.929723 -4.98187867037995 profile2
508 43.030511 -4.89480347977818 profile2
509 43.09059 -4.75711424681406 profile2
510 43.150669 -4.63348794950667 profile2
511 43.210748 -4.52639078261084 profile2
512 43.265979 -4.43597535008571 profile2
513 43.296031 -4.36024941029729 profile2
514 43.336485 -3.7107807969799 profile2
515 43.376939 -3.68719233624374 profile2
516 43.399199 -2.54721531521994 profile2
517 43.400566 -2.24337136629473 profile2
518 43.401932 -1.86313316478387 profile2
519 43.416832 -2.10913152830347 profile2
520 43.545216 -2.85500836488001 profile2
521 43.659927 -2.85156797428722 profile2
522 43.662301 -2.84802957281578 profile2
523 43.664677 -2.84455799054343 profile2
524 43.66789 -2.82101687467174 profile2
525 43.746502 -2.77663747427497 profile2
526 43.811623 -2.76808314304761 profile2
527 43.828159 -2.731605562335 profile2
528 43.836311 -2.69526884615907 profile2
529 43.838406 -2.6622325563876 profile2
530 43.840501 -2.63473823179511 profile2
531 43.844466 -2.59332415765861 profile2
532 43.861003 -2.54021724918735 profile2
533 43.901546 -2.4846456363593 profile2
534 43.980158 -2.44849205292072 profile2
535 44.020771 -2.42570679481266 profile2
536 44.053303 -2.35977847102083 profile2
537 44.085836 -2.26766246493475 profile2
538 44.138903 -2.26612094777285 profile2
539 44.294495 -2.16161257640916 profile2
540 44.317834 -2.18292339935425 profile2
541 44.341174 -2.1979488869846 profile2
542 44.364954 -2.18982905016209 profile2
543 44.431929 -0.974992082548376 profile2
544 44.438774 -0.776416206707176 profile2
545 44.445619 -0.668735786614382 profile2
546 44.482294 -0.682677837786009 profile2
547 44.551043 -0.750436579756624 profile2
548 44.564207 -0.609693662890352 profile2
549 44.568298 -0.474550495628047 profile2
550 44.572388 -0.346683175644933 profile2
551 44.576479 -0.225097830622265 profile2
552 44.58057 -0.112144222890091 profile2
553 44.584661 0.0147952857839962 profile2
554 44.588908 0.140975551015009 profile2
555 44.596324 0.240743099257681 profile2
556 44.603741 0.327923913306518 profile2
557 44.608283 0.400388977322253 profile2
558 44.609389 0.451403552944659 profile2
559 44.610566 0.480663016239364 profile2
560 44.612126 0.488050791630645 profile2
561 44.618941 0.473641414084323 profile2
562 44.625756 0.437699052506 profile2
563 44.632571 0.443075363669602 profile2
564 44.721343 0.457449528368426 profile2
565 44.725576 0.496315958027333 profile2
566 44.729808 0.530139938145486 profile2
567 44.761322 0.549845059785414 profile2
568 44.780832 0.549887976868099 profile2
569 44.800342 0.907487285054023 profile2
570 44.819852 1.32217409749133 profile2
571 44.838742 1.3808815265506 profile2
572 44.856652 1.61418607966089 profile2
573 44.867332 1.83150236645532 profile2
574 44.874623 2.02747308045146 profile2
575 44.881915 2.20053623116486 profile2
576 44.889206 2.34937607104589 profile2
577 44.896497 2.53197920671935 profile2
578 44.940291 2.64151277934078 profile2
579 44.995858 3.10777909749304 profile2
580 45.051425 3.52224009720036 profile2
581 45.101619 3.89231679141822 profile2
582 45.106404 4.21451064553557 profile2
583 45.111189 4.48424452547453 profile2
584 45.144068 4.69599281678017 profile2
585 45.165 4.74810186968462 profile2
586 45.174292 4.78487985845852 profile2
587 45.183584 4.8064674853849 profile2
588 45.206863 4.81317272610823 profile2
589 45.270542 4.44999587054735 profile2
590 45.33422 4.36780048875374 profile2
591 45.420117 4.26035817728198 profile2
592 45.434499 4.5009258463587 profile2
593 45.438006 4.63151150497705 profile2
594 45.441513 4.65596111017382 profile2
595 45.445019 4.65446077647424 profile2
596 45.448526 4.65209465222236 profile2
597 45.452033 4.64888403900213 profile2
598 45.455539 4.57316514709118 profile2
599 45.458985 4.61330815438653 profile2
600 45.460636 4.63542846347444 profile2
601 45.462287 4.62917347297776 profile2
602 45.463938 4.62991470517295 profile2
603 45.465589 4.63453372075685 profile2
604 45.46724 4.6391105624511 profile2
605 45.470001 4.64363979788756 profile2
606 45.474942 4.64811593286221 profile2
607 45.479882 4.65252752538133 profile2
608 45.484823 4.65686552618358 profile2
609 45.489764 4.66111859922863 profile2
610 45.494704 4.66527516413044 profile2
611 45.499645 4.68670474853852 profile2
612 45.504585 4.79961769922706 profile2
613 45.622192 5.16798144430675 profile2
614 45.689416 4.70763360115475 profile2
615 45.705169 4.68158231054222 profile2
616 45.720922 4.52923903693572 profile2
617 46.0005425 4.72466107634926 profile2
618 46.280163 3.31802935550372 profile2
619 46.288948 3.03470971254767 profile2
620 46.297732 2.93790090924776 profile2
621 46.306516 2.85583027517766 profile2
622 46.315301 2.76940582844667 profile2
623 46.32335 2.79389989423154 profile2
624 46.326762 2.79107922269214 profile2
625 46.330173 2.53657500238985 profile2
626 46.333584 2.209960549722 profile2
627 46.336995 2.03462989150347 profile2
628 46.341532 1.80797317834294 profile2
629 46.350316 1.53405946972224 profile2
630 46.358463 1.29813203938485 profile2
631 46.360127 1.26475134863532 profile2
632 46.36179 1.22653746275625 profile2
633 46.363103 1.18352104191692 profile2
634 46.364052 1.1357420030274 profile2
635 46.364976 1.08324716869303 profile2
636 46.365522 1.02609013197144 profile2
637 46.366069 0.964331094289401 profile2
638 46.366615 0.898034774465155 profile2
639 46.367161 0.827277038153438 profile2
640 46.367707 0.752136283235516 profile2
641 46.368253 0.672696296553693 profile2
642 46.368799 0.614145757421835 profile2
643 46.485003 0.280117127140273 profile2
644 46.557864 0.532163887612771 profile2
645 46.610522 0.513530408366337 profile2
646 46.616448 0.500061614516175 profile2
647 46.622375 0.485727520130751 profile2
648 46.628301 0.470556811005359 profile2
649 46.687297 0.454583786037607 profile2
650 46.730117 0.421178490445545 profile2
651 46.732363 0.327931166384473 profile2
652 46.73461 0.191295619150308 profile2
653 46.736857 0.0118999638929456 profile2
654 46.739103 -0.209212805216277 profile2
655 46.74135 -0.43804566130253 profile2
656 46.750658 -0.459449137218096 profile2
657 46.815826 -0.4729778513646 profile2
658 46.828517 -0.506415122341795 profile2
659 46.833526 -0.651167569840441 profile2
660 46.838536 -0.649670146848719 profile2
661 46.843545 -0.65232072303477 profile2
662 46.848554 -0.659107584775351 profile2
663 46.853564 -0.669971024343223 profile2
664 46.921126 -0.684249898285094 profile2
665 47.021298 -0.582968871266307 profile2
666 47.023709 -0.596872878311171 profile2
667 47.02612 -0.68459371625501 profile2
668 47.035721 -0.671052827386713 profile2
669 47.160161 -0.584604012475513 profile2
670 47.295389 -0.647218930607953 profile2
671 47.430616 -0.602163913163159 profile2
672 47.565843 -0.59515984666977 profile2
673 47.70107 -0.615723467140394 profile2
674 47.836298 -0.79222284304177 profile2
675 47.971525 -0.955824114512056 profile2
676 48.106752 -0.955240324978287 profile2
677 48.24198 -0.951618533134331 profile2
678 48.377207 -0.947875969121981 profile2
679 48.474506 -0.944452839041237 profile2
680 48.553159 -0.941373019130586 profile2
681 48.631813 -0.938397680835887 profile2
682 48.717003 -0.935558174991643 profile2
683 48.805261 -1.25973838760475 profile2
684 48.89352 -1.6787592438307 profile2
685 48.982344 -2.1123453647058 profile2
686 49.13026 -2.57420172817685 profile2
687 49.161395 -2.56716572017363 profile2
688 49.168603 -2.5643190481577 profile2
689 49.175812 -2.5607633077124 profile2
690 49.276939 -2.65446293646029 profile2
691 49.413086 -4.34545844504122 profile2
692 49.549232 -5.47252809270362 profile2
693 49.611939 -5.5588440286125 profile2
694 49.614662 -5.72757237260675 profile2
695 49.617384 -5.90343659233633 profile2
696 49.620107 -5.85717579073274 profile2
697 49.62283 -5.81701606796137 profile2
698 49.625553 -5.78313540449265 profile2
699 49.628276 -5.75568174462977 profile2
700 49.638989 -5.7439470882018 profile2
701 49.65723 -5.76198401142713 profile2
702 49.660035 -5.79132322480012 profile2
703 49.66284 -5.82582760020732 profile2
704 49.665644 -5.8654977772473 profile2
705 49.668449 -5.91032008266283 profile2
706 49.671254 -5.96026648228753 profile2
707 49.674058 -6.0152946769734 profile2
708 49.695383 -6.07536249371161 profile2
709 49.798204 -6.08411630822425 profile2
710 49.807433 -6.09022441508862 profile2
711 49.816662 -6.09564471304052 profile2
712 49.911484 -7.37653983294846 profile2
713 50.08976 -9.37788997787918 profile2
714 50.121095 -9.3839091576239 profile2
715 50.152431 -9.39085121535277 profile2
716 50.173971 -9.3987388302224 profile2
717 50.177001 -9.40701486836891 profile2
718 50.180031 -9.32918925510768 profile2
719 50.183061 -9.29386488719672 profile2
720 50.18609 -9.29037934933853 profile2
721 50.18912 -9.28787147286355 profile2
722 50.19215 -9.27411204516513 profile2
723 50.295327 -8.66675714805665 profile2
724 50.302108 -8.67199229408179 profile2
725 50.308889 -8.67736648124898 profile2
726 50.311001 -8.6828932251537 profile2
