marker_position lod trace
1 162.797792 -20.3063915141234 pleio
2 162.802465 -20.1304110259015 pleio
3 162.807137 -19.9476903159204 pleio
4 162.891193 -19.9114534890434 pleio
5 162.899169 -20.4894017675206 pleio
6 162.907146 -21.2486743015177 pleio
7 162.915122 -21.5835927660918 pleio
8 162.923098 -21.4456854166794 pleio
9 162.931074 -21.3110951868942 pleio
10 162.93905 -21.179239760293 pleio
11 162.97044 -21.2216004794337 pleio
12 162.976744 -21.2215478408761 pleio
13 162.983048 -21.2126595041313 pleio
14 162.989352 -20.7558053444071 pleio
15 162.995537 -20.2744704047781 pleio
16 162.997832 -19.5685601243379 pleio
17 163.00011 -19.4393701777736 pleio
18 163.002388 -19.3974731549687 pleio
19 163.004665 -19.3550632733644 pleio
20 163.006943 -19.312184022193 pleio
21 163.009221 -19.2688830810007 pleio
22 163.011499 -19.2252121214469 pleio
23 163.013777 -19.181227652526 pleio
24 163.016054 -19.1360590158425 pleio
25 163.018332 -19.0894815995516 pleio
26 163.02061 -19.0428096010605 pleio
27 163.022888 -18.9961157358659 pleio
28 163.025166 -18.9499324983593 pleio
29 163.029526 -18.9044572169208 pleio
30 163.045161 -18.8654756156282 pleio
31 163.061794 -18.8219429847519 pleio
32 163.078427 -18.6216665740553 pleio
33 163.09506 -18.3914996702419 pleio
34 163.111693 -18.2541359866419 pleio
35 163.125708 -18.2123424171942 pleio
36 163.137394 -16.6851587337348 pleio
37 163.14908 -16.4522551721051 pleio
38 163.154021 -16.1757811137749 pleio
39 163.156127 -15.9292603896447 pleio
40 163.157556 -15.7147312262939 pleio
41 163.158891 -15.5331203199832 pleio
42 163.160225 -15.3842138680438 pleio
43 163.161559 -15.2667759800745 pleio
44 163.162894 -15.1787959220672 pleio
45 163.164228 -15.1178142696718 pleio
46 163.165562 -15.0812539400551 pleio
47 163.166897 -15.0667742056262 pleio
48 163.26265 -14.429017751637 pleio
49 163.413317 -13.6436870603 pleio
50 163.495816 -12.5663032947865 pleio
51 163.507977 -12.1484696195679 pleio
52 163.520139 -11.8359263932503 pleio
53 163.582672 -11.7197213510949 pleio
54 164.022416 -12.6123412237572 pleio
55 164.027702 -12.2490614804378 pleio
56 164.032987 -12.3475926959978 pleio
57 164.064248 -12.572894824131 pleio
58 164.070405 -12.5726343457781 pleio
59 164.076561 -12.572634183559 pleio
60 164.255184 -13.5977183451936 pleio
61 164.291807 -9.53899294714401 pleio
62 164.314068 -9.16321134142406 pleio
63 164.325529 -9.31649889646409 pleio
64 164.336991 -9.52395886519577 pleio
65 164.348452 -10.0452098862708 pleio
66 164.60536 -10.6532074217392 pleio
67 164.617986 -10.6855991835347 pleio
68 164.628884 -10.7687752011299 pleio
69 164.636687 -10.9213362803866 pleio
70 164.648869 -11.1053699081574 pleio
71 164.66892 -11.149298013292 pleio
72 164.758936 -11.3940460268258 pleio
73 165.053217 -6.83454292504658 pleio
74 165.121823 -6.76499321508259 pleio
75 165.132678 -6.78197324230369 pleio
76 165.143532 -5.43467391754493 pleio
77 165.154046 -5.24186363472397 pleio
78 165.15722 -5.45648480164108 pleio
79 165.160395 -5.65342658980208 pleio
80 165.163569 -5.83699054470571 pleio
81 165.195982 -6.06580138418421 pleio
82 165.223558 -6.12833852039902 pleio
83 165.251135 -6.15408882520736 pleio
84 165.276843 -6.13939302861447 pleio
85 165.283031 -6.01772134978292 pleio
86 165.290201 -5.28290006203403 pleio
87 165.297626 -1.02131096638152 pleio
88 165.445995 0 pleio
89 165.451594 -0.10895263715076 pleio
90 165.457194 -0.237520550845247 pleio
91 165.462793 -0.35509996488407 pleio
92 165.468393 -0.476980499778589 pleio
93 165.473992 -0.609720387532488 pleio
94 165.479592 -0.752699304087309 pleio
95 165.485905 -3.61275114694119 pleio
96 165.495439 -3.69329717671654 pleio
97 165.565236 -3.74861680370951 pleio
98 165.56991 -3.96185944762747 pleio
99 165.574583 -4.23628265107109 pleio
100 165.581587 -4.13459439730833 pleio
101 165.605467 -4.08389359692203 pleio
102 165.629348 -4.03864925800617 pleio
103 165.653228 -4.00027061827085 pleio
104 165.677109 -3.98035524199952 pleio
105 165.700989 -3.9731974903155 pleio
106 165.704891 -3.95494104508921 pleio
107 165.706625 -3.93764512476354 pleio
108 165.708359 -3.92137683075298 pleio
109 165.710093 -3.90619785985503 pleio
110 165.711827 -3.89216396267075 pleio
111 165.713561 -3.90283342759451 pleio
112 165.715295 -3.93921504031518 pleio
113 165.717029 -3.99753674252908 pleio
114 165.718763 -4.0773103069316 pleio
115 165.720497 -4.17720988330371 pleio
116 165.722231 -4.29517780008118 pleio
117 165.723965 -4.42721268934675 pleio
118 165.725699 -4.51979651668485 pleio
119 165.802549 -4.52835344138596 pleio
120 165.85132 -4.52928989011146 pleio
121 165.858793 -4.48639539387377 pleio
122 165.864624 -4.27339700924681 pleio
123 165.868565 -4.09916367596488 pleio
124 165.872506 -3.96714051473223 pleio
125 165.876447 -3.88003201222871 pleio
126 165.880388 -3.8396555034061 pleio
127 165.884329 -3.8875730049353 pleio
128 165.88827 -3.99266733210188 pleio
129 165.892211 -4.10945273419776 pleio
130 165.896152 -4.21828036627937 pleio
131 165.900093 -4.34085617137777 pleio
132 165.912941 -4.3978549748639 pleio
133 165.925276 -4.39283026939818 pleio
134 165.925359 -4.38843833664387 pleio
135 165.925441 -4.3855556866877 pleio
136 165.930685 -4.39146384906539 pleio
137 166.172164 -4.35981924100017 pleio
138 166.181382 -4.20984147708244 pleio
139 166.1906 -3.9732253075249 pleio
140 166.324274 -3.70113211311431 pleio
141 166.325217 -3.42244531953112 pleio
142 166.32602 -3.30403734867743 pleio
143 166.326823 -3.36824520983694 pleio
144 166.327627 -3.45296004636497 pleio
145 166.32843 -3.46952264091031 pleio
146 166.377584 -3.47034173703051 pleio
147 166.382507 -3.42122944016936 pleio
148 166.38743 -3.41210041104271 pleio
149 166.394815 -3.44310442077237 pleio
150 166.403288 -3.22232782345062 pleio
151 166.407404 -3.14602636537825 pleio
152 166.411519 -3.14138770105875 pleio
153 166.415634 -3.15643782918255 pleio
154 166.419069 -3.19128591744073 pleio
155 166.422503 -3.24600053888036 pleio
156 166.425938 -3.32059421984489 pleio
157 166.429372 -3.414992547388 pleio
158 166.432807 -3.52900137449629 pleio
159 166.439999 -3.66225509716957 pleio
160 166.448156 -3.81405143206572 pleio
161 166.475596 -3.81258595114357 pleio
162 166.491355 -3.29904228241397 pleio
163 166.507114 -3.09288270102934 pleio
164 166.522873 -3.08828520149509 pleio
165 166.537635 -3.16641319352537 pleio
166 166.55226 -3.18704864498089 pleio
167 166.566886 -3.46625477882268 pleio
168 166.581511 -3.70214005279606 pleio
169 166.592132 -3.86936904258502 pleio
170 166.599166 -4.12369319316105 pleio
171 166.606199 -4.33662747118599 pleio
172 166.613233 -4.30324121305396 pleio
173 166.62365 -4.0575649348356 pleio
174 166.754477 -4.37730356311702 pleio
175 166.783106 -4.35022059446744 pleio
176 166.802407 -4.3929648038982 pleio
177 166.805057 -4.50483959402558 pleio
178 166.807706 -4.67078061896705 pleio
179 166.811338 -4.75492953846988 pleio
180 166.839967 -4.77164409816811 pleio
181 166.951357 -5.18102323358571 pleio
182 166.992184 -5.18439460485523 pleio
183 167.033011 -5.66733589820229 pleio
184 167.073838 -6.35381657703182 pleio
185 167.142758 -6.44013623478165 pleio
186 167.274124 -6.89965496694587 pleio
187 167.282638 -6.76060522579867 pleio
188 167.286179 -6.749062011534 pleio
189 167.289719 -6.86733798741453 pleio
190 167.29326 -6.99768118845905 pleio
191 167.306473 -6.99161776238213 pleio
192 167.322761 -7.01548438583623 pleio
193 167.349466 -7.0213743838222 pleio
194 167.360748 -7.01203228129324 pleio
195 167.37203 -7.00423048853654 pleio
196 167.396998 -6.99854494370374 pleio
197 167.523201 -7.81444225720557 pleio
198 167.545144 -7.83804703599446 pleio
199 167.556235 -7.92001248663887 pleio
200 167.567326 -8.06409916034547 pleio
201 167.647654 -7.84869385820092 pleio
202 167.755373 -7.85815058650635 pleio
203 167.788738 -7.87494484144414 pleio
204 167.822104 -7.89240869712873 pleio
205 167.836721 -7.91049384790008 pleio
206 167.845502 -7.93368671947843 pleio
207 167.854284 -7.96249383986782 pleio
208 167.858563 -7.99653836867036 pleio
209 167.860327 -8.04302135973994 pleio
210 167.862092 -8.12192880460835 pleio
211 167.863857 -8.23111524426066 pleio
212 167.865622 -8.37834213546832 pleio
213 167.86764 -8.54301734928277 pleio
214 167.871511 -8.71684500683624 pleio
215 167.876871 -8.89702057852607 pleio
216 167.882232 -9.08312201602562 pleio
217 167.887593 -9.2747010387977 pleio
218 167.913375 -9.39302737274489 pleio
219 167.920966 -9.40793489815682 pleio
220 167.928557 -9.41799928711501 pleio
221 168.002821 -9.43000637846964 pleio
222 168.013929 -9.45220547844129 pleio
223 168.020304 -9.48111347236535 pleio
224 168.023961 -9.47070424249857 pleio
225 168.02735 -9.45272745735999 pleio
226 168.030739 -9.45803904909602 pleio
227 168.034128 -10.3294403224626 pleio
228 168.037518 -10.3822177045375 pleio
229 168.042103 -10.4249993896743 pleio
230 168.057523 -10.5083157951293 pleio
231 168.241031 -10.5231510124095 pleio
232 168.273712 -10.4776727165425 pleio
233 168.276509 -10.433072262652 pleio
234 168.279306 -10.3998631250918 pleio
235 168.282103 -10.3784500592479 pleio
236 168.2849 -10.3691644077813 pleio
237 168.287697 -10.3722529066468 pleio
238 168.291368 -10.4116823367019 pleio
239 168.295216 -10.4790991157603 pleio
240 168.301388 -10.5554125933221 pleio
241 168.308464 -10.3530837848741 pleio
242 168.31554 -10.2625702801531 pleio
243 168.322616 -10.3194690691749 pleio
244 168.369835 -10.3891912029436 pleio
245 168.372164 -10.3996513576678 pleio
246 168.374493 -10.4101570855071 pleio
247 168.376821 -10.4504198998328 pleio
248 162.915122 -15.0104834012809 profile1
249 162.923098 -15.0103312587008 profile1
250 162.931074 -15.0119266281803 profile1
251 162.93905 -15.0132265519013 profile1
252 162.97044 -15.1259506933867 profile1
253 162.976744 -15.1260246308782 profile1
254 162.983048 -15.1269251145988 profile1
255 164.022416 -12.5620581145704 profile1
256 164.027702 -12.0359042538217 profile1
257 164.032987 -11.9785674447089 profile1
258 164.064248 -11.9524381169556 profile1
259 164.070405 -11.9532041009519 profile1
260 164.076561 -11.9540267938355 profile1
261 164.255184 -12.2713730463795 profile1
262 164.291807 -8.01737170865702 profile1
263 164.314068 -7.63219283781378 profile1
264 164.325529 -7.64106454235653 profile1
265 164.336991 -7.61484618670276 profile1
266 164.348452 -7.47687980062605 profile1
267 164.60536 -7.46426410233052 profile1
268 164.617986 -7.53530457480898 profile1
269 164.628884 -7.62028575589187 profile1
270 164.636687 -7.72647312146779 profile1
271 164.648869 -7.83353877345043 profile1
272 164.66892 -7.84549806208688 profile1
273 164.758936 -7.88618518828048 profile1
274 165.053217 -3.64503169890042 profile1
275 165.121823 -3.64179872704329 profile1
276 165.132678 -3.63781468754267 profile1
277 165.143532 -2.25224913426849 profile1
278 165.154046 -1.74152824395871 profile1
279 165.15722 -1.73339386605619 profile1
280 165.160395 -1.72735400270701 profile1
281 165.163569 -1.74563617677687 profile1
282 165.195982 -1.75184423912796 profile1
283 165.223558 -1.75255891236655 profile1
284 165.251135 -1.75176837184928 profile1
285 165.276843 -1.71255925525901 profile1
286 165.283031 -1.55339589913195 profile1
287 165.290201 -0.810057049013461 profile1
288 162.797792 -12.6676333147304 profile1
289 162.802465 -12.7480106968718 profile1
290 162.807137 -12.8045676549631 profile1
291 162.891193 -12.9009269918021 profile1
292 162.899169 -13.7733683046012 profile1
293 162.907146 -14.6118362232842 profile1
294 162.989352 -14.6262120717182 profile1
295 162.995537 -14.4012751977384 profile1
296 162.997832 -14.0426678721634 profile1
297 163.00011 -13.9652457609468 profile1
298 163.002388 -13.9546595146163 profile1
299 163.004665 -13.9446594200168 profile1
300 163.006943 -13.9352602220917 profile1
301 163.009221 -13.9264758443157 profile1
302 163.011499 -13.9183192556728 profile1
303 163.013777 -13.9108031457894 profile1
304 163.016054 -13.903154597229 profile1
305 163.018332 -13.8951408238016 profile1
306 163.02061 -13.8878217525179 profile1
307 163.022888 -13.8812066034647 profile1
308 163.025166 -13.8755529003552 profile1
309 163.029526 -13.8709117657572 profile1
310 163.045161 -13.8694763835572 profile1
311 163.061794 -13.8636940089072 profile1
312 163.078427 -13.6947435304525 profile1
313 163.09506 -13.4775648075254 profile1
314 163.111693 -13.336503617194 profile1
315 163.125708 -13.2858107055742 profile1
316 163.137394 -13.1272880494292 profile1
317 163.14908 -13.0905661695711 profile1
318 163.154021 -12.9945528246762 profile1
319 163.156127 -12.913685235377 profile1
320 163.157556 -12.8483817760794 profile1
321 163.158891 -12.7982948655988 profile1
322 163.160225 -12.7623281259397 profile1
323 163.161559 -12.7387668886562 profile1
324 163.162894 -12.7255030877147 profile1
325 163.164228 -12.7203120482655 profile1
326 163.165562 -12.7211201992847 profile1
327 163.166897 -12.7262682246307 profile1
328 163.26265 -12.7224498162313 profile1
329 163.413317 -12.7163429942931 profile1
330 163.495816 -12.1365954986977 profile1
331 163.507977 -11.897561825076 profile1
332 163.520139 -11.6986635548262 profile1
333 163.582672 -11.7029730497647 profile1
334 165.297626 3.38832830524029 profile1
335 165.445995 4.44402706403882 profile1
336 165.451594 4.36138063140915 profile1
337 165.457194 4.2690761346686 profile1
338 165.462793 4.16408717173811 profile1
339 165.468393 4.04997398775421 profile1
340 165.473992 3.927999398743 profile1
341 165.479592 3.79852239390203 profile1
342 165.485905 3.72342495502495 profile1
343 165.495439 3.65304602760644 profile1
344 165.565236 3.58007749671292 profile1
345 165.56991 3.45050927341806 profile1
346 165.574583 3.3189341787741 profile1
347 165.581587 3.39378210687031 profile1
348 165.605467 3.39422139164421 profile1
349 165.629348 3.39475086654933 profile1
350 165.653228 3.39538589825366 profile1
351 165.677109 3.3957468029546 profile1
352 165.700989 3.40056568563918 profile1
353 165.704891 3.41576378535959 profile1
354 165.706625 3.43059731948505 profile1
355 165.708359 3.44501188508441 profile1
356 165.710093 3.45895345926325 profile1
357 165.711827 3.47236930615264 profile1
358 165.713561 3.51326087212649 profile1
359 165.715295 3.55244456789647 profile1
360 165.717029 3.58145808978672 profile1
361 165.718763 3.5998272311763 profile1
362 165.720497 3.60681287656688 profile1
363 165.722231 3.60142815453159 profile1
364 165.723965 3.58229811941691 profile1
365 165.725699 3.53941012189406 profile1
366 165.802549 3.54960197186035 profile1
367 165.85132 3.56196987231817 profile1
368 165.858793 3.63152835072182 profile1
369 165.864624 3.83454503894004 profile1
370 165.868565 4.00205190137748 profile1
371 165.872506 4.13080107545387 profile1
372 165.876447 4.21829891302678 profile1
373 165.880388 4.26294605927547 profile1
374 165.884329 4.27187673139818 profile1
375 165.88827 4.23979081282262 profile1
376 165.892211 4.20740440744417 profile1
377 165.896152 4.21578639261907 profile1
378 165.900093 4.22214942540646 profile1
379 165.912941 4.22605360839074 profile1
380 165.925276 4.22656810975905 profile1
381 165.925359 4.2268933905661 profile1
382 165.925441 4.22698678506547 profile1
383 165.930685 4.22015246457536 profile1
384 166.172164 4.2856851455292 profile1
385 166.181382 4.43593416193606 profile1
386 166.1906 4.58660355816452 profile1
387 166.324274 4.66317973170251 profile1
388 166.325217 4.95022801195182 profile1
389 166.32602 5.08317953664041 profile1
390 166.326823 5.03837204210837 profile1
391 166.327627 4.96669148761244 profile1
392 166.32843 4.95849112044799 profile1
393 166.377584 4.96542662555265 profile1
394 166.382507 5.01277215695543 profile1
395 166.38743 5.02011596219132 profile1
396 166.394815 4.98727532855078 profile1
397 166.403288 5.19999336416068 profile1
398 166.407404 5.27614208652325 profile1
399 166.411519 5.35760062827717 profile1
400 166.415634 5.42304374084936 profile1
401 166.419069 5.47221993633671 profile1
402 166.422503 5.50485717236263 profile1
403 166.425938 5.52067851492707 profile1
404 166.429372 5.51943743206761 profile1
405 166.432807 5.50096033945933 profile1
406 166.439999 5.46521414302318 profile1
407 166.448156 5.41249891641308 profile1
408 166.475596 5.4971683980735 profile1
409 166.491355 6.02028775168607 profile1
410 166.507114 6.21272664959375 profile1
411 166.522873 6.20426767522833 profile1
412 166.537635 6.11640357307784 profile1
413 166.55226 6.09689489736306 profile1
414 166.566886 5.87072239408067 profile1
415 166.581511 5.63135031787961 profile1
416 166.592132 5.48101470566684 profile1
417 166.599166 5.24814634477357 profile1
418 166.606199 5.05205861874491 profile1
419 166.613233 5.08948758543565 profile1
420 166.62365 5.33384015469495 profile1
421 166.754477 5.339011166269 profile1
422 166.783106 5.35100366156823 profile1
423 166.802407 5.29225510171569 profile1
424 166.805057 5.16687487881049 profile1
425 166.807706 4.99181124792884 profile1
426 166.811338 4.90623035988461 profile1
427 166.839967 4.88904484283909 profile1
428 166.951357 4.62978920355112 profile1
429 166.992184 4.63000787664377 profile1
430 167.033011 4.14546782013887 profile1
431 167.073838 3.59282508561809 profile1
432 167.142758 3.2350155353962 profile1
433 167.274124 2.59768018196697 profile1
434 167.282638 2.53602811597276 profile1
435 167.286179 2.35313752825399 profile1
436 167.289719 2.05222731180407 profile1
437 167.29326 1.76052125113593 profile1
438 167.306473 1.63118652163292 profile1
439 167.322761 1.57610495254535 profile1
440 167.349466 1.56665946684837 profile1
441 167.360748 1.58038803294138 profile1
442 167.37203 1.5941082939856 profile1
443 167.396998 1.60731487291823 profile1
444 167.523201 0.869233574687066 profile1
445 167.545144 0.915743868069852 profile1
446 167.556235 0.900798646310803 profile1
447 167.567326 0.790470920192066 profile1
448 167.647654 0.846456786404709 profile1
449 167.755373 0.84161933387304 profile1
450 167.788738 0.831143535523717 profile1
451 167.822104 0.820377076302848 profile1
452 167.836721 0.798390647878153 profile1
453 167.845502 0.768541380829896 profile1
454 167.854284 0.733765819421131 profile1
455 167.858563 0.694350962608736 profile1
456 167.860327 0.649436162039517 profile1
457 167.862092 0.597021087270862 profile1
458 167.863857 0.517340581026247 profile1
459 167.865622 0.402337916152359 profile1
460 167.86764 0.279580716242042 profile1
461 167.871511 0.151128410473168 profile1
462 167.876871 0.0177814679670641 profile1
463 167.882232 -0.120101846889643 profile1
464 167.887593 -0.26213836471513 profile1
465 167.913375 -0.34987355679041 profile1
466 167.920966 -0.361051211854977 profile1
467 167.928557 -0.368552575113826 profile1
468 168.002821 -0.376482854797831 profile1
469 168.013929 -0.388617698020234 profile1
470 168.020304 -0.404829508383508 profile1
471 168.023961 -0.395240880452684 profile1
472 168.02735 -0.386473826031744 profile1
473 168.030739 -0.409980702733036 profile1
474 168.034128 -1.31092768883242 profile1
475 168.037518 -1.33811602907934 profile1
476 168.042103 -1.3595754413016 profile1
477 168.057523 -1.34585918702053 profile1
478 168.241031 -1.37822876686667 profile1
479 168.273712 -1.32306400452299 profile1
480 168.276509 -1.26919786299626 profile1
481 168.279306 -1.22606391620947 profile1
482 168.282103 -1.19406653225074 profile1
483 168.2849 -1.17353887585758 profile1
484 168.287697 -1.16473421375394 profile1
485 168.291368 -1.15552033230451 profile1
486 168.295216 -1.15646697621479 profile1
487 168.301388 -1.1652903071377 profile1
488 168.308464 -1.03147782088799 profile1
489 168.31554 -0.906415936777432 profile1
490 168.322616 -0.797867239624138 profile1
491 168.369835 -0.764135576901409 profile1
492 168.372164 -0.766581383768575 profile1
493 168.374493 -0.76901146078354 profile1
494 168.376821 -0.796207265794617 profile1
495 162.797792 -1.26057627953228 profile2
496 162.802465 -0.987471168000639 profile2
497 162.807137 -0.730476860135219 profile2
498 162.891193 -0.587107363118344 profile2
499 162.899169 -0.257675375455662 profile2
500 162.907146 -0.171195650621733 profile2
501 162.915122 -0.0996485407857666 profile2
502 162.923098 0.0407017175530331 profile2
503 162.931074 0.178995858850043 profile2
504 162.93905 0.313717416061988 profile2
505 162.97044 0.382811282718592 profile2
506 162.976744 0.380991718363861 profile2
507 162.983048 0.388701762314579 profile2
508 162.989352 0.334940877289634 profile2
509 162.995537 0.602486749142332 profile2
510 162.997832 1.00349659991713 profile2
511 163.00011 1.06018220718983 profile2
512 163.002388 1.08841496346607 profile2
513 163.004665 1.1176730551711 profile2
514 163.006943 1.14793047041051 profile2
515 163.009221 1.17915654317477 profile2
516 163.011499 1.21131589581311 profile2
517 163.013777 1.24436842975218 profile2
518 163.016054 1.27842918605617 profile2
519 163.018332 1.31350058925252 profile2
520 163.02061 1.34931562807214 profile2
521 163.022888 1.38581525148649 profile2
522 163.025166 1.42275149960058 profile2
523 163.029526 1.45999454240039 profile2
524 163.045161 1.49462977089193 profile2
525 163.061794 1.52974451944912 profile2
526 163.078427 1.56115100984253 profile2
527 163.09506 1.57400383091073 profile2
528 163.111693 1.56836123792465 profile2
529 163.125708 1.55616582139645 profile2
530 163.137394 2.79423356264541 profile2
531 163.14908 2.83316475770648 profile2
532 163.154021 3.01254517782984 profile2
533 163.156127 3.17664659851821 profile2
534 163.157556 3.32387634385419 profile2
535 163.158891 3.45298313788384 profile2
536 163.160225 3.56309919606953 profile2
537 163.161559 3.65375007149503 profile2
538 163.162894 3.72483318886865 profile2
539 163.164228 3.77657190812924 profile2
540 163.165562 3.80945684601041 profile2
541 163.166897 3.82416218368574 profile2
542 163.26265 4.45626688208237 profile2
543 163.413317 5.25216253034358 profile2
544 163.495816 5.7438825063191 profile2
545 163.507977 5.91501092407845 profile2
546 163.520139 6.01701598175814 profile2
547 163.582672 6.1226670472973 profile2
548 164.022416 6.21272664959375 profile2
549 164.027702 6.06286058230459 profile2
550 164.032987 5.91838876122129 profile2
551 164.064248 5.68255396603363 profile2
552 164.070405 5.68340513842648 profile2
553 164.076561 5.68406341380436 profile2
554 164.255184 4.93887751547978 profile2
555 164.291807 4.71026429166704 profile2
556 164.314068 4.71249369971624 profile2
557 164.325529 4.57312296405858 profile2
558 164.336991 4.34508947432967 profile2
559 164.348452 3.70248055779459 profile2
560 164.60536 3.09810137358754 profile2
561 164.617986 3.1326691685517 profile2
562 164.628884 3.1304296245581 profile2
563 164.636687 3.07992700079253 profile2
564 164.648869 2.9991097106377 profile2
565 164.66892 2.96264978211512 profile2
566 164.758936 2.73629573853997 profile2
567 165.053217 3.05740835872363 profile2
568 165.121823 3.12662964681354 profile2
569 165.132678 3.10873606706744 profile2
570 165.143532 3.08132953024726 profile2
571 165.154046 2.7657692612709 profile2
572 165.15722 2.54496835023643 profile2
573 165.160395 2.34800687926486 profile2
574 165.163569 2.18635303682023 profile2
575 165.195982 1.96557537116204 profile2
576 165.223558 1.90502874852449 profile2
577 165.251135 1.87975633156128 profile2
578 165.276843 1.85163828371749 profile2
579 165.283031 1.80470823747366 profile2
580 165.290201 1.77610109127582 profile2
581 165.297626 1.79248437579273 profile2
582 165.445995 1.76289335982028 profile2
583 165.451594 1.73108090378661 profile2
584 165.457194 1.68928292040145 profile2
585 165.462793 1.67248435273453 profile2
586 165.468393 1.66091984038654 profile2
587 165.473992 1.64645481174171 profile2
588 165.479592 1.62937432324179 profile2
589 165.485905 -1.12827418954365 profile2
590 165.495439 -1.13747149984627 profile2
591 165.565236 -1.11524006605091 profile2
592 165.56991 -1.191736921255 profile2
593 165.574583 -1.32736218293824 profile2
594 165.581587 -1.28875804954722 profile2
595 165.605467 -1.23953724021656 profile2
596 165.629348 -1.19578808261619 profile2
597 165.653228 -1.15885331310557 profile2
598 165.677109 -1.13966198180504 profile2
599 165.700989 -1.13739517870256 profile2
600 165.704891 -1.13475952874184 profile2
601 165.706625 -1.13270639493091 profile2
602 165.708359 -1.13124512366854 profile2
603 165.710093 -1.13037992657821 profile2
604 165.711827 -1.13011038109891 profile2
605 165.713561 -1.17928273307852 profile2
606 165.715295 -1.25147847610466 profile2
607 165.717029 -1.33530298301209 profile2
608 165.718763 -1.42999949553522 profile2
609 165.720497 -1.53367166911179 profile2
610 165.722231 -1.64335173948663 profile2
611 165.723965 -1.75357569385061 profile2
612 165.725699 -1.79895482170102 profile2
613 165.802549 -1.81772652507286 profile2
614 165.85132 -1.83185379881683 profile2
615 165.858793 -1.86165768597855 profile2
616 165.864624 -1.86008844372599 profile2
617 165.868565 -1.86195587753809 profile2
618 165.872506 -1.86738274370346 profile2
619 165.876447 -1.87650586498424 profile2
620 165.880388 -1.88947358600575 profile2
621 165.884329 -1.9568967866995 profile2
622 165.88827 -2.040407113951 profile2
623 165.892211 -2.13272938284354 profile2
624 165.896152 -2.25326708922659 profile2
625 165.900093 -2.38511453523762 profile2
626 165.912941 -2.44736939296688 profile2
627 165.925276 -2.44277387085744 profile2
628 165.925359 -2.43850092615859 profile2
629 165.925441 -2.43548211689289 profile2
630 165.930685 -2.43400168729872 profile2
631 166.172164 -2.4707029304337 profile2
632 166.181382 -2.47648127611855 profile2
633 166.1906 -2.39577441770853 profile2
634 166.324274 -2.19702404119969 profile2
635 166.325217 -2.2045722689497 profile2
636 166.32602 -2.21665129817539 profile2
637 166.326823 -2.23206017989979 profile2
638 166.327627 -2.24294943978548 profile2
639 166.32843 -2.25098841174207 profile2
640 166.377584 -2.25723704190597 profile2
641 166.382507 -2.2498215789747 profile2
642 166.38743 -2.24237436664387 profile2
643 166.394815 -2.23491324851763 profile2
644 166.403288 -2.22252466497328 profile2
645 166.407404 -2.21681447304065 profile2
646 166.411519 -2.29104048692543 profile2
647 166.415634 -2.36897701658796 profile2
648 166.419069 -2.4504624819427 profile2
649 166.422503 -2.53527332107468 profile2
650 166.425938 -2.62312565713442 profile2
651 166.429372 -2.71368162264918 profile2
652 166.432807 -2.80656095828748 profile2
653 166.439999 -2.90135948811959 profile2
654 166.448156 -2.9976846616105 profile2
655 166.475596 -3.07794863369534 profile2
656 166.491355 -3.09768591412078 profile2
657 166.507114 -3.09265907806322 profile2
658 166.522873 -3.08828520149509 profile2
659 166.537635 -3.08639819941347 profile2
660 166.55226 -3.08821522970719 profile2
661 166.566886 -3.14684850336501 profile2
662 166.581511 -3.14357501617289 profile2
663 166.592132 -3.15506053902456 profile2
664 166.599166 -3.16911661407432 profile2
665 166.606199 -3.1783521564502 profile2
666 166.613233 -3.17580134424483 profile2
667 166.62365 -3.17130204231466 profile2
668 166.754477 -3.49560865400314 profile2
669 166.783106 -3.47631217884221 profile2
670 166.802407 -3.45322945698862 profile2
671 166.805057 -3.43049640579057 profile2
672 166.807706 -3.41068289896811 profile2
673 166.811338 -3.40085198033936 profile2
674 166.839967 -3.39591587121809 profile2
675 166.951357 -3.54573565289271 profile2
676 166.992184 -3.54948428650964 profile2
677 167.033011 -3.54582203514382 profile2
678 167.073838 -3.76739364830296 profile2
679 167.142758 -3.51200163817696 profile2
680 167.274124 -3.31836086320822 profile2
681 167.282638 -3.13210515929345 profile2
682 167.286179 -2.95021516172529 profile2
683 167.289719 -2.77795083765192 profile2
684 167.29326 -2.62598232644149 profile2
685 167.306473 -2.49734209943179 profile2
686 167.322761 -2.46779706765685 profile2
687 167.349466 -2.46473299124633 profile2
688 167.360748 -2.46968503404564 profile2
689 167.37203 -2.47624490859145 profile2
690 167.396998 -2.48450927919048 profile2
691 167.523201 -2.56662419776517 profile2
692 167.545144 -2.63985727113097 profile2
693 167.556235 -2.71468195561219 profile2
694 167.567326 -2.75697722826267 profile2
695 167.647654 -2.59629190432679 profile2
696 167.755373 -2.60117388079482 profile2
697 167.788738 -2.60780574852218 profile2
698 167.822104 -2.61478874557234 profile2
699 167.836721 -2.61179999788634 profile2
700 167.845502 -2.60623968764094 profile2
701 167.854284 -2.6013397903615 profile2
702 167.858563 -2.59700133636042 profile2
703 167.860327 -2.59942998220579 profile2
704 167.862092 -2.6261964402317 profile2
705 167.863857 -2.65512585316684 profile2
706 167.865622 -2.68568852581162 profile2
707 167.86764 -2.72546495440074 profile2
708 167.871511 -2.76853043514932 profile2
709 167.876871 -2.81297669719366 profile2
710 167.882232 -2.85874582797459 profile2
711 167.887593 -2.90577931938867 profile2
712 167.913375 -2.93473292425891 profile2
713 167.920966 -2.93815560044154 profile2
714 167.928557 -2.94052012942925 profile2
715 168.002821 -2.94507785807121 profile2
716 168.013929 -2.95806649251567 profile2
717 168.020304 -2.97397863670103 profile2
718 168.023961 -2.97733798700021 profile2
719 168.02735 -2.97305275348062 profile2
720 168.030739 -2.96327218917729 profile2
721 168.034128 -2.97309268481622 profile2
722 168.037518 -3.00286219019253 profile2
723 168.042103 -3.02721224723229 profile2
724 168.057523 -3.12622205332088 profile2
725 168.241031 -3.1125376780991 profile2
726 168.273712 -3.1224006771079 profile2
727 168.276509 -3.13182591873496 profile2
728 168.279306 -3.14190697871211 profile2
729 168.282103 -3.15264514733097 profile2
730 168.2849 -3.16403924565662 profile2
731 168.287697 -3.17608311569958 profile2
732 168.291368 -3.22579910418369 profile2
733 168.295216 -3.29271005465299 profile2
734 168.301388 -3.35940823275894 profile2
735 168.308464 -3.27987355517468 profile2
736 168.31554 -3.30847482968144 profile2
737 168.322616 -3.47502743971033 profile2
738 168.369835 -3.58044460318515 profile2
739 168.372164 -3.58876483807281 profile2
740 168.374493 -3.59714732935822 profile2
741 168.376821 -3.61119587235564 profile2
