marker_position lod trace
1 67.606765 -15.6580188091304 pleio
2 67.613251 -15.6532278475518 pleio
3 67.619736 -15.6485753714586 pleio
4 67.626222 -15.6440617180331 pleio
5 67.641347 -15.6396876251345 pleio
6 67.654855 -15.6354708009597 pleio
7 67.658769 -15.6317182229156 pleio
8 67.662682 -15.6281439342687 pleio
9 67.666596 -15.6247274530393 pleio
10 67.679986 -15.6214496821436 pleio
11 67.708923 -15.6270824097866 pleio
12 67.715069 -15.6455021245459 pleio
13 67.721215 -15.6756431104554 pleio
14 67.746869 -15.7122451770259 pleio
15 67.778018 -15.7100602865141 pleio
16 67.809168 -15.7110159216361 pleio
17 67.895218 -15.6710671582432 pleio
18 67.900561 -15.62861668519 pleio
19 67.905905 -15.6217016838002 pleio
20 67.911248 -15.650134959882 pleio
21 67.920171 -15.6918442689561 pleio
22 67.929072 -15.7207742205516 pleio
23 67.937973 -15.775319777349 pleio
24 67.946874 -15.8542321670043 pleio
25 67.962131 -15.884188885796 pleio
26 68.103338 -15.8887985538642 pleio
27 68.122257 -15.8767754461388 pleio
28 68.141177 -15.9705727888151 pleio
29 68.410128 -16.0441740095197 pleio
30 68.415239 -16.0554660835349 pleio
31 68.42035 -16.076837761199 pleio
32 68.640199 -16.0460537861831 pleio
33 68.652056 -15.9859172224892 pleio
34 68.656091 -15.9406413520325 pleio
35 68.660126 -15.9082095576264 pleio
36 68.664161 -15.8864822453314 pleio
37 68.685197 -15.8715358177981 pleio
38 68.806919 -15.8668746498232 pleio
39 68.816104 -15.8605686849907 pleio
40 68.825289 -15.8543354846943 pleio
41 68.885575 -15.8306715325415 pleio
42 68.886394 -15.7921757509227 pleio
43 68.887213 -15.7546856795841 pleio
44 68.888033 -15.7183303050984 pleio
45 68.888852 -15.6832318514589 pleio
46 68.889671 -15.6495031150027 pleio
47 68.89049 -15.6154967751164 pleio
48 68.89131 -15.5718211291673 pleio
49 68.892129 -15.5183683067609 pleio
50 68.987403 -14.8664199964843 pleio
51 69.064645 -13.7309436357055 pleio
52 69.131341 -12.9159373521412 pleio
53 69.198036 -12.8084995847785 pleio
54 69.214855 -12.5275030385541 pleio
55 69.21825 -12.2466584108687 pleio
56 69.221446 -11.9704091534227 pleio
57 69.224642 -11.7032629152 pleio
58 69.227838 -11.449530851471 pleio
59 69.231034 -10.2427312553321 pleio
60 69.23423 -9.9920830349383 pleio
61 69.237426 -9.98075213783101 pleio
62 69.240621 -9.97031097604161 pleio
63 69.244859 -9.96074629173441 pleio
64 69.252696 -9.95301108492488 pleio
65 69.260534 -9.94642459383576 pleio
66 69.416362 -9.39362050554571 pleio
67 69.484146 -8.45523844269604 pleio
68 69.505599 -8.38856955447377 pleio
69 69.508945 -8.23900035543758 pleio
70 69.512291 -8.09335059697022 pleio
71 69.515636 -7.9531983377319 pleio
72 69.542556 -7.75581567547479 pleio
73 69.592546 -7.59631952589977 pleio
74 69.66328 -7.46080323425462 pleio
75 69.721392 -7.3389695090316 pleio
76 69.724456 -7.21373991136246 pleio
77 69.727519 -7.09092689883329 pleio
78 69.733033 -6.97077304846295 pleio
79 69.768364 -6.72361148744585 pleio
80 69.782339 -6.40919851279599 pleio
81 69.796313 -6.08363435368796 pleio
82 69.810287 -3.47492650877554 pleio
83 69.829176 -2.94119644139413 pleio
84 69.837051 -2.44340675548194 pleio
85 69.844926 -1.88892150843798 pleio
86 69.869428 -1.34527861476136 pleio
87 69.876397 -0.852495363596136 pleio
88 69.876657 -0.413847372279754 pleio
89 69.876917 -0.0127182726284393 pleio
90 69.924127 0 pleio
91 69.978753 -0.101492128535121 pleio
92 70.033378 -0.146493369987448 pleio
93 70.042973 -0.214006007604893 pleio
94 70.043703 -0.304379735860009 pleio
95 70.044434 -0.417446964095284 pleio
96 70.087246 -0.555463419784261 pleio
97 70.141872 -0.71846716875299 pleio
98 70.196497 -0.939259546428739 pleio
99 70.400832 -1.12723868302364 pleio
100 70.421006 -1.31689190519904 pleio
101 70.441181 -1.51959639627009 pleio
102 70.60917 -1.7283379176459 pleio
103 70.612702 -1.9213813066343 pleio
104 70.616235 -2.21710574584591 pleio
105 70.661194 -2.45471519606089 pleio
106 70.728481 -2.60643560923897 pleio
107 70.750402 -2.69877205818213 pleio
108 70.772323 -2.81405591983816 pleio
109 70.779053 -2.94262482074797 pleio
110 70.782062 -3.073313658932 pleio
111 70.785072 -3.20993899392376 pleio
112 71.12066 -2.81717122155121 pleio
113 71.198629 -2.87163081518571 pleio
114 71.276599 -2.92590892748438 pleio
115 71.354568 -2.78027034683945 pleio
116 71.418821 -3.1187005901656 pleio
117 71.422464 -3.47103443515885 pleio
118 71.425934 -3.94299401307341 pleio
119 71.429405 -4.21073451956268 pleio
120 71.432875 -4.32061569756297 pleio
121 71.436346 -4.43749191840918 pleio
122 71.439817 -4.56102807147166 pleio
123 71.443287 -4.69084653624541 pleio
124 71.449172 -4.8168908598032 pleio
125 71.46043 -4.925171703632 pleio
126 71.475844 -5.03552765749402 pleio
127 71.510771 -5.14830335049939 pleio
128 71.658293 -5.27127591097208 pleio
129 71.675712 -5.40973619808714 pleio
130 71.693132 -5.55089631040277 pleio
131 71.782692 -5.89886259052157 pleio
132 71.793079 -5.89511518214371 pleio
133 71.803404 -5.6850432033517 pleio
134 71.813729 -5.33078471071083 pleio
135 71.824055 -5.21040703909882 pleio
136 71.83438 -5.30237604082978 pleio
137 71.859513 -5.26792470888694 pleio
138 71.937774 -5.41252958543813 pleio
139 71.945079 -5.60408862741961 pleio
140 71.952385 -5.67634956902714 pleio
141 71.98473 -5.70587828922465 pleio
142 72.012709 -5.74015376073461 pleio
143 72.040688 -5.77074539237175 pleio
144 72.210521 -7.15530524589931 pleio
145 72.314268 -9.10204485794211 pleio
146 72.366456 -9.29050668997679 pleio
147 72.411367 -9.29196362861253 pleio
148 72.450663 -9.31297611649056 pleio
149 72.471305 -9.46062761297929 pleio
150 72.491946 -9.74110502832353 pleio
151 72.512588 -10.144020175346 pleio
152 72.601385 -10.4021536530378 pleio
153 72.621813 -10.8395681984091 pleio
154 72.642242 -10.8898565577905 pleio
155 72.66267 -10.9480118727939 pleio
156 72.771429 -11.0158177251914 pleio
157 72.883243 -11.0302684937758 pleio
158 72.898448 -11.0846119389462 pleio
159 72.913654 -11.1462109223522 pleio
160 72.928859 -11.2163097742906 pleio
161 72.944065 -11.2929175967938 pleio
162 72.95927 -11.5229091603787 pleio
163 72.974476 -12.1349269506248 pleio
164 72.989681 -14.1769116195334 pleio
165 72.996574 -14.3283899655968 pleio
166 72.9996 -14.2612261698549 pleio
167 73.002626 -14.2356814978072 pleio
168 73.005652 -14.1877297154568 pleio
169 73.012925 -14.1530383440444 pleio
170 73.023956 -14.128783572486 pleio
171 73.034987 -14.1114398860532 pleio
172 73.046018 -14.1089314851674 pleio
173 73.057049 -14.1174888448817 pleio
174 73.06808 -14.1357205433396 pleio
175 73.079353 -14.1575507975261 pleio
176 73.111862 -13.7664122030148 pleio
177 73.146945 -13.4582794696905 pleio
178 73.171837 -13.3827929341922 pleio
179 73.196729 -13.1906528534841 pleio
180 73.629401 -13.1896591466582 pleio
181 74.062073 -13.1515752535386 pleio
182 74.066223 -13.1227834934725 pleio
183 74.070373 -13.0950590372939 pleio
184 74.074523 -13.0684001717298 pleio
185 74.078673 -13.0428028154883 pleio
186 74.082823 -13.0491389193126 pleio
187 74.3761735 -12.9735118464031 pleio
188 74.669524 -12.9385988871033 pleio
189 74.672012 -12.7483576158055 pleio
190 74.674499 -12.5818907285432 pleio
191 74.716248 -12.4449853671164 pleio
192 74.724515 -12.3410795169981 pleio
193 74.732783 -12.191997629149 pleio
194 75.0995546666667 -12.0397171679298 pleio
195 75.4663263333333 -12.0348458448936 pleio
196 75.833098 -11.9659846832944 pleio
197 75.863363 -11.9547555107672 pleio
198 75.875899 -11.992280588383 pleio
199 75.888435 -12.1121416270206 pleio
200 75.900971 -12.4311509087581 pleio
201 75.903257 -12.809500122286 pleio
202 75.904489 -12.9212989291022 pleio
203 75.905721 -12.9298901876067 pleio
204 75.917304 -12.9431917722585 pleio
205 76.287653 -12.9487952261298 pleio
206 76.288899 -12.957029815949 pleio
207 76.290145 -12.9677102650216 pleio
208 76.397032 -12.9880880677888 pleio
209 76.403847 -13.0087598802118 pleio
210 76.410663 -12.9710353906659 pleio
211 76.607927 -12.7585470740064 pleio
212 76.623625 -12.666498496416 pleio
213 76.633554 -12.5578107149924 pleio
214 76.643483 -12.4648123922711 pleio
215 76.653411 -12.3890028295352 pleio
216 76.66334 -12.331456543938 pleio
217 76.700004 -12.3761166253707 pleio
218 67.606765 -11.9083260806159 profile1
219 67.613251 -11.9039442871688 profile1
220 67.619736 -11.8996511671025 profile1
221 67.626222 -11.8954470330151 profile1
222 67.641347 -11.8913316982156 profile1
223 67.654855 -11.8872970345321 profile1
224 67.658769 -11.8831661831545 profile1
225 67.662682 -11.8791415223372 profile1
226 67.666596 -11.8752125922542 profile1
227 67.679986 -11.8713700855979 profile1
228 67.708923 -11.795469300746 profile1
229 67.715069 -11.7236398909792 profile1
230 67.721215 -11.6639860802226 profile1
231 67.746869 -11.6175562637943 profile1
232 67.778018 -11.6126125739922 profile1
233 67.809168 -11.6138100782817 profile1
234 67.895218 -11.5434529399584 profile1
235 67.900561 -11.451974731076 profile1
236 67.905905 -11.3963095550799 profile1
237 67.911248 -11.3766605186827 profile1
238 67.920171 -11.3889887736236 profile1
239 67.929072 -11.4230229666387 profile1
240 67.937973 -11.4812513877535 profile1
241 67.946874 -11.5623627926483 profile1
242 67.962131 -11.5954642189248 profile1
243 68.103338 -11.6031123224614 profile1
244 68.122257 -11.5936295135126 profile1
245 68.141177 -11.6365215365599 profile1
246 68.410128 -11.6311733640315 profile1
247 68.415239 -11.6056621635581 profile1
248 68.42035 -11.5878691612516 profile1
249 68.640199 -11.4726771392975 profile1
250 68.652056 -11.2896597577588 profile1
251 68.656091 -11.1190274529183 profile1
252 68.660126 -10.962995593277 profile1
253 68.664161 -10.8234902695428 profile1
254 68.685197 -10.6997462970363 profile1
255 68.806919 -10.6506046716762 profile1
256 68.816104 -10.6455457479099 profile1
257 68.825289 -10.6405560958096 profile1
258 68.885575 -10.6218586682467 profile1
259 68.886394 -10.5913942524702 profile1
260 68.887213 -10.5615917734285 profile1
261 68.888033 -10.5325559995588 profile1
262 68.888852 -10.5043869449645 profile1
263 68.889671 -10.4771779091074 profile1
264 68.89049 -10.4783131182992 profile1
265 68.89131 -10.4847143769613 profile1
266 68.892129 -10.4933406706079 profile1
267 68.987403 -9.87599611339429 profile1
268 69.064645 -8.9614464765863 profile1
269 69.131341 -8.65372292187627 profile1
270 69.198036 -8.60367526906884 profile1
271 69.214855 -8.42621205306353 profile1
272 69.21825 -8.2528729952254 profile1
273 69.221446 -8.08659218212994 profile1
274 69.224642 -7.93025225456464 profile1
275 69.227838 -7.78652641370237 profile1
276 69.231034 -6.85599929045603 profile1
277 69.23423 -6.68090120272442 profile1
278 69.237426 -6.67392946324981 profile1
279 69.240621 -6.66758268320636 profile1
280 69.244859 -6.66185899499126 profile1
281 69.252696 -6.65753931509951 profile1
282 69.260534 -6.65488852062527 profile1
283 69.416362 -6.28668058541917 profile1
284 69.484146 -5.4665705710455 profile1
285 69.505599 -5.4063326084706 profile1
286 69.508945 -5.27055466523183 profile1
287 69.512291 -5.1376603508016 profile1
288 69.515636 -5.00914711120889 profile1
289 69.542556 -4.83547717816643 profile1
290 69.592546 -4.57166850688521 profile1
291 69.66328 -4.47035201956695 profile1
292 69.721392 -4.35975889976633 profile1
293 69.724456 -4.24643682659134 profile1
294 69.727519 -4.13520964557645 profile1
295 69.733033 -4.02630862011969 profile1
296 69.768364 -3.7806345512638 profile1
297 69.782339 -3.46237240336471 profile1
298 69.796313 -3.15172628531435 profile1
299 69.810287 -2.09637113100096 profile1
300 69.829176 -1.76396709027946 profile1
301 69.837051 -1.30740931019323 profile1
302 69.844926 -0.796739858451791 profile1
303 69.869428 -0.291667579154827 profile1
304 69.876397 0.17114740666127 profile1
305 69.876657 0.588487540856668 profile1
306 69.876917 0.976326661675467 profile1
307 69.924127 1.15713063848841 profile1
308 69.978753 1.23569770627257 profile1
309 70.033378 1.15340199697569 profile1
310 70.042973 1.04904714774051 profile1
311 70.043703 0.922872367250117 profile1
312 70.044434 0.775043739873421 profile1
313 70.087246 0.603883243407445 profile1
314 70.141872 0.409524279565545 profile1
315 70.196497 0.158269398151941 profile1
316 70.400832 -0.0426048211288952 profile1
317 70.421006 -0.223748907506989 profile1
318 70.441181 -0.415921252810456 profile1
319 70.60917 -0.617692765027201 profile1
320 70.612702 -0.831231784953399 profile1
321 70.616235 -1.14307486813854 profile1
322 70.661194 -1.38923767176968 profile1
323 70.728481 -1.62157393564795 profile1
324 70.750402 -1.86756931314699 profile1
325 70.772323 -2.1383056126327 profile1
326 70.779053 -2.42241402626442 profile1
327 70.782062 -2.70765419157925 profile1
328 70.785072 -2.99457528471015 profile1
329 71.12066 -2.69794263657192 profile1
330 71.198629 -2.74495748198873 profile1
331 71.276599 -2.79210925430122 profile1
332 71.354568 -2.78027034683945 profile1
333 71.418821 -3.06082147250224 profile1
334 71.422464 -3.37206566104485 profile1
335 71.425934 -3.80411262385854 profile1
336 71.429405 -4.0565754600433 profile1
337 71.432875 -4.16544677404675 profile1
338 71.436346 -4.28020318940494 profile1
339 71.439817 -4.40050527687094 profile1
340 71.443287 -4.52596697933981 profile1
341 71.449172 -4.63263798727745 profile1
342 71.46043 -4.68954911353981 profile1
343 71.475844 -4.74756619293202 profile1
344 71.510771 -4.80710028159423 profile1
345 71.658293 -4.87073629154884 profile1
346 71.675712 -4.94150246915831 profile1
347 71.693132 -5.01526833936102 profile1
348 71.782692 -5.15334555576586 profile1
349 71.793079 -5.16623581534007 profile1
350 71.803404 -5.18068602475071 profile1
351 71.813729 -4.73430512423935 profile1
352 71.824055 -4.3286383612111 profile1
353 71.83438 -4.32358966731889 profile1
354 71.859513 -4.25616566126194 profile1
355 71.937774 -4.20779019227968 profile1
356 71.945079 -4.22642351199602 profile1
357 71.952385 -4.23387316087744 profile1
358 71.98473 -4.23981997029322 profile1
359 72.012709 -4.24787798665379 profile1
360 72.040688 -4.25659475844155 profile1
361 72.210521 -5.57657107438606 profile1
362 72.314268 -7.76176886470788 profile1
363 72.366456 -7.89280181740036 profile1
364 72.411367 -7.89887413855051 profile1
365 72.450663 -7.91505669649653 profile1
366 72.471305 -7.99160077942827 profile1
367 72.491946 -8.19657990009556 profile1
368 72.512588 -8.48883695060089 profile1
369 72.601385 -8.59799177760411 profile1
370 72.621813 -8.92300925613721 profile1
371 72.642242 -8.89726333528765 profile1
372 72.66267 -8.87748269618516 profile1
373 72.771429 -8.83711990579422 profile1
374 72.883243 -8.86406581709935 profile1
375 72.898448 -8.94627057150855 profile1
376 72.913654 -9.03349740707538 profile1
377 72.928859 -9.12654948669625 profile1
378 72.944065 -9.22340773680675 profile1
379 72.95927 -9.35413300844265 profile1
380 72.974476 -9.40895644478547 profile1
381 72.989681 -11.1298530282862 profile1
382 72.996574 -11.2882744109714 profile1
383 72.9996 -11.2111530024024 profile1
384 73.002626 -11.1888622260361 profile1
385 73.005652 -11.1425318556704 profile1
386 73.012925 -11.1058951498829 profile1
387 73.023956 -11.0761111429454 profile1
388 73.034987 -11.0498095423282 profile1
389 73.046018 -11.0298696974012 profile1
390 73.057049 -11.014318397798 profile1
391 73.06808 -11.0026223920806 profile1
392 73.079353 -10.9910440778376 profile1
393 73.111862 -10.6318692230519 profile1
394 73.146945 -10.4618506211575 profile1
395 73.171837 -10.4581863935121 profile1
396 73.196729 -10.3850858445113 profile1
397 73.629401 -10.3786763737787 profile1
398 74.062073 -10.351859160943 profile1
399 74.066223 -10.3215662629108 profile1
400 74.070373 -10.2919001612654 profile1
401 74.074523 -10.2628814729263 profile1
402 74.078673 -10.2345311402167 profile1
403 74.082823 -10.231159571173 profile1
404 74.3761735 -10.175848493989 profile1
405 74.669524 -10.1632741348535 profile1
406 74.672012 -10.0984206590501 profile1
407 74.674499 -10.0393257651401 profile1
408 74.716248 -9.98954273960427 profile1
409 74.724515 -9.95183577753072 profile1
410 74.732783 -9.88179195949849 profile1
411 75.0995546666667 -10.9875969200918 profile1
412 75.4663263333333 -10.9408235551358 profile1
413 75.833098 -10.9025743602678 profile1
414 75.863363 -10.8001397181712 profile1
415 75.875899 -10.7141844700328 profile1
416 75.888435 -10.7270192939076 profile1
417 75.900971 -10.9547343755884 profile1
418 75.903257 -11.2113526378236 profile1
419 75.904489 -11.3412385775526 profile1
420 75.905721 -11.4153212789641 profile1
421 75.917304 -11.4833190634121 profile1
422 76.287653 -11.4992807884834 profile1
423 76.288899 -11.4995617626087 profile1
424 76.290145 -11.5002103886855 profile1
425 76.397032 -11.5130767156656 profile1
426 76.403847 -11.521002395947 profile1
427 76.410663 -11.4636216307048 profile1
428 76.607927 -11.2341510623424 profile1
429 76.623625 -11.2749289073317 profile1
430 76.633554 -11.3170187036518 profile1
431 76.643483 -11.3635747327307 profile1
432 76.653411 -11.4140698217395 profile1
433 76.66334 -11.467843367809 profile1
434 76.700004 -11.5397730339525 profile1
435 67.606765 -2.57965580212465 profile2
436 67.613251 -2.58032608101585 profile2
437 67.619736 -2.5810528901301 profile2
438 67.626222 -2.58183607794546 profile2
439 67.641347 -2.58267633058178 profile2
440 67.654855 -2.58359722948236 profile2
441 67.658769 -2.5850434523813 profile2
442 67.662682 -2.58656299060259 profile2
443 67.666596 -2.58814765600701 profile2
444 67.679986 -2.5897897086558 profile2
445 67.708923 -2.6568365937658 profile2
446 67.715069 -2.73142283783873 profile2
447 67.721215 -2.80605367641969 profile2
448 67.746869 -2.87581813822563 profile2
449 67.778018 -2.87948953756665 profile2
450 67.809168 -2.88086511197819 profile2
451 67.895218 -2.89392278411783 profile2
452 67.900561 -2.91684278313907 profile2
453 67.905905 -2.94285620592056 profile2
454 67.911248 -2.97192067893364 profile2
455 67.920171 -2.98742082625796 profile2
456 67.929072 -2.97352988271917 profile2
457 67.937973 -2.96325810883546 profile2
458 67.946874 -2.95671470251593 profile2
459 67.962131 -2.94940766106258 profile2
460 68.103338 -2.94578664041161 profile2
461 68.122257 -2.94486613354752 profile2
462 68.141177 -2.99125167597638 profile2
463 68.410128 -3.0620334685156 profile2
464 68.415239 -3.10086247141699 profile2
465 68.42035 -3.14059889006028 profile2
466 68.640199 -3.19935284890528 profile2
467 68.652056 -3.27848880419783 profile2
468 68.656091 -3.36179791787625 profile2
469 68.660126 -3.44600783872545 profile2
470 68.664161 -3.52792895466263 profile2
471 68.685197 -3.60519713724914 profile2
472 68.806919 -3.63734790506294 profile2
473 68.816104 -3.63717582676324 profile2
474 68.825289 -3.63698597973332 profile2
475 68.885575 -3.63613498675961 profile2
476 68.886394 -3.63471344566864 profile2
477 68.887213 -3.63330292989672 profile2
478 68.888033 -3.63190781195912 profile2
479 68.888852 -3.63053259805321 profile2
480 68.889671 -3.62918185236117 profile2
481 68.89049 -3.59407101750852 profile2
482 68.89131 -3.54333482722147 profile2
483 68.892129 -3.4804327681947 profile2
484 68.987403 -3.41245231961967 profile2
485 69.064645 -3.13926382595872 profile2
486 69.131341 -2.6271655099024 profile2
487 69.198036 -2.58238979706048 profile2
488 69.214855 -2.51988666226612 profile2
489 69.21825 -2.45128232290555 profile2
490 69.221446 -2.37741044761065 profile2
491 69.224642 -2.29932518776304 profile2
492 69.227838 -2.21823384291798 profile2
493 69.231034 -1.93073235483718 profile2
494 69.23423 -1.86261870646713 profile2
495 69.237426 -1.86047998830054 profile2
496 69.240621 -1.85845127358774 profile2
497 69.244859 -1.85652160985635 profile2
498 69.252696 -1.85476778529195 profile2
499 69.260534 -1.85285894603866 profile2
500 69.416362 -1.5616548679334 profile2
501 69.484146 -1.34645292424505 profile2
502 69.505599 -1.34591884846924 profile2
503 69.508945 -1.34522964324847 profile2
504 69.512291 -1.34458865448956 profile2
505 69.515636 -1.34399693574229 profile2
506 69.542556 -1.3399557849753 profile2
507 69.592546 -1.42577998773237 profile2
508 69.66328 -1.39413124452971 profile2
509 69.721392 -1.38941897587346 profile2
510 69.724456 -1.38383035662552 profile2
511 69.727519 -1.37843867509767 profile2
512 69.733033 -1.37324947554211 profile2
513 69.768364 -1.36885196049489 profile2
514 69.782339 -1.3661110994845 profile2
515 69.796313 -1.34885514330657 profile2
516 69.810287 0.106228947469439 profile2
517 69.829176 0.258986141187385 profile2
518 69.837051 0.255879442298903 profile2
519 69.844926 0.251434709464506 profile2
520 69.869428 0.246942756826371 profile2
521 69.876397 0.243830993324547 profile2
522 69.876657 0.240471257026523 profile2
523 69.876917 0.236130903798587 profile2
524 69.924127 0.0762709443804629 profile2
525 69.978753 -0.101492128535121 profile2
526 70.033378 -0.0647169537927776 profile2
527 70.042973 -0.0271076933035775 profile2
528 70.043703 0.0106414400748705 profile2
529 70.044434 0.0484341355279817 profile2
530 70.087246 0.0853995256776559 profile2
531 70.141872 0.12100055887833 profile2
532 70.196497 0.157496210779777 profile2
533 70.400832 0.173668418861929 profile2
534 70.421006 0.166076094032745 profile2
535 70.441181 0.156263617442516 profile2
536 70.60917 0.149611696560579 profile2
537 70.612702 0.169564954222655 profile2
538 70.616235 0.184557249020986 profile2
539 70.661194 0.192850930496604 profile2
540 70.728481 0.264663704919464 profile2
541 70.750402 0.40598943961227 profile2
542 70.772323 0.554113453941874 profile2
543 70.779053 0.706987042067289 profile2
544 70.782062 0.863112389702145 profile2
545 70.785072 1.01832635973784 profile2
546 71.12066 1.11833650095877 profile2
547 71.198629 1.11117588462754 profile2
548 71.276599 1.10443828654354 profile2
549 71.354568 1.23569770627257 profile2
550 71.418821 1.16059089923804 profile2
551 71.422464 1.08491079838782 profile2
552 71.425934 0.996091835320168 profile2
553 71.429405 0.961024653770417 profile2
554 71.432875 0.96070721300569 profile2
555 71.436346 0.959970089309968 profile2
556 71.439817 0.958839148614792 profile2
557 71.443287 0.957331102633073 profile2
558 71.449172 0.942659566007561 profile2
559 71.46043 0.899283081825502 profile2
560 71.475844 0.855922345383686 profile2
561 71.510771 0.81254160172145 profile2
562 71.658293 0.763351489837292 profile2
563 71.675712 0.705961830613056 profile2
564 71.693132 0.650085384467556 profile2
565 71.782692 0.472911863375865 profile2
566 71.793079 0.482050690979872 profile2
567 71.803404 0.676514604604544 profile2
568 71.813729 0.572876686847389 profile2
569 71.824055 0.264349799582328 profile2
570 71.83438 0.149976257125007 profile2
571 71.859513 0.113288842626012 profile2
572 71.937774 -0.0663919544747522 profile2
573 71.945079 -0.231769692481293 profile2
574 71.952385 -0.291949652990931 profile2
575 71.98473 -0.311843997454231 profile2
576 72.012709 -0.337155887704099 profile2
577 72.040688 -0.358689878311689 profile2
578 72.210521 -0.437287944142436 profile2
579 72.314268 -0.376685648206688 profile2
580 72.366456 -0.422747368797348 profile2
581 72.411367 -0.42003698564388 profile2
582 72.450663 -0.424988739639716 profile2
583 72.471305 -0.485484474541752 profile2
584 72.491946 -0.533410661383342 profile2
585 72.512588 -0.605299324021886 profile2
586 72.601385 -0.754162958281309 profile2
587 72.621813 -0.872740726702696 profile2
588 72.642242 -0.952733040084194 profile2
589 72.66267 -1.03610294520912 profile2
590 72.771429 -1.15108346107441 profile2
591 72.883243 -1.13986258919194 profile2
592 72.898448 -1.11341129369942 profile2
593 72.913654 -1.09031849821087 profile2
594 72.928859 -1.07098553083904 profile2
595 72.944065 -1.05533508020769 profile2
596 72.95927 -1.16290808283531 profile2
597 72.974476 -1.71691927819811 profile2
598 72.989681 -2.05861402643936 profile2
599 72.996574 -2.09909641385054 profile2
600 72.9996 -2.15687767354909 profile2
601 73.002626 -2.18153363278283 profile2
602 73.005652 -2.17848104711528 profile2
603 73.012925 -2.17758237072237 profile2
604 73.023956 -2.17858439114185 profile2
605 73.034987 -2.18117243983586 profile2
606 73.046018 -2.19129488433897 profile2
607 73.057049 -2.20656470780997 profile2
608 73.06808 -2.22607829820701 profile2
609 73.079353 -2.24710718330783 profile2
610 73.111862 -2.23152503816769 profile2
611 73.146945 -2.16415905986408 profile2
612 73.171837 -2.12915665529459 profile2
613 73.196729 -2.03296277421578 profile2
614 73.629401 -2.03848501335714 profile2
615 74.062073 -2.02695102206176 profile2
616 74.066223 -2.02585534570676 profile2
617 74.070373 -2.0248588264538 profile2
618 74.074523 -2.02394961351215 profile2
619 74.078673 -2.02311455970074 profile2
620 74.082823 -2.03308627585446 profile2
621 74.3761735 -2.01602321687576 profile2
622 74.669524 -1.99643351835283 profile2
623 74.672012 -1.88033918909917 profile2
624 74.674499 -1.78403824359426 profile2
625 74.716248 -1.70893919741815 profile2
626 74.724515 -1.65499788862164 profile2
627 74.732783 -1.59792025133567 profile2
628 75.0995546666667 -0.37705927335811 profile2
629 75.4663263333333 -0.420502314831995 profile2
630 75.833098 -0.404366144266342 profile2
631 75.863363 -0.506862145871692 profile2
632 75.875899 -0.638949675798102 profile2
633 75.888435 -0.740216249146659 profile2
634 75.900971 -0.805208355552038 profile2
635 75.903257 -0.912241351991944 profile2
636 75.904489 -0.881663078801175 profile2
637 75.905721 -0.80094703954832 profile2
638 75.917304 -0.730630807053446 profile2
639 76.287653 -0.716259743072303 profile2
640 76.288899 -0.720712226595501 profile2
641 76.290145 -0.727009976203598 profile2
642 76.397032 -0.72313910445409 profile2
643 76.403847 -0.714323974461432 profile2
644 76.410663 -0.711017887784924 profile2
645 76.607927 -0.662107074925757 profile2
646 76.623625 -0.514558936259706 profile2
647 76.633554 -0.355068134472812 profile2
648 76.643483 -0.207667819007914 profile2
649 76.653411 -0.074524706500595 profile2
650 76.66334 0.0425470738834793 profile2
651 76.700004 0.0877685122895639 profile2
