marker_position lod trace
1 162.797792 -17.4754035515641 pleio
2 162.802465 -17.0119489784057 pleio
3 162.807137 -16.6860132232829 pleio
4 162.891193 -16.4008913934322 pleio
5 162.899169 -16.2580628555873 pleio
6 162.907146 -16.4135199799523 pleio
7 162.915122 -16.4352708395838 pleio
8 162.923098 -16.3495149569855 pleio
9 162.931074 -16.358692483883 pleio
10 162.93905 -16.4559147393252 pleio
11 162.97044 -15.9913633001911 pleio
12 162.976744 -15.9396070376536 pleio
13 162.983048 -15.9244901698318 pleio
14 162.989352 -15.7563818790494 pleio
15 162.995537 -15.4165392855279 pleio
16 162.997832 -14.0226917134643 pleio
17 163.00011 -13.8638555146442 pleio
18 163.002388 -13.829436555798 pleio
19 163.004665 -13.7963781066441 pleio
20 163.006943 -13.7647124205447 pleio
21 163.009221 -13.7344681716091 pleio
22 163.011499 -13.7056784659003 pleio
23 163.013777 -13.6783675214833 pleio
24 163.016054 -13.6365163450755 pleio
25 163.018332 -13.5754251128229 pleio
26 163.02061 -13.5166752963953 pleio
27 163.022888 -13.4602939330782 pleio
28 163.025166 -13.4064825273013 pleio
29 163.029526 -13.3553199141913 pleio
30 163.045161 -13.3150747886504 pleio
31 163.061794 -13.2537298312466 pleio
32 163.078427 -12.8069429188605 pleio
33 163.09506 -12.4051739880691 pleio
34 163.111693 -12.2802578268276 pleio
35 163.125708 -12.2037448180619 pleio
36 163.137394 -10.2146080843496 pleio
37 163.14908 -9.68165504988577 pleio
38 163.154021 -9.01014579879745 pleio
39 163.156127 -8.35756568002117 pleio
40 163.157556 -7.73464766256886 pleio
41 163.158891 -7.15309383111328 pleio
42 163.160225 -6.62466341859857 pleio
43 163.161559 -6.16011070903018 pleio
44 163.162894 -5.76812090232893 pleio
45 163.164228 -5.45450272747191 pleio
46 163.165562 -5.2217714423966 pleio
47 163.166897 -5.06954933203954 pleio
48 163.26265 -4.86108088300777 pleio
49 163.413317 -4.33416330271235 pleio
50 163.495816 -1.46290832028664 pleio
51 163.507977 -0.388408590948813 pleio
52 163.520139 0 pleio
53 163.582672 -0.215318178543466 pleio
54 164.022416 -2.60252636471234 pleio
55 164.027702 -3.52426083067572 pleio
56 164.032987 -3.97187523568531 pleio
57 164.064248 -4.40811716513464 pleio
58 164.070405 -4.40800569505332 pleio
59 164.076561 -4.40794985547463 pleio
60 164.255184 -5.55772165095761 pleio
61 164.291807 -9.26028428033366 pleio
62 164.314068 -10.139289536783 pleio
63 164.325529 -10.3174381019143 pleio
64 164.336991 -10.601815699724 pleio
65 164.348452 -11.2513983195815 pleio
66 164.60536 -12.1590778378228 pleio
67 164.617986 -12.3793109727741 pleio
68 164.628884 -12.6510528165526 pleio
69 164.636687 -12.9226567277383 pleio
70 164.648869 -13.0676120141008 pleio
71 164.66892 -13.0874552611751 pleio
72 164.758936 -13.2905923171011 pleio
73 165.053217 -14.5507362860352 pleio
74 165.121823 -14.6069481103457 pleio
75 165.132678 -14.6068186138135 pleio
76 165.143532 -14.9344670966701 pleio
77 165.154046 -15.195046193892 pleio
78 165.15722 -15.2048041309119 pleio
79 165.160395 -15.3691555896125 pleio
80 165.163569 -15.4393486822423 pleio
81 165.195982 -15.5674262927163 pleio
82 165.223558 -15.6260247693853 pleio
83 165.251135 -15.6597680358122 pleio
84 165.276843 -15.5652838769306 pleio
85 165.283031 -16.5148237431515 pleio
86 165.290201 -16.6215486849068 pleio
87 165.297626 -16.8147292624574 pleio
88 165.445995 -17.2058075352966 pleio
89 165.451594 -17.2050696729908 pleio
90 165.457194 -17.2598668770176 pleio
91 165.462793 -17.2774237251983 pleio
92 165.468393 -17.2812939573271 pleio
93 165.473992 -17.2907251942655 pleio
94 165.479592 -17.3058375723693 pleio
95 165.485905 -19.7396695610723 pleio
96 165.495439 -19.9454351759561 pleio
97 165.565236 -19.8395834238282 pleio
98 165.56991 -19.6435365313361 pleio
99 165.574583 -19.5544442974808 pleio
100 165.581587 -19.4756771173832 pleio
101 165.605467 -19.5499976680386 pleio
102 165.629348 -19.6331373538352 pleio
103 165.653228 -19.7240094033118 pleio
104 165.677109 -19.7870603397901 pleio
105 165.700989 -19.8235694052153 pleio
106 165.704891 -19.918241709438 pleio
107 165.706625 -20.0298389099903 pleio
108 165.708359 -20.158442044387 pleio
109 165.710093 -20.3039632262062 pleio
110 165.711827 -20.4661433974983 pleio
111 165.713561 -20.596277243501 pleio
112 165.715295 -20.7959139849926 pleio
113 165.717029 -21.092819828738 pleio
114 165.718763 -21.4902272771369 pleio
115 165.720497 -21.9823431710299 pleio
116 165.722231 -22.5526922222805 pleio
117 165.723965 -23.1613372197122 pleio
118 165.725699 -23.2839824233869 pleio
119 165.802549 -23.3435372328958 pleio
120 165.85132 -23.3436402436235 pleio
121 165.858793 -23.2847178353531 pleio
122 165.864624 -23.2417482004123 pleio
123 165.868565 -23.2193067324869 pleio
124 165.872506 -23.218357516849 pleio
125 165.876447 -23.239652189089 pleio
126 165.880388 -23.2836874593916 pleio
127 165.884329 -23.338017000091 pleio
128 165.88827 -23.4207023686054 pleio
129 165.892211 -23.5295675332859 pleio
130 165.896152 -23.5937824522574 pleio
131 165.900093 -23.6560960962326 pleio
132 165.912941 -23.7171617372549 pleio
133 165.925276 -23.7699310127185 pleio
134 165.925359 -23.8267264163748 pleio
135 165.925441 -23.8886134857685 pleio
136 165.930685 -23.9929907871447 pleio
137 166.172164 -24.1175470454475 pleio
138 166.181382 -24.3329187329378 pleio
139 166.1906 -24.6018379436315 pleio
140 166.324274 -24.9887426426553 pleio
141 166.325217 -25.085828354116 pleio
142 166.32602 -25.2720992844875 pleio
143 166.326823 -25.5148870946044 pleio
144 166.327627 -25.6384868131237 pleio
145 166.32843 -25.6594825126981 pleio
146 166.377584 -25.6784501792556 pleio
147 166.382507 -25.6700027985045 pleio
148 166.38743 -25.6639680660921 pleio
149 166.394815 -25.6603118008319 pleio
150 166.403288 -25.5803158419516 pleio
151 166.407404 -25.5207836339888 pleio
152 166.411519 -25.5881404796123 pleio
153 166.415634 -25.7192632914757 pleio
154 166.419069 -25.9177930864984 pleio
155 166.422503 -26.1850967438475 pleio
156 166.425938 -26.5198105590127 pleio
157 166.429372 -26.9176514357595 pleio
158 166.432807 -27.3715290425511 pleio
159 166.439999 -27.8719383132684 pleio
160 166.448156 -28.4073313758822 pleio
161 166.475596 -28.8952318857349 pleio
162 166.491355 -28.9558558167109 pleio
163 166.507114 -29.0423852890842 pleio
164 166.522873 -29.1520675367116 pleio
165 166.537635 -29.1994943666978 pleio
166 166.55226 -29.2094428686312 pleio
167 166.566886 -29.144549713356 pleio
168 166.581511 -29.2214512464272 pleio
169 166.592132 -29.2928607461091 pleio
170 166.599166 -29.3309356496051 pleio
171 166.606199 -29.2828732285478 pleio
172 166.613233 -29.1110062647773 pleio
173 166.62365 -29.2059176827509 pleio
174 166.754477 -29.669394891257 pleio
175 166.783106 -29.7565877853645 pleio
176 166.802407 -29.8804797509034 pleio
177 166.805057 -30.0471883798579 pleio
178 166.807706 -30.2563808602671 pleio
179 166.811338 -30.5002541138677 pleio
180 166.839967 -30.6724448148179 pleio
181 166.951357 -30.8540480951471 pleio
182 166.992184 -30.8581752456457 pleio
183 167.033011 -30.779898818432 pleio
184 167.073838 -32.1138499277305 pleio
185 167.142758 -33.3409474812364 pleio
186 167.274124 -33.8257934657938 pleio
187 167.282638 -33.6260286503662 pleio
188 167.286179 -33.4645249119226 pleio
189 167.289719 -33.3471150439933 pleio
190 167.29326 -33.3028343608826 pleio
191 167.306473 -33.286682317174 pleio
192 167.322761 -33.2483108368803 pleio
193 167.349466 -33.2381470900501 pleio
194 167.360748 -33.2568096371626 pleio
195 167.37203 -33.2826214294826 pleio
196 167.396998 -33.3166711478856 pleio
197 167.523201 -33.9389617926583 pleio
198 167.545144 -34.2630909436984 pleio
199 167.556235 -34.569886387698 pleio
200 167.567326 -34.7601287285963 pleio
201 167.647654 -34.9146453910193 pleio
202 167.755373 -34.8989068036349 pleio
203 167.788738 -34.8612081073953 pleio
204 167.822104 -34.8259386304738 pleio
205 167.836721 -34.8169177583006 pleio
206 167.845502 -34.8224735998358 pleio
207 167.854284 -34.835918974027 pleio
208 167.858563 -34.8573250358121 pleio
209 167.860327 -34.8862383733068 pleio
210 167.862092 -34.922658214061 pleio
211 167.863857 -34.9374370896625 pleio
212 167.865622 -34.9173375137234 pleio
213 167.86764 -34.9069557036713 pleio
214 167.871511 -34.9017511088672 pleio
215 167.876871 -34.9004769676914 pleio
216 167.882232 -34.9031426619427 pleio
217 167.887593 -34.9097396362342 pleio
218 167.913375 -34.917321749363 pleio
219 167.920966 -34.917676419677 pleio
220 167.928557 -34.9154083641245 pleio
221 168.002821 -34.9036979200398 pleio
222 168.013929 -34.8623684853418 pleio
223 168.020304 -34.8234239413776 pleio
224 168.023961 -34.7888018775712 pleio
225 168.02735 -34.7577134355482 pleio
226 168.030739 -34.6441286289126 pleio
227 168.034128 -34.1393301302204 pleio
228 168.037518 -34.1146356332467 pleio
229 168.042103 -34.0978106078161 pleio
230 168.057523 -34.3163762877281 pleio
231 168.241031 -34.6079268100178 pleio
232 168.273712 -34.6247000912595 pleio
233 168.276509 -34.6466517124405 pleio
234 168.279306 -34.6725775776634 pleio
235 168.282103 -34.7024535809749 pleio
236 168.2849 -34.7362443253307 pleio
237 168.287697 -34.773896916389 pleio
238 168.291368 -34.8857684809378 pleio
239 168.295216 -35.048558052632 pleio
240 168.301388 -35.2368628158655 pleio
241 168.308464 -35.5282059608805 pleio
242 168.31554 -36.1993027844932 pleio
243 168.322616 -37.2172950812068 pleio
244 168.369835 -37.689088122259 pleio
245 168.372164 -37.6943444840433 pleio
246 168.374493 -37.6995177346125 pleio
247 168.376821 -37.7105045765671 pleio
248 162.797792 -11.9588366957342 profile1
249 162.802465 -11.6144190185516 profile1
250 162.807137 -11.3714748384943 profile1
251 162.891193 -11.1785231444147 profile1
252 162.899169 -11.5108421751819 profile1
253 162.907146 -12.0047154188353 profile1
254 162.915122 -12.1544080561324 profile1
255 162.923098 -12.1953878756096 profile1
256 162.931074 -12.326660262049 profile1
257 162.93905 -12.5409822842046 profile1
258 162.97044 -12.1088253695936 profile1
259 162.976744 -12.0999184340892 profile1
260 162.983048 -12.0959400266829 profile1
261 162.989352 -11.9016446390452 profile1
262 162.995537 -11.6753466009312 profile1
263 162.997832 -10.5120118487937 profile1
264 163.00011 -10.3825497789859 profile1
265 163.002388 -10.3589094321437 profile1
266 163.004665 -10.3361140467457 profile1
267 163.006943 -10.3141686981218 profile1
268 163.009221 -10.2930774846969 profile1
269 163.011499 -10.272843583885 profile1
270 163.013777 -10.2534694556534 profile1
271 163.016054 -10.2170633617718 profile1
272 163.018332 -10.1582875588148 profile1
273 163.02061 -10.10115960505 profile1
274 163.022888 -10.0456916212122 profile1
275 163.025166 -9.99201711131566 profile1
276 163.029526 -9.94020367308528 profile1
277 163.045161 -9.89568264721999 profile1
278 163.061794 -9.83060857726573 profile1
279 163.078427 -9.38244023917578 profile1
280 163.09506 -8.96118968631169 profile1
281 163.111693 -8.80130872964313 profile1
282 163.125708 -8.70122933562758 profile1
283 163.137394 -7.42588573872215 profile1
284 163.14908 -6.57738547212682 profile1
285 163.154021 -5.95162388160191 profile1
286 163.156127 -5.33816607151662 profile1
287 163.157556 -4.7474218849863 profile1
288 163.158891 -4.19070309816508 profile1
289 163.160225 -3.67931443493061 profile1
290 163.161559 -3.2235020580189 profile1
291 163.162894 -2.8314268758142 profile1
292 163.164228 -2.50841997546015 profile1
293 163.165562 -2.25663682505459 profile1
294 163.166897 -2.07546629034182 profile1
295 163.26265 -1.99320377684718 profile1
296 163.413317 -1.38839977495624 profile1
297 163.495816 0.177736532301222 profile1
298 163.507977 0.977725983940848 profile1
299 163.520139 1.16848855654856 profile1
300 163.582672 0.816132193123873 profile1
301 164.022416 -2.60252636471234 profile1
302 164.027702 -3.35223421004746 profile1
303 164.032987 -3.59329566313602 profile1
304 164.064248 -3.82047876309257 profile1
305 164.070405 -3.82056183598812 profile1
306 164.076561 -3.82064971873464 profile1
307 164.255184 -3.63265668125186 profile1
308 164.291807 -7.98124785448476 profile1
309 164.314068 -8.9156745973908 profile1
310 164.325529 -9.12309517313192 profile1
311 164.336991 -9.37882898278619 profile1
312 164.348452 -9.8413422785415 profile1
313 164.60536 -10.55912934856 profile1
314 164.617986 -10.7558505356716 profile1
315 164.628884 -10.9863056555618 profile1
316 164.636687 -11.2042077044815 profile1
317 164.648869 -11.3051575821892 profile1
318 164.66892 -11.3070995515212 profile1
319 164.758936 -11.3100939335862 profile1
320 165.053217 -12.1666758248001 profile1
321 165.121823 -12.2172862035481 profile1
322 165.132678 -12.2574662353052 profile1
323 165.143532 -12.669819459135 profile1
324 165.154046 -12.9863215192787 profile1
325 165.15722 -13.1618875278358 profile1
326 165.160395 -13.4453093443809 profile1
327 165.163569 -13.5558761730443 profile1
328 165.195982 -13.6184085510051 profile1
329 165.223558 -13.6656744583426 profile1
330 165.251135 -13.709626085373 profile1
331 165.276843 -13.5852467053782 profile1
332 165.283031 -14.5431477886369 profile1
333 165.290201 -14.6255055640119 profile1
334 165.297626 -14.7446002155922 profile1
335 165.445995 -15.1010535278862 profile1
336 165.451594 -15.1141061883234 profile1
337 165.457194 -15.1762045858656 profile1
338 165.462793 -15.1879301650264 profile1
339 165.468393 -15.1833335166752 profile1
340 165.473992 -15.1840727056543 profile1
341 165.479592 -15.1903229841878 profile1
342 165.485905 -15.5542860959736 profile1
343 165.495439 -15.764463606523 profile1
344 165.565236 -15.8405390864804 profile1
345 165.56991 -15.8262072875683 profile1
346 165.574583 -15.8176392619375 profile1
347 165.581587 -15.7857679222761 profile1
348 165.605467 -15.8046732765538 profile1
349 165.629348 -15.8238358416661 profile1
350 165.653228 -15.8444940511372 profile1
351 165.677109 -15.8632577321597 profile1
352 165.700989 -15.8972967687091 profile1
353 165.704891 -15.9892076463675 profile1
354 165.706625 -16.0984033665533 profile1
355 165.708359 -16.2249619618595 profile1
356 165.710093 -16.3687815769851 profile1
357 165.711827 -16.5295817021631 profile1
358 165.713561 -16.7332772109033 profile1
359 165.715295 -17.0119794894826 profile1
360 165.717029 -17.3688958432387 profile1
361 165.718763 -17.8035990062271 profile1
362 165.720497 -18.3081216379081 profile1
363 165.722231 -18.8663202565622 profile1
364 165.723965 -19.4424609069559 profile1
365 165.725699 -19.5559098365283 profile1
366 165.802549 -19.5888107778311 profile1
367 165.85132 -19.5806018382412 profile1
368 165.858793 -19.5567917604781 profile1
369 165.864624 -19.5623013725124 profile1
370 165.868565 -19.579474077888 profile1
371 165.872506 -19.6089419186416 profile1
372 165.876447 -19.6511990593989 profile1
373 165.880388 -19.7065682919304 profile1
374 165.884329 -19.7639434000556 profile1
375 165.88827 -19.8338553135769 profile1
376 165.892211 -19.9135229445456 profile1
377 165.896152 -19.9268984743791 profile1
378 165.900093 -19.9264059867998 profile1
379 165.912941 -19.9381241463079 profile1
380 165.925276 -19.9624363348999 profile1
381 165.925359 -19.9941411385249 profile1
382 165.925441 -20.0323445149649 profile1
383 165.930685 -20.0774395934549 profile1
384 166.172164 -20.1155724206257 profile1
385 166.181382 -20.1831322350901 profile1
386 166.1906 -20.2911550151151 profile1
387 166.324274 -20.5016634613579 profile1
388 166.325217 -20.5993184503573 profile1
389 166.32602 -20.7947890919867 profile1
390 166.326823 -21.0541372327757 profile1
391 166.327627 -21.186419516494 profile1
392 166.32843 -21.2059066420673 profile1
393 166.377584 -21.2203330045425 profile1
394 166.382507 -21.2021128691168 profile1
395 166.38743 -21.1854774393934 profile1
396 166.394815 -21.1704908806458 profile1
397 166.403288 -21.08416914857 profile1
398 166.407404 -21.0201809863723 profile1
399 166.411519 -21.0723837571726 profile1
400 166.415634 -21.1831113968932 profile1
401 166.419069 -21.3559517080329 profile1
402 166.422503 -21.5922402718512 profile1
403 166.425938 -21.8906218796582 profile1
404 166.429372 -22.2468597901557 profile1
405 166.432807 -22.6539590170114 profile1
406 166.439999 -23.1026176922697 profile1
407 166.448156 -23.5819524659072 profile1
408 166.475596 -24.0335551147521 profile1
409 166.491355 -24.1385029751968 profile1
410 166.507114 -24.2795901391961 profile1
411 166.522873 -24.4412450342215 profile1
412 166.537635 -24.5055041487405 profile1
413 166.55226 -24.5144941959643 profile1
414 166.566886 -24.4933182709445 profile1
415 166.581511 -24.5732719672006 profile1
416 166.592132 -24.630502892081 profile1
417 166.599166 -24.6403469446758 profile1
418 166.606199 -24.5658395358907 profile1
419 166.613233 -24.4059019782702 profile1
420 166.62365 -24.5504174121927 profile1
421 166.754477 -24.7492391571166 profile1
422 166.783106 -24.7923636361162 profile1
423 166.802407 -24.866459805261 profile1
424 166.805057 -24.9771549781717 profile1
425 166.807706 -25.1239581876464 profile1
426 166.811338 -25.2986064520984 profile1
427 166.839967 -25.4238453202389 profile1
428 166.951357 -25.6526977802346 profile1
429 166.992184 -25.6534595071378 profile1
430 167.033011 -25.5906565172098 profile1
431 167.073838 -26.2678426770642 profile1
432 167.142758 -26.8116568138759 profile1
433 167.274124 -26.9070464549247 profile1
434 167.282638 -26.6226374060458 profile1
435 167.286179 -26.3514548873438 profile1
436 167.289719 -26.0988822261599 profile1
437 167.29326 -25.8998108560177 profile1
438 167.306473 -25.7251637555421 profile1
439 167.322761 -25.6359878061452 profile1
440 167.349466 -25.616616346223 profile1
441 167.360748 -25.6402275965939 profile1
442 167.37203 -25.6710792338251 profile1
443 167.396998 -25.7099487062034 profile1
444 167.523201 -26.1381536781938 profile1
445 167.545144 -26.4427093900743 profile1
446 167.556235 -26.7210930359262 profile1
447 167.567326 -26.8929502905391 profile1
448 167.647654 -27.0589300110423 profile1
449 167.755373 -27.0385290280804 profile1
450 167.788738 -26.9949412973609 profile1
451 167.822104 -26.9536852600504 profile1
452 167.836721 -26.9386424774768 profile1
453 167.845502 -26.9381827190678 profile1
454 167.854284 -26.9455777878111 profile1
455 167.858563 -26.9607993780321 profile1
456 167.860327 -26.9836452570078 profile1
457 167.862092 -27.0135978349476 profile1
458 167.863857 -27.0207320935224 profile1
459 167.865622 -26.9919165079803 profile1
460 167.86764 -26.9700020591418 profile1
461 167.871511 -26.9512589833816 profile1
462 167.876871 -26.9347745932808 profile1
463 167.882232 -26.9205847270172 profile1
464 167.887593 -26.9087162375989 profile1
465 167.913375 -26.9023940930663 profile1
466 167.920966 -26.897990984483 profile1
467 167.928557 -26.8920995783289 profile1
468 168.002821 -26.8859582002841 profile1
469 168.013929 -26.8795862879255 profile1
470 168.020304 -26.8733714432969 profile1
471 168.023961 -26.8751263757972 profile1
472 168.02735 -26.882980503291 profile1
473 168.030739 -26.8649242488082 profile1
474 168.034128 -26.8144928390372 profile1
475 168.037518 -26.8094076232722 profile1
476 168.042103 -26.8037307725617 profile1
477 168.057523 -26.9320760435825 profile1
478 168.241031 -27.190485595326 profile1
479 168.273712 -27.1972435901867 profile1
480 168.276509 -27.2099074166128 profile1
481 168.279306 -27.226615096822 profile1
482 168.282103 -27.2473467312003 profile1
483 168.2849 -27.2720690003566 profile1
484 168.287697 -27.3007285800603 profile1
485 168.291368 -27.35038315207 profile1
486 168.295216 -27.4212677623432 profile1
487 168.301388 -27.5078722627256 profile1
488 168.308464 -27.5576434535773 profile1
489 168.31554 -27.7172516630439 profile1
490 168.322616 -27.9856457533382 profile1
491 168.369835 -28.1153449113738 profile1
492 168.372164 -28.1109837527929 profile1
493 168.374493 -28.1066328069101 profile1
494 168.376821 -28.1073566649289 profile1
495 162.797792 -4.17394458870482 profile2
496 162.802465 -4.06537328555789 profile2
497 162.807137 -3.98764048229349 profile2
498 162.891193 -3.88279180556084 profile2
499 162.899169 -3.38015327444794 profile2
500 162.907146 -2.98740049797136 profile2
501 162.915122 -2.8400358714088 profile2
502 162.923098 -2.7212238389469 profile2
503 162.931074 -2.60596852191612 profile2
504 162.93905 -2.49388819619709 profile2
505 162.97044 -2.45518103761766 profile2
506 162.976744 -2.41407204528821 profile2
507 162.983048 -2.40205817786392 profile2
508 162.989352 -2.41208473875728 profile2
509 162.995537 -2.2932290588905 profile2
510 162.997832 -2.05641124851796 profile2
511 163.00011 -2.02201336778565 profile2
512 163.002388 -2.0084835445941 profile2
513 163.004665 -1.9954947961954 profile2
514 163.006943 -1.98307636527907 profile2
515 163.009221 -1.97125508283573 profile2
516 163.011499 -1.96006313976653 profile2
517 163.013777 -1.94952484043693 profile2
518 163.016054 -1.94152208913723 profile2
519 163.018332 -1.93670961709876 profile2
520 163.02061 -1.9326512612845 profile2
521 163.022888 -1.92936609059383 profile2
522 163.025166 -1.92693595477776 profile2
523 163.029526 -1.9253797042267 profile2
524 163.045161 -1.92836135611405 profile2
525 163.061794 -1.93104370865145 profile2
526 163.078427 -1.91775491412751 profile2
527 163.09506 -1.91507575713516 profile2
528 163.111693 -1.93247880127707 profile2
529 163.125708 -1.94700972627472 profile2
530 163.137394 -1.31255244431694 profile2
531 163.14908 -1.66777115258656 profile2
532 163.154021 -1.62948372474872 profile2
533 163.156127 -1.59583167520698 profile2
534 163.157556 -1.5671485995016 profile2
535 163.158891 -1.54395624860276 profile2
536 163.160225 -1.5269519468352 profile2
537 163.161559 -1.51696726678476 profile2
538 163.162894 -1.51488386440711 profile2
539 163.164228 -1.52151933108683 profile2
540 163.165562 -1.53751264620218 profile2
541 163.166897 -1.56328353481175 profile2
542 163.26265 -1.4674701978581 profile2
543 163.413317 -1.58476464894284 profile2
544 163.495816 -0.383342716139283 profile2
545 163.507977 -0.168451546428112 profile2
546 163.520139 0 profile2
547 163.582672 0.132678410140278 profile2
548 164.022416 1.16848855654856 profile2
549 164.027702 0.978224834102636 profile2
550 164.032987 0.798918384409916 profile2
551 164.064248 0.61498054372025 profile2
552 164.070405 0.615507092793649 profile2
553 164.076561 0.615979365406783 profile2
554 164.255184 -0.85123553432823 profile2
555 164.291807 -0.235548241387894 profile2
556 164.314068 -0.227207053338719 profile2
557 164.325529 -0.223514397267504 profile2
558 164.336991 -0.283825434372592 profile2
559 164.348452 -0.485793038154875 profile2
560 164.60536 -0.680031095798256 profile2
561 164.617986 -0.701346965181 profile2
562 164.628884 -0.734846174627696 profile2
563 164.636687 -0.7777142057829 profile2
564 164.648869 -0.815136091254003 profile2
565 164.66892 -0.826269190359596 profile2
566 164.758936 -0.987082119291317 profile2
567 165.053217 -1.42554095681001 profile2
568 165.121823 -1.4300850669319 profile2
569 165.132678 -1.38815498828639 profile2
570 165.143532 -1.31422482193228 profile2
571 165.154046 -1.24163436245663 profile2
572 165.15722 -1.0658089311461 profile2
573 165.160395 -0.927760320303971 profile2
574 165.163569 -0.872921336458117 profile2
575 165.195982 -0.925016659025752 profile2
576 165.223558 -0.934204533137002 profile2
577 165.251135 -0.92515702172497 profile2
578 165.276843 -0.985655308514049 profile2
579 165.283031 -1.00658872459629 profile2
580 165.290201 -1.02929020737784 profile2
581 165.297626 -1.09280051894289 profile2
582 165.445995 -1.12862458850768 profile2
583 165.451594 -1.11275085334951 profile2
584 165.457194 -1.09955370857104 profile2
585 165.462793 -1.10407466624768 profile2
586 165.468393 -1.11272733877304 profile2
587 165.473992 -1.12126666222001 profile2
588 165.479592 -1.12963817821369 profile2
589 165.485905 -3.29806228519598 profile2
590 165.495439 -3.29404787311162 profile2
591 165.565236 -3.1192137671627 profile2
592 165.56991 -2.93923517024442 profile2
593 165.574583 -2.84984570973511 profile2
594 165.581587 -2.79632368228994 profile2
595 165.605467 -2.85157275065131 profile2
596 165.629348 -2.91399831077975 profile2
597 165.653228 -2.98198132439321 profile2
598 165.677109 -3.02450723779054 profile2
599 165.700989 -3.02804980499054 profile2
600 165.704891 -3.03479888064444 profile2
601 165.706625 -3.04151208891283 profile2
602 165.708359 -3.04817295779378 profile2
603 165.710093 -3.05476978698796 profile2
604 165.711827 -3.0612923756268 profile2
605 165.713561 -2.98887996691101 profile2
606 165.715295 -2.90739026895206 profile2
607 165.717029 -2.84090638706201 profile2
608 165.718763 -2.79195419639979 profile2
609 165.720497 -2.76224422384179 profile2
610 165.722231 -2.7520299686109 profile2
611 165.723965 -2.75949546236611 profile2
612 165.725699 -2.76717746456011 profile2
613 165.802549 -2.79059322592174 profile2
614 165.85132 -2.79472022664555 profile2
615 165.858793 -2.75842128524595 profile2
616 165.864624 -2.70864355466761 profile2
617 165.868565 -2.66710310465565 profile2
618 165.872506 -2.63411947064805 profile2
619 165.876447 -2.60994887021855 profile2
620 165.880388 -2.59477621283287 profile2
621 165.884329 -2.58755214814583 profile2
622 165.88827 -2.59553438940926 profile2
623 165.892211 -2.61953987421542 profile2
624 165.896152 -2.66569439808188 profile2
625 165.900093 -2.72406683476202 profile2
626 165.912941 -2.7668941392816 profile2
627 165.925276 -2.78682682802996 profile2
628 165.925359 -2.80352495738018 profile2
629 165.925441 -2.81865515494342 profile2
630 165.930685 -2.86818565374103 profile2
631 166.172164 -2.95511340330554 profile2
632 166.181382 -3.11315399179847 profile2
633 166.1906 -3.2825040070433 profile2
634 166.324274 -3.44047714325707 profile2
635 166.325217 -3.4384151479347 profile2
636 166.32602 -3.43121524767121 profile2
637 166.326823 -3.41966288945371 profile2
638 166.327627 -3.41409986277824 profile2
639 166.32843 -3.41634834430752 profile2
640 166.377584 -3.42209894525458 profile2
641 166.382507 -3.43413089610978 profile2
642 166.38743 -3.44712819554348 profile2
643 166.394815 -3.460973407128 profile2
644 166.403288 -3.47132012644576 profile2
645 166.407404 -3.48181140444501 profile2
646 166.411519 -3.49907642735117 profile2
647 166.415634 -3.52059607255469 profile2
648 166.419069 -3.5463439268883 profile2
649 166.422503 -3.5762828629213 profile2
650 166.425938 -3.61035502901935 profile2
651 166.429372 -3.64849282384333 profile2
652 166.432807 -3.69061633997818 profile2
653 166.439999 -3.73658301155045 profile2
654 166.448156 -3.78585316116127 profile2
655 166.475596 -3.81207049284573 profile2
656 166.491355 -3.77021938125477 profile2
657 166.507114 -3.72130144405601 profile2
658 166.522873 -3.67542403271677 profile2
659 166.537635 -3.66689473236317 profile2
660 166.55226 -3.66844713800241 profile2
661 166.566886 -3.61722658012614 profile2
662 166.581511 -3.61650228667711 profile2
663 166.592132 -3.63073436017076 profile2
664 166.599166 -3.6568735762888 profile2
665 166.606199 -3.68143442919086 profile2
666 166.613233 -3.6722254685795 profile2
667 166.62365 -3.62416901956195 profile2
668 166.754477 -3.88727600460202 profile2
669 166.783106 -3.93423172410728 profile2
670 166.802407 -3.98712944550411 profile2
671 166.805057 -4.04610859427205 profile2
672 166.807706 -4.11100608400815 profile2
673 166.811338 -4.18101656212185 profile2
674 166.839967 -4.2273571525125 profile2
675 166.951357 -4.18585777463308 profile2
676 166.992184 -4.18910504790535 profile2
677 167.033011 -4.1740816052274 profile2
678 167.073838 -4.90055921551358 profile2
679 167.142758 -5.52916436981443 profile2
680 167.274124 -5.88777109443813 profile2
681 167.282638 -5.98082624959636 profile2
682 167.286179 -6.09930291506589 profile2
683 167.289719 -6.24312685986892 profile2
684 167.29326 -6.40493623775864 profile2
685 167.306473 -6.5698543398899 profile2
686 167.322761 -6.61679880553397 profile2
687 167.349466 -6.62350720548389 profile2
688 167.360748 -6.61908562236528 profile2
689 167.37203 -6.61427622579936 profile2
690 167.396998 -6.60939098465988 profile2
691 167.523201 -6.79624547512486 profile2
692 167.545144 -6.80956146577319 profile2
693 167.556235 -6.8309214210913 profile2
694 167.567326 -6.84568951594762 profile2
695 167.647654 -6.85133309544575 profile2
696 167.755373 -6.85744461063994 profile2
697 167.788738 -6.86660126947936 profile2
698 167.822104 -6.87584184495857 profile2
699 167.836721 -6.88622369705798 profile2
700 167.845502 -6.89690266369869 profile2
701 167.854284 -6.90755231265439 profile2
702 167.858563 -6.91826139713839 profile2
703 167.860327 -6.92881542114302 profile2
704 167.862092 -6.93980523402688 profile2
705 167.863857 -6.95159067389961 profile2
706 167.865622 -6.96407411199316 profile2
707 167.86764 -6.97807315867396 profile2
708 167.871511 -6.99370804092778 profile2
709 167.876871 -7.01091221236062 profile2
710 167.882232 -7.02965842177288 profile2
711 167.887593 -7.04991036109883 profile2
712 167.913375 -7.06528602968634 profile2
713 167.920966 -7.06986773186614 profile2
714 167.928557 -7.07271655722174 profile2
715 168.002821 -7.06643305409135 profile2
716 168.013929 -7.03076113006114 profile2
717 168.020304 -6.99701958863769 profile2
718 168.023961 -6.95985350598617 profile2
719 168.02735 -6.92012495614846 profile2
720 168.030739 -6.83331840227642 profile2
721 168.034128 -6.45381389807981 profile2
722 168.037518 -6.43161635048714 profile2
723 168.042103 -6.41825302822611 profile2
724 168.057523 -6.5231737951797 profile2
725 168.241031 -6.55622101767453 profile2
726 168.273712 -6.56611940494553 profile2
727 168.276509 -6.57531486206594 profile2
728 168.279306 -6.58444515493647 profile2
729 168.282103 -6.59350413634282 profile2
730 168.2849 -6.60248775202668 profile2
731 168.287697 -6.61139416186985 profile2
732 168.291368 -6.67325207047634 profile2
733 168.295216 -6.76378752789205 profile2
734 168.301388 -6.8636067903035 profile2
735 168.308464 -7.10770059900112 profile2
736 168.31554 -7.63107626162269 profile2
737 168.322616 -8.39946078611737 profile2
738 168.369835 -8.74926454680708 profile2
739 168.372164 -8.75874190551057 profile2
740 168.374493 -8.76814338053113 profile2
741 168.376821 -8.77850347700296 profile2
