marker_position lod trace
1 142.490795 -14.7270945391839 pleio
2 142.517426 -14.6336616429896 pleio
3 142.560149 -14.5490443001736 pleio
4 142.602873 -14.4648681001072 pleio
5 142.64402 -14.3808934217982 pleio
6 142.685103 -14.3049232135362 pleio
7 142.726186 -14.2279393092955 pleio
8 142.767269 -14.1477443580967 pleio
9 142.808353 -14.0498874739422 pleio
10 142.849436 -13.9008824846075 pleio
11 142.876943 -13.7560749358752 pleio
12 142.880371 -13.6155213702152 pleio
13 142.883799 -13.4797048041856 pleio
14 142.904956 -13.3530202098571 pleio
15 142.989329 -13.5129300437001 pleio
16 143.073701 -13.5671990354085 pleio
17 143.155273 -13.5879219937759 pleio
18 143.159416 -13.6709183363203 pleio
19 143.163559 -13.6826676423508 pleio
20 143.167702 -13.6171521200109 pleio
21 143.171846 -13.5578338092353 pleio
22 143.175989 -13.5060289343373 pleio
23 143.180132 -13.4622772750011 pleio
24 143.240265 -13.359930492043 pleio
25 143.324863 -12.7530485838692 pleio
26 143.409462 -12.3767962592656 pleio
27 143.484637 -12.2402755070147 pleio
28 143.487347 -12.0916315233904 pleio
29 143.490056 -11.9631131730376 pleio
30 143.492766 -11.84328759397 pleio
31 143.495555 -11.7325568425021 pleio
32 143.498344 -11.6312366018242 pleio
33 143.501132 -11.5509443552502 pleio
34 143.521072 -11.4940561597156 pleio
35 143.53778 -11.4657366473695 pleio
36 143.554489 -11.3710909176305 pleio
37 143.570345 -11.2880674145093 pleio
38 143.571477 -11.2638749167241 pleio
39 143.572611 -11.3007286523547 pleio
40 143.574439 -11.3960717331265 pleio
41 143.699438 -11.5038335170302 pleio
42 143.824436 -11.329681539555 pleio
43 143.915168 -11.3891282615853 pleio
44 143.920616 -11.2485223345957 pleio
45 143.926063 -11.1220195299843 pleio
46 143.93182 -10.8872533712899 pleio
47 143.935901 -10.6295662807953 pleio
48 143.939982 -10.4408630452532 pleio
49 143.944917 -10.3297367295499 pleio
50 143.975668 -10.3002424338692 pleio
51 144.013221 -10.3032065046705 pleio
52 144.051716 -10.3178681104585 pleio
53 144.090211 -10.3219997191569 pleio
54 144.128706 -10.3133789163163 pleio
55 144.167202 -10.3060335671952 pleio
56 144.176428 -10.2994995527537 pleio
57 144.180816 -10.2933599781939 pleio
58 144.185205 -10.2880676933901 pleio
59 144.348163 -10.0707301954734 pleio
60 144.361337 -9.97322484608273 pleio
61 144.363468 -9.91696342885606 pleio
62 144.365599 -9.92020614253483 pleio
63 144.367577 -9.81419734779386 pleio
64 144.375504 -9.58701815077448 pleio
65 144.385418 -9.38709742691862 pleio
66 144.395332 -9.21647820822081 pleio
67 144.407236 -9.15089088793563 pleio
68 144.411293 -9.13751023364568 pleio
69 144.415349 -9.12628438912596 pleio
70 144.419405 -9.11720497237374 pleio
71 144.423461 -9.11026758827719 pleio
72 144.427517 -9.11134648202155 pleio
73 144.431573 -9.12035447983948 pleio
74 144.437408 -9.13062105718956 pleio
75 144.440911 -9.09715703890979 pleio
76 144.442944 -9.06596758865569 pleio
77 144.444976 -9.0012585048458 pleio
78 144.447008 -8.91516036462373 pleio
79 144.44904 -8.83983994561474 pleio
80 144.454745 -8.80537009941313 pleio
81 144.498681 -8.77951141932087 pleio
82 144.558267 -8.77095689248739 pleio
83 144.587405 -8.84558492452465 pleio
84 144.587686 -8.97171938552614 pleio
85 144.587968 -9.11195305814018 pleio
86 144.617027 -9.21070487392583 pleio
87 144.705848 -9.17231819123701 pleio
88 144.716797 -9.15030632251601 pleio
89 144.727745 -9.04483720073232 pleio
90 144.897381 -9.05227820899331 pleio
91 144.903395 -9.08230989972997 pleio
92 144.909409 -9.11878738557345 pleio
93 144.916914 -9.16160607582807 pleio
94 144.947844 -9.18873468921816 pleio
95 144.978774 -9.21775045498053 pleio
96 145.106694 -8.84967647732142 pleio
97 145.224788 -8.62500316349188 pleio
98 145.342881 -8.52522790377507 pleio
99 145.729503 -8.2110242019272 pleio
100 145.916546 -8.3703684990162 pleio
101 146.10359 -8.46688956993396 pleio
102 146.240909 -8.36815474804562 pleio
103 146.283615 -8.45470092239989 pleio
104 146.304543 -8.22400800559839 pleio
105 146.314537 -8.00465581278827 pleio
106 146.319976 -7.79804795583906 pleio
107 146.322338 -7.60546401537143 pleio
108 146.3247 -7.42802325817795 pleio
109 146.327062 -7.26665041410408 pleio
110 146.329424 -7.12205030680738 pleio
111 146.331786 -6.99469418250361 pleio
112 146.334148 -6.88481212103168 pleio
113 146.33651 -6.80252212828175 pleio
114 146.643419 -6.40426653071835 pleio
115 146.654632 -6.30095750380724 pleio
116 146.665844 -6.22344283846834 pleio
117 146.677056 -6.13681498362286 pleio
118 146.688269 -5.71058871647513 pleio
119 146.69133 -5.1384086912518 pleio
120 146.694026 -4.5663146226778 pleio
121 146.696722 -4.02554921021536 pleio
122 146.699418 -3.54926667422826 pleio
123 146.702114 -3.16215997208653 pleio
124 146.70481 -3.02621651560778 pleio
125 146.707507 -2.95376016291744 pleio
126 146.710838 -2.89536946722674 pleio
127 146.716274 -2.85118922661437 pleio
128 146.72171 -2.82119200531423 pleio
129 146.727146 -2.80518324505215 pleio
130 146.734615 -2.809088581043 pleio
131 146.80381 -2.8222745129044 pleio
132 146.862885 -2.32588525166663 pleio
133 146.863965 -1.60904194753797 pleio
134 146.865044 -0.994990762065998 pleio
135 146.87452 -0.503344811093669 pleio
136 146.889753 -0.172800911289151 pleio
137 146.904986 -0.0289864833106884 pleio
138 147.064187 0 pleio
139 147.069549 -0.229246562064534 pleio
140 147.074911 -0.444711212577289 pleio
141 147.080273 -0.63125627221732 pleio
142 147.089309 -0.913317606407591 pleio
143 147.114764 -1.27698418099555 pleio
144 147.137425 -1.3640783235262 pleio
145 147.157965 -1.31767108693812 pleio
146 147.178504 -1.29370908215798 pleio
147 147.221814 -2.72595237802519 pleio
148 147.253583 -4.67224550745444 pleio
149 147.272554 -4.67443391318622 pleio
150 147.275576 -4.68656523729465 pleio
151 147.278599 -4.77645546207613 pleio
152 147.281622 -5.09148691406441 pleio
153 147.284644 -5.44608155583359 pleio
154 147.286194 -5.83496940448657 pleio
155 147.286753 -6.25178557510518 pleio
156 147.287312 -6.68948619748648 pleio
157 147.287872 -7.14080091723724 pleio
158 147.290648 -7.57065841349184 pleio
159 147.299484 -7.98326638050327 pleio
160 147.327447 -9.13139992464693 pleio
161 147.35561 -9.18189142904487 pleio
162 147.383773 -9.20501130472181 pleio
163 147.397845 -9.25239938577121 pleio
164 147.402328 -9.302967729861 pleio
165 147.406811 -9.35672435039055 pleio
166 147.411546 -9.41490651731239 pleio
167 147.442387 -9.4782567183759 pleio
168 147.535843 -9.49770579355853 pleio
169 147.551736 -9.59137888107069 pleio
170 147.555599 -9.80620397166028 pleio
171 147.559461 -9.99840805499786 pleio
172 147.563362 -10.200284430791 pleio
173 147.583398 -10.2822221139366 pleio
174 147.602453 -10.4565741773078 pleio
175 147.621507 -10.6770895546814 pleio
176 147.682611 -10.743999912434 pleio
177 147.68996 -10.7780742282509 pleio
178 147.695588 -10.8304330891921 pleio
179 147.701215 -10.8892148300211 pleio
180 147.706843 -10.895411896863 pleio
181 147.719435 -10.8998963235094 pleio
182 147.737975 -10.9552375969387 pleio
183 147.751499 -11.0002850262339 pleio
184 147.760277 -11.070467534046 pleio
185 147.769056 -11.1519285550858 pleio
186 147.777834 -11.2367388508307 pleio
187 147.786613 -11.1969778484707 pleio
188 147.795391 -11.0065822783285 pleio
189 147.816836 -10.8056152924768 pleio
190 147.850698 -10.8211389767086 pleio
191 147.88456 -10.9265684109845 pleio
192 147.914702 -11.2623003392254 pleio
193 147.91491 -11.360309953995 pleio
194 147.915116 -11.4592847988734 pleio
195 147.915322 -11.5591179695473 pleio
196 147.915527 -11.6598417030622 pleio
197 147.915733 -11.761603143842 pleio
198 147.916803 -11.863203529075 pleio
199 147.923623 -11.9451521504991 pleio
200 147.930444 -12.0192587024645 pleio
201 147.937264 -12.0939986596703 pleio
202 147.944084 -12.1460996185382 pleio
203 147.949324 -12.2137335430541 pleio
204 147.953121 -12.2468311954336 pleio
205 147.956917 -12.274192503697 pleio
206 147.960714 -12.337059401 pleio
207 147.964511 -12.4355438671089 pleio
208 147.968307 -12.5506903385515 pleio
209 147.973733 -12.6739343542922 pleio
210 147.982072 -12.7690240318417 pleio
211 147.982175 -12.7942885246481 pleio
212 147.982278 -12.8248936375259 pleio
213 147.986316 -12.9016357013342 pleio
214 147.986987 -13.1350548597514 pleio
215 147.987657 -13.394301300656 pleio
216 147.988327 -13.6709314472607 pleio
217 147.988998 -13.9573722559021 pleio
218 147.989668 -14.2456918854801 pleio
219 148.006053 -14.5195512927574 pleio
220 148.013144 -14.5906138687625 pleio
221 148.020236 -14.6666220605499 pleio
222 148.027327 -14.7470199063552 pleio
223 148.033269 -14.8312641669425 pleio
224 148.037078 -14.918842253807 pleio
225 148.040918 -15.001719038825 pleio
226 148.046494 -15.1102079842702 pleio
227 148.05207 -15.1727428914563 pleio
228 148.180347 -15.2108242726645 pleio
229 148.183086 -15.3053003915149 pleio
230 148.185825 -15.4002154181975 pleio
231 148.188563 -15.4935723954923 pleio
232 148.191302 -15.5147609781952 pleio
233 148.194041 -15.5313045529525 pleio
234 148.19678 -15.53685890599 pleio
235 148.200032 -15.5295610425546 pleio
236 148.204884 -15.527000774935 pleio
237 148.213021 -15.5375185104889 pleio
238 148.213171 -15.6165275278205 pleio
239 148.213321 -15.708940022143 pleio
240 148.326473 -15.7784670668115 pleio
241 148.333368 -15.6418022615449 pleio
242 148.340263 -15.5735173133436 pleio
243 148.347157 -15.4982670866866 pleio
244 148.354052 -15.4018790521773 pleio
245 148.362946 -15.3055577773224 pleio
246 148.380016 -15.2245434394411 pleio
247 148.403283 -15.2114826995743 pleio
248 148.42655 -15.2279057135846 pleio
249 148.430037 -15.3135237513795 pleio
250 148.4319 -15.4030214454589 pleio
251 148.433763 -15.4957611367573 pleio
252 148.435626 -15.9896123213092 pleio
253 148.437489 -16.4854083542909 pleio
254 148.439352 -16.5795370911334 pleio
255 148.441214 -16.5352506933604 pleio
256 148.443077 -16.494342551317 pleio
257 148.44494 -16.4581545597997 pleio
258 148.446803 -16.4279935733586 pleio
259 148.453459 -16.4302030256414 pleio
260 148.477993 -16.46171827423 pleio
261 148.493526 -16.4820179138999 pleio
262 148.493644 -16.5011956172554 pleio
263 148.493762 -16.5202658629485 pleio
264 148.502187 -16.3261111894875 pleio
265 148.624196 -16.1776237230143 pleio
266 148.648833 -16.0142756922673 pleio
267 148.673469 -16.4175567568846 pleio
268 148.812084 -15.9462557552472 pleio
269 148.815025 -15.9854885990874 pleio
270 142.490795 -7.76692848874823 profile1
271 142.517426 -7.73138782463056 profile1
272 142.560149 -7.70740525752289 profile1
273 142.602873 -7.68361226193946 profile1
274 142.64402 -7.6599025600273 profile1
275 142.685103 -7.68346802222933 profile1
276 142.726186 -7.67543001668713 profile1
277 142.767269 -7.65332076596868 profile1
278 142.808353 -7.61038312935542 profile1
279 142.849436 -7.50768784796233 profile1
280 142.876943 -7.40661907397635 profile1
281 142.880371 -7.30761112200935 profile1
282 142.883799 -7.21114288199376 profile1
283 142.904956 -7.1229602081774 profile1
284 142.989329 -7.21997966687992 profile1
285 143.073701 -7.30122870895887 profile1
286 143.155273 -7.31761417971197 profile1
287 143.159416 -7.37927532957726 profile1
288 143.163559 -7.42122446392432 profile1
289 143.167702 -7.42640862393606 profile1
290 143.171846 -7.43074198810294 profile1
291 143.175989 -7.43357600097584 profile1
292 143.180132 -7.43454786017404 profile1
293 143.240265 -7.40000214324768 profile1
294 143.324863 -6.85276214024383 profile1
295 143.409462 -6.61094196255941 profile1
296 143.484637 -6.57723643065622 profile1
297 143.487347 -6.52384511821958 profile1
298 143.490056 -6.44138901658357 profile1
299 143.492766 -6.36536575928647 profile1
300 143.495555 -6.2961484362082 profile1
301 143.498344 -6.23403266786503 profile1
302 143.501132 -6.1790627149204 profile1
303 143.521072 -6.12153191889428 profile1
304 143.53778 -6.05978174500014 profile1
305 143.554489 -5.90981425084059 profile1
306 143.570345 -5.73567837965239 profile1
307 143.571477 -5.58663737359696 profile1
308 143.572611 -5.46858484104265 profile1
309 143.574439 -5.38582215163625 profile1
310 143.699438 -5.47479856614473 profile1
311 143.824436 -5.53770042806245 profile1
312 143.915168 -5.77551864256427 profile1
313 143.920616 -5.61019263515882 profile1
314 143.926063 -5.45131922845817 profile1
315 143.93182 -5.28290528877427 profile1
316 143.935901 -5.11396078462761 profile1
317 143.939982 -4.98506728427357 profile1
318 143.944917 -4.90266010321219 profile1
319 143.975668 -4.87038278031105 profile1
320 144.013221 -4.85959876851009 profile1
321 144.051716 -4.85471017087954 profile1
322 144.090211 -4.8442967639182 profile1
323 144.128706 -4.83503421161834 profile1
324 144.167202 -4.82626549731804 profile1
325 144.176428 -4.81793324693987 profile1
326 144.180816 -4.80999561620579 profile1
327 144.185205 -4.80327131593911 profile1
328 144.348163 -4.82111587143824 profile1
329 144.361337 -5.08152378698067 profile1
330 144.363468 -5.13792902633476 profile1
331 144.365599 -5.23789518192643 profile1
332 144.367577 -5.20233006655979 profile1
333 144.375504 -5.0167492700411 profile1
334 144.385418 -4.82612387045111 profile1
335 144.395332 -4.6354950453111 profile1
336 144.407236 -4.55933857165094 profile1
337 144.411293 -4.55151107150108 profile1
338 144.415349 -4.54584807419868 profile1
339 144.419405 -4.54234500362467 profile1
340 144.423461 -4.54100003114586 profile1
341 144.427517 -4.52826756972265 profile1
342 144.431573 -4.51709340314346 profile1
343 144.437408 -4.50953287911305 profile1
344 144.440911 -4.48884223145655 profile1
345 144.442944 -4.46991956789501 profile1
346 144.444976 -4.436947102197 profile1
347 144.447008 -4.39479856229345 profile1
348 144.44904 -4.35732401606504 profile1
349 144.454745 -4.34182016932682 profile1
350 144.498681 -4.32887544647744 profile1
351 144.558267 -4.32536027056211 profile1
352 144.587405 -4.38302624940919 profile1
353 144.587686 -4.47982054758836 profile1
354 144.587968 -4.59034269875075 profile1
355 144.617027 -4.67105832371816 profile1
356 144.705848 -4.79559299819096 profile1
357 144.716797 -4.94378370833734 profile1
358 144.727745 -5.02272668563733 profile1
359 144.897381 -5.04914689667186 profile1
360 144.903395 -5.05901368772351 profile1
361 144.909409 -5.07095788073096 profile1
362 144.916914 -5.08496159132099 profile1
363 144.947844 -5.08518503952354 profile1
364 144.978774 -5.08545272984407 profile1
365 145.106694 -4.69805196697443 profile1
366 145.224788 -4.29783376311631 profile1
367 145.342881 -4.25880396659996 profile1
368 145.729503 -3.3097970059539 profile1
369 145.916546 -3.36767713849506 profile1
370 146.10359 -3.50427376717543 profile1
371 146.240909 -3.42441999189132 profile1
372 146.283615 -3.40681657622789 profile1
373 146.304543 -3.25161927609232 profile1
374 146.314537 -3.10464120120049 profile1
375 146.319976 -2.9667647504083 profile1
376 146.322338 -2.83879063123669 profile1
377 146.3247 -2.7214156196522 profile1
378 146.327062 -2.61521370248687 profile1
379 146.329424 -2.52062176164824 profile1
380 146.331786 -2.4379308555169 profile1
381 146.334148 -2.36728346467214 profile1
382 146.33651 -2.27415797388297 profile1
383 146.643419 -1.84257854284586 profile1
384 146.654632 -1.73325058907699 profile1
385 146.665844 -1.64215415995879 profile1
386 146.677056 -1.5610353375726 profile1
387 146.688269 -1.40716005680039 profile1
388 146.69133 -1.23215208484024 profile1
389 146.694026 -1.05992277880405 profile1
390 146.696722 -0.891799091523296 profile1
391 146.699418 -0.729734012020823 profile1
392 146.702114 -0.576007778155393 profile1
393 146.70481 -0.537105759655506 profile1
394 146.707507 -0.530159370062643 profile1
395 146.710838 -0.52645609324398 profile1
396 146.716274 -0.525930331053449 profile1
397 146.72171 -0.528497042635852 profile1
398 146.727146 -0.534053694789966 profile1
399 146.734615 -0.54091305346768 profile1
400 146.80381 -0.546244711683122 profile1
401 146.862885 -0.407460738007299 profile1
402 146.863965 -0.240594483198716 profile1
403 146.865044 -0.116868185470367 profile1
404 146.87452 -0.0363389824705141 profile1
405 146.889753 0.00346084343754572 profile1
406 146.904986 -0.0115094108597834 profile1
407 147.064187 0 profile1
408 147.069549 -0.0376259880090097 profile1
409 147.074911 -0.0850693919234277 profile1
410 147.080273 -0.145948205769085 profile1
411 147.089309 -0.213543774733644 profile1
412 147.114764 -0.283293911222159 profile1
413 147.137425 -0.298445555879879 profile1
414 147.157965 -0.247751120033089 profile1
415 147.178504 -0.222202060018714 profile1
416 147.221814 -0.999406448923356 profile1
417 147.253583 -2.08742989633473 profile1
418 147.272554 -2.01799716954638 profile1
419 147.275576 -2.00110213435989 profile1
420 147.278599 -2.03648998857065 profile1
421 147.281622 -2.21207280371468 profile1
422 147.284644 -2.41319815635588 profile1
423 147.286194 -2.63749079679477 profile1
424 147.286753 -2.88178107758613 profile1
425 147.287312 -3.14232585797436 profile1
426 147.287872 -3.41506821812833 profile1
427 147.290648 -3.69229822135117 profile1
428 147.299484 -3.97664940182779 profile1
429 147.327447 -4.18657733994973 profile1
430 147.35561 -4.22857676245655 profile1
431 147.383773 -4.30006479045457 profile1
432 147.397845 -4.32463434476619 profile1
433 147.402328 -4.35042168132174 profile1
434 147.406811 -4.37760997014836 profile1
435 147.411546 -4.40711386370909 profile1
436 147.442387 -4.43957217357105 profile1
437 147.535843 -4.44942168116962 profile1
438 147.551736 -4.53215255956951 profile1
439 147.555599 -4.69515614343748 profile1
440 147.559461 -4.84168825195767 profile1
441 147.563362 -4.98956411023887 profile1
442 147.583398 -4.96063875258924 profile1
443 147.602453 -5.05309970250702 profile1
444 147.621507 -5.19372556375107 profile1
445 147.682611 -5.23627504493126 profile1
446 147.68996 -5.25441276701565 profile1
447 147.695588 -5.27738320580046 profile1
448 147.701215 -5.30369413807001 profile1
449 147.706843 -5.37497864139908 profile1
450 147.719435 -5.49383055850435 profile1
451 147.737975 -5.54170265995422 profile1
452 147.751499 -5.5668539825487 profile1
453 147.760277 -5.60841792643988 profile1
454 147.769056 -5.65575166635334 profile1
455 147.777834 -5.70526707796499 profile1
456 147.786613 -5.71866596998668 profile1
457 147.795391 -5.71342818468047 profile1
458 147.816836 -5.61250980934238 profile1
459 147.850698 -5.5798026417174 profile1
460 147.88456 -5.62356000558072 profile1
461 147.914702 -5.91882492979238 profile1
462 147.91491 -5.9927306419831 profile1
463 147.915116 -6.07024446251021 profile1
464 147.915322 -6.15116784557098 profile1
465 147.915527 -6.23530445945162 profile1
466 147.915733 -6.32245717418108 profile1
467 147.916803 -6.41002607019513 profile1
468 147.923623 -6.46220340829653 profile1
469 147.930444 -6.50689447473381 profile1
470 147.937264 -6.55174019608671 profile1
471 147.944084 -6.54636411700296 profile1
472 147.949324 -6.54143447965234 profile1
473 147.953121 -6.53958051662224 profile1
474 147.956917 -6.54555489309634 profile1
475 147.960714 -6.56990020707487 profile1
476 147.964511 -6.6139125827332 profile1
477 147.968307 -6.66698146620728 profile1
478 147.973733 -6.72083900558621 profile1
479 147.982072 -6.7550342382689 profile1
480 147.982175 -6.74424563635688 profile1
481 147.982278 -6.73758124544605 profile1
482 147.986316 -6.77058118949516 profile1
483 147.986987 -6.93374106863002 profile1
484 147.987657 -7.11029539477618 profile1
485 147.988327 -7.29431599102914 profile1
486 147.988998 -7.48122930748319 profile1
487 147.989668 -7.682041954303 profile1
488 148.006053 -7.92737651430878 profile1
489 148.013144 -7.9759681215883 profile1
490 148.020236 -8.02921177044033 profile1
491 148.027327 -8.08695544702821 profile1
492 148.033269 -8.14901448210783 profile1
493 148.037078 -8.21516513845064 profile1
494 148.040918 -8.28703680854189 profile1
495 148.046494 -8.37202861981216 profile1
496 148.05207 -8.40698274885548 profile1
497 148.180347 -8.40970212167042 profile1
498 148.183086 -8.45859928131546 profile1
499 148.185825 -8.50941728874006 profile1
500 148.188563 -8.56109258844222 profile1
501 148.191302 -8.57977776967717 profile1
502 148.194041 -8.59757278394341 profile1
503 148.19678 -8.59744804614853 profile1
504 148.200032 -8.56869793953228 profile1
505 148.204884 -8.54463825856426 profile1
506 148.213021 -8.53056959046135 profile1
507 148.213171 -8.5675436557997 profile1
508 148.213321 -8.62370859649682 profile1
509 148.326473 -8.66758000234439 profile1
510 148.333368 -8.53001195286942 profile1
511 148.340263 -8.47252525971651 profile1
512 148.347157 -8.42877645935527 profile1
513 148.354052 -8.40076739567368 profile1
514 148.362946 -8.37380149156462 profile1
515 148.380016 -8.34961861058538 profile1
516 148.403283 -8.34131524449821 profile1
517 148.42655 -8.3463507134949 profile1
518 148.430037 -8.43593830425245 profile1
519 148.4319 -8.52871556508014 profile1
520 148.433763 -8.62399324516984 profile1
521 148.435626 -8.8411213773742 profile1
522 148.437489 -9.12220197815155 profile1
523 148.439352 -9.1990613964055 profile1
524 148.441214 -9.17852948008597 profile1
525 148.443077 -9.15918708615878 profile1
526 148.44494 -9.14114192536238 profile1
527 148.446803 -9.12490520595093 profile1
528 148.453459 -9.12662913580846 profile1
529 148.477993 -9.14686344200627 profile1
530 148.493526 -9.16731765482499 profile1
531 148.493644 -9.18784510216464 profile1
532 148.493762 -9.20826658870942 profile1
533 148.502187 -9.13186640987015 profile1
534 148.624196 -8.99812778098249 profile1
535 148.648833 -8.97867639646367 profile1
536 148.673469 -8.89929144283613 profile1
537 148.812084 -8.48862956794615 profile1
538 148.815025 -8.53089805092626 profile1
539 142.490795 -6.93310555650992 profile2
540 142.517426 -6.87543840738701 profile2
541 142.560149 -6.81504103008514 profile2
542 142.602873 -6.75488938466898 profile2
543 142.64402 -6.69485025716765 profile2
544 142.685103 -6.59484828654758 profile2
545 142.726186 -6.52593877692757 profile2
546 142.767269 -6.46805812970371 profile2
547 142.808353 -6.41330372741575 profile2
548 142.849436 -6.36705683933899 profile2
549 142.876943 -6.32338971519223 profile2
550 142.880371 -6.28192269014478 profile2
551 142.883799 -6.24266073340387 profile2
552 142.904956 -6.20425786644192 profile2
553 142.989329 -6.26625252496953 profile2
554 143.073701 -6.23918004350929 profile2
555 143.155273 -6.24470486504922 profile2
556 143.159416 -6.267829085245 profile2
557 143.163559 -6.23839492274745 profile2
558 143.167702 -6.16761036971047 profile2
559 143.171846 -6.10382897805021 profile2
560 143.175989 -6.0490285826858 profile2
561 143.180132 -6.00412663344918 profile2
562 143.240265 -5.93591141267595 profile2
563 143.324863 -5.8744828253624 profile2
564 143.409462 -5.73917054101716 profile2
565 143.484637 -5.63625296658976 profile2
566 143.487347 -5.540931217013 profile2
567 143.490056 -5.49471890761449 profile2
568 143.492766 -5.4507451375727 profile2
569 143.495555 -5.40904072994098 profile2
570 143.498344 -5.36962781464903 profile2
571 143.501132 -5.34417610649039 profile2
572 143.521072 -5.34484966569301 profile2
573 143.53778 -5.3783159262685 profile2
574 143.554489 -5.4332479159618 profile2
575 143.570345 -5.52389799041208 profile2
576 143.571477 -5.64848912062263 profile2
577 143.572611 -5.80338643158093 profile2
578 143.574439 -5.98174505419359 profile2
579 143.699438 -6.00160236844268 profile2
580 143.824436 -5.7643141272389 profile2
581 143.915168 -5.58641518577402 profile2
582 143.920616 -5.61117829931893 profile2
583 143.926063 -5.64364151255656 profile2
584 143.93182 -5.57842012021288 profile2
585 143.935901 -5.49069469951544 profile2
586 143.939982 -5.43209533238374 profile2
587 143.944917 -5.40471344006655 profile2
588 143.975668 -5.40887558141485 profile2
589 144.013221 -5.42323103745216 profile2
590 144.051716 -5.44312712541962 profile2
591 144.090211 -5.45769162584436 profile2
592 144.128706 -5.45834004349448 profile2
593 144.167202 -5.45976737474201 profile2
594 144.176428 -5.46156787097414 profile2
595 144.180816 -5.46336720268188 profile2
596 144.185205 -5.46480061508687 profile2
597 144.348163 -5.2280641538113 profile2
598 144.361337 -4.86752451346399 profile2
599 144.363468 -4.75364559859191 profile2
600 144.365599 -4.6556601817944 profile2
601 144.367577 -4.58402900276238 profile2
602 144.375504 -4.54103830603085 profile2
603 144.385418 -4.53053192595097 profile2
604 144.395332 -4.54954027382258 profile2
605 144.407236 -4.55967607325124 profile2
606 144.411293 -4.55394029176282 profile2
607 144.415349 -4.54819865916409 profile2
608 144.419405 -4.54244601379747 profile2
609 144.423461 -4.53667843587667 profile2
610 144.427517 -4.55056487778144 profile2
611 144.431573 -4.5708390367943 profile2
612 144.437408 -4.58868579589618 profile2
613 144.440911 -4.57578683721174 profile2
614 144.442944 -4.56339901917284 profile2
615 144.444976 -4.53159670390599 profile2
616 144.447008 -4.48764139883196 profile2
617 144.44904 -4.44981117559531 profile2
618 144.454745 -4.43096061930909 profile2
619 144.498681 -4.41818106838017 profile2
620 144.558267 -4.41325147097365 profile2
621 144.587405 -4.42993924970625 profile2
622 144.587686 -4.45889788828144 profile2
623 144.587968 -4.48831488850829 profile2
624 144.617027 -4.50620666701022 profile2
625 144.705848 -4.34275102630561 profile2
626 144.716797 -4.17195133806664 profile2
627 144.727745 -3.98671665125218 profile2
628 144.897381 -3.96762179401316 profile2
629 144.903395 -3.98785367461396 profile2
630 144.909409 -4.0124425940013 profile2
631 144.916914 -4.04130170324482 profile2
632 144.947844 -4.06822095631422 profile2
633 144.978774 -4.09694923325 profile2
634 145.106694 -4.11773116478052 profile2
635 145.224788 -4.29302043189134 profile2
636 145.342881 -4.2324421408771 profile2
637 145.729503 -4.86590391833825 profile2
638 145.916546 -4.96827713919662 profile2
639 146.10359 -4.92828145214536 profile2
640 146.240909 -4.90963889851533 profile2
641 146.283615 -5.01602907478865 profile2
642 146.304543 -4.94201112753349 profile2
643 146.314537 -4.87106147831119 profile2
644 146.319976 -4.80368612924626 profile2
645 146.322338 -4.74034968557811 profile2
646 146.3247 -4.68146180653935 profile2
647 146.327062 -4.62736228197259 profile2
648 146.329424 -4.57831033669102 profile2
649 146.331786 -4.53447991820789 profile2
650 146.334148 -4.49595498497875 profile2
651 146.33651 -4.5086716144944 profile2
652 146.643419 -4.54380959584019 profile2
653 146.654632 -4.55020873512291 profile2
654 146.665844 -4.56409069086413 profile2
655 146.677056 -4.55886686971146 profile2
656 146.688269 -4.28818883205137 profile2
657 146.69133 -3.89322799519843 profile2
658 146.694026 -3.49536235022292 profile2
659 146.696722 -3.12440639525055 profile2
660 146.699418 -2.81148768264584 profile2
661 146.702114 -2.57899991229985 profile2
662 146.70481 -2.48266141806826 profile2
663 146.707507 -2.41779450831939 profile2
664 146.710838 -2.36366675577818 profile2
665 146.716274 -2.32048588338183 profile2
666 146.72171 -2.28830793321728 profile2
667 146.727146 -2.26704042997888 profile2
668 146.734615 -2.26429601474813 profile2
669 146.80381 -2.27214195472755 profile2
670 146.862885 -1.91491465917039 profile2
671 146.863965 -1.36511359795781 profile2
672 146.865044 -0.87482117908851 profile2
673 146.87452 -0.463678331652364 profile2
674 146.889753 -0.172800911289151 profile2
675 146.904986 -0.0139101698332137 profile2
676 147.064187 0.00346084343754572 profile2
677 147.069549 -0.188062502716703 profile2
678 147.074911 -0.355843193840532 profile2
679 147.080273 -0.480703401926666 profile2
680 147.089309 -0.693709896932471 profile2
681 147.114764 -0.985617592388575 profile2
682 147.137425 -1.057056511555 profile2
683 147.157965 -1.0609447620389 profile2
684 147.178504 -1.06174133885147 profile2
685 147.221814 -1.71861005492229 profile2
686 147.253583 -2.5813268757678 profile2
687 147.272554 -2.65318844933668 profile2
688 147.275576 -2.68268031315048 profile2
689 147.278599 -2.73768664386905 profile2
690 147.281622 -2.8771741831458 profile2
691 147.284644 -3.03064693121437 profile2
692 147.286194 -3.19519917629563 profile2
693 147.286753 -3.36762384223473 profile2
694 147.287312 -3.54460887344505 profile2
695 147.287872 -3.72293138201544 profile2
696 147.290648 -3.87528490155481 profile2
697 147.299484 -4.00326953060774 profile2
698 147.327447 -4.94703289380019 profile2
699 147.35561 -4.95544426208674 profile2
700 147.383773 -4.90675911395556 profile2
701 147.397845 -4.92957937046538 profile2
702 147.402328 -4.95438196919637 profile2
703 147.406811 -4.98099126234139 profile2
704 147.411546 -5.00973324941072 profile2
705 147.442387 -5.04071045670293 profile2
706 147.535843 -5.05031232767554 profile2
707 147.551736 -5.06038738018806 profile2
708 147.555599 -5.11103299298852 profile2
709 147.559461 -5.15494957490404 profile2
710 147.563362 -5.20669696645257 profile2
711 147.583398 -5.31344745770387 profile2
712 147.602453 -5.39147627157138 profile2
713 147.621507 -5.46775040719191 profile2
714 147.682611 -5.49138686551839 profile2
715 147.68996 -5.50720670598376 profile2
716 147.695588 -5.53635399673542 profile2
717 147.701215 -5.56857712618605 profile2
718 147.706843 -5.50317401167843 profile2
719 147.719435 -5.3887275508121 profile2
720 147.737975 -5.39594840787807 profile2
721 147.751499 -5.41572443150151 profile2
722 147.760277 -5.44420434906681 profile2
723 147.769056 -5.47818961015118 profile2
724 147.777834 -5.51334057786341 profile2
725 147.786613 -5.46198108675472 profile2
726 147.795391 -5.28152461221994 profile2
727 147.816836 -5.18472803484226 profile2
728 147.850698 -5.23525607395576 profile2
729 147.88456 -5.29913277150049 profile2
730 147.914702 -5.33889053006677 profile2
731 147.91491 -5.36291386723347 profile2
732 147.915116 -5.38432644557682 profile2
733 147.915322 -5.40321626009784 profile2
734 147.915527 -5.41980655274477 profile2
735 147.915733 -5.43443499156855 profile2
736 147.916803 -5.44849350311947 profile2
737 147.923623 -5.47825967725292 profile2
738 147.930444 -5.50763094594418 profile2
739 147.937264 -5.53747361587762 profile2
740 147.944084 -5.59520772671049 profile2
741 147.949324 -5.66822318380838 profile2
742 147.953121 -5.70376670469131 profile2
743 147.956917 -5.72601084433384 profile2
744 147.960714 -5.7656201203487 profile2
745 147.964511 -5.82133609820049 profile2
746 147.968307 -5.88356987877043 profile2
747 147.973733 -5.95246124888993 profile2
748 147.982072 -6.01277219480392 profile2
749 147.982175 -6.04869130885144 profile2
750 147.982278 -6.08584571129792 profile2
751 147.986316 -6.12970803559892 profile2
752 147.986987 -6.20087144271052 profile2
753 147.987657 -6.28455646917434 profile2
754 147.988327 -6.37819758576834 profile2
755 147.988998 -6.47872565913247 profile2
756 147.989668 -6.56694985767646 profile2
757 148.006053 -6.59539513730658 profile2
758 148.013144 -6.6181435964915 profile2
759 148.020236 -6.64116485902343 profile2
760 148.027327 -6.66404683914356 profile2
761 148.033269 -6.68642244599729 profile2
762 148.037078 -6.70799435650898 profile2
763 148.040918 -6.7186243796397 profile2
764 148.046494 -6.7429943886792 profile2
765 148.05207 -6.77107578242826 profile2
766 148.180347 -6.80634462003551 profile2
767 148.183086 -6.85158578893518 profile2
768 148.185825 -6.89533677510385 profile2
769 148.188563 -6.93667251858657 profile2
770 148.191302 -6.93901933699526 profile2
771 148.194041 -6.93752694953245 profile2
772 148.19678 -6.94299767377703 profile2
773 148.200032 -6.96439414949696 profile2
774 148.204884 -6.98580901412931 profile2
775 148.213021 -7.01041803124203 profile2
776 148.213171 -7.05342232306403 profile2
777 148.213321 -7.09056133874421 profile2
778 148.326473 -7.11689342384223 profile2
779 148.333368 -7.11735208037791 profile2
780 148.340263 -7.10588339236102 profile2
781 148.347157 -7.07382709453746 profile2
782 148.354052 -7.00519606549283 profile2
783 148.362946 -6.93554837548758 profile2
784 148.380016 -6.87832642750301 profile2
785 148.403283 -6.8732187584714 profile2
786 148.42655 -6.8841623368316 profile2
787 148.430037 -6.87964343233067 profile2
788 148.4319 -6.87578890385637 profile2
789 148.433763 -6.87265210562937 profile2
790 148.435626 -7.14835512839937 profile2
791 148.437489 -7.36067182601725 profile2
792 148.439352 -7.37662350049835 profile2
793 148.441214 -7.35221232852824 profile2
794 148.443077 -7.32995777121401 profile2
795 148.44494 -7.3111035924476 profile2
796 148.446803 -7.29645120592544 profile2
797 148.453459 -7.29624583076629 profile2
798 148.477993 -7.30689630614701 profile2
799 148.493526 -7.30616143798273 profile2
800 148.493644 -7.30422321701674 profile2
801 148.493762 -7.30227211969538 profile2
802 148.502187 -7.18361111045529 profile2
803 148.624196 -7.1690727651211 profile2
804 148.648833 -7.02323896306972 profile2
805 148.673469 -7.49832142919103 profile2
806 148.812084 -7.43928550958996 profile2
807 148.815025 -7.43595760293307 profile2
