marker_position lod trace
1 40.751751 -13.8148414744855 pleio
2 40.852649 -11.8659684597073 pleio
3 40.963726 -11.271842390832 pleio
4 41.071368 -11.2659624942019 pleio
5 41.130258 -11.2616815793307 pleio
6 41.189147 -11.2583320249935 pleio
7 41.248037 -11.2559300372009 pleio
8 41.306927 -11.2543829214626 pleio
9 41.376781 -11.2523334079641 pleio
10 41.466542 -11.2521406510117 pleio
11 41.467199 -11.2507612596219 pleio
12 41.467856 -11.2495308228569 pleio
13 41.535355 -11.2380344528405 pleio
14 41.812857 -11.4972916359524 pleio
15 42.090359 -11.4971896565521 pleio
16 42.192627 -11.4938080685079 pleio
17 42.292082 -11.46646013345 pleio
18 42.391537 -11.4592341122997 pleio
19 42.490992 -11.4748088257578 pleio
20 42.590447 -11.4696070688761 pleio
21 42.689901 -11.4630052153813 pleio
22 42.789356 -11.4561670199046 pleio
23 42.929723 -11.4488167444505 pleio
24 43.030511 -11.4095542192398 pleio
25 43.09059 -11.3501925877874 pleio
26 43.150669 -11.2956276895531 pleio
27 43.210748 -11.2459794176387 pleio
28 43.265979 -11.2013468730466 pleio
29 43.296031 -11.1597191609304 pleio
30 43.336485 -11.5299627034532 pleio
31 43.376939 -11.5135289514635 pleio
32 43.399199 -9.92111620657851 pleio
33 43.400566 -8.77628558417021 pleio
34 43.401932 -8.31071319900417 pleio
35 43.416832 -7.91074385244411 pleio
36 43.545216 -7.7684883649479 pleio
37 43.659927 -7.7637648443859 pleio
38 43.662301 -7.7536603503105 pleio
39 43.664677 -7.74363926060649 pleio
40 43.66789 -7.72438626015943 pleio
41 43.746502 -7.51502261127449 pleio
42 43.811623 -7.64464643182885 pleio
43 43.828159 -7.59559842432604 pleio
44 43.836311 -7.55368244269828 pleio
45 43.838406 -7.4636731535064 pleio
46 43.840501 -7.17739559545721 pleio
47 43.844466 -6.99151677002602 pleio
48 43.861003 -6.92448711948009 pleio
49 43.901546 -6.95977148283184 pleio
50 43.980158 -6.53636340282229 pleio
51 44.020771 -6.08453179214747 pleio
52 44.053303 -6.13709721765451 pleio
53 44.085836 -6.30564847367481 pleio
54 44.138903 -6.37575250209076 pleio
55 44.294495 -6.011053982556 pleio
56 44.317834 -5.98045580872353 pleio
57 44.341174 -5.84635529015421 pleio
58 44.364954 -5.71189029614119 pleio
59 44.431929 -3.97310457771038 pleio
60 44.438774 -3.71534672465828 pleio
61 44.445619 -3.67371071089478 pleio
62 44.482294 -3.67293583448416 pleio
63 44.551043 -3.56555924817943 pleio
64 44.564207 -3.19332818846427 pleio
65 44.568298 -2.84702483144266 pleio
66 44.572388 -2.51649392430194 pleio
67 44.576479 -2.21292172824647 pleio
68 44.58057 -1.92181017523246 pleio
69 44.584661 -1.66503170084918 pleio
70 44.588908 -1.42360042604801 pleio
71 44.596324 -1.19593883557708 pleio
72 44.603741 -1.05819305178893 pleio
73 44.608283 -0.996328696905292 pleio
74 44.609389 -0.97280224662149 pleio
75 44.610566 -0.986973651901454 pleio
76 44.612126 -1.03780682487701 pleio
77 44.618941 -1.1239069368206 pleio
78 44.625756 -1.24356806817394 pleio
79 44.632571 -1.35767236134867 pleio
80 44.721343 -1.37316806202532 pleio
81 44.725576 -1.25825947016305 pleio
82 44.729808 -1.16064593885278 pleio
83 44.761322 -1.08053720972105 pleio
84 44.780832 -1.02593921880227 pleio
85 44.800342 -0.534115455991774 pleio
86 44.819852 -0.12263957909817 pleio
87 44.838742 0 pleio
88 44.856652 -0.048925752165425 pleio
89 44.867332 -0.106717356412385 pleio
90 44.874623 -0.173494960732548 pleio
91 44.881915 -0.249215525982245 pleio
92 44.889206 -0.33377265549607 pleio
93 44.896497 -0.395252065223758 pleio
94 44.940291 -0.523494115174194 pleio
95 44.995858 -0.673622721700586 pleio
96 45.051425 -0.88931270561898 pleio
97 45.101619 -1.00512590065372 pleio
98 45.106404 -1.00484219350642 pleio
99 45.111189 -1.04210036922495 pleio
100 45.144068 -1.1959653033482 pleio
101 45.165 -1.20174676503797 pleio
102 45.174292 -1.20903742873494 pleio
103 45.183584 -1.21896438862843 pleio
104 45.206863 -1.22897439946489 pleio
105 45.270542 -1.39918387578268 pleio
106 45.33422 -2.39554348868311 pleio
107 45.420117 -2.83258531623677 pleio
108 45.434499 -2.71550297167224 pleio
109 45.438006 -2.62027417362337 pleio
110 45.441513 -2.55829655084462 pleio
111 45.445019 -2.52672860103865 pleio
112 45.448526 -2.50701881224042 pleio
113 45.452033 -2.49952090239784 pleio
114 45.455539 -3.4003930393632 pleio
115 45.458985 -2.79357149422299 pleio
116 45.460636 -2.54621169486273 pleio
117 45.462287 -2.58786071411067 pleio
118 45.463938 -2.62573570165064 pleio
119 45.465589 -2.65948731733752 pleio
120 45.46724 -2.69557494550624 pleio
121 45.470001 -2.73393496485609 pleio
122 45.474942 -2.77449763814172 pleio
123 45.479882 -2.8171899902369 pleio
124 45.484823 -2.86193264277356 pleio
125 45.489764 -2.90864224642718 pleio
126 45.494704 -2.95723106674174 pleio
127 45.499645 -3.00696415854115 pleio
128 45.504585 -3.11204944965836 pleio
129 45.622192 -3.27960421050908 pleio
130 45.689416 -3.38839019504326 pleio
131 45.705169 -3.39893969384352 pleio
132 45.720922 -3.35926228688811 pleio
133 46.0005425 -4.64111932895856 pleio
134 46.280163 -5.02641679082927 pleio
135 46.288948 -8.21813147552704 pleio
136 46.297732 -8.90620766997248 pleio
137 46.306516 -8.91523152244265 pleio
138 46.315301 -8.92920239585278 pleio
139 46.32335 -8.90507787113479 pleio
140 46.326762 -8.8901617331005 pleio
141 46.330173 -8.9999623141312 pleio
142 46.333584 -9.15916286741265 pleio
143 46.336995 -9.26391492365723 pleio
144 46.341532 -9.41698859979316 pleio
145 46.350316 -9.6038386179625 pleio
146 46.358463 -9.75883424955957 pleio
147 46.360127 -9.7342935474172 pleio
148 46.36179 -9.71642360517887 pleio
149 46.363103 -9.70531972849776 pleio
150 46.364052 -9.70106449078669 pleio
151 46.364976 -9.70372749328949 pleio
152 46.365522 -9.71336482448257 pleio
153 46.366069 -9.7300185857391 pleio
154 46.366615 -9.75371693978112 pleio
155 46.367161 -9.7844719585286 pleio
156 46.367707 -9.8222821999422 pleio
157 46.368253 -9.86713057044831 pleio
158 46.368799 -9.90835376907847 pleio
159 46.485003 -13.8332371801646 pleio
160 46.557864 -13.8835710133861 pleio
161 46.610522 -13.9038789397557 pleio
162 46.616448 -13.9116234535393 pleio
163 46.622375 -13.9206989443312 pleio
164 46.628301 -13.9311342137702 pleio
165 46.687297 -13.9429565181615 pleio
166 46.730117 -13.9839203021732 pleio
167 46.732363 -14.083464768141 pleio
168 46.73461 -14.1937751633826 pleio
169 46.736857 -14.3146299990307 pleio
170 46.739103 -14.4455270463078 pleio
171 46.74135 -14.5702703998894 pleio
172 46.750658 -14.5919338308016 pleio
173 46.815826 -14.5821090091487 pleio
174 46.828517 -14.6665356624876 pleio
175 46.833526 -14.7628985126988 pleio
176 46.838536 -14.8043761534718 pleio
177 46.843545 -14.8694860146113 pleio
178 46.848554 -14.9578514437929 pleio
179 46.853564 -15.06789857349 pleio
180 46.921126 -15.1968291820688 pleio
181 47.021298 -15.4429744231778 pleio
182 47.023709 -15.3747604232222 pleio
183 47.02612 -15.337481149702 pleio
184 47.035721 -15.3830807694637 pleio
185 47.160161 -15.5558480725923 pleio
186 47.295389 -15.6619379063471 pleio
187 47.430616 -15.691426736067 pleio
188 47.565843 -15.7095395690248 pleio
189 47.70107 -15.7383237006922 pleio
190 47.836298 -16.0394480506366 pleio
191 47.971525 -16.3993681293743 pleio
192 48.106752 -16.4193886778972 pleio
193 48.24198 -16.4390052558479 pleio
194 48.377207 -16.4611126769692 pleio
195 48.474506 -16.4838547105973 pleio
196 48.553159 -16.5071556307209 pleio
197 48.631813 -16.5309647765566 pleio
198 48.717003 -16.5552514931802 pleio
199 48.805261 -16.7894706538284 pleio
200 48.89352 -17.1804398471192 pleio
201 48.982344 -17.8348255938942 pleio
202 49.13026 -18.0919483755117 pleio
203 49.161395 -18.1608510672201 pleio
204 49.168603 -18.3172593581512 pleio
205 49.175812 -18.6452029112223 pleio
206 49.276939 -18.6200191966515 pleio
207 49.413086 -17.7645624609126 pleio
208 49.549232 -19.4675936404689 pleio
209 49.611939 -19.3930918760923 pleio
210 49.614662 -19.3162867491659 pleio
211 49.617384 -19.3028632829257 pleio
212 49.620107 -19.3703221280386 pleio
213 49.62283 -19.4384901439933 pleio
214 49.625553 -19.5070800817689 pleio
215 49.628276 -19.5758053492707 pleio
216 49.638989 -19.6370072334908 pleio
217 49.65723 -19.6450824915068 pleio
218 49.660035 -19.6216468451103 pleio
219 49.66284 -19.5949570838362 pleio
220 49.665644 -19.5650820787439 pleio
221 49.668449 -19.5321281069357 pleio
222 49.671254 -19.4962360639198 pleio
223 49.674058 -19.4575778784658 pleio
224 49.695383 -19.4165101259781 pleio
225 49.798204 -19.418721727068 pleio
226 49.807433 -19.4257726395256 pleio
227 49.816662 -19.4327703898559 pleio
228 49.911484 -18.389236939741 pleio
229 50.08976 -19.8425479778007 pleio
230 50.121095 -19.8779445359358 pleio
231 50.152431 -19.9152487953553 pleio
232 50.173971 -19.9539638804424 pleio
233 50.177001 -19.9944710362521 pleio
234 50.180031 -20.4084095343454 pleio
235 50.183061 -20.8572467833129 pleio
236 50.18609 -20.8902934285279 pleio
237 50.18912 -20.9343066875837 pleio
238 50.19215 -21.076049084583 pleio
239 50.295327 -21.7710544136098 pleio
240 50.302108 -21.820408721474 pleio
241 50.308889 -21.872985093071 pleio
242 50.311001 -21.9286195263765 pleio
243 40.751751 -9.90242607837226 profile1
244 40.852649 -8.11751213751042 profile1
245 40.963726 -7.6172698131279 profile1
246 41.071368 -7.61090687241272 profile1
247 41.130258 -7.6066514609228 profile1
248 41.189147 -7.60338220954008 profile1
249 41.248037 -7.6011137364656 profile1
250 41.306927 -7.5998562379081 profile1
251 41.376781 -7.59981469591824 profile1
252 41.466542 -7.60100182747772 profile1
253 41.467199 -7.60139886116038 profile1
254 41.467856 -7.60181315971201 profile1
255 41.535355 -7.58385965952317 profile1
256 41.812857 -7.56484743183174 profile1
257 42.090359 -7.56508137647228 profile1
258 42.192627 -7.56284594903675 profile1
259 42.292082 -7.54002770349712 profile1
260 42.391537 -7.53365668084258 profile1
261 42.490992 -7.54634107950173 profile1
262 42.590447 -7.54238565567859 profile1
263 42.689901 -7.53680450769311 profile1
264 42.789356 -7.53094029104472 profile1
265 42.929723 -7.52459853943746 profile1
266 43.030511 -7.50250514280557 profile1
267 43.09059 -7.4706313060738 profile1
268 43.150669 -7.44126228145749 profile1
269 43.210748 -7.41436527118696 profile1
270 43.265979 -7.38997116469195 profile1
271 43.296031 -7.36784841467372 profile1
272 43.336485 -7.75740823018405 profile1
273 43.376939 -7.7490397503212 profile1
274 43.399199 -6.10474429864869 profile1
275 43.400566 -5.06271627886806 profile1
276 43.401932 -4.95784518740095 profile1
277 43.416832 -4.89734284898611 profile1
278 43.545216 -4.88448322306207 profile1
279 43.659927 -4.87989883955522 profile1
280 43.662301 -4.87018216762212 profile1
281 43.664677 -4.86049987503764 profile1
282 43.66789 -4.83788827525184 profile1
283 43.746502 -4.64790790736971 profile1
284 43.811623 -4.81650742528996 profile1
285 43.828159 -4.80484238515172 profile1
286 43.836311 -4.79308896175705 profile1
287 43.838406 -4.75407208985612 profile1
288 43.840501 -4.627484532528 profile1
289 43.844466 -4.56728123533243 profile1
290 43.861003 -4.581170566992 profile1
291 43.901546 -4.64729711443519 profile1
292 43.980158 -4.46597953839865 profile1
293 44.020771 -4.26318568253622 profile1
294 44.053303 -4.3168841852982 profile1
295 44.085836 -4.44289744091212 profile1
296 44.138903 -4.46631096537184 profile1
297 44.294495 -4.25904766562002 profile1
298 44.317834 -4.183520978171 profile1
299 44.341174 -4.00634098951405 profile1
300 44.364954 -3.84517569579436 profile1
301 44.431929 -2.78006387246538 profile1
302 44.438774 -2.57819761925494 profile1
303 44.445619 -2.54747644865073 profile1
304 44.482294 -2.4358243061195 profile1
305 44.551043 -2.14765904254196 profile1
306 44.564207 -1.75987621355612 profile1
307 44.568298 -1.39638875792464 profile1
308 44.572388 -1.04663317638622 profile1
309 44.576479 -0.722123022938689 profile1
310 44.58057 -0.407885235940018 profile1
311 44.584661 -0.123925166745055 profile1
312 44.588908 0.149862399429467 profile1
313 44.596324 0.411360967160826 profile1
314 44.603741 0.583366859669223 profile1
315 44.608283 0.680525135655524 profile1
316 44.609389 0.740559753558682 profile1
317 44.610566 0.764028977578546 profile1
318 44.612126 0.751886846797912 profile1
319 44.618941 0.705447053958422 profile1
320 44.625756 0.626336195741471 profile1
321 44.632571 0.537258796962645 profile1
322 44.721343 0.586628795146514 profile1
323 44.725576 0.853066708149109 profile1
324 44.729808 1.08318348048695 profile1
325 44.761322 1.22307664432657 profile1
326 44.780832 1.2212342548116 profile1
327 44.800342 1.12357725279992 profile1
328 44.819852 0.835492179199095 profile1
329 44.838742 0.752191831949888 profile1
330 44.856652 0.674738752564931 profile1
331 44.867332 0.591905388410626 profile1
332 44.874623 0.503714916368889 profile1
333 44.881915 0.41032065138884 profile1
334 44.889206 0.311907372023869 profile1
335 44.896497 0.227243301566589 profile1
336 44.940291 0.24309110625021 profile1
337 44.995858 0.0664392484033209 profile1
338 45.051425 -0.275044967705712 profile1
339 45.101619 -0.503463686520079 profile1
340 45.106404 -0.602208509279085 profile1
341 45.111189 -0.732520724787881 profile1
342 45.144068 -0.884193376597351 profile1
343 45.165 -0.90537824061036 profile1
344 45.174292 -0.927228639536475 profile1
345 45.183584 -0.950677744585369 profile1
346 45.206863 -0.968885520930978 profile1
347 45.270542 -1.08880482514513 profile1
348 45.33422 -2.24799717300417 profile1
349 45.420117 -2.60928360112004 profile1
350 45.434499 -2.52239189573854 profile1
351 45.438006 -2.45436647717283 profile1
352 45.441513 -2.41402211163224 profile1
353 45.445019 -2.39781915944087 profile1
354 45.448526 -2.39087862929628 profile1
355 45.452033 -2.39346724087229 profile1
356 45.455539 -3.4003930393632 profile1
357 45.458985 -2.73522354929552 profile1
358 45.460636 -2.45314383554621 profile1
359 45.462287 -2.49338576985344 profile1
360 45.463938 -2.50841874748702 profile1
361 45.465589 -2.50759829545844 profile1
362 45.46724 -2.50729121528888 profile1
363 45.470001 -2.50748126157585 profile1
364 45.474942 -2.50815159230189 profile1
365 45.479882 -2.50928678317398 profile1
366 45.484823 -2.5108701359886 profile1
367 45.489764 -2.51288529328908 profile1
368 45.494704 -2.51531562859242 profile1
369 45.499645 -2.51432316730409 profile1
370 45.504585 -2.52710573631223 profile1
371 45.622192 -2.55067934392996 profile1
372 45.689416 -2.66192876976295 profile1
373 45.705169 -2.66874685175976 profile1
374 45.720922 -2.66241752168273 profile1
375 46.0005425 -4.0078726896601 profile1
376 46.280163 -4.2909781847848 profile1
377 46.288948 -7.27295857446535 profile1
378 46.297732 -7.92158910085234 profile1
379 46.306516 -7.96715709088136 profile1
380 46.315301 -8.01903025442476 profile1
381 46.32335 -8.05779514881124 profile1
382 46.326762 -8.10488275798675 profile1
383 46.330173 -8.22147325749804 profile1
384 46.333584 -8.38816009296739 profile1
385 46.336995 -8.5560487035321 profile1
386 46.341532 -8.76488043100028 profile1
387 46.350316 -8.99507425480899 profile1
388 46.358463 -9.18617712120046 profile1
389 46.360127 -9.19951000092967 profile1
390 46.36179 -9.2180128591702 profile1
391 46.363103 -9.24171617890014 profile1
392 46.364052 -9.27064002410106 profile1
393 46.364976 -9.30479409370935 profile1
394 46.365522 -9.34417750164842 profile1
395 46.366069 -9.38877861691756 profile1
396 46.366615 -9.43857535823209 profile1
397 46.367161 -9.49353359108757 profile1
398 46.367707 -9.55360953939768 profile1
399 46.368253 -9.61874827306658 profile1
400 46.368799 -9.67351306776297 profile1
401 46.485003 -12.6466899788866 profile1
402 46.557864 -12.7244783809818 profile1
403 46.610522 -12.7702021897537 profile1
404 46.616448 -12.7966916913531 profile1
405 46.622375 -12.8240860368509 profile1
406 46.628301 -12.8523744377185 profile1
407 46.687297 -12.8815434913266 profile1
408 46.730117 -12.9312804185641 profile1
409 46.732363 -13.0214242377555 profile1
410 46.73461 -13.117453793019 profile1
411 46.736857 -13.2191065908561 profile1
412 46.739103 -13.3259891891962 profile1
413 46.74135 -13.4276003732207 profile1
414 46.750658 -13.4620277387832 profile1
415 46.815826 -13.4912704743335 profile1
416 46.828517 -13.6091879488017 profile1
417 46.833526 -13.7296768603722 profile1
418 46.838536 -13.7856785717967 profile1
419 46.843545 -13.8445203709228 profile1
420 46.848554 -13.9064680455063 profile1
421 46.853564 -13.9716317176604 profile1
422 46.921126 -14.0397782383447 profile1
423 47.021298 -14.1888149921665 profile1
424 47.023709 -14.1244400556967 profile1
425 47.02612 -14.0667545542357 profile1
426 47.035721 -14.0756060085703 profile1
427 47.160161 -14.1678090867955 profile1
428 47.295389 -14.2315030893941 profile1
429 47.430616 -14.2480624685035 profile1
430 47.565843 -14.2636774191109 profile1
431 47.70107 -14.2887083675687 profile1
432 47.836298 -14.5240687807825 profile1
433 47.971525 -14.8115076258998 profile1
434 48.106752 -14.8314428541261 profile1
435 48.24198 -14.8493819570867 profile1
436 48.377207 -14.8670790398264 profile1
437 48.474506 -14.8849944394988 profile1
438 48.553159 -14.9030757955968 profile1
439 48.631813 -14.9213900663125 profile1
440 48.717003 -14.9399395966181 profile1
441 48.805261 -15.1736739266106 profile1
442 48.89352 -15.5810622930668 profile1
443 48.982344 -16.2311481584237 profile1
444 49.13026 -16.4342788104153 profile1
445 49.161395 -16.5207945705122 profile1
446 49.168603 -16.6421813351595 profile1
447 49.175812 -16.8441739172833 profile1
448 49.276939 -16.6461606794083 profile1
449 49.413086 -15.9012981300303 profile1
450 49.549232 -17.6544002671384 profile1
451 49.611939 -17.5887201544926 profile1
452 49.614662 -17.5198550923473 profile1
453 49.617384 -17.5017439689484 profile1
454 49.620107 -17.5212600839376 profile1
455 49.62283 -17.5399197399042 profile1
456 49.625553 -17.5575790974857 profile1
457 49.628276 -17.5741002051113 profile1
458 49.638989 -17.5859964662533 profile1
459 49.65723 -17.5589390675833 profile1
460 49.660035 -17.5227772374331 profile1
461 49.66284 -17.4828811405126 profile1
462 49.665644 -17.4393670478099 profile1
463 49.668449 -17.3923926230738 profile1
464 49.671254 -17.3421533174705 profile1
465 49.674058 -17.2888778867646 profile1
466 49.695383 -17.2329929340857 profile1
467 49.798204 -17.2330284945857 profile1
468 49.807433 -17.238598318757 profile1
469 49.816662 -17.2453367989607 profile1
470 49.911484 -15.9794072817333 profile1
471 50.08976 -16.6840533283878 profile1
472 50.121095 -16.6941220745158 profile1
473 50.152431 -16.7050363107257 profile1
474 50.173971 -16.7163195827355 profile1
475 50.177001 -16.7284145385636 profile1
476 50.180031 -17.065451298225 profile1
477 50.183061 -17.49204654999 profile1
478 50.18609 -17.5276224561509 profile1
479 50.18912 -17.5738161499092 profile1
480 50.19215 -17.7102842446632 profile1
481 50.295327 -18.386780403846 profile1
482 50.302108 -18.4306357898862 profile1
483 50.308889 -18.4778111507704 profile1
484 50.311001 -18.5281390914392 profile1
485 40.751751 -2.9545712716845 profile2
486 40.852649 -2.82438913681517 profile2
487 40.963726 -2.72841642143736 profile2
488 41.071368 -2.72929544231435 profile2
489 41.130258 -2.72982727972931 profile2
490 41.189147 -2.73039098838579 profile2
491 41.248037 -2.73098775010473 profile2
492 41.306927 -2.73151486386736 profile2
493 41.376781 -2.73034830214803 profile2
494 41.466542 -2.72945639762689 profile2
495 41.467199 -2.7281470583767 profile2
496 41.467856 -2.72688638306829 profile2
497 41.535355 -2.73265406717696 profile2
498 41.812857 -2.98725252237065 profile2
499 42.090359 -2.98706095315079 profile2
500 42.192627 -2.98577184256699 profile2
501 42.292082 -2.981426597367 profile2
502 42.391537 -2.98058756715846 profile2
503 42.490992 -2.98327978338479 profile2
504 42.590447 -2.9817099197974 profile2
505 42.689901 -2.98039027814036 profile2
506 42.789356 -2.97912151166996 profile2
507 42.929723 -2.97781509147846 profile2
508 43.030511 -2.9588404257545 profile2
509 43.09059 -2.92875495662972 profile2
510 43.150669 -2.90139571795037 profile2
511 43.210748 -2.8769496415635 profile2
512 43.265979 -2.85549242534342 profile2
513 43.296031 -2.83541380340459 profile2
514 43.336485 -2.80555078393501 profile2
515 43.376939 -2.79743984394362 profile2
516 43.399199 -2.80605086679814 profile2
517 43.400566 -2.65581064682959 profile2
518 43.401932 -2.2707742328794 profile2
519 43.416832 -1.91678088544617 profile2
520 43.545216 -1.78376006493873 profile2
521 43.659927 -1.78361835662211 profile2
522 43.662301 -1.78294914657743 profile2
523 43.664677 -1.78232287890076 profile2
524 43.66789 -1.78555722788334 profile2
525 43.746502 -1.76284133334335 profile2
526 43.811623 -1.72076268074539 profile2
527 43.828159 -1.68310882088076 profile2
528 43.836311 -1.65292666817151 profile2
529 43.838406 -1.60852471167704 profile2
530 43.840501 -1.48228662586477 profile2
531 43.844466 -1.3856786935723 profile2
532 43.861003 -1.32699398811698 profile2
533 43.901546 -1.30920061164358 profile2
534 43.980158 -1.06430102584034 profile2
535 44.020771 -0.811611091614038 profile2
536 44.053303 -0.817679611312313 profile2
537 44.085836 -0.870247603736898 profile2
538 44.138903 -0.922415101559353 profile2
539 44.294495 -0.746986381127896 profile2
540 44.317834 -0.789454127852343 profile2
541 44.341174 -0.826625040465036 profile2
542 44.364954 -0.847787867511696 profile2
543 44.431929 -0.136092643572883 profile2
544 44.438774 -0.0760683649995478 profile2
545 44.445619 -0.0646147935733969 profile2
546 44.482294 -0.173297291400779 profile2
547 44.551043 -0.347123614642908 profile2
548 44.564207 -0.350873120381381 profile2
549 44.568298 -0.356485048350366 profile2
550 44.572388 -0.364243886652388 profile2
551 44.576479 -0.374082341135385 profile2
552 44.58057 -0.386279591972002 profile2
553 44.584661 -0.402588554615257 profile2
554 44.588908 -0.42377956173409 profile2
555 44.596324 -0.446896998878393 profile2
556 44.603741 -0.472359611562855 profile2
557 44.608283 -0.500584901277544 profile2
558 44.609389 -0.531094781163644 profile2
559 44.610566 -0.563837894706047 profile2
560 44.612126 -0.598745003800688 profile2
561 44.618941 -0.635730582567735 profile2
562 44.625756 -0.674694835063493 profile2
563 44.632571 -0.699184557638032 profile2
564 44.721343 -0.759501296544997 profile2
565 44.725576 -0.900054409315864 profile2
566 44.729808 -1.02454108328235 profile2
567 44.761322 -1.08053720972105 profile2
568 44.780832 -1.02416844113681 profile2
569 44.800342 -0.42691441761596 profile2
570 44.819852 0.274848586044501 profile2
571 44.838742 0.480590394168284 profile2
572 44.856652 0.508710930506371 profile2
573 44.867332 0.533143201182835 profile2
574 44.874623 0.553763054214831 profile2
575 44.881915 0.57046338729567 profile2
576 44.889206 0.583168545778779 profile2
577 44.896497 0.606510213026712 profile2
578 44.940291 0.455282517463576 profile2
579 44.995858 0.4890818794627 profile2
580 45.051425 0.617783440455304 profile2
581 45.101619 0.730738818032532 profile2
582 45.106404 0.829027069671811 profile2
583 45.111189 0.919379766301581 profile2
584 45.144068 0.913783075860577 profile2
585 45.165 0.929006191805501 profile2
586 45.174292 0.943140631219326 profile2
587 45.183584 0.955986329135914 profile2
588 45.206863 0.963605649081407 profile2
589 45.270542 0.912814805950601 profile2
590 45.33422 1.07273700106907 profile2
591 45.420117 0.999872892678157 profile2
592 45.434499 1.03317320340856 profile2
593 45.438006 1.06250687962788 profile2
594 45.441513 1.08525477578331 profile2
595 45.445019 1.10112698162824 profile2
596 45.448526 1.11398082408597 profile2
597 45.452033 1.12370554435301 profile2
598 45.455539 1.22307664432657 profile2
599 45.458985 1.16799025518093 profile2
600 45.460636 1.13292877501575 profile2
601 45.462287 1.12934767937306 profile2
602 45.463938 1.10522139563951 profile2
603 45.465589 1.07000761322851 profile2
604 45.46724 1.03300707395162 profile2
605 45.470001 0.994270053702556 profile2
606 45.474942 0.95385229798681 profile2
607 45.479882 0.911814147546566 profile2
608 45.484823 0.86822097027125 profile2
609 45.489764 0.823142330237112 profile2
610 45.494704 0.776651764426174 profile2
611 45.499645 0.725711700334625 profile2
612 45.504585 0.631856531027446 profile2
613 45.622192 0.481876647578162 profile2
614 45.689416 0.477657945242789 profile2
615 45.705169 0.472121154520853 profile2
616 45.720922 0.498950008372051 profile2
617 46.0005425 0.510465583973502 profile2
618 46.280163 0.393001318299728 profile2
619 46.288948 0.179331168985444 profile2
620 46.297732 0.141324355360123 profile2
621 46.306516 0.177693535731045 profile2
622 46.315301 0.215257363016482 profile2
623 46.32335 0.274304067313777 profile2
624 46.326762 0.321175030006453 profile2
625 46.330173 0.300481896209938 profile2
626 46.333584 0.282097425568838 profile2
627 46.336995 0.332181918161725 profile2
628 46.341532 0.373105230639276 profile2
629 46.350316 0.40074824406584 profile2
630 46.358463 0.424201022666258 profile2
631 46.360127 0.459615173842363 profile2
632 46.36179 0.4931524185586 profile2
633 46.363103 0.524750126109208 profile2
634 46.364052 0.554349072696969 profile2
635 46.364976 0.581893731871287 profile2
636 46.365522 0.607332583594269 profile2
637 46.366069 0.630618409195351 profile2
638 46.366615 0.651708502051117 profile2
639 46.367161 0.670565222473138 profile2
640 46.367707 0.687155711648193 profile2
641 46.368253 0.701452545468411 profile2
642 46.368799 0.709151499759812 profile2
643 46.485003 -0.353279488533113 profile2
644 46.557864 -0.328449312225554 profile2
645 46.610522 -0.304217224448435 profile2
646 46.616448 -0.285515498584668 profile2
647 46.622375 -0.267236522761138 profile2
648 46.628301 -0.24942060027918 profile2
649 46.687297 -0.232109140047193 profile2
650 46.730117 -0.224385220458435 profile2
651 46.732363 -0.237232269946578 profile2
652 46.73461 -0.255710281602024 profile2
653 46.736857 -0.279860922154774 profile2
654 46.739103 -0.30954631360614 profile2
655 46.74135 -0.338206933759136 profile2
656 46.750658 -0.325550939273646 profile2
657 46.815826 -0.290906266678883 profile2
658 46.828517 -0.278427869613569 profile2
659 46.833526 -0.269643897500702 profile2
660 46.838536 -0.264359740195867 profile2
661 46.843545 -0.279589006960495 profile2
662 46.848554 -0.314418400388975 profile2
663 46.853564 -0.366945961930929 profile2
664 46.921126 -0.434508485185691 profile2
665 47.021298 -0.503839607947937 profile2
666 47.023709 -0.504383817985792 profile2
667 47.02612 -0.529987477187244 profile2
668 47.035721 -0.568154013770616 profile2
669 47.160161 -0.647976494725692 profile2
670 47.295389 -0.692062970894651 profile2
671 47.430616 -0.705330329486885 profile2
672 47.565843 -0.708050274113585 profile2
673 47.70107 -0.711837970579803 profile2
674 47.836298 -0.795877287534092 profile2
675 47.971525 -0.891548592875328 profile2
676 48.106752 -0.892008433164777 profile2
677 48.24198 -0.893733390650042 profile2
678 48.377207 -0.898154327347898 profile2
679 48.474506 -0.902959535389391 profile2
680 48.553159 -0.90811911028986 profile2
681 48.631813 -0.913528387928362 profile2
682 48.717003 -0.919162321102172 profile2
683 48.805261 -0.918800474019136 profile2
684 48.89352 -0.902211147051075 profile2
685 48.982344 -0.913182220447036 profile2
686 49.13026 -0.99105617719438 profile2
687 49.161395 -0.987876779019399 profile2
688 49.168603 -1.04276383311238 profile2
689 49.175812 -1.18671991498342 profile2
690 49.276939 -1.36137193846406 profile2
691 49.413086 -1.2916772212422 profile2
692 49.549232 -1.21184366268548 profile2
693 49.611939 -1.20088280955054 profile2
694 49.614662 -1.19086828191057 profile2
695 49.617384 -1.19473328168687 profile2
696 49.620107 -1.24158407667569 profile2
697 49.62283 -1.28981567539852 profile2
698 49.625553 -1.33928414620124 profile2
699 49.628276 -1.38984126582129 profile2
700 49.638989 -1.43821737173815 profile2
701 49.65723 -1.47415200103804 profile2
702 49.660035 -1.48813183670998 profile2
703 49.66284 -1.50258286089249 profile2
704 49.665644 -1.51745393154812 profile2
705 49.668449 -1.53269063103928 profile2
706 49.671254 -1.54823615019622 profile2
707 49.674058 -1.56403222243361 profile2
708 49.695383 -1.57999913029117 profile2
709 49.798204 -1.58233184121219 profile2
710 49.807433 -1.58388006762468 profile2
711 49.816662 -1.58405665704874 profile2
712 49.911484 -1.75831487783982 profile2
713 50.08976 -2.50018754469965 profile2
714 50.121095 -2.52328937464192 profile2
715 50.152431 -2.54740018170237 profile2
716 50.173971 -2.57250257891397 profile2
717 50.177001 -2.59853108679953 profile2
718 50.180031 -2.67402333376514 profile2
719 50.183061 -2.69608055034353 profile2
720 50.18609 -2.69339096079833 profile2
721 50.18912 -2.69122824426078 profile2
722 50.19215 -2.69620887997076 profile2
723 50.295327 -2.72094625127069 profile2
724 50.302108 -2.72387768358542 profile2
725 50.308889 -2.72676108367126 profile2
726 50.311001 -2.72960982711933 profile2
