marker_position lod trace
1 67.606765 -13.8880949328425 pleio
2 67.613251 -13.8852467074112 pleio
3 67.619736 -13.882406430398 pleio
4 67.626222 -13.879574906883 pleio
5 67.641347 -13.8767519399971 pleio
6 67.654855 -13.8739565130782 pleio
7 67.658769 -13.8715348068357 pleio
8 67.662682 -13.8688909471098 pleio
9 67.666596 -13.8661485516722 pleio
10 67.679986 -13.8634106769088 pleio
11 67.708923 -13.7970431448199 pleio
12 67.715069 -13.7277055198095 pleio
13 67.721215 -13.6618987244533 pleio
14 67.746869 -13.6084505449032 pleio
15 67.778018 -13.6051931110941 pleio
16 67.809168 -13.6054478435697 pleio
17 67.895218 -13.4584253247854 pleio
18 67.900561 -13.2329841627479 pleio
19 67.905905 -13.0201691974922 pleio
20 67.911248 -12.8228173330683 pleio
21 67.920171 -12.6916823751503 pleio
22 67.929072 -12.6743602764918 pleio
23 67.937973 -12.6747058038983 pleio
24 67.946874 -12.6921961952719 pleio
25 67.962131 -12.6463992857847 pleio
26 68.103338 -12.624406925863 pleio
27 68.122257 -12.6211193634474 pleio
28 68.141177 -12.7107355235626 pleio
29 68.410128 -12.8388762545697 pleio
30 68.415239 -12.7643606105126 pleio
31 68.42035 -12.6895821057689 pleio
32 68.640199 -12.6305945447757 pleio
33 68.652056 -12.5944697942005 pleio
34 68.656091 -12.5767382531226 pleio
35 68.660126 -12.5776614885294 pleio
36 68.664161 -12.596935351419 pleio
37 68.685197 -12.6220981130104 pleio
38 68.806919 -12.6327227165758 pleio
39 68.816104 -12.6318151981325 pleio
40 68.825289 -12.630902240524 pleio
41 68.885575 -12.615036432909 pleio
42 68.886394 -12.5870014329668 pleio
43 68.887213 -12.5604569139234 pleio
44 68.888033 -12.535494505989 pleio
45 68.888852 -12.5121973652266 pleio
46 68.889671 -12.4906386803234 pleio
47 68.89049 -12.4739503926204 pleio
48 68.89131 -12.4649900057633 pleio
49 68.892129 -12.4630987841683 pleio
50 68.987403 -12.043143501312 pleio
51 69.064645 -10.6370491823529 pleio
52 69.131341 -9.44882608779775 pleio
53 69.198036 -9.42059202620114 pleio
54 69.214855 -9.38546727356029 pleio
55 69.21825 -9.35238157773177 pleio
56 69.221446 -9.32165856296585 pleio
57 69.224642 -9.29364408554228 pleio
58 69.227838 -9.26866315867813 pleio
59 69.231034 -8.27274354447717 pleio
60 69.23423 -8.06943820033309 pleio
61 69.237426 -8.05960292027169 pleio
62 69.240621 -8.0499555365905 pleio
63 69.244859 -8.04049078081946 pleio
64 69.252696 -8.03182323713556 pleio
65 69.260534 -8.02290906085989 pleio
66 69.416362 -7.69922085966208 pleio
67 69.484146 -6.89424909234755 pleio
68 69.505599 -6.89653676260486 pleio
69 69.508945 -6.91518718576799 pleio
70 69.512291 -6.94018011335496 pleio
71 69.515636 -6.97115171073631 pleio
72 69.542556 -6.92820529377336 pleio
73 69.592546 -6.66959651465525 pleio
74 69.66328 -6.82772850877065 pleio
75 69.721392 -6.80501762852389 pleio
76 69.724456 -6.78497644065451 pleio
77 69.727519 -6.76491258868729 pleio
78 69.733033 -6.74486233606186 pleio
79 69.768364 -6.61241493543746 pleio
80 69.782339 -6.4416656816234 pleio
81 69.796313 -6.28819376209181 pleio
82 69.810287 -1.0616157474412 pleio
83 69.829176 0 pleio
84 69.837051 -0.0735432656672669 pleio
85 69.844926 -0.142038924034637 pleio
86 69.869428 -0.2177199829637 pleio
87 69.876397 -0.299418013216372 pleio
88 69.876657 -0.38689225262909 pleio
89 69.876917 -0.4745705667703 pleio
90 69.924127 -0.840914213659269 pleio
91 69.978753 -1.27148134208651 pleio
92 70.033378 -1.31830988808673 pleio
93 70.042973 -1.36918494525154 pleio
94 70.043703 -1.42439432289624 pleio
95 70.044434 -1.48360248520249 pleio
96 70.087246 -1.53275242505585 pleio
97 70.141872 -1.5595889502986 pleio
98 70.196497 -1.57609714607345 pleio
99 70.400832 -1.57377444058506 pleio
100 70.421006 -1.53630675959857 pleio
101 70.441181 -1.50076705389405 pleio
102 70.60917 -1.48050796225577 pleio
103 70.612702 -1.51594587384709 pleio
104 70.616235 -1.54661003968849 pleio
105 70.661194 -1.57251838872874 pleio
106 70.728481 -1.57256109182135 pleio
107 70.750402 -1.5696911660931 pleio
108 70.772323 -1.5591678278754 pleio
109 70.779053 -1.54878732197718 pleio
110 70.782062 -1.54697282573643 pleio
111 70.785072 -1.54876759855109 pleio
112 71.12066 -2.1112626182913 pleio
113 71.198629 -2.10733705855838 pleio
114 71.276599 -2.10320686948849 pleio
115 71.354568 -2.13407404840683 pleio
116 71.418821 -2.41888359434117 pleio
117 71.422464 -2.7020265373687 pleio
118 71.425934 -3.00822656813818 pleio
119 71.429405 -3.09100635401844 pleio
120 71.432875 -3.04396175842354 pleio
121 71.436346 -3.00452053359082 pleio
122 71.439817 -2.97272699851246 pleio
123 71.443287 -2.94857297628422 pleio
124 71.449172 -2.92928180561268 pleio
125 71.46043 -2.90664608508011 pleio
126 71.475844 -2.88325745742368 pleio
127 71.510771 -2.86039636873938 pleio
128 71.658293 -2.84468284012031 pleio
129 71.675712 -2.84245950559926 pleio
130 71.693132 -2.84613216123739 pleio
131 71.782692 -3.18376469088368 pleio
132 71.793079 -3.05947252946429 pleio
133 71.803404 -2.78548074626404 pleio
134 71.813729 -2.72015707660939 pleio
135 71.824055 -3.62656000000647 pleio
136 71.83438 -3.94573199623623 pleio
137 71.859513 -3.92865591440886 pleio
138 71.937774 -4.35120730049788 pleio
139 71.945079 -4.35601545975464 pleio
140 71.952385 -4.36756376773975 pleio
141 71.98473 -4.39879074603764 pleio
142 72.012709 -4.45936563576649 pleio
143 72.040688 -4.50728526996916 pleio
144 72.210521 -4.50312774494869 pleio
145 72.314268 -5.54847612921438 pleio
146 72.366456 -5.43699370045236 pleio
147 72.411367 -5.4244535912713 pleio
148 72.450663 -5.40225745344231 pleio
149 72.471305 -5.32870922244627 pleio
150 72.491946 -5.16477156798848 pleio
151 72.512588 -5.01469019685222 pleio
152 72.601385 -5.10938142200872 pleio
153 72.621813 -5.07234952329888 pleio
154 72.642242 -5.06212229691077 pleio
155 72.66267 -5.0627728357988 pleio
156 72.771429 -5.60589496683013 pleio
157 72.883243 -5.57619585575389 pleio
158 72.898448 -5.50965257895364 pleio
159 72.913654 -5.45215174501789 pleio
160 72.928859 -5.4057579450702 pleio
161 72.944065 -5.3675477840412 pleio
162 72.95927 -5.41619880669345 pleio
163 72.974476 -5.91510642288292 pleio
164 72.989681 -7.78278553210535 pleio
165 72.996574 -7.71123784098886 pleio
166 72.9996 -7.62464464479348 pleio
167 73.002626 -7.56207436425155 pleio
168 73.005652 -7.52881909821631 pleio
169 73.012925 -7.49321558967515 pleio
170 73.023956 -7.45861815044146 pleio
171 73.034987 -7.42831652587421 pleio
172 73.046018 -7.40537195118162 pleio
173 73.057049 -7.39134937227661 pleio
174 73.06808 -7.38603306302751 pleio
175 73.079353 -7.38642445950728 pleio
176 73.111862 -7.14471867295401 pleio
177 73.146945 -7.35929220731775 pleio
178 73.171837 -7.5545692591518 pleio
179 73.196729 -7.69068519531904 pleio
180 73.629401 -7.7243969816533 pleio
181 74.062073 -7.7193163142362 pleio
182 74.066223 -7.72874276543195 pleio
183 74.070373 -7.73948101647751 pleio
184 74.074523 -7.75152185389446 pleio
185 74.078673 -7.7648470404924 pleio
186 74.082823 -7.81880277166035 pleio
187 74.3761735 -7.78146334838775 pleio
188 74.669524 -7.71380642574221 pleio
189 74.672012 -7.41073670254735 pleio
190 74.674499 -7.13820382103585 pleio
191 74.716248 -6.90722104772193 pleio
192 74.724515 -6.72555654025936 pleio
193 74.732783 -6.62394652429854 pleio
194 75.0995546666667 -8.81310545671937 pleio
195 75.4663263333333 -8.86576207833062 pleio
196 75.833098 -8.88312047279783 pleio
197 75.863363 -8.99184263596028 pleio
198 75.875899 -9.1102670265682 pleio
199 75.888435 -9.28653916445793 pleio
200 75.900971 -9.57861022817511 pleio
201 75.903257 -9.88027750459122 pleio
202 75.904489 -10.0043850594106 pleio
203 75.905721 -10.0668595114086 pleio
204 75.917304 -10.1329642695823 pleio
205 76.287653 -10.2175167580851 pleio
206 76.288899 -10.3310002087628 pleio
207 76.290145 -10.447344866891 pleio
208 76.397032 -10.509156266733 pleio
209 76.403847 -10.5162534805703 pleio
210 76.410663 -10.4992020292628 pleio
211 76.607927 -10.5171677016264 pleio
212 76.623625 -10.3848720014874 pleio
213 76.633554 -10.3117221880197 pleio
214 76.643483 -10.2373706268409 pleio
215 76.653411 -10.1623765191049 pleio
216 76.66334 -10.0875462435658 pleio
217 76.700004 -10.0881152998823 pleio
218 67.606765 -8.51341439228053 profile1
219 67.613251 -8.51108916470481 profile1
220 67.619736 -8.50876075028939 profile1
221 67.626222 -8.50642962993424 profile1
222 67.641347 -8.50409549349754 profile1
223 67.654855 -8.50176384703465 profile1
224 67.658769 -8.49953118103222 profile1
225 67.662682 -8.49704176489914 profile1
226 67.666596 -8.4944337548298 profile1
227 67.679986 -8.49182195763146 profile1
228 67.708923 -8.47406515934311 profile1
229 67.715069 -8.45450954563104 profile1
230 67.721215 -8.43480840334715 profile1
231 67.746869 -8.42108603125493 profile1
232 67.778018 -8.41918388800782 profile1
233 67.809168 -8.4192855763702 profile1
234 67.895218 -8.33848724738679 profile1
235 67.900561 -8.21715717542375 profile1
236 67.905905 -8.10768325572707 profile1
237 67.911248 -8.01174104797617 profile1
238 67.920171 -7.96475177313008 profile1
239 67.929072 -8.00182637163359 profile1
240 67.937973 -8.05574680547359 profile1
241 67.946874 -8.12562933680571 profile1
242 67.962131 -8.09406764417855 profile1
243 68.103338 -8.07502250058946 profile1
244 68.122257 -8.07221592604723 profile1
245 68.141177 -8.08407360390746 profile1
246 68.410128 -8.10543191848611 profile1
247 68.415239 -8.08344490639161 profile1
248 68.42035 -8.06572223841521 profile1
249 68.640199 -8.05982041013053 profile1
250 68.652056 -8.06865883904456 profile1
251 68.656091 -8.09145833376412 profile1
252 68.660126 -8.12770787893121 profile1
253 68.664161 -8.17652183974434 profile1
254 68.685197 -8.22497054857638 profile1
255 68.806919 -8.24625113994039 profile1
256 68.816104 -8.24610898027043 profile1
257 68.825289 -8.24596252442699 profile1
258 68.885575 -8.23584329631854 profile1
259 68.886394 -8.21767199890882 profile1
260 68.887213 -8.20058006887523 profile1
261 68.888033 -8.1846422340342 profile1
262 68.888852 -8.16992638636117 profile1
263 68.889671 -8.15649247593264 profile1
264 68.89049 -8.14607333916894 profile1
265 68.89131 -8.14154857095243 profile1
266 68.892129 -8.14284462243254 profile1
267 68.987403 -7.95454474219279 profile1
268 69.064645 -7.4897295493163 profile1
269 69.131341 -7.08379367025835 profile1
270 69.198036 -7.09566273391744 profile1
271 69.214855 -7.10082669835379 profile1
272 69.21825 -7.10653200358129 profile1
273 69.221446 -7.1129234264969 profile1
274 69.224642 -7.12019754034216 profile1
275 69.227838 -7.12855623948465 profile1
276 69.231034 -6.94584378127862 profile1
277 69.23423 -6.92330130364863 profile1
278 69.237426 -6.92156961037478 profile1
279 69.240621 -6.91994824862994 profile1
280 69.244859 -6.91842628796541 profile1
281 69.252696 -6.91690760377578 profile1
282 69.260534 -6.91496774408824 profile1
283 69.416362 -6.76389238857227 profile1
284 69.484146 -6.21325908605295 profile1
285 69.505599 -6.21377201194365 profile1
286 69.508945 -6.22043970321285 profile1
287 69.512291 -6.23221664507829 profile1
288 69.515636 -6.24894924391479 profile1
289 69.542556 -6.28123223154626 profile1
290 69.592546 -5.96530053969752 profile1
291 69.66328 -6.12415109290477 profile1
292 69.721392 -6.10331528447081 profile1
293 69.724456 -6.08171536328681 profile1
294 69.727519 -6.0597987765723 profile1
295 69.733033 -6.03760512932201 profile1
296 69.768364 -5.97286080144947 profile1
297 69.782339 -5.89789205832778 profile1
298 69.796313 -5.84974497867788 profile1
299 69.810287 -1.00892903485925 profile1
300 69.829176 0 profile1
301 69.837051 -0.0166988749098777 profile1
302 69.844926 -0.0143379176361202 profile1
303 69.869428 -0.0108229481573965 profile1
304 69.876397 -0.0106545498556767 profile1
305 69.876657 -0.0173632356142644 profile1
306 69.876917 -0.0239704396586464 profile1
307 69.924127 -0.366028207314227 profile1
308 69.978753 -0.798110963677184 profile1
309 70.033378 -0.821983676619686 profile1
310 70.042973 -0.848731705424695 profile1
311 70.043703 -0.879116156718848 profile1
312 70.044434 -0.912873568514231 profile1
313 70.087246 -0.936700492323374 profile1
314 70.141872 -0.938632740927154 profile1
315 70.196497 -0.945557774901823 profile1
316 70.400832 -0.945249940339175 profile1
317 70.421006 -0.940161329874505 profile1
318 70.441181 -0.934527640551603 profile1
319 70.60917 -0.928310167218254 profile1
320 70.612702 -0.921311825208516 profile1
321 70.616235 -0.910997790202039 profile1
322 70.661194 -0.909894659001982 profile1
323 70.728481 -0.914709808346218 profile1
324 70.750402 -0.92348811664829 profile1
325 70.772323 -0.919214571511925 profile1
326 70.779053 -0.909958057232322 profile1
327 70.782062 -0.905264302441189 profile1
328 70.785072 -0.901667031741294 profile1
329 71.12066 -1.15773200320644 profile1
330 71.198629 -1.15759010601228 profile1
331 71.276599 -1.15757751470191 profile1
332 71.354568 -1.26094885996714 profile1
333 71.418821 -1.27748769560968 profile1
334 71.422464 -1.36504960636844 profile1
335 71.425934 -1.51729608087426 profile1
336 71.429405 -1.57324727761451 profile1
337 71.432875 -1.55945311739815 profile1
338 71.436346 -1.55307380590609 profile1
339 71.439817 -1.55408328243637 profile1
340 71.443287 -1.56240275787154 profile1
341 71.449172 -1.57460254961708 profile1
342 71.46043 -1.58187240035094 profile1
343 71.475844 -1.58884561365435 profile1
344 71.510771 -1.59578429794363 profile1
345 71.658293 -1.61218438367692 profile1
346 71.675712 -1.64625988566295 profile1
347 71.693132 -1.68402322751998 profile1
348 71.782692 -1.85294553415133 profile1
349 71.793079 -1.86312261039844 profile1
350 71.803404 -1.7457721141576 profile1
351 71.813729 -1.69123676907373 profile1
352 71.824055 -1.99798080269689 profile1
353 71.83438 -2.04717765938544 profile1
354 71.859513 -1.99185943961194 profile1
355 71.937774 -2.33708365471681 profile1
356 71.945079 -2.35551102337549 profile1
357 71.952385 -2.36294287137823 profile1
358 71.98473 -2.36152006171059 profile1
359 72.012709 -2.37264723644997 profile1
360 72.040688 -2.37177305270206 profile1
361 72.210521 -2.25307599694413 profile1
362 72.314268 -3.40633078081968 profile1
363 72.366456 -3.34052905067175 profile1
364 72.411367 -3.33449569753878 profile1
365 72.450663 -3.32504106920997 profile1
366 72.471305 -3.31031488429922 profile1
367 72.491946 -3.26880464094575 profile1
368 72.512588 -3.27825657767751 profile1
369 72.601385 -3.33628162039645 profile1
370 72.621813 -3.26950660970443 profile1
371 72.642242 -3.24967475230719 profile1
372 72.66267 -3.24009764496708 profile1
373 72.771429 -3.63187945792916 profile1
374 72.883243 -3.60479242150186 profile1
375 72.898448 -3.5336202091316 profile1
376 72.913654 -3.47082162884456 profile1
377 72.928859 -3.41895408930135 profile1
378 72.944065 -3.37484934830592 profile1
379 72.95927 -3.44511031342905 profile1
380 72.974476 -3.9948866676802 profile1
381 72.989681 -5.66830092587133 profile1
382 72.996574 -5.69262950051328 profile1
383 72.9996 -5.67852028673893 profile1
384 73.002626 -5.65714391578263 profile1
385 73.005652 -5.64800905698165 profile1
386 73.012925 -5.63221701657162 profile1
387 73.023956 -5.6140651954488 profile1
388 73.034987 -5.59786333572061 profile1
389 73.046018 -5.58817028675762 profile1
390 73.057049 -5.5842701429548 profile1
391 73.06808 -5.58556943730748 profile1
392 73.079353 -5.58751456665406 profile1
393 73.111862 -4.53563746395132 profile1
394 73.146945 -4.65775543106274 profile1
395 73.171837 -4.89044702817577 profile1
396 73.196729 -5.09204866836938 profile1
397 73.629401 -5.11393118126176 profile1
398 74.062073 -5.12513231261148 profile1
399 74.066223 -5.13725233855913 profile1
400 74.070373 -5.14944841413532 profile1
401 74.074523 -5.16171469407073 profile1
402 74.078673 -5.17404398920628 profile1
403 74.082823 -5.16129682218151 profile1
404 74.3761735 -5.15771558833243 profile1
405 74.669524 -5.04793552902206 profile1
406 74.672012 -4.71645879199837 profile1
407 74.674499 -4.40844525273358 profile1
408 74.716248 -4.13568526838706 profile1
409 74.724515 -3.90699561570989 profile1
410 74.732783 -3.92190304426101 profile1
411 75.0995546666667 -5.8698484463459 profile1
412 75.4663263333333 -5.87324721853934 profile1
413 75.833098 -5.97542535280776 profile1
414 75.863363 -6.0580670539432 profile1
415 75.875899 -6.13740411584412 profile1
416 75.888435 -6.20298444701492 profile1
417 75.900971 -6.24851618481473 profile1
418 75.903257 -6.30583799569449 profile1
419 75.904489 -6.33867278539421 profile1
420 75.905721 -6.36032044230856 profile1
421 75.917304 -6.38378612737818 profile1
422 76.287653 -6.43847398708339 profile1
423 76.288899 -6.50816515121535 profile1
424 76.290145 -6.57838601107131 profile1
425 76.397032 -6.62765179962497 profile1
426 76.403847 -6.64650940858707 profile1
427 76.410663 -6.64466331920003 profile1
428 76.607927 -6.52237609601093 profile1
429 76.623625 -6.30032526793081 profile1
430 76.633554 -6.23950623350735 profile1
431 76.643483 -6.17581134320305 profile1
432 76.653411 -6.10974544205282 profile1
433 76.66334 -6.04204618572665 profile1
434 76.700004 -6.00664561427863 profile1
435 67.606765 -5.73917325734948 profile2
436 67.613251 -5.7387463517347 profile2
437 67.619736 -5.7383335757498 profile2
438 67.626222 -5.73793522448277 profile2
439 67.641347 -5.73755139632723 profile2
440 67.654855 -5.73719533333211 profile2
441 67.658769 -5.73711253948618 profile2
442 67.662682 -5.73706693367351 profile2
443 67.666596 -5.73704409215335 profile2
444 67.679986 -5.73703239376876 profile2
445 67.708923 -5.69021813793593 profile2
446 67.715069 -5.64221167132716 profile2
447 67.721215 -5.59767865971681 profile2
448 67.746869 -5.55872065776124 profile2
449 67.778018 -5.55747413767739 profile2
450 67.809168 -5.55775697492278 profile2
451 67.895218 -5.48522646127262 profile2
452 67.900561 -5.37186852440966 profile2
453 67.905905 -5.26026683553706 profile2
454 67.911248 -5.15170080945694 profile2
455 67.920171 -5.06198016756477 profile2
456 67.929072 -5.00367004295794 profile2
457 67.937973 -4.94692905549732 profile2
458 67.946874 -4.89213538186439 profile2
459 67.962131 -4.87645379523304 profile2
460 68.103338 -4.87332589059919 profile2
461 68.122257 -4.8731386342309 profile2
462 68.141177 -4.94967947625622 profile2
463 68.410128 -5.05375034246471 profile2
464 68.415239 -5.00091988172931 profile2
465 68.42035 -4.94352617121189 profile2
466 68.640199 -4.88800828651846 profile2
467 68.652056 -4.83960910249648 profile2
468 68.656091 -4.79621164117996 profile2
469 68.660126 -4.75856757127734 profile2
470 68.664161 -4.72723479718887 profile2
471 68.685197 -4.7029852161221 profile2
472 68.806919 -4.69200220468088 profile2
473 68.816104 -4.69128436046434 profile2
474 68.825289 -4.69056457028793 profile2
475 68.885575 -4.68503108653913 profile2
476 68.886394 -4.67548766030559 profile2
477 68.887213 -4.66630374902184 profile2
478 68.888033 -4.65749534306804 profile2
479 68.888852 -4.64907713084145 profile2
480 68.889671 -4.64106215360722 profile2
481 68.89049 -4.63285662449744 profile2
482 68.89131 -4.62631521620798 profile2
483 68.892129 -4.62108512805877 profile2
484 68.987403 -4.37040604192692 profile2
485 69.064645 -3.37681389164385 profile2
486 69.131341 -2.5677574675039 profile2
487 69.198036 -2.52905566742087 profile2
488 69.214855 -2.49056288431416 profile2
489 69.21825 -2.45345359405128 profile2
490 69.221446 -2.41789069501426 profile2
491 69.224642 -2.38401085463355 profile2
492 69.227838 -2.35192927980309 profile2
493 69.231034 -1.51060676917802 profile2
494 69.23423 -1.32773364956296 profile2
495 69.237426 -1.31980529409717 profile2
496 69.240621 -1.3119492289641 profile2
497 69.244859 -1.30417124360428 profile2
498 69.252696 -1.29718307242448 profile2
499 69.260534 -1.29040753486355 profile2
500 69.416362 -1.10246568483151 profile2
501 69.484146 -0.834931224445308 profile2
502 69.505599 -0.837480578443428 profile2
503 69.508945 -0.851014890060182 profile2
504 69.512291 -0.865508445671517 profile2
505 69.515636 -0.880737380301498 profile2
506 69.542556 -0.806902522835548 profile2
507 69.592546 -0.837951310425326 profile2
508 69.66328 -0.837485138214326 profile2
509 69.721392 -0.835610319780697 profile2
510 69.724456 -0.837318531396367 profile2
511 69.727519 -0.839327919079729 profile2
512 69.733033 -0.841635077788856 profile2
513 69.768364 -0.76794408436887 profile2
514 69.782339 -0.664049634705812 profile2
515 69.796313 -0.551269046746773 profile2
516 69.810287 -0.0616027894962566 profile2
517 69.829176 0 profile2
518 69.837051 -0.0564938923767765 profile2
519 69.844926 -0.126419067711171 profile2
520 69.869428 -0.204105407296105 profile2
521 69.876397 -0.284189857983585 profile2
522 69.876657 -0.362764017031827 profile2
523 69.876917 -0.44130430928737 profile2
524 69.924127 -0.46306695942515 profile2
525 69.978753 -0.459841025381909 profile2
526 70.033378 -0.482780961343164 profile2
527 70.042973 -0.506795322097892 profile2
528 70.043703 -0.531413790382599 profile2
529 70.044434 -0.556570131678335 profile2
530 70.087246 -0.58166755885818 profile2
531 70.141872 -0.606581957223835 profile2
532 70.196497 -0.615986080168744 profile2
533 70.400832 -0.614166123290952 profile2
534 70.421006 -0.582277308640184 profile2
535 70.441181 -0.552954540529136 profile2
536 70.60917 -0.539534732463396 profile2
537 70.612702 -0.582375386479802 profile2
538 70.616235 -0.62407060600693 profile2
539 70.661194 -0.651716667328668 profile2
540 70.728481 -0.647573286084891 profile2
541 70.750402 -0.636415709923066 profile2
542 70.772323 -0.630515689034009 profile2
543 70.779053 -0.6296361462168 profile2
544 70.782062 -0.632718740108299 profile2
545 70.785072 -0.638268429106631 profile2
546 71.12066 -0.954041825916949 profile2
547 71.198629 -0.950487192920155 profile2
548 71.276599 -0.946590951508521 profile2
549 71.354568 -0.873309784391909 profile2
550 71.418821 -1.13769360126151 profile2
551 71.422464 -1.33051773091963 profile2
552 71.425934 -1.48598056683091 profile2
553 71.429405 -1.51469717774999 profile2
554 71.432875 -1.48178754226753 profile2
555 71.436346 -1.44913369828981 profile2
556 71.439817 -1.41680172194316 profile2
557 71.443287 -1.38485802544599 profile2
558 71.449172 -1.35369440795709 profile2
559 71.46043 -1.32356277024378 profile2
560 71.475844 -1.29295893604664 profile2
561 71.510771 -1.26292294983623 profile2
562 71.658293 -1.23056017466399 profile2
563 71.675712 -1.19395645054567 profile2
564 71.693132 -1.15951450017399 profile2
565 71.782692 -1.33727962383625 profile2
566 71.793079 -1.20459634635323 profile2
567 71.803404 -1.05643800632506 profile2
568 71.813729 -1.05281508752531 profile2
569 71.824055 -1.69194104757326 profile2
570 71.83438 -1.98228213421757 profile2
571 71.859513 -2.02102699169911 profile2
572 71.937774 -2.10188709495134 profile2
573 71.945079 -2.08926144605266 profile2
574 71.952385 -2.09326722922217 profile2
575 71.98473 -2.125039655012 profile2
576 72.012709 -2.17302407548566 profile2
577 72.040688 -2.22055673328895 profile2
578 72.210521 -2.33563169053003 profile2
579 72.314268 -2.26616486920704 profile2
580 72.366456 -2.22056640188169 profile2
581 72.411367 -2.21281828700705 profile2
582 72.450663 -2.19900639336579 profile2
583 72.471305 -2.13958736128785 profile2
584 72.491946 -2.01600596216116 profile2
585 72.512588 -1.85693185884583 profile2
586 72.601385 -1.89014554179671 profile2
587 72.621813 -1.91775926451465 profile2
588 72.642242 -1.92816036761931 profile2
589 72.66267 -1.93926622888513 profile2
590 72.771429 -2.10999354614317 profile2
591 72.883243 -2.10870737646484 profile2
592 72.898448 -2.11572127924147 profile2
593 72.913654 -2.12356685784336 profile2
594 72.928859 -2.131820810841 profile2
595 72.944065 -2.14053433129084 profile2
596 72.95927 -2.12201273754222 profile2
597 72.974476 -2.08563909896257 profile2
598 72.989681 -2.36203570193522 profile2
599 72.996574 -2.27259774888099 profile2
600 72.9996 -2.20123280374991 profile2
601 73.002626 -2.16005394951304 profile2
602 73.005652 -2.13745105692589 profile2
603 73.012925 -2.11919918760504 profile2
604 73.023956 -2.1043570132577 profile2
605 73.034987 -2.09191090993393 profile2
606 73.046018 -2.08053871409343 profile2
607 73.057049 -2.07249333172065 profile2
608 73.06808 -2.068122050421 profile2
609 73.079353 -2.0685557966363 profile2
610 73.111862 -2.84105635112939 profile2
611 73.146945 -2.93344646367187 profile2
612 73.171837 -2.90316520564941 profile2
613 73.196729 -2.84380209344803 profile2
614 73.629401 -2.85532886633132 profile2
615 74.062073 -2.83934257713385 profile2
616 74.066223 -2.83609036841576 profile2
617 74.070373 -2.83406333609513 profile2
618 74.074523 -2.83326118289809 profile2
619 74.078673 -2.83367598589831 profile2
620 74.082823 -2.89896747425438 profile2
621 74.3761735 -2.86550379896057 profile2
622 74.669524 -2.90618514875338 profile2
623 74.672012 -2.93299619596801 profile2
624 74.674499 -2.96800552179437 profile2
625 74.716248 -3.01048408204709 profile2
626 74.724515 -3.05936346490741 profile2
627 74.732783 -2.94771259200707 profile2
628 75.0995546666667 -3.24733744338822 profile2
629 75.4663263333333 -3.29598212262761 profile2
630 75.833098 -3.21343159509502 profile2
631 75.863363 -3.2395387742185 profile2
632 75.875899 -3.27851140895388 profile2
633 75.888435 -3.39018851967289 profile2
634 75.900971 -3.64076637658364 profile2
635 75.903257 -3.89101517081866 profile2
636 75.904489 -3.9826838366961 profile2
637 75.905721 -4.02125958652411 profile2
638 75.917304 -4.06133954548922 profile2
639 76.287653 -4.09074280062939 profile2
640 76.288899 -4.13437538486977 profile2
641 76.290145 -4.17982649919458 profile2
642 76.397032 -4.19263127124476 profile2
643 76.403847 -4.18265984703102 profile2
644 76.410663 -4.16939523691034 profile2
645 76.607927 -4.30498596894195 profile2
646 76.623625 -4.39589218570218 profile2
647 76.633554 -4.38666872070717 profile2
648 76.643483 -4.37910704682446 profile2
649 76.653411 -4.37318937947433 profile2
650 76.66334 -4.36891073965573 profile2
651 76.700004 -4.41172027960422 profile2
