marker_position lod trace
1 67.606765 -7.55832809833791 pleio
2 67.613251 -7.55883986974177 pleio
3 67.619736 -7.55947227409819 pleio
4 67.626222 -7.5602256420056 pleio
5 67.641347 -7.56109848983022 pleio
6 67.654855 -7.5620649196179 pleio
7 67.658769 -7.56261555063596 pleio
8 67.662682 -7.56317203073335 pleio
9 67.666596 -7.56379543926558 pleio
10 67.679986 -7.56453676719844 pleio
11 67.708923 -7.57661350675673 pleio
12 67.715069 -7.59014326612129 pleio
13 67.721215 -7.60325060522791 pleio
14 67.746869 -7.62755381439322 pleio
15 67.778018 -7.62793026595202 pleio
16 67.809168 -7.63103379824753 pleio
17 67.895218 -7.51672038675314 pleio
18 67.900561 -7.33367516725086 pleio
19 67.905905 -7.15797255781432 pleio
20 67.911248 -6.99319596484349 pleio
21 67.920171 -6.83196870570216 pleio
22 67.929072 -6.66671799079899 pleio
23 67.937973 -6.52057960834745 pleio
24 67.946874 -6.39495276714036 pleio
25 67.962131 -6.29310718571067 pleio
26 68.103338 -6.25116720319779 pleio
27 68.122257 -6.24323875305193 pleio
28 68.141177 -6.40519114820419 pleio
29 68.410128 -6.5822633742809 pleio
30 68.415239 -6.49865346287125 pleio
31 68.42035 -6.41688654970578 pleio
32 68.640199 -6.24121388073418 pleio
33 68.652056 -5.99078007941336 pleio
34 68.656091 -5.74080459212843 pleio
35 68.660126 -5.49430088457214 pleio
36 68.664161 -5.25485680019068 pleio
37 68.685197 -5.01809190607896 pleio
38 68.806919 -4.91684312808344 pleio
39 68.816104 -4.91667737869305 pleio
40 68.825289 -4.91654966227935 pleio
41 68.885575 -4.89803019685424 pleio
42 68.886394 -4.86337231224374 pleio
43 68.887213 -4.82898979615852 pleio
44 68.888033 -4.79498961340907 pleio
45 68.888852 -4.76147897931017 pleio
46 68.889671 -4.72856331770376 pleio
47 68.89049 -4.53557995138814 pleio
48 68.89131 -4.34159723864402 pleio
49 68.892129 -4.16482270637197 pleio
50 68.987403 -3.97755101716447 pleio
51 69.064645 -3.01243067385006 pleio
52 69.131341 -2.11751188374617 pleio
53 69.198036 -2.12124354978738 pleio
54 69.214855 -2.1160301161205 pleio
55 69.21825 -2.11558097488695 pleio
56 69.221446 -2.12015633605453 pleio
57 69.224642 -2.12990306393351 pleio
58 69.227838 -2.14484045101532 pleio
59 69.231034 -1.89744455572707 pleio
60 69.23423 -2.0513618198983 pleio
61 69.237426 -2.04635533622021 pleio
62 69.240621 -2.04142949726583 pleio
63 69.244859 -2.0365925836139 pleio
64 69.252696 -2.03179641236361 pleio
65 69.260534 -2.02276328262755 pleio
66 69.416362 -1.85950870639619 pleio
67 69.484146 -1.93403439694801 pleio
68 69.505599 -1.928359030732 pleio
69 69.508945 -1.91785015046458 pleio
70 69.512291 -1.90977980451146 pleio
71 69.515636 -1.90417612708003 pleio
72 69.542556 -1.84128022782029 pleio
73 69.592546 -2.17959336942353 pleio
74 69.66328 -2.02111341955845 pleio
75 69.721392 -2.03893299444603 pleio
76 69.724456 -2.05193836554801 pleio
77 69.727519 -2.06509327759752 pleio
78 69.733033 -2.07838043873714 pleio
79 69.768364 -1.91344232870381 pleio
80 69.782339 -1.6875737763529 pleio
81 69.796313 -1.52109877072708 pleio
82 69.810287 0 pleio
83 69.829176 -0.057707810706884 pleio
84 69.837051 -0.0609154662882496 pleio
85 69.844926 -0.0902136720482054 pleio
86 69.869428 -0.134497759976096 pleio
87 69.876397 -0.178747937151189 pleio
88 69.876657 -0.236312529927829 pleio
89 69.876917 -0.313709355963069 pleio
90 69.924127 -0.333495669942255 pleio
91 69.978753 -0.352732838268017 pleio
92 70.033378 -0.387544479877716 pleio
93 70.042973 -0.425330150377658 pleio
94 70.043703 -0.46515342008933 pleio
95 70.044434 -0.506903355638673 pleio
96 70.087246 -0.547747760930426 pleio
97 70.141872 -0.585922375645178 pleio
98 70.196497 -0.636199436161829 pleio
99 70.400832 -0.67304159982174 pleio
100 70.421006 -0.704326381137126 pleio
101 70.441181 -0.738788932758695 pleio
102 70.60917 -0.778854720835983 pleio
103 70.612702 -0.832673557916931 pleio
104 70.616235 -0.93310817547789 pleio
105 70.661194 -0.991192415598543 pleio
106 70.728481 -1.02693473813911 pleio
107 70.750402 -1.0637666709171 pleio
108 70.772323 -1.09532213146208 pleio
109 70.779053 -1.11922141275514 pleio
110 70.782062 -1.13444265046749 pleio
111 70.785072 -1.15295031321011 pleio
112 71.12066 -0.910567597370954 pleio
113 71.198629 -0.922714424472539 pleio
114 71.276599 -0.934932309501882 pleio
115 71.354568 -0.807575518487732 pleio
116 71.418821 -0.930783523370044 pleio
117 71.422464 -0.884603069043259 pleio
118 71.425934 -0.846824520098189 pleio
119 71.429405 -0.877350969718328 pleio
120 71.432875 -0.926251417992204 pleio
121 71.436346 -0.9765086217251 pleio
122 71.439817 -1.02797852322363 pleio
123 71.443287 -1.08051028873219 pleio
124 71.449172 -1.12228376646045 pleio
125 71.46043 -1.13826138445165 pleio
126 71.475844 -1.153649342546 pleio
127 71.510771 -1.16886707147116 pleio
128 71.658293 -1.174007009442 pleio
129 71.675712 -1.16315919949744 pleio
130 71.693132 -1.1519685773164 pleio
131 71.782692 -1.39756692887717 pleio
132 71.793079 -1.64312588049014 pleio
133 71.803404 -1.77272853660234 pleio
134 71.813729 -1.48744579653324 pleio
135 71.824055 -1.69658937630281 pleio
136 71.83438 -1.9757462558142 pleio
137 71.859513 -2.01158236417801 pleio
138 71.937774 -2.06463849855561 pleio
139 71.945079 -2.06709541485315 pleio
140 71.952385 -2.07458688455492 pleio
141 71.98473 -2.0695696069127 pleio
142 72.012709 -2.00532893353394 pleio
143 72.040688 -1.95514963736059 pleio
144 72.210521 -2.54387944272715 pleio
145 72.314268 -3.0721459026778 pleio
146 72.366456 -3.02558531435508 pleio
147 72.411367 -3.03477851736768 pleio
148 72.450663 -3.05589311339143 pleio
149 72.471305 -3.12401324065471 pleio
150 72.491946 -3.15083796919405 pleio
151 72.512588 -3.17673758913734 pleio
152 72.601385 -3.09889762073819 pleio
153 72.621813 -2.9313730336362 pleio
154 72.642242 -2.95086976975948 pleio
155 72.66267 -2.97344724802083 pleio
156 72.771429 -3.74075669724551 pleio
157 72.883243 -3.73661776430074 pleio
158 72.898448 -3.75226057409177 pleio
159 72.913654 -3.77057233061273 pleio
160 72.928859 -3.79119447007385 pleio
161 72.944065 -3.81435668728893 pleio
162 72.95927 -3.88087268729613 pleio
163 72.974476 -4.10545088290647 pleio
164 72.989681 -6.36782477770768 pleio
165 72.996574 -6.83068767939364 pleio
166 72.9996 -7.08748841728657 pleio
167 73.002626 -7.16985856355893 pleio
168 73.005652 -7.10712067072044 pleio
169 73.012925 -7.04507567292638 pleio
170 73.023956 -6.98358818759139 pleio
171 73.034987 -6.92273226106734 pleio
172 73.046018 -6.85598727453301 pleio
173 73.057049 -6.79021933259239 pleio
174 73.06808 -6.72749494703403 pleio
175 73.079353 -6.6668291443915 pleio
176 73.111862 -7.70432862883927 pleio
177 73.146945 -8.05328210896986 pleio
178 73.171837 -8.39077710213314 pleio
179 73.196729 -8.38696783677363 pleio
180 73.629401 -8.38596809084865 pleio
181 74.062073 -8.39332876597733 pleio
182 74.066223 -8.40068089822974 pleio
183 74.070373 -8.40841235262217 pleio
184 74.074523 -8.41650007143788 pleio
185 74.078673 -8.42492243154563 pleio
186 74.082823 -8.50943143932439 pleio
187 74.3761735 -8.46419708919447 pleio
188 74.669524 -8.49073484008588 pleio
189 74.672012 -8.45368955621071 pleio
190 74.674499 -8.42814577126737 pleio
191 74.716248 -8.41613844405793 pleio
192 74.724515 -8.41936932506491 pleio
193 74.732783 -8.58442772681098 pleio
194 75.0995546666667 -9.0079218276084 pleio
195 75.4663263333333 -8.98252368974983 pleio
196 75.833098 -9.04223916401983 pleio
197 75.863363 -9.04182123526578 pleio
198 75.875899 -9.03554601715052 pleio
199 75.888435 -9.08235539061638 pleio
200 75.900971 -9.23817395712161 pleio
201 75.903257 -9.40171832653331 pleio
202 75.904489 -9.45606926044668 pleio
203 75.905721 -9.47615215451549 pleio
204 75.917304 -9.50268375171247 pleio
205 76.287653 -9.53638187691101 pleio
206 76.288899 -9.57462049042979 pleio
207 76.290145 -9.61165052936482 pleio
208 76.397032 -9.64680402993118 pleio
209 76.403847 -9.67423097412177 pleio
210 76.410663 -9.68206185513581 pleio
211 76.607927 -9.32915789059902 pleio
212 76.623625 -9.31920343862009 pleio
213 76.633554 -9.42233427937243 pleio
214 76.643483 -9.5272060605299 pleio
215 76.653411 -9.63212272206217 pleio
216 76.66334 -9.73540513372174 pleio
217 76.700004 -9.896226908055 pleio
218 67.606765 -4.8756443892967 profile1
219 67.613251 -4.87460766803029 profile1
220 67.619736 -4.87360728186544 profile1
221 67.626222 -4.87264383120785 profile1
222 67.641347 -4.8717158946139 profile1
223 67.654855 -4.87080780391065 profile1
224 67.658769 -4.86958993698246 profile1
225 67.662682 -4.86839307629355 profile1
226 67.666596 -4.86722549999084 profile1
227 67.679986 -4.86609402606327 profile1
228 67.708923 -4.85885130744882 profile1
229 67.715069 -4.84974300559385 profile1
230 67.721215 -4.83885490558921 profile1
231 67.746869 -4.83830992333426 profile1
232 67.778018 -4.83580881825652 profile1
233 67.809168 -4.83538390535043 profile1
234 67.895218 -4.7530346905329 profile1
235 67.900561 -4.61700263584752 profile1
236 67.905905 -4.47868164914606 profile1
237 67.911248 -4.34081168123677 profile1
238 67.920171 -4.20892652581848 profile1
239 67.929072 -4.08803166065079 profile1
240 67.937973 -3.97414908848422 profile1
241 67.946874 -3.86868432709188 profile1
242 67.962131 -3.74514212102599 profile1
243 68.103338 -3.69359323067507 profile1
244 68.122257 -3.6896239398596 profile1
245 68.141177 -3.80300710230496 profile1
246 68.410128 -3.93878724250836 profile1
247 68.415239 -3.85035734024423 profile1
248 68.42035 -3.75988205654634 profile1
249 68.640199 -3.64213524795307 profile1
250 68.652056 -3.49942689257644 profile1
251 68.656091 -3.35149814938037 profile1
252 68.660126 -3.2001967135275 profile1
253 68.664161 -3.04813644742906 profile1
254 68.685197 -2.89506675981552 profile1
255 68.806919 -2.82522842309512 profile1
256 68.816104 -2.82595465120771 profile1
257 68.825289 -2.82668024241477 profile1
258 68.885575 -2.81238324775221 profile1
259 68.886394 -2.78489187327849 profile1
260 68.887213 -2.75758075120681 profile1
261 68.888033 -2.73053351918105 profile1
262 68.888852 -2.70383439038876 profile1
263 68.889671 -2.67756649989212 profile1
264 68.89049 -2.50629980401411 profile1
265 68.89131 -2.33374485463169 profile1
266 68.892129 -2.17668009008825 profile1
267 68.987403 -2.09430639005703 profile1
268 69.064645 -1.8682456498416 profile1
269 69.131341 -1.52085206396274 profile1
270 69.198036 -1.51963441645438 profile1
271 69.214855 -1.51535723489393 profile1
272 69.21825 -1.51503669743142 profile1
273 69.221446 -1.5188533451856 profile1
274 69.224642 -1.52688562701631 profile1
275 69.227838 -1.53910359571632 profile1
276 69.231034 -0.64213200336755 profile1
277 69.23423 -0.4813636274314 profile1
278 69.237426 -0.47255460077337 profile1
279 69.240621 -0.463777083027708 profile1
280 69.244859 -0.455040448562617 profile1
281 69.252696 -0.446603942897664 profile1
282 69.260534 -0.434635747020772 profile1
283 69.416362 -0.291528114428162 profile1
284 69.484146 -0.187889229409121 profile1
285 69.505599 -0.177839996101989 profile1
286 69.508945 -0.157024522477324 profile1
287 69.512291 -0.136893756619277 profile1
288 69.515636 -0.117667023941982 profile1
289 69.542556 0.0167627138782949 profile1
290 69.592546 0.037161438857723 profile1
291 69.66328 0.30569227367099 profile1
292 69.721392 0.298777764897476 profile1
293 69.724456 0.288801841638375 profile1
294 69.727519 0.278665992865328 profile1
295 69.733033 0.26837747353377 profile1
296 69.768364 0.282465495582017 profile1
297 69.782339 0.283617786389 profile1
298 69.796313 0.250652414380453 profile1
299 69.810287 0.243188380388596 profile1
300 69.829176 0.209062746706301 profile1
301 69.837051 0.171972303366716 profile1
302 69.844926 0.122548914314416 profile1
303 69.869428 0.071024980888084 profile1
304 69.876397 0.0336937931801555 profile1
305 69.876657 -0.00577344567453642 profile1
306 69.876917 -0.0502151317375027 profile1
307 69.924127 -0.0980971148228496 profile1
308 69.978753 -0.159179497563332 profile1
309 70.033378 -0.1912608509689 profile1
310 70.042973 -0.225016859522846 profile1
311 70.043703 -0.259741111462795 profile1
312 70.044434 -0.295337282634264 profile1
313 70.087246 -0.328425558087502 profile1
314 70.141872 -0.356645231573887 profile1
315 70.196497 -0.387665076705911 profile1
316 70.400832 -0.418590555608666 profile1
317 70.421006 -0.450992484572943 profile1
318 70.441181 -0.486131626267354 profile1
319 70.60917 -0.527432703915678 profile1
320 70.612702 -0.586919783207945 profile1
321 70.616235 -0.67317480404878 profile1
322 70.661194 -0.727107183146535 profile1
323 70.728481 -0.76801645348026 profile1
324 70.750402 -0.813693691426984 profile1
325 70.772323 -0.849114613059174 profile1
326 70.779053 -0.875986464399786 profile1
327 70.782062 -0.897464937517785 profile1
328 70.785072 -0.920759897033456 profile1
329 71.12066 -0.787225419350935 profile1
330 71.198629 -0.797561352917705 profile1
331 71.276599 -0.808037801502528 profile1
332 71.354568 -0.807575518487732 profile1
333 71.418821 -0.734228765065575 profile1
334 71.422464 -0.550360725238795 profile1
335 71.425934 -0.411339722937594 profile1
336 71.429405 -0.390803966455299 profile1
337 71.432875 -0.404123009582299 profile1
338 71.436346 -0.417013724986257 profile1
339 71.439817 -0.429430348978234 profile1
340 71.443287 -0.44133109032187 profile1
341 71.449172 -0.453376032545988 profile1
342 71.46043 -0.466712314529693 profile1
343 71.475844 -0.480010975472575 profile1
344 71.510771 -0.493130572025357 profile1
345 71.658293 -0.50402243113569 profile1
346 71.675712 -0.512180856793006 profile1
347 71.693132 -0.520151260692423 profile1
348 71.782692 -0.396921455163277 profile1
349 71.793079 -0.457546646136283 profile1
350 71.803404 -0.620121563607032 profile1
351 71.813729 -0.616801056520205 profile1
352 71.824055 -0.881672120530625 profile1
353 71.83438 -1.17903698729495 profile1
354 71.859513 -1.23375062466095 profile1
355 71.937774 -1.24449853066706 profile1
356 71.945079 -1.27074072647736 profile1
357 71.952385 -1.28906323684386 profile1
358 71.98473 -1.29841448091361 profile1
359 72.012709 -1.26304695698187 profile1
360 72.040688 -1.23780690454787 profile1
361 72.210521 -1.26086469027065 profile1
362 72.314268 -1.43452386746205 profile1
363 72.366456 -1.36966896155287 profile1
364 72.411367 -1.36941261818417 profile1
365 72.450663 -1.37615993628437 profile1
366 72.471305 -1.39509340684457 profile1
367 72.491946 -1.41499326116768 profile1
368 72.512588 -1.43622987441537 profile1
369 72.601385 -1.51002965209549 profile1
370 72.621813 -1.507567780221 profile1
371 72.642242 -1.52616335256867 profile1
372 72.66267 -1.54471841121533 profile1
373 72.771429 -1.10503212211689 profile1
374 72.883243 -1.10066136664301 profile1
375 72.898448 -1.10031916707214 profile1
376 72.913654 -1.10020132176343 profile1
377 72.928859 -1.10043808001145 profile1
378 72.944065 -1.10045476613478 profile1
379 72.95927 -1.12337152394942 profile1
380 72.974476 -1.08851856134125 profile1
381 72.989681 -2.7938158487943 profile1
382 72.996574 -3.41758371207093 profile1
383 72.9996 -3.73148508021013 profile1
384 73.002626 -3.88860207261091 profile1
385 73.005652 -3.89862276210853 profile1
386 73.012925 -3.90641161629433 profile1
387 73.023956 -3.91272641046338 profile1
388 73.034987 -3.91844001598944 profile1
389 73.046018 -3.93079316998739 profile1
390 73.057049 -3.94271696002598 profile1
391 73.06808 -3.95268478728146 profile1
392 73.079353 -3.95813916746426 profile1
393 73.111862 -4.58414957539827 profile1
394 73.146945 -4.92996634264169 profile1
395 73.171837 -5.11288005801817 profile1
396 73.196729 -5.05573482728349 profile1
397 73.629401 -5.05109176196462 profile1
398 74.062073 -5.05385640568327 profile1
399 74.066223 -5.05834770594907 profile1
400 74.070373 -5.06300787261927 profile1
401 74.074523 -5.06782385305369 profile1
402 74.078673 -5.07278247505879 profile1
403 74.082823 -5.08267318411333 profile1
404 74.3761735 -5.08123415819371 profile1
405 74.669524 -5.08313391998901 profile1
406 74.672012 -5.0774400493614 profile1
407 74.674499 -5.07196656801832 profile1
408 74.716248 -5.06687720852273 profile1
409 74.724515 -5.06230466070455 profile1
410 74.732783 -5.10708720559766 profile1
411 75.0995546666667 -4.83109412298029 profile1
412 75.4663263333333 -4.81147526921232 profile1
413 75.833098 -4.86062395635645 profile1
414 75.863363 -4.87105013896214 profile1
415 75.875899 -4.88280939104506 profile1
416 75.888435 -4.8946425852684 profile1
417 75.900971 -4.91445954407623 profile1
418 75.903257 -4.94628455143982 profile1
419 75.904489 -4.98277188248065 profile1
420 75.905721 -5.02459017501966 profile1
421 75.917304 -5.07275899740184 profile1
422 76.287653 -5.08871753278755 profile1
423 76.288899 -5.09523326235112 profile1
424 76.290145 -5.09959529024148 profile1
425 76.397032 -5.10476420847556 profile1
426 76.403847 -5.11031520718101 profile1
427 76.410663 -5.115483955225 profile1
428 76.607927 -4.86603020003502 profile1
429 76.623625 -4.88321759606138 profile1
430 76.633554 -4.97350857198579 profile1
431 76.643483 -5.06693566147198 profile1
432 76.653411 -5.16203121766069 profile1
433 76.66334 -5.25717803059317 profile1
434 76.700004 -5.35167567416738 profile1
435 67.606765 -3.20861296732497 profile2
436 67.613251 -3.21014715320317 profile2
437 67.619736 -3.2117691178707 profile2
438 67.626222 -3.21347855933027 profile2
439 67.641347 -3.2152753738902 profile2
440 67.654855 -3.21715218138856 profile2
441 67.658769 -3.2189809126729 profile2
442 67.662682 -3.22079683895797 profile2
443 67.666596 -3.22265342706658 profile2
444 67.679986 -3.22459540568165 profile2
445 67.708923 -3.24165586821691 profile2
446 67.715069 -3.26265325146624 profile2
447 67.721215 -3.28590022161209 profile2
448 67.746869 -3.31078868343085 profile2
449 67.778018 -3.31376938530823 profile2
450 67.809168 -3.316962999062 profile2
451 67.895218 -3.27037010900026 profile2
452 67.900561 -3.20382497594711 profile2
453 67.905905 -3.15008922415394 profile2
454 67.911248 -3.11033131326819 profile2
455 67.920171 -3.07277328791417 profile2
456 67.929072 -3.02526446627363 profile2
457 67.937973 -2.99289340630288 profile2
458 67.946874 -2.97564701523484 profile2
459 67.962131 -2.99668168313562 profile2
460 68.103338 -3.00661540940684 profile2
461 68.122257 -3.00332927000339 profile2
462 68.141177 -3.05128138433198 profile2
463 68.410128 -3.09181043204555 profile2
464 68.415239 -3.0831119418775 profile2
465 68.42035 -3.07783183187665 profile2
466 68.640199 -2.99999947271923 profile2
467 68.652056 -2.8683488232192 profile2
468 68.656091 -2.74256373859139 profile2
469 68.660126 -2.623979621279 profile2
470 68.664161 -2.5137938924581 profile2
471 68.685197 -2.40894165785639 profile2
472 68.806919 -2.36842985421545 profile2
473 68.816104 -2.36750079584404 profile2
474 68.825289 -2.36660910518993 profile2
475 68.885575 -2.36183160922754 profile2
476 68.886394 -2.35353238945895 profile2
477 68.887213 -2.34517348744137 profile2
478 68.888033 -2.33678267661915 profile2
479 68.888852 -2.32838839517333 profile2
480 68.889671 -2.3200193721423 profile2
481 68.89049 -2.29801915880695 profile2
482 68.89131 -2.27588418911985 profile2
483 68.892129 -2.25499072220358 profile2
484 68.987403 -2.124121573132 profile2
485 69.064645 -1.26737008338302 profile2
486 69.131341 -0.628383693184026 profile2
487 69.198036 -0.636493563990049 profile2
488 69.214855 -0.638732977140692 profile2
489 69.21825 -0.641511243351312 profile2
490 69.221446 -0.644911233771241 profile2
491 69.224642 -0.649011169013956 profile2
492 69.227838 -0.653876157722012 profile2
493 69.231034 -1.19023741974851 profile2
494 69.23423 -1.50109273926904 profile2
495 69.237426 -1.50548152953622 profile2
496 69.240621 -1.50991273765239 profile2
497 69.244859 -1.51438527577399 profile2
498 69.252696 -1.5185671306242 profile2
499 69.260534 -1.52238576127315 profile2
500 69.416362 -1.4585529702273 profile2
501 69.484146 -1.59697905640651 profile2
502 69.505599 -1.60117930044736 profile2
503 69.508945 -1.61114644629756 profile2
504 69.512291 -1.62271251494421 profile2
505 69.515636 -1.63569690403916 profile2
506 69.542556 -1.70037846460542 profile2
507 69.592546 -1.89792438766911 profile2
508 69.66328 -2.02111341955845 profile2
509 69.721392 -2.03066468595873 profile2
510 69.724456 -2.03233565210679 profile2
511 69.727519 -2.03405365753481 profile2
512 69.733033 -2.03580951580633 profile2
513 69.768364 -1.86781108164322 profile2
514 69.782339 -1.62608683196181 profile2
515 69.796313 -1.42179550139309 profile2
516 69.810287 0.0924873187553802 profile2
517 69.829176 0.0482855089139356 profile2
518 69.837051 0.0785053169146004 profile2
519 69.844926 0.0955357178210457 profile2
520 69.869428 0.101047907405743 profile2
521 69.876397 0.0933985473095716 profile2
522 69.876657 0.0762679087476099 profile2
523 69.876917 0.046133385238426 profile2
524 69.924127 0.0757268842190796 profile2
525 69.978753 0.116099913155903 profile2
526 70.033378 0.113294092029455 profile2
527 70.042973 0.109347662265935 profile2
528 70.043703 0.104506034911684 profile2
529 70.044434 0.0987875523777153 profile2
530 70.087246 0.0915129181537725 profile2
531 70.141872 0.0819837644668905 profile2
532 70.196497 0.0630446572083543 profile2
533 70.400832 0.0575641761985799 profile2
534 70.421006 0.0588358515803354 profile2
535 70.441181 0.0596129930595875 profile2
536 70.60917 0.060886772609627 profile2
537 70.612702 0.0664994901036076 profile2
538 70.616235 0.0517803545401738 profile2
539 70.661194 0.0475944026872331 profile2
540 70.728481 0.053217883957614 profile2
541 70.750402 0.0621717652004154 profile2
542 70.772323 0.0659481533687712 profile2
543 70.779053 0.0690469951598254 profile2
544 70.782062 0.075979745738649 profile2
545 70.785072 0.0810988083954673 profile2
546 71.12066 0.184651140858564 profile2
547 71.198629 0.183322380633281 profile2
548 71.276599 0.182081044559802 profile2
549 71.354568 0.30569227367099 profile2
550 71.418821 0.112618183134873 profile2
551 71.422464 -0.0222350817069378 profile2
552 71.425934 -0.130245886469633 profile2
553 71.429405 -0.18579875537797 profile2
554 71.432875 -0.220090861279463 profile2
555 71.436346 -0.256011090993469 profile2
556 71.439817 -0.293464117961917 profile2
557 71.443287 -0.332345774483669 profile2
558 71.449172 -0.360687631335448 profile2
559 71.46043 -0.363045880358152 profile2
560 71.475844 -0.364824745820265 profile2
561 71.510771 -0.366662318745504 profile2
562 71.658293 -0.36144495723121 profile2
563 71.675712 -0.344261985659199 profile2
564 71.693132 -0.326948601152898 profile2
565 71.782692 -0.719051135121543 profile2
566 71.793079 -0.91792240476495 profile2
567 71.803404 -0.917782561551191 profile2
568 71.813729 -0.62855676392021 profile2
569 71.824055 -0.681302399774123 profile2
570 71.83438 -0.736994349030974 profile2
571 71.859513 -0.72782178762671 profile2
572 71.937774 -0.772633168778738 profile2
573 71.945079 -0.75494819005665 profile2
574 71.952385 -0.746816342467989 profile2
575 71.98473 -0.735502573576569 profile2
576 72.012709 -0.715698895669535 profile2
577 72.040688 -0.694664335709838 profile2
578 72.210521 -1.26022355458987 profile2
579 72.314268 -1.66325670831078 profile2
580 72.366456 -1.67784368939921 profile2
581 72.411367 -1.68737217211344 profile2
582 72.450663 -1.70129472374089 profile2
583 72.471305 -1.7467810687848 profile2
584 72.491946 -1.75115470452714 profile2
585 72.512588 -1.75434847395271 profile2
586 72.601385 -1.60720828529917 profile2
587 72.621813 -1.44097939950268 profile2
588 72.642242 -1.43976390790857 profile2
589 72.66267 -1.44195558915373 profile2
590 72.771429 -2.68071349209737 profile2
591 72.883243 -2.68221397204886 profile2
592 72.898448 -2.69894852369518 profile2
593 72.913654 -2.71850913086819 profile2
594 72.928859 -2.74044007085466 profile2
595 72.944065 -2.76547247788942 profile2
596 72.95927 -2.81118898069076 profile2
597 72.974476 -3.09115451078879 profile2
598 72.989681 -3.90487132341354 profile2
599 72.996574 -3.76786289961461 profile2
600 72.9996 -3.69995218124277 profile2
601 73.002626 -3.62102426997425 profile2
602 73.005652 -3.54617422245589 profile2
603 73.012925 -3.47471508470944 profile2
604 73.023956 -3.4055487106929 profile2
605 73.034987 -3.33769483183119 profile2
606 73.046018 -3.2575765367755 profile2
607 73.057049 -3.17915967841849 profile2
608 73.06808 -3.10602413549716 profile2
609 73.079353 -3.03962733789138 profile2
610 73.111862 -3.45364544972481 profile2
611 73.146945 -3.45211938892796 profile2
612 73.171837 -3.61972860101669 profile2
613 73.196729 -3.67611258386117 profile2
614 73.629401 -3.67940496446362 profile2
615 74.062073 -3.68365551087612 profile2
616 74.066223 -3.68549446003921 profile2
617 74.070373 -3.6875968100762 profile2
618 74.074523 -3.68995518479279 profile2
619 74.078673 -3.69256320338944 profile2
620 74.082823 -3.75834468024902 profile2
621 74.3761735 -3.71463385379067 profile2
622 74.669524 -3.73271636106672 profile2
623 74.672012 -3.69431188547231 profile2
624 74.674499 -3.66950177574266 profile2
625 74.716248 -3.66058552577434 profile2
626 74.724515 -3.66923366590561 profile2
627 74.732783 -3.79412653387649 profile2
628 75.0995546666667 -4.50808000404179 profile2
629 75.4663263333333 -4.50108997441147 profile2
630 75.833098 -4.51647500066406 profile2
631 75.863363 -4.50458624754799 profile2
632 75.875899 -4.48439379658079 profile2
633 75.888435 -4.5197034408328 profile2
634 75.900971 -4.66358172592989 profile2
635 75.903257 -4.80872220369149 profile2
636 75.904489 -4.8330261895308 profile2
637 75.905721 -4.81495837236407 profile2
638 75.917304 -4.79790651611174 profile2
639 76.287653 -4.81624194917594 profile2
640 76.288899 -4.84761027314378 profile2
641 76.290145 -4.88091720812719 profile2
642 76.397032 -4.90868905013814 profile2
643 76.403847 -4.92465301829203 profile2
644 76.410663 -4.92077280397164 profile2
645 76.607927 -4.79704898041402 profile2
646 76.623625 -4.77833049339524 profile2
647 76.633554 -4.80225932296435 profile2
648 76.643483 -4.82571779514185 profile2
649 76.653411 -4.84826806045482 profile2
650 76.66334 -4.869605193855 profile2
651 76.700004 -4.95332556343907 profile2
