marker_position lod trace
1 162.797792 -31.8278503493285 pleio
2 162.802465 -31.497864768002 pleio
3 162.807137 -31.255585200983 pleio
4 162.891193 -30.8161312036469 pleio
5 162.899169 -29.8573850078725 pleio
6 162.907146 -29.5682438752008 pleio
7 162.915122 -29.7647481249156 pleio
8 162.923098 -29.7854396316499 pleio
9 162.931074 -29.8182156040135 pleio
10 162.93905 -29.8624285575673 pleio
11 162.97044 -29.8946478181606 pleio
12 162.976744 -29.8357788657959 pleio
13 162.983048 -29.7584017180252 pleio
14 162.989352 -29.7248559708043 pleio
15 162.995537 -29.0621488289169 pleio
16 162.997832 -28.1624024251103 pleio
17 163.00011 -27.9608805792232 pleio
18 163.002388 -27.819577387806 pleio
19 163.004665 -27.678106444864 pleio
20 163.006943 -27.5366261272319 pleio
21 163.009221 -27.3953012010299 pleio
22 163.011499 -27.2542992779717 pleio
23 163.013777 -27.1137972856209 pleio
24 163.016054 -26.9757514166831 pleio
25 163.018332 -26.8410696252953 pleio
26 163.02061 -26.7076279309305 pleio
27 163.022888 -26.5756102484981 pleio
28 163.025166 -26.4465383264342 pleio
29 163.029526 -26.3209568014207 pleio
30 163.045161 -26.2227273331935 pleio
31 163.061794 -26.1265894629139 pleio
32 163.078427 -25.7601442888972 pleio
33 163.09506 -25.365134848025 pleio
34 163.111693 -25.1834303654035 pleio
35 163.125708 -25.2702405395127 pleio
36 163.137394 -23.5147326044624 pleio
37 163.14908 -22.4602514628647 pleio
38 163.154021 -21.9432355014229 pleio
39 163.156127 -21.4937167470149 pleio
40 163.157556 -21.1214286806957 pleio
41 163.158891 -20.8343649822607 pleio
42 163.160225 -20.638018085556 pleio
43 163.161559 -20.5348249564535 pleio
44 163.162894 -20.5239411350762 pleio
45 163.164228 -20.6014139900374 pleio
46 163.165562 -20.760706909013 pleio
47 163.166897 -20.9934383562388 pleio
48 163.26265 -19.9075694184635 pleio
49 163.413317 -17.6211353463356 pleio
50 163.495816 -15.8922091568451 pleio
51 163.507977 -15.2130055919418 pleio
52 163.520139 -14.8508350901488 pleio
53 163.582672 -14.7670880828103 pleio
54 164.022416 -4.57204882277687 pleio
55 164.027702 -4.52599486584026 pleio
56 164.032987 -5.73028719030079 pleio
57 164.064248 -6.60586086972258 pleio
58 164.070405 -6.61148879864641 pleio
59 164.076561 -6.61763631028061 pleio
60 164.255184 -10.415400135989 pleio
61 164.291807 -2.32336315293251 pleio
62 164.314068 -2.13282811783931 pleio
63 164.325529 -2.22061942579309 pleio
64 164.336991 -2.25858819032224 pleio
65 164.348452 -2.19370040174159 pleio
66 164.60536 -2.54657119791813 pleio
67 164.617986 -2.45921062705803 pleio
68 164.628884 -2.44761640889088 pleio
69 164.636687 -2.49539670631641 pleio
70 164.648869 -2.54457499572199 pleio
71 164.66892 -2.53451370634999 pleio
72 164.758936 -2.5560117307609 pleio
73 165.053217 0 pleio
74 165.121823 -0.0776927114702886 pleio
75 165.132678 -0.122298117140486 pleio
76 165.143532 -0.479609567424315 pleio
77 165.154046 -0.335226838313327 pleio
78 165.15722 -0.399840296966206 pleio
79 165.160395 -0.524384589268861 pleio
80 165.163569 -0.958888392480473 pleio
81 165.195982 -1.27446204019757 pleio
82 165.223558 -1.35668979277263 pleio
83 165.251135 -1.40299524317907 pleio
84 165.276843 -1.45710155336502 pleio
85 165.283031 -2.01871749603668 pleio
86 165.290201 -2.91698258537169 pleio
87 165.297626 -7.8745625374413 pleio
88 165.445995 -11.8229502986498 pleio
89 165.451594 -11.874561318539 pleio
90 165.457194 -11.9589301701175 pleio
91 165.462793 -12.0336862260889 pleio
92 165.468393 -12.1152303760905 pleio
93 165.473992 -12.2126955029431 pleio
94 165.479592 -12.3257072330417 pleio
95 165.485905 -16.1662352341192 pleio
96 165.495439 -16.2253431362136 pleio
97 165.565236 -16.0487697766811 pleio
98 165.56991 -15.7325579745635 pleio
99 165.574583 -15.5443206356297 pleio
100 165.581587 -15.3849001270891 pleio
101 165.605467 -15.3551471908503 pleio
102 165.629348 -15.329069704341 pleio
103 165.653228 -15.3177292944488 pleio
104 165.677109 -15.317117948605 pleio
105 165.700989 -15.3142027107968 pleio
106 165.704891 -15.3219016003678 pleio
107 165.706625 -15.333070449895 pleio
108 165.708359 -15.3476869960403 pleio
109 165.710093 -15.3656949978576 pleio
110 165.711827 -15.3870057147044 pleio
111 165.713561 -15.4937819250219 pleio
112 165.715295 -15.660590266108 pleio
113 165.717029 -15.86769843866 pleio
114 165.718763 -16.1109833997042 pleio
115 165.720497 -16.3855099507603 pleio
116 165.722231 -16.6863125052088 pleio
117 165.723965 -17.0068388900688 pleio
118 165.725699 -17.2734825801045 pleio
119 165.802549 -17.3477586210555 pleio
120 165.85132 -17.3342832310244 pleio
121 165.858793 -17.3538652951692 pleio
122 165.864624 -17.4243059813653 pleio
123 165.868565 -17.5488573281805 pleio
124 165.872506 -17.7279165817794 pleio
125 165.876447 -17.9608546356818 pleio
126 165.880388 -18.2459946176239 pleio
127 165.884329 -18.6097374520537 pleio
128 165.88827 -19.037895170375 pleio
129 165.892211 -19.3931571832149 pleio
130 165.896152 -19.5453509126818 pleio
131 165.900093 -19.7035759771935 pleio
132 165.912941 -19.8007575558997 pleio
133 165.925276 -19.8281009739011 pleio
134 165.925359 -19.8527495358589 pleio
135 165.925441 -19.8766427504363 pleio
136 165.930685 -19.897764029966 pleio
137 166.172164 -20.0466343854885 pleio
138 166.181382 -20.3902551990529 pleio
139 166.1906 -20.7774580551286 pleio
140 166.324274 -21.1271839198343 pleio
141 166.325217 -21.5987971205047 pleio
142 166.32602 -22.2233400505768 pleio
143 166.326823 -22.970701946294 pleio
144 166.327627 -23.3592475132912 pleio
145 166.32843 -23.4601174380317 pleio
146 166.377584 -23.567947151085 pleio
147 166.382507 -23.700554458288 pleio
148 166.38743 -23.8647731103575 pleio
149 166.394815 -24.0597476545105 pleio
150 166.403288 -24.4881255892772 pleio
151 166.407404 -25.0375914720088 pleio
152 166.411519 -25.1600530486238 pleio
153 166.415634 -25.3096209534712 pleio
154 166.419069 -25.486150054939 pleio
155 166.422503 -25.6889561108706 pleio
156 166.425938 -25.9167687064843 pleio
157 166.429372 -26.1677422049714 pleio
158 166.432807 -26.439523310025 pleio
159 166.439999 -26.7293571050795 pleio
160 166.448156 -27.0341339370763 pleio
161 166.475596 -27.2396732564524 pleio
162 166.491355 -26.7151769242129 pleio
163 166.507114 -26.4684275238096 pleio
164 166.522873 -26.3875198842853 pleio
165 166.537635 -26.2643843141324 pleio
166 166.55226 -26.2642145575065 pleio
167 166.566886 -26.2049395532747 pleio
168 166.581511 -26.2769657883868 pleio
169 166.592132 -26.3769000040937 pleio
170 166.599166 -26.5513580496838 pleio
171 166.606199 -26.7210558050372 pleio
172 166.613233 -26.7390637483081 pleio
173 166.62365 -27.2708360043515 pleio
174 166.754477 -28.3642275685061 pleio
175 166.783106 -28.280383941708 pleio
176 166.802407 -28.2814275258254 pleio
177 166.805057 -28.3420375671923 pleio
178 166.807706 -28.4401751090054 pleio
179 166.811338 -28.4643349257307 pleio
180 166.839967 -28.4475563263518 pleio
181 166.951357 -28.5091961179613 pleio
182 166.992184 -28.5064190829641 pleio
183 167.033011 -28.4215882194599 pleio
184 167.073838 -27.9723620790709 pleio
185 167.142758 -27.6096184843749 pleio
186 167.274124 -27.480827729683 pleio
187 167.282638 -27.2632897916674 pleio
188 167.286179 -27.1673238836362 pleio
189 167.289719 -27.2002796067512 pleio
190 167.29326 -27.3457846733152 pleio
191 167.306473 -27.672779607234 pleio
192 167.322761 -27.7494689002116 pleio
193 167.349466 -27.7499550659301 pleio
194 167.360748 -27.740667587592 pleio
195 167.37203 -27.7314563091289 pleio
196 167.396998 -27.7207507905733 pleio
197 167.523201 -27.6868318185266 pleio
198 167.545144 -27.7570163548077 pleio
199 167.556235 -27.8519472052084 pleio
200 167.567326 -27.9149457566221 pleio
201 167.647654 -28.3027350011134 pleio
202 167.755373 -28.2978959292009 pleio
203 167.788738 -28.2883095858422 pleio
204 167.822104 -28.2782113605774 pleio
205 167.836721 -28.278307622603 pleio
206 167.845502 -28.2836834781611 pleio
207 167.854284 -28.2913270488328 pleio
208 167.858563 -28.3013195541557 pleio
209 167.860327 -28.3127107097778 pleio
210 167.862092 -28.3253141251998 pleio
211 167.863857 -28.3204727951392 pleio
212 167.865622 -28.2924894571178 pleio
213 167.86764 -28.2791682465342 pleio
214 167.871511 -28.2750795173671 pleio
215 167.876871 -28.2784278949811 pleio
216 167.882232 -28.2891777844929 pleio
217 167.887593 -28.3072570451438 pleio
218 167.913375 -28.3177535113635 pleio
219 167.920966 -28.3227026159228 pleio
220 167.928557 -28.3318951403772 pleio
221 168.002821 -28.3437615084882 pleio
222 168.013929 -28.3709716494674 pleio
223 168.020304 -28.4077813896186 pleio
224 168.023961 -28.4714834213134 pleio
225 168.02735 -28.567916518192 pleio
226 168.030739 -28.6685595163108 pleio
227 168.034128 -29.3531836426418 pleio
228 168.037518 -29.4313539192416 pleio
229 168.042103 -29.4939336467567 pleio
230 168.057523 -29.4256661017071 pleio
231 168.241031 -29.4033402267676 pleio
232 168.273712 -29.3118271326891 pleio
233 168.276509 -29.2174410782746 pleio
234 168.279306 -29.1296815904942 pleio
235 168.282103 -29.0491048111908 pleio
236 168.2849 -28.9762361384599 pleio
237 168.287697 -28.9115584492306 pleio
238 168.291368 -28.9942478845959 pleio
239 168.295216 -29.1415564232177 pleio
240 168.301388 -29.2787620679449 pleio
241 168.308464 -28.719226995027 pleio
242 168.31554 -28.5386305373107 pleio
243 168.322616 -28.8840399701329 pleio
244 168.369835 -29.1703511499764 pleio
245 168.372164 -29.1782047659919 pleio
246 168.374493 -29.1860127168129 pleio
247 168.376821 -29.2093332215554 pleio
248 162.797792 -19.2353339079846 profile1
249 162.802465 -19.1004478086626 profile1
250 162.807137 -18.9973516102839 profile1
251 162.891193 -18.6023982604663 profile1
252 162.899169 -18.4678195934097 profile1
253 162.907146 -18.4679971821307 profile1
254 162.915122 -18.6477051234608 profile1
255 162.923098 -18.6639678735417 profile1
256 162.931074 -18.6840710110137 profile1
257 162.93905 -18.7079317710992 profile1
258 162.97044 -18.6317945890217 profile1
259 162.976744 -18.6218441046536 profile1
260 162.983048 -18.6111581748216 profile1
261 162.989352 -18.301419715957 profile1
262 162.995537 -17.8909856768451 profile1
263 162.997832 -17.6631727899471 profile1
264 163.00011 -17.5869690824232 profile1
265 163.002388 -17.5382655136675 profile1
266 163.004665 -17.490715801801 profile1
267 163.006943 -17.4443862076633 profile1
268 163.009221 -17.3993412551857 profile1
269 163.011499 -17.3556408583303 profile1
270 163.013777 -17.3133463275826 profile1
271 163.016054 -17.2723347275122 profile1
272 163.018332 -17.2326132067252 profile1
273 163.02061 -17.194474952703 profile1
274 163.022888 -17.1579633976008 profile1
275 163.025166 -17.1239372769505 profile1
276 163.029526 -17.0926127873536 profile1
277 163.045161 -17.0813947993505 profile1
278 163.061794 -17.072266926345 profile1
279 163.078427 -16.8633193273058 profile1
280 163.09506 -16.6430227933658 profile1
281 163.111693 -16.5974790395791 profile1
282 163.125708 -16.7608354530847 profile1
283 163.137394 -17.2022952840485 profile1
284 163.14908 -16.6854642895789 profile1
285 163.154021 -16.423489666209 profile1
286 163.156127 -16.1992132193121 profile1
287 163.157556 -16.0198473341488 profile1
288 163.158891 -15.8914360577685 profile1
289 163.160225 -15.8181493635366 profile1
290 163.161559 -15.8017332151126 profile1
291 163.162894 -15.8412526909632 profile1
292 163.164228 -15.9332011638491 profile1
293 163.165562 -16.0719594104593 profile1
294 163.166897 -16.2505836942558 profile1
295 163.26265 -16.3545130100729 profile1
296 163.413317 -16.1074189088614 profile1
297 163.495816 -14.6034459560061 profile1
298 163.507977 -14.1281913129771 profile1
299 163.520139 -13.9297444610007 profile1
300 163.582672 -13.9609111556868 profile1
301 164.022416 -4.57204882277687 profile1
302 164.027702 -3.55420741770764 profile1
303 164.032987 -3.52213638853548 profile1
304 164.064248 -3.54448667629737 profile1
305 164.070405 -3.54375165542954 profile1
306 164.076561 -3.54311965435933 profile1
307 164.255184 -3.24719390119185 profile1
308 164.291807 4.74028733763017 profile1
309 164.314068 4.93774652204959 profile1
310 164.325529 4.97149253721597 profile1
311 164.336991 5.13917069094641 profile1
312 164.348452 5.65068036502356 profile1
313 164.60536 5.75890402779284 profile1
314 164.617986 5.84965445879882 profile1
315 164.628884 5.9121491367391 profile1
316 164.636687 5.9566476264262 profile1
317 164.648869 5.99683678406773 profile1
318 164.66892 6.01459217133021 profile1
319 164.758936 6.11258738374867 profile1
320 165.053217 9.60589828327809 profile1
321 165.121823 9.58467362971051 profile1
322 165.132678 9.58149137540941 profile1
323 165.143532 9.26229989575259 profile1
324 165.154046 9.20882639883557 profile1
325 165.15722 9.15786741276856 profile1
326 165.160395 9.11949571112162 profile1
327 165.163569 8.93494195927427 profile1
328 165.195982 8.87508351038775 profile1
329 165.223558 8.8740691925031 profile1
330 165.251135 8.87459306787534 profile1
331 165.276843 8.98252824460989 profile1
332 165.283031 8.57966900744763 profile1
333 165.290201 7.75476659863695 profile1
334 165.297626 2.7820456865156 profile1
335 165.445995 -1.14173658861655 profile1
336 165.451594 -1.20277683278549 profile1
337 165.457194 -1.29184675214954 profile1
338 165.462793 -1.37180860213109 profile1
339 165.468393 -1.45692218858047 profile1
340 165.473992 -1.55547317113267 profile1
341 165.479592 -1.667459584303 profile1
342 165.485905 -2.27243894710709 profile1
343 165.495439 -2.32804496951654 profile1
344 165.565236 -2.3475597941329 profile1
345 165.56991 -2.36657699668068 profile1
346 165.574583 -2.40976894090434 profile1
347 165.581587 -2.4951924103852 profile1
348 165.605467 -2.49683129961055 profile1
349 165.629348 -2.49617042255244 profile1
350 165.653228 -2.4959748585007 profile1
351 165.677109 -2.49560241263133 profile1
352 165.700989 -2.49029683525042 profile1
353 165.704891 -2.48883908588852 profile1
354 165.706625 -2.49053744584691 profile1
355 165.708359 -2.49541790072986 profile1
356 165.710093 -2.50347559767925 profile1
357 165.711827 -2.51467520198835 profile1
358 165.713561 -2.51103634099554 profile1
359 165.715295 -2.52662224033582 profile1
360 165.717029 -2.56601905939166 profile1
361 165.718763 -2.62563370486329 profile1
362 165.720497 -2.70151252244664 profile1
363 165.722231 -2.79020188686481 profile1
364 165.723965 -2.88758520780729 profile1
365 165.725699 -2.93928808761314 profile1
366 165.802549 -2.90473718237424 profile1
367 165.85132 -2.87889679162534 profile1
368 165.858793 -2.87149926316078 profile1
369 165.864624 -2.90616657658944 profile1
370 165.868565 -2.98227398266996 profile1
371 165.872506 -3.10006176251782 profile1
372 165.876447 -3.25882776632197 profile1
373 165.880388 -3.45691868935219 profile1
374 165.884329 -3.71839167848552 profile1
375 165.88827 -4.02101814367404 profile1
376 165.892211 -4.23319842832101 profile1
377 165.896152 -4.26501285338346 profile1
378 165.900093 -4.29781005378492 profile1
379 165.912941 -4.32687406017148 profile1
380 165.925276 -4.35157308799805 profile1
381 165.925359 -4.37624653597793 profile1
382 165.925441 -4.40031095342712 profile1
383 165.930685 -4.42551340696493 profile1
384 166.172164 -4.44652609850517 profile1
385 166.181382 -4.53088030600814 profile1
386 166.1906 -4.68164828945531 profile1
387 166.324274 -4.86200977894311 profile1
388 166.325217 -5.2718886346718 profile1
389 166.32602 -5.83208502423086 profile1
390 166.326823 -6.5140383339875 profile1
391 166.327627 -6.82056258812196 profile1
392 166.32843 -6.82771158752866 profile1
393 166.377584 -6.85060271168501 profile1
394 166.382507 -6.93759325519713 profile1
395 166.38743 -7.05698582394911 profile1
396 166.394815 -7.20833089729575 profile1
397 166.403288 -7.60470112427158 profile1
398 166.407404 -8.13584084668956 profile1
399 166.411519 -8.29574178664846 profile1
400 166.415634 -8.47968763227576 profile1
401 166.419069 -8.68755232103917 profile1
402 166.422503 -8.91860165542293 profile1
403 166.425938 -9.17142635701444 profile1
404 166.429372 -9.44394597302758 profile1
405 166.432807 -9.7334830177059 profile1
406 166.439999 -10.0368981036159 profile1
407 166.448156 -10.3507262633975 profile1
408 166.475596 -10.5627633724123 profile1
409 166.491355 -10.0473446034682 profile1
410 166.507114 -9.85461632879 profile1
411 166.522873 -9.83169927522094 profile1
412 166.537635 -9.76764095335992 profile1
413 166.55226 -9.76948441731454 profile1
414 166.566886 -9.77941331284413 profile1
415 166.581511 -9.88015450002966 profile1
416 166.592132 -10.1298816314811 profile1
417 166.599166 -10.4679458086899 profile1
418 166.606199 -10.7620886873284 profile1
419 166.613233 -10.8343870761739 profile1
420 166.62365 -11.3324417273647 profile1
421 166.754477 -11.9593868110924 profile1
422 166.783106 -11.9559207703865 profile1
423 166.802407 -12.0091061429018 profile1
424 166.805057 -12.1072133137066 profile1
425 166.807706 -12.2354058470759 profile1
426 166.811338 -12.3000954413044 profile1
427 166.839967 -12.3125271533419 profile1
428 166.951357 -12.3696799386455 profile1
429 166.992184 -12.3650388792891 profile1
430 167.033011 -12.3409000230242 profile1
431 167.073838 -10.7746040445867 profile1
432 167.142758 -10.8081432253624 profile1
433 167.274124 -10.8729876790005 profile1
434 167.282638 -10.6228482341992 profile1
435 167.286179 -10.4465195383985 profile1
436 167.289719 -10.3489627791046 profile1
437 167.29326 -10.3010545019223 profile1
438 167.306473 -10.4217829394053 profile1
439 167.322761 -10.4399192387099 profile1
440 167.349466 -10.4323151800452 profile1
441 167.360748 -10.4258259505553 profile1
442 167.37203 -10.4192261717177 profile1
443 167.396998 -10.4113699483135 profile1
444 167.523201 -10.5014705220317 profile1
445 167.545144 -10.4370926630113 profile1
446 167.556235 -10.3692098836582 profile1
447 167.567326 -10.3393091238977 profile1
448 167.647654 -10.8919226357032 profile1
449 167.755373 -10.8886393672677 profile1
450 167.788738 -10.8808040471452 profile1
451 167.822104 -10.8724625812796 profile1
452 167.836721 -10.8633802643394 profile1
453 167.845502 -10.8554418878248 profile1
454 167.854284 -10.8489135223274 profile1
455 167.858563 -10.8437383225153 profile1
456 167.860327 -10.8398447662254 profile1
457 167.862092 -10.8373263649059 profile1
458 167.863857 -10.82679698136 profile1
459 167.865622 -10.8072689537666 profile1
460 167.86764 -10.7986193644595 profile1
461 167.871511 -10.7959079734516 profile1
462 167.876871 -10.7976251139657 profile1
463 167.882232 -10.8037312392703 profile1
464 167.887593 -10.8141583583357 profile1
465 167.913375 -10.8198861571236 profile1
466 167.920966 -10.8258765090649 profile1
467 167.928557 -10.8360708492856 profile1
468 168.002821 -10.8447356252719 profile1
469 168.013929 -10.8507780780265 profile1
470 168.020304 -10.8605405292935 profile1
471 168.023961 -10.8882109230131 profile1
472 168.02735 -10.9392160702179 profile1
473 168.030739 -11.0080426744121 profile1
474 168.034128 -11.5158390651071 profile1
475 168.037518 -11.5399473385121 profile1
476 168.042103 -11.5609691260359 profile1
477 168.057523 -11.5374150497569 profile1
478 168.241031 -11.5410649897822 profile1
479 168.273712 -11.484708479772 profile1
480 168.276509 -11.4289303234596 profile1
481 168.279306 -11.3798800388704 profile1
482 168.282103 -11.3379965484458 profile1
483 168.2849 -11.3036836325611 profile1
484 168.287697 -11.2773001152658 profile1
485 168.291368 -11.2706415924003 profile1
486 168.295216 -11.2742454831576 profile1
487 168.301388 -11.2796810814861 profile1
488 168.308464 -11.1207604300827 profile1
489 168.31554 -11.0269121126638 profile1
490 168.322616 -11.0155394631508 profile1
491 168.369835 -11.0376827189995 profile1
492 168.372164 -11.0439098112376 profile1
493 168.374493 -11.0501746018055 profile1
494 168.376821 -11.0739742266183 profile1
495 162.797792 -4.95258603576263 profile2
496 162.802465 -4.84423629832222 profile2
497 162.807137 -4.77929485110858 profile2
498 162.891193 -4.79505602463789 profile2
499 162.899169 -3.63767536206028 profile2
500 162.907146 -3.11952958465827 profile2
501 162.915122 -3.10392433167389 profile2
502 162.923098 -3.11688518699252 profile2
503 162.931074 -3.136112096213 profile2
504 162.93905 -3.16073459444176 profile2
505 162.97044 -3.27490715870953 profile2
506 162.976744 -3.23776264602009 profile2
507 162.983048 -3.17841979258679 profile2
508 162.989352 -3.45507021924529 profile2
509 162.995537 -3.29373756943148 profile2
510 162.997832 -2.6189896550005 profile2
511 163.00011 -2.50585166626418 profile2
512 163.002388 -2.42636439077847 profile2
513 163.004665 -2.34523508201292 profile2
514 163.006943 -2.26253805260798 profile2
515 163.009221 -2.17835563467447 profile2
516 163.011499 -2.09277935214501 profile2
517 163.013777 -2.00590871831529 profile2
518 163.016054 -1.91971321143163 profile2
519 163.018332 -1.83505747636132 profile2
520 163.02061 -1.74964355357786 profile2
521 163.022888 -1.66360171898303 profile2
522 163.025166 -1.57743766416301 profile2
523 163.029526 -1.4914334357403 profile2
524 163.045161 -1.40901381151048 profile2
525 163.061794 -1.32626001528994 profile2
526 163.078427 -1.224198987204 profile2
527 163.09506 -1.12822478877845 profile2
528 163.111693 -1.05642305364558 profile2
529 163.125708 -1.03133782606845 profile2
530 163.137394 1.75102489123788 profile2
531 163.14908 3.04385177020252 profile2
532 163.154021 3.39743934718378 profile2
533 163.156127 3.71922381168859 profile2
534 163.157556 4.00613372432007 profile2
535 163.158891 4.25560297854358 profile2
536 163.160225 4.4656181255348 profile2
537 163.161559 4.6347326555068 profile2
538 163.162894 4.76206907427346 profile2
539 163.164228 4.84730209636716 profile2
540 163.165562 4.89064505504217 profile2
541 163.166897 4.89295469271689 profile2
542 163.26265 6.15422432461622 profile2
543 163.413317 8.28427250110591 profile2
544 163.495816 8.76449859049658 profile2
545 163.507977 9.00346360497558 profile2
546 163.520139 9.18593078383832 profile2
547 163.582672 9.2884101801613 profile2
548 164.022416 9.60589828327809 profile2
549 164.027702 8.66618209058819 profile2
550 164.032987 7.46237030237167 profile2
551 164.064248 6.63923370965234 profile2
552 164.070405 6.63255822476324 profile2
553 164.076561 6.62551652797923 profile2
554 164.255184 2.61558408237401 profile2
555 164.291807 2.73851144888226 profile2
556 164.314068 2.77098728584198 profile2
557 164.325529 2.63552083596006 profile2
558 164.336991 2.381973843701 profile2
559 164.348452 1.81964864445707 profile2
560 164.60536 1.32341727022889 profile2
561 164.617986 1.36196992000371 profile2
562 164.628884 1.3456749610322 profile2
563 164.636687 1.27725930374544 profile2
564 164.648869 1.19313259847774 profile2
565 164.66892 1.17036545591972 profile2
566 164.758936 0.988386784871132 profile2
567 165.053217 0 profile2
568 165.121823 -0.0487720939968979 profile2
569 165.132678 -0.0883698711010757 profile2
570 165.143532 -0.0896486674147076 profile2
571 165.154046 0.100945783399059 profile2
572 165.15722 0.106653952939658 profile2
573 165.160395 0.0463239387416692 profile2
574 165.163569 -0.188371089055738 profile2
575 165.195982 -0.420949386920153 profile2
576 165.223558 -0.495484172655512 profile2
577 165.251135 -0.539698280874055 profile2
578 165.276843 -0.741860237921199 profile2
579 165.283031 -0.985511235808679 profile2
580 165.290201 -1.14641135084911 profile2
581 165.297626 -1.23782834811456 profile2
582 165.445995 -1.27936607596708 profile2
583 165.451594 -1.28263987988371 profile2
584 165.457194 -1.2873034593262 profile2
585 165.462793 -1.29339442738921 profile2
586 165.468393 -1.30053092263241 profile2
587 165.473992 -1.30829708359411 profile2
588 165.479592 -1.31630280919961 profile2
589 165.485905 -4.45955875368275 profile2
590 165.495439 -4.46554133585965 profile2
591 165.565236 -4.27257183698003 profile2
592 165.56991 -3.95355124624031 profile2
593 165.574583 -3.74618880164784 profile2
594 165.581587 -3.5707722062421 profile2
595 165.605467 -3.54136885604962 profile2
596 165.629348 -3.52106138438854 profile2
597 165.653228 -3.51517157834457 profile2
598 165.677109 -3.51765231511655 profile2
599 165.700989 -3.52028961600215 profile2
600 165.704891 -3.53137919274335 profile2
601 165.706625 -3.54223026205821 profile2
602 165.708359 -3.55278318348529 profile2
603 165.710093 -3.56298091904349 profile2
604 165.711827 -3.57276998313699 profile2
605 165.713561 -3.68776809547687 profile2
606 165.715295 -3.84260480906963 profile2
607 165.717029 -4.0109174974548 profile2
608 165.718763 -4.19189469062094 profile2
609 165.720497 -4.38463292905889 profile2
610 165.722231 -4.58817955329238 profile2
611 165.723965 -4.80156680062699 profile2
612 165.725699 -5.02302058189197 profile2
613 165.802549 -5.12719984138603 profile2
614 165.85132 -5.13488425720386 profile2
615 165.858793 -5.15763692459035 profile2
616 165.864624 -5.18308670472377 profile2
617 165.868565 -5.22113794823661 profile2
618 165.872506 -5.27184441962467 profile2
619 165.876447 -5.33516200652275 profile2
620 165.880388 -5.4109436788297 profile2
621 165.884329 -5.50054896893432 profile2
622 165.88827 -5.61148192377674 profile2
623 165.892211 -5.74135483116871 profile2
624 165.896152 -5.84843948230269 profile2
625 165.900093 -5.95788234005266 profile2
626 165.912941 -6.01389093913484 profile2
627 165.925276 -6.00907299452837 profile2
628 165.925359 -6.00176626719933 profile2
629 165.925441 -5.9944504129668 profile2
630 165.930685 -5.98004997890897 profile2
631 166.172164 -6.10837945580966 profile2
632 166.181382 -6.3750531574331 profile2
633 166.1906 -6.60855296817538 profile2
634 166.324274 -6.75977001484369 profile2
635 166.325217 -6.82827312565528 profile2
636 166.32602 -6.91397841157411 profile2
637 166.326823 -7.01360756221444 profile2
638 166.327627 -7.11041625755781 profile2
639 166.32843 -7.20045680017715 profile2
640 166.377584 -7.27503221586032 profile2
641 166.382507 -7.28630581334177 profile2
642 166.38743 -7.29727644705166 profile2
643 166.394815 -7.30776601405297 profile2
644 166.403288 -7.32372405707155 profile2
645 166.407404 -7.33990985148629 profile2
646 166.411519 -7.30196151916245 profile2
647 166.415634 -7.26859673891673 profile2
648 166.419069 -7.23966667413868 profile2
649 166.422503 -7.21510898143724 profile2
650 166.425938 -7.19497871320481 profile2
651 166.429372 -7.17946165932279 profile2
652 166.432807 -7.16886963760216 profile2
653 166.439999 -7.16360937406955 profile2
654 166.448156 -7.16409466824699 profile2
655 166.475596 -7.15998972447719 profile2
656 166.491355 -7.1682630200435 profile2
657 166.507114 -7.1389251217427 profile2
658 166.522873 -7.10700807805812 profile2
659 166.537635 -7.07467097256915 profile2
660 166.55226 -7.07437835435258 profile2
661 166.566886 -7.03644974995662 profile2
662 166.581511 -7.00838028047522 profile2
663 166.592132 -6.85240565830042 profile2
664 166.599166 -6.68614817351492 profile2
665 166.606199 -6.55577967430366 profile2
666 166.613233 -6.48236220282503 profile2
667 166.62365 -6.49580671910817 profile2
668 166.754477 -6.95510300195451 profile2
669 166.783106 -6.87987240215002 profile2
670 166.802407 -6.83380960287427 profile2
671 166.805057 -6.80469740951797 profile2
672 166.807706 -6.78500787473832 profile2
673 166.811338 -6.7495849598327 profile2
674 166.839967 -6.72008255642669 profile2
675 166.951357 -6.72053437056698 profile2
676 166.992184 -6.72137135416136 profile2
677 167.033011 -6.66095053569716 profile2
678 167.073838 -7.93910982289478 profile2
679 167.142758 -7.60554282883143 profile2
680 167.274124 -7.43021756270038 profile2
681 167.282638 -7.48627362292389 profile2
682 167.286179 -7.59159237928609 profile2
683 167.289719 -7.74759337108156 profile2
684 167.29326 -7.9599363329942 profile2
685 167.306473 -8.17180117121697 profile2
686 167.322761 -8.2267826802102 profile2
687 167.349466 -8.23236321394655 profile2
688 167.360748 -8.22987679078005 profile2
689 167.37203 -8.22740281434953 profile2
690 167.396998 -8.22467677871431 profile2
691 167.523201 -8.15023280175597 profile2
692 167.545144 -8.25992445049754 profile2
693 167.556235 -8.38144403122903 profile2
694 167.567326 -8.45067629860661 profile2
695 167.647654 -8.22370816729103 profile2
696 167.755373 -8.22265031385915 profile2
697 167.788738 -8.22284393675274 profile2
698 167.822104 -8.22301710338794 profile2
699 167.836721 -8.22923460048405 profile2
700 167.845502 -8.23886676090391 profile2
701 167.854284 -8.25026171318385 profile2
702 167.858563 -8.26353179564765 profile2
703 167.860327 -8.27797645614408 profile2
704 167.862092 -8.29363917959253 profile2
705 167.863857 -8.298001516622 profile2
706 167.865622 -8.28517864596106 profile2
707 167.86764 -8.27795269648799 profile2
708 167.871511 -8.2748504190354 profile2
709 167.876871 -8.27529665461408 profile2
710 167.882232 -8.27930419717868 profile2
711 167.887593 -8.28687402504598 profile2
712 167.913375 -8.29326663194177 profile2
713 167.920966 -8.29474586223138 profile2
714 167.928557 -8.2960141248245 profile2
715 168.002821 -8.3023286307999 profile2
716 168.013929 -8.3303912800608 profile2
717 168.020304 -8.36603719935902 profile2
718 168.023961 -8.41089038288974 profile2
719 168.02735 -8.46784787658363 profile2
720 168.030739 -8.51812029973981 profile2
721 168.034128 -8.81228482079786 profile2
722 168.037518 -8.88143985261162 profile2
723 168.042103 -8.93515260707592 profile2
724 168.057523 -8.86166559017038 profile2
725 168.241031 -8.81694729726327 profile2
726 168.273712 -8.77658805030041 profile2
727 168.276509 -8.73317649351356 profile2
728 168.279306 -8.69070189922361 profile2
729 168.282103 -8.64931655304403 profile2
730 168.2849 -8.60916723656267 profile2
731 168.287697 -8.57039231134287 profile2
732 168.291368 -8.65057886937153 profile2
733 168.295216 -8.78025048524481 profile2
734 168.301388 -8.89705230577245 profile2
735 168.308464 -8.49779250670813 profile2
736 168.31554 -8.39937486016936 profile2
737 168.322616 -8.72285702778983 profile2
738 168.369835 -8.96770636865212 profile2
739 168.372164 -8.97143577462895 profile2
740 168.374493 -8.9750742218056 profile2
741 168.376821 -8.97713957477809 profile2
