marker_position lod trace
1 162.797792 -15.8599663436713 pleio
2 162.802465 -15.3446819738669 pleio
3 162.807137 -14.8861656072981 pleio
4 162.891193 -14.3362863609811 pleio
5 162.899169 -13.851031964595 pleio
6 162.907146 -13.6197909687345 pleio
7 162.915122 -13.3506148357209 pleio
8 162.923098 -13.2178266018941 pleio
9 162.931074 -13.1359841697335 pleio
10 162.93905 -13.1102585038146 pleio
11 162.97044 -13.3416571718501 pleio
12 162.976744 -13.3676502264217 pleio
13 162.983048 -13.3193639179776 pleio
14 162.989352 -13.4460573791666 pleio
15 162.995537 -13.2941735483967 pleio
16 162.997832 -13.9337837629106 pleio
17 163.00011 -14.131530435761 pleio
18 163.002388 -14.0829487226049 pleio
19 163.004665 -14.0348815033522 pleio
20 163.006943 -13.98742544165 pleio
21 163.009221 -13.9406771423484 pleio
22 163.011499 -13.8947365917867 pleio
23 163.013777 -13.8497030523671 pleio
24 163.016054 -13.8022186871384 pleio
25 163.018332 -13.7518705002991 pleio
26 163.02061 -13.7036162941716 pleio
27 163.022888 -13.6575612607971 pleio
28 163.025166 -13.6136435803748 pleio
29 163.029526 -13.5718849461109 pleio
30 163.045161 -13.5361103791631 pleio
31 163.061794 -13.5025290942013 pleio
32 163.078427 -13.3031714375729 pleio
33 163.09506 -13.1233709375498 pleio
34 163.111693 -13.073871329327 pleio
35 163.125708 -12.8130724236736 pleio
36 163.137394 -10.3549084777133 pleio
37 163.14908 -8.98120178767154 pleio
38 163.154021 -8.67410272518813 pleio
39 163.156127 -8.39749721589822 pleio
40 163.157556 -8.15358372536699 pleio
41 163.158891 -7.94417896970358 pleio
42 163.160225 -7.77062876720882 pleio
43 163.161559 -7.63375770739795 pleio
44 163.162894 -7.53384605311614 pleio
45 163.164228 -7.47063982432486 pleio
46 163.165562 -7.44340478552862 pleio
47 163.166897 -7.45088893443763 pleio
48 163.26265 -6.48024108522579 pleio
49 163.413317 -4.12158096371241 pleio
50 163.495816 -1.76491241643479 pleio
51 163.507977 -0.808009515708465 pleio
52 163.520139 -0.214910780523621 pleio
53 163.582672 0 pleio
54 164.022416 -0.624933734595061 pleio
55 164.027702 -1.31135805384054 pleio
56 164.032987 -1.98244519971387 pleio
57 164.064248 -2.41882437357189 pleio
58 164.070405 -2.42675445825707 pleio
59 164.076561 -2.43500179972156 pleio
60 164.255184 -4.42998483005697 pleio
61 164.291807 -8.62427986856629 pleio
62 164.314068 -9.3179866400507 pleio
63 164.325529 -9.57378391681815 pleio
64 164.336991 -9.95658538429701 pleio
65 164.348452 -10.8853085623778 pleio
66 164.60536 -11.7009870385367 pleio
67 164.617986 -11.5601283627244 pleio
68 164.628884 -11.452127644822 pleio
69 164.636687 -11.363623133675 pleio
70 164.648869 -11.2864280612709 pleio
71 164.66892 -11.2739523995485 pleio
72 164.758936 -11.3871558736644 pleio
73 165.053217 -11.9740157832875 pleio
74 165.121823 -11.9409545942698 pleio
75 165.132678 -11.9348108269411 pleio
76 165.143532 -11.905174592882 pleio
77 165.154046 -12.1323105092472 pleio
78 165.15722 -12.1813519621752 pleio
79 165.160395 -12.4602728770832 pleio
80 165.163569 -13.0755459201684 pleio
81 165.195982 -13.4439502503022 pleio
82 165.223558 -13.503364166703 pleio
83 165.251135 -13.5034138218581 pleio
84 165.276843 -14.1300294448097 pleio
85 165.283031 -15.7561820620537 pleio
86 165.290201 -15.7602632489444 pleio
87 165.297626 -16.038516247781 pleio
88 165.445995 -16.3128501986031 pleio
89 165.451594 -16.434738536066 pleio
90 165.457194 -16.5811303060205 pleio
91 165.462793 -16.6406121172152 pleio
92 165.468393 -16.6765943087644 pleio
93 165.473992 -16.7153923425335 pleio
94 165.479592 -16.7565874526435 pleio
95 165.485905 -18.6820806049335 pleio
96 165.495439 -18.7730860149142 pleio
97 165.565236 -18.7578547031466 pleio
98 165.56991 -18.7067056067624 pleio
99 165.574583 -18.7464739645604 pleio
100 165.581587 -18.5976240640302 pleio
101 165.605467 -18.6034708618158 pleio
102 165.629348 -18.6175804183565 pleio
103 165.653228 -18.6440226222288 pleio
104 165.677109 -18.6610288949436 pleio
105 165.700989 -18.6499270969252 pleio
106 165.704891 -18.6451672686315 pleio
107 165.706625 -18.6492485429816 pleio
108 165.708359 -18.662415734554 pleio
109 165.710093 -18.6848295486507 pleio
110 165.711827 -18.7165583464512 pleio
111 165.713561 -18.6879688689552 pleio
112 165.715295 -18.6892522437966 pleio
113 165.717029 -18.7492341354593 pleio
114 165.718763 -18.8711649327917 pleio
115 165.720497 -19.0516024841246 pleio
116 165.722231 -19.2792641865891 pleio
117 165.723965 -19.5301696820121 pleio
118 165.725699 -19.5668979811192 pleio
119 165.802549 -19.5855033159786 pleio
120 165.85132 -19.5854955674256 pleio
121 165.858793 -19.5614368499994 pleio
122 165.864624 -19.4904500991086 pleio
123 165.868565 -19.436182795643 pleio
124 165.872506 -19.3996801795303 pleio
125 165.876447 -19.3817811807393 pleio
126 165.880388 -19.3830655825252 pleio
127 165.884329 -19.4452704504562 pleio
128 165.88827 -19.5466541309318 pleio
129 165.892211 -19.7004350353877 pleio
130 165.896152 -19.8749201234663 pleio
131 165.900093 -20.0520359192759 pleio
132 165.912941 -20.1932838552889 pleio
133 165.925276 -20.290365598745 pleio
134 165.925359 -20.3828500194281 pleio
135 165.925441 -20.4759382238325 pleio
136 165.930685 -20.5926254097629 pleio
137 166.172164 -20.5853130057651 pleio
138 166.181382 -20.5679192092361 pleio
139 166.1906 -20.6717462656167 pleio
140 166.324274 -20.796237593908 pleio
141 166.325217 -20.8701341448767 pleio
142 166.32602 -20.9470026503814 pleio
143 166.326823 -21.027664388218 pleio
144 166.327627 -21.0612815234698 pleio
145 166.32843 -21.0625261188755 pleio
146 166.377584 -21.0545544650958 pleio
147 166.382507 -21.0115151306211 pleio
148 166.38743 -20.9707916952823 pleio
149 166.394815 -20.9329048201769 pleio
150 166.403288 -20.8791423106267 pleio
151 166.407404 -20.8508028453358 pleio
152 166.411519 -21.0898643883433 pleio
153 166.415634 -21.4162549299514 pleio
154 166.419069 -21.8321702425741 pleio
155 166.422503 -22.3362108241666 pleio
156 166.425938 -22.9229660969639 pleio
157 166.429372 -23.5830000084619 pleio
158 166.432807 -24.3033098014849 pleio
159 166.439999 -25.0681879999806 pleio
160 166.448156 -25.8601953967218 pleio
161 166.475596 -26.611131448948 pleio
162 166.491355 -26.5836194715579 pleio
163 166.507114 -26.594290327801 pleio
164 166.522873 -26.6191039530405 pleio
165 166.537635 -26.6019271847165 pleio
166 166.55226 -26.6039902126134 pleio
167 166.566886 -26.6102855431748 pleio
168 166.581511 -26.5792717694325 pleio
169 166.592132 -26.6075249948742 pleio
170 166.599166 -26.6794251320234 pleio
171 166.606199 -26.7833153334647 pleio
172 166.613233 -26.9939217801482 pleio
173 166.62365 -27.2404136704801 pleio
174 166.754477 -27.1410339840625 pleio
175 166.783106 -27.3164121587636 pleio
176 166.802407 -27.5707986672167 pleio
177 166.805057 -27.8760873060634 pleio
178 166.807706 -28.2158414560168 pleio
179 166.811338 -28.5582392184118 pleio
180 166.839967 -28.7887150612769 pleio
181 166.951357 -28.6410047227014 pleio
182 166.992184 -28.6463181526309 pleio
183 167.033011 -28.6422988737836 pleio
184 167.073838 -29.5807915592321 pleio
185 167.142758 -30.266127858839 pleio
186 167.274124 -30.3340118489847 pleio
187 167.282638 -29.8685898214485 pleio
188 167.286179 -29.4338433452376 pleio
189 167.289719 -29.040811170943 pleio
190 167.29326 -28.7091692217574 pleio
191 167.306473 -28.5739355922841 pleio
192 167.322761 -28.5259907809557 pleio
193 167.349466 -28.5118986760367 pleio
194 167.360748 -28.5161502461771 pleio
195 167.37203 -28.5241082759602 pleio
196 167.396998 -28.53558496632 pleio
197 167.523201 -28.4730547784509 pleio
198 167.545144 -28.5180353140665 pleio
199 167.556235 -28.6061885591755 pleio
200 167.567326 -28.6763107439299 pleio
201 167.647654 -28.5743039023073 pleio
202 167.755373 -28.5712297659679 pleio
203 167.788738 -28.5616578210331 pleio
204 167.822104 -28.5528423021726 pleio
205 167.836721 -28.5601668525698 pleio
206 167.845502 -28.5733713898239 pleio
207 167.854284 -28.5877775424004 pleio
208 167.858563 -28.6034981413546 pleio
209 167.860327 -28.6246027515857 pleio
210 167.862092 -28.6647062276971 pleio
211 167.863857 -28.6948959327316 pleio
212 167.865622 -28.7108907718844 pleio
213 167.86764 -28.7362588577418 pleio
214 167.871511 -28.7670646555927 pleio
215 167.876871 -28.8019759947559 pleio
216 167.882232 -28.8409303429662 pleio
217 167.887593 -28.8838533887841 pleio
218 167.913375 -28.9111089558236 pleio
219 167.920966 -28.9144343551001 pleio
220 167.928557 -28.9170239077028 pleio
221 168.002821 -28.9285000676218 pleio
222 168.013929 -28.9716660466417 pleio
223 168.020304 -29.018619747679 pleio
224 168.023961 -29.0715135555008 pleio
225 168.02735 -29.1376531664425 pleio
226 168.030739 -29.1486579641798 pleio
227 168.034128 -29.3072435271541 pleio
228 168.037518 -29.3762663025791 pleio
229 168.042103 -29.429707149588 pleio
230 168.057523 -29.4567861603994 pleio
231 168.241031 -29.3692275252867 pleio
232 168.273712 -29.3417426471518 pleio
233 168.276509 -29.3166570259449 pleio
234 168.279306 -29.2980938943813 pleio
235 168.282103 -29.2861874285792 pleio
236 168.2849 -29.2810263616076 pleio
237 168.287697 -29.282652245496 pleio
238 168.291368 -29.3924121846573 pleio
239 168.295216 -29.5476279751885 pleio
240 168.301388 -29.7221299448117 pleio
241 168.308464 -30.240534021799 pleio
242 168.31554 -31.1207000838003 pleio
243 168.322616 -32.2559006362489 pleio
244 168.369835 -32.7463045018868 pleio
245 168.372164 -32.7642653779782 pleio
246 168.374493 -32.782399808591 pleio
247 168.376821 -32.8032807610084 pleio
248 162.797792 -9.07896820446597 profile1
249 162.802465 -8.7168501227895 profile1
250 162.807137 -8.37760200501242 profile1
251 162.891193 -7.99079016011081 profile1
252 162.899169 -7.72050105805635 profile1
253 162.907146 -7.48705264618143 profile1
254 162.915122 -7.24557366162638 profile1
255 162.923098 -7.1182667555443 profile1
256 162.931074 -7.03926484539979 profile1
257 162.93905 -7.01343229442348 profile1
258 162.97044 -7.13330309472865 profile1
259 162.976744 -7.12317626262308 profile1
260 162.983048 -7.09620235430292 profile1
261 162.989352 -7.15784746259693 profile1
262 162.995537 -7.10270717171265 profile1
263 162.997832 -7.39325455959333 profile1
264 163.00011 -7.50465627788048 profile1
265 163.002388 -7.48143314251838 profile1
266 163.004665 -7.45872527771192 profile1
267 163.006943 -7.43659099499563 profile1
268 163.009221 -7.41508972542033 profile1
269 163.011499 -7.39428139339324 profile1
270 163.013777 -7.37422630369901 profile1
271 163.016054 -7.35178568573157 profile1
272 163.018332 -7.32656636596691 profile1
273 163.02061 -7.30312239965056 profile1
274 163.022888 -7.28151413983466 profile1
275 163.025166 -7.2614509854285 profile1
276 163.029526 -7.24284855560502 profile1
277 163.045161 -7.22646114368103 profile1
278 163.061794 -7.2110084456196 profile1
279 163.078427 -7.04678234892648 profile1
280 163.09506 -6.90747449136212 profile1
281 163.111693 -6.88689602860153 profile1
282 163.125708 -6.65480821876011 profile1
283 163.137394 -5.55850829488893 profile1
284 163.14908 -4.97112370730282 profile1
285 163.154021 -4.82016193793835 profile1
286 163.156127 -4.68345792721173 profile1
287 163.157556 -4.56158904705339 profile1
288 163.158891 -4.45503152542752 profile1
289 163.160225 -4.36413453614676 profile1
290 163.161559 -4.28910878754411 profile1
291 163.162894 -4.23002097659727 profile1
292 163.164228 -4.18679408753185 profile1
293 163.165562 -4.15922251106216 profile1
294 163.166897 -4.14691990778302 profile1
295 163.26265 -3.9557057478042 profile1
296 163.413317 -3.14157373811097 profile1
297 163.495816 -1.48072437747662 profile1
298 163.507977 -0.672067716061291 profile1
299 163.520139 -0.181756416038644 profile1
300 163.582672 0 profile1
301 164.022416 -0.572342087265047 profile1
302 164.027702 -0.718021366991987 profile1
303 164.032987 -0.884991907499495 profile1
304 164.064248 -1.09449591704246 profile1
305 164.070405 -1.09771966086699 profile1
306 164.076561 -1.10118705499967 profile1
307 164.255184 -2.03676751962767 profile1
308 164.291807 -5.99271548448271 profile1
309 164.314068 -6.51307873169437 profile1
310 164.325529 -6.59466340650184 profile1
311 164.336991 -6.75414907137832 profile1
312 164.348452 -7.36700548768934 profile1
313 164.60536 -7.94622338861482 profile1
314 164.617986 -8.02005070811447 profile1
315 164.628884 -8.10267053832252 profile1
316 164.636687 -8.16986962741833 profile1
317 164.648869 -8.18022064419704 profile1
318 164.66892 -8.12673646564395 profile1
319 164.758936 -7.98443165034309 profile1
320 165.053217 -8.13950481382281 profile1
321 165.121823 -8.10755629417995 profile1
322 165.132678 -8.09422690057487 profile1
323 165.143532 -8.01527596415497 profile1
324 165.154046 -8.37195703219832 profile1
325 165.15722 -8.38156537434085 profile1
326 165.160395 -8.57034898064183 profile1
327 165.163569 -9.04491233739399 profile1
328 165.195982 -9.28590018552122 profile1
329 165.223558 -9.32036379087275 profile1
330 165.251135 -9.31991634464608 profile1
331 165.276843 -10.1245194349557 profile1
332 165.283031 -12.0853019618843 profile1
333 165.290201 -12.1585455350145 profile1
334 165.297626 -12.4912590153732 profile1
335 165.445995 -12.7778985561076 profile1
336 165.451594 -12.8674963295047 profile1
337 165.457194 -12.974898173892 profile1
338 165.462793 -13.0030473850295 profile1
339 165.468393 -13.0099606010073 profile1
340 165.473992 -13.0191433986451 profile1
341 165.479592 -13.0305079422557 profile1
342 165.485905 -12.9570626609658 profile1
343 165.495439 -13.0762457826225 profile1
344 165.565236 -13.14298115764 profile1
345 165.56991 -13.2470974464627 profile1
346 165.574583 -13.3433820856148 profile1
347 165.581587 -13.2086303010566 profile1
348 165.605467 -13.2262907106141 profile1
349 165.629348 -13.2447026458155 profile1
350 165.653228 -13.2688732275936 profile1
351 165.677109 -13.2813768393829 profile1
352 165.700989 -13.2705185207528 profile1
353 165.704891 -13.2649010457457 profile1
354 165.706625 -13.2682451376624 profile1
355 165.708359 -13.2807715144819 profile1
356 165.710093 -13.3026154672166 profile1
357 165.711827 -13.3338198682247 profile1
358 165.713561 -13.2358599362577 profile1
359 165.715295 -13.1227571591884 profile1
360 165.717029 -13.0367815231556 profile1
361 165.718763 -12.9840094134066 profile1
362 165.720497 -12.9689308463846 profile1
363 165.722231 -12.9922844983145 profile1
364 165.723965 -13.045370368246 profile1
365 165.725699 -12.9622508400578 profile1
366 165.802549 -12.907313274274 profile1
367 165.85132 -12.8875693068452 profile1
368 165.858793 -12.8716594155348 profile1
369 165.864624 -12.8248228816395 profile1
370 165.868565 -12.7884401242435 profile1
371 165.872506 -12.763433348385 profile1
372 165.876447 -12.7505707017395 profile1
373 165.880388 -12.7504135273267 profile1
374 165.884329 -12.7797227356851 profile1
375 165.88827 -12.8328426873005 profile1
376 165.892211 -12.9294904539204 profile1
377 165.896152 -13.0433171213891 profile1
378 165.900093 -13.1528591119856 profile1
379 165.912941 -13.2589186713629 profile1
380 165.925276 -13.3525526818375 profile1
381 165.925359 -13.4380224919806 profile1
382 165.925441 -13.5236907887069 profile1
383 165.930685 -13.6106203092246 profile1
384 166.172164 -13.5846581019183 profile1
385 166.181382 -13.5362388231767 profile1
386 166.1906 -13.5928012477689 profile1
387 166.324274 -13.7704577252298 profile1
388 166.325217 -13.8332278170956 profile1
389 166.32602 -13.8922337549002 profile1
390 166.326823 -13.9466993600025 profile1
391 166.327627 -13.9643701448804 profile1
392 166.32843 -13.9589998759449 profile1
393 166.377584 -13.9460374413039 profile1
394 166.382507 -13.9091011350393 profile1
395 166.38743 -13.8745385996718 profile1
396 166.394815 -13.8428328207578 profile1
397 166.403288 -13.8136802824547 profile1
398 166.407404 -13.8017563816586 profile1
399 166.411519 -13.9826778735059 profile1
400 166.415634 -14.2442599689522 profile1
401 166.419069 -14.5888890321119 profile1
402 166.422503 -15.0155153416404 profile1
403 166.425938 -15.5192365663686 profile1
404 166.429372 -16.0912728174966 profile1
405 166.432807 -16.719393790545 profile1
406 166.439999 -17.3887689464612 profile1
407 166.448156 -18.0831105716448 profile1
408 166.475596 -18.7397610924623 profile1
409 166.491355 -18.6945724491247 profile1
410 166.507114 -18.6932722275695 profile1
411 166.522873 -18.7074787159117 profile1
412 166.537635 -18.6856674836558 profile1
413 166.55226 -18.6857179162721 profile1
414 166.566886 -18.6623824796096 profile1
415 166.581511 -18.6429342407256 profile1
416 166.592132 -18.7622354173377 profile1
417 166.599166 -18.9422418832694 profile1
418 166.606199 -19.1360962397559 profile1
419 166.613233 -19.3749063243243 profile1
420 166.62365 -19.6620769535055 profile1
421 166.754477 -20.026171026535 profile1
422 166.783106 -20.1899285530817 profile1
423 166.802407 -20.3875510630731 profile1
424 166.805057 -20.6190064755789 profile1
425 166.807706 -20.8822650132124 profile1
426 166.811338 -21.1756559958121 profile1
427 166.839967 -21.3825192071765 profile1
428 166.951357 -21.232632314411 profile1
429 166.992184 -21.2344340065708 profile1
430 167.033011 -21.2456161053479 profile1
431 167.073838 -21.1652992936346 profile1
432 167.142758 -21.421003017986 profile1
433 167.274124 -21.4388391860903 profile1
434 167.282638 -21.1865673842241 profile1
435 167.286179 -20.9452551878072 profile1
436 167.289719 -20.7219055918249 profile1
437 167.29326 -20.529372295991 profile1
438 167.306473 -20.4625095518004 profile1
439 167.322761 -20.4249751379062 profile1
440 167.349466 -20.4127830125744 profile1
441 167.360748 -20.4196834958774 profile1
442 167.37203 -20.4303076643722 profile1
443 167.396998 -20.4447116858072 profile1
444 167.523201 -20.4842616490381 profile1
445 167.545144 -20.4829577040275 profile1
446 167.556235 -20.4986737087049 profile1
447 167.567326 -20.5145183178228 profile1
448 167.647654 -20.4271413086644 profile1
449 167.755373 -20.4237944422695 profile1
450 167.788738 -20.4146808521826 profile1
451 167.822104 -20.4064964045968 profile1
452 167.836721 -20.3992921395116 profile1
453 167.845502 -20.3928893064951 profile1
454 167.854284 -20.3873085445403 profile1
455 167.858563 -20.3826133921072 profile1
456 167.860327 -20.3767968050088 profile1
457 167.862092 -20.3648151992454 profile1
458 167.863857 -20.3561768030907 profile1
459 167.865622 -20.3517137414144 profile1
460 167.86764 -20.3481358876114 profile1
461 167.871511 -20.3467340365002 profile1
462 167.876871 -20.3478361376813 profile1
463 167.882232 -20.3514203106493 profile1
464 167.887593 -20.3574562457684 profile1
465 167.913375 -20.364218638975 profile1
466 167.920966 -20.367202377956 profile1
467 167.928557 -20.3690628877058 profile1
468 168.002821 -20.3735310457295 profile1
469 168.013929 -20.3864387958188 profile1
470 168.020304 -20.39935677773 profile1
471 168.023961 -20.4136418787512 profile1
472 168.02735 -20.4358791857117 profile1
473 168.030739 -20.4061894544866 profile1
474 168.034128 -20.4279377906953 profile1
475 168.037518 -20.4467550147268 profile1
476 168.042103 -20.4618301447099 profile1
477 168.057523 -20.4815627320728 profile1
478 168.241031 -20.3959280592118 profile1
479 168.273712 -20.361652670956 profile1
480 168.276509 -20.3286371686279 profile1
481 168.279306 -20.3016625513032 profile1
482 168.282103 -20.28089698477 profile1
483 168.2849 -20.2664662182544 profile1
484 168.287697 -20.2584514878595 profile1
485 168.291368 -20.2631209051236 profile1
486 168.295216 -20.2849993715514 profile1
487 168.301388 -20.3290734190844 profile1
488 168.308464 -20.575705154984 profile1
489 168.31554 -21.0041466629156 profile1
490 168.322616 -21.5583215713876 profile1
491 168.369835 -21.8029545243293 profile1
492 168.372164 -21.8144486660059 profile1
493 168.374493 -21.8261496919149 profile1
494 168.376821 -21.8407404206146 profile1
495 162.797792 -6.9686523645978 profile2
496 162.802465 -6.82449449510771 profile2
497 162.807137 -6.71261056992042 profile2
498 162.891193 -6.55513188851748 profile2
499 162.899169 -6.34791073987864 profile2
500 162.907146 -6.33950759426113 profile2
501 162.915122 -6.29656764563089 profile2
502 162.923098 -6.28024182682481 profile2
503 162.931074 -6.26637093984588 profile2
504 162.93905 -6.25557475702506 profile2
505 162.97044 -6.36010955263643 profile2
506 162.976744 -6.39570557223761 profile2
507 162.983048 -6.37511762694195 profile2
508 162.989352 -6.43898889511575 profile2
509 162.995537 -6.33366277908621 profile2
510 162.997832 -6.65913043578958 profile2
511 163.00011 -6.74257604929576 profile2
512 163.002388 -6.71947799016483 profile2
513 163.004665 -6.69640911033265 profile2
514 163.006943 -6.67340691364897 profile2
515 163.009221 -6.65050751004927 profile2
516 163.011499 -6.62774974854463 profile2
517 163.013777 -6.60517107179175 profile2
518 163.016054 -6.58263996933365 profile2
519 163.018332 -6.56014113395449 profile2
520 163.02061 -6.53794713283783 profile2
521 163.022888 -6.51609921149425 profile2
522 163.025166 -6.49482241603286 profile2
523 163.029526 -6.4742172582294 profile2
524 163.045161 -6.45701255973708 profile2
525 163.061794 -6.44099949056517 profile2
526 163.078427 -6.41426592460321 profile2
527 163.09506 -6.38621852334661 profile2
528 163.111693 -6.36896512988359 profile2
529 163.125708 -6.34881750266234 profile2
530 163.137394 -4.92250296491804 profile2
531 163.14908 -4.09236632245567 profile2
532 163.154021 -3.93945510917231 profile2
533 163.156127 -3.80211938912803 profile2
534 163.157556 -3.68200429981762 profile2
535 163.158891 -3.58048929366177 profile2
536 163.160225 -3.49862518858065 profile2
537 163.161559 -3.43709391314949 profile2
538 163.162894 -3.39618837678464 profile2
539 163.164228 -3.37581784356658 profile2
540 163.165562 -3.37554204019082 profile2
541 163.166897 -3.39457916458714 profile2
542 163.26265 -2.59350115123025 profile2
543 163.413317 -1.0147559125581 profile2
544 163.495816 -0.296670371020132 profile2
545 163.507977 -0.140698135651956 profile2
546 163.520139 -0.0339447697025778 profile2
547 163.582672 0 profile2
548 164.022416 -0.0691432573825756 profile2
549 164.027702 -0.605845279451994 profile2
550 164.032987 -1.12970077040061 profile2
551 164.064248 -1.37040207018825 profile2
552 164.070405 -1.37496727536226 profile2
553 164.076561 -1.37960330479533 profile2
554 164.255184 -2.42407137896877 profile2
555 164.291807 -2.66873608168493 profile2
556 164.314068 -2.82997769944872 profile2
557 164.325529 -2.99351917981882 profile2
558 164.336991 -3.20604075941827 profile2
559 164.348452 -3.51363633997614 profile2
560 164.60536 -3.74785850148618 profile2
561 164.617986 -3.54449701486714 profile2
562 164.628884 -3.36678067886424 profile2
563 164.636687 -3.22429666658674 profile2
564 164.648869 -3.14583999679132 profile2
565 164.66892 -3.18416463480771 profile2
566 164.758936 -3.4321785925485 profile2
567 165.053217 -3.87320703011939 profile2
568 165.121823 -3.87227578389763 profile2
569 165.132678 -3.88041946212138 profile2
570 165.143532 -3.92483576476833 profile2
571 165.154046 -3.80486886349738 profile2
572 165.15722 -3.85829308409355 profile2
573 165.160395 -3.96857079756483 profile2
574 165.163569 -4.1282320673065 profile2
575 165.195982 -4.27388942433288 profile2
576 165.223558 -4.30191576753707 profile2
577 165.251135 -4.30229256821527 profile2
578 165.276843 -4.1011538341359 profile2
579 165.283031 -3.71596224590145 profile2
580 165.290201 -3.6425915949493 profile2
581 165.297626 -3.58254965280493 profile2
582 165.445995 -3.56797309581694 profile2
583 165.451594 -3.60510176530531 profile2
584 165.457194 -3.64953523997887 profile2
585 165.462793 -3.68213277324254 profile2
586 165.468393 -3.71107725217524 profile2
587 165.473992 -3.74031198834114 profile2
588 165.479592 -3.76949932627538 profile2
589 165.485905 -5.71925510839005 profile2
590 165.495439 -5.68585637277955 profile2
591 165.565236 -5.60341955493061 profile2
592 165.56991 -5.46818177545104 profile2
593 165.574583 -5.43326315474343 profile2
594 165.581587 -5.41300518552954 profile2
595 165.605467 -5.40361615442213 profile2
596 165.629348 -5.40303583121705 profile2
597 165.653228 -5.40926296377959 profile2
598 165.677109 -5.41606873490749 profile2
599 165.700989 -5.41449422278945 profile2
600 165.704891 -5.41198107685237 profile2
601 165.706625 -5.40913747137981 profile2
602 165.708359 -5.40599450372692 profile2
603 165.710093 -5.40258741929526 profile2
604 165.711827 -5.39895430948244 profile2
605 165.713561 -5.46849607571578 profile2
606 165.715295 -5.58534369748629 profile2
607 165.717029 -5.73512074269798 profile2
608 165.718763 -5.91486764837067 profile2
609 165.720497 -6.11620269908523 profile2
610 165.722231 -6.32632586702405 profile2
611 165.723965 -6.5289573639508 profile2
612 165.725699 -6.65099143567347 profile2
613 165.802549 -6.72615799289329 profile2
614 165.85132 -6.74659908613346 profile2
615 165.858793 -6.73615281698274 profile2
616 165.864624 -6.70327412572539 profile2
617 165.868565 -6.67666302754001 profile2
618 165.872506 -6.65648683475941 profile2
619 165.876447 -6.64285952782516 profile2
620 165.880388 -6.63584008275344 profile2
621 165.884329 -6.66202787113618 profile2
622 165.88827 -6.70439321037547 profile2
623 165.892211 -6.757127340544 profile2
624 165.896152 -6.82006758313312 profile2
625 165.900093 -6.89160723476727 profile2
626 165.912941 -6.92919959657554 profile2
627 165.925276 -6.93370895509641 profile2
628 165.925359 -6.94198992865359 profile2
629 165.925441 -6.95069126220074 profile2
630 165.930685 -6.98134491779264 profile2
631 166.172164 -6.9940579086931 profile2
632 166.181382 -7.01079069674176 profile2
633 166.1906 -7.04204565222956 profile2
634 166.324274 -6.97926224182743 profile2
635 166.325217 -6.98743178050078 profile2
636 166.32602 -7.00364746152635 profile2
637 166.326823 -7.0293280340665 profile2
638 166.327627 -7.04464545696813 profile2
639 166.32843 -7.04991844771614 profile2
640 166.377584 -7.05394856762458 profile2
641 166.382507 -7.04836410433318 profile2
642 166.38743 -7.04257529256225 profile2
643 166.394815 -7.03662006102357 profile2
644 166.403288 -7.01445061584458 profile2
645 166.407404 -7.00134689958377 profile2
646 166.411519 -7.06067648494185 profile2
647 166.415634 -7.12654005727327 profile2
648 166.419069 -7.19869236404528 profile2
649 166.422503 -7.27671926541363 profile2
650 166.425938 -7.3600436981778 profile2
651 166.429372 -7.44794449962715 profile2
652 166.432807 -7.5395972811502 profile2
653 166.439999 -7.63409379653936 profile2
654 166.448156 -7.73027136206207 profile2
655 166.475596 -7.82180512149093 profile2
656 166.491355 -7.83804268242456 profile2
657 166.507114 -7.84758871747035 profile2
658 166.522873 -7.85552914867992 profile2
659 166.537635 -7.85838583114139 profile2
660 166.55226 -7.86035375343581 profile2
661 166.566886 -7.90306959906444 profile2
662 166.581511 -7.89459260038181 profile2
663 166.592132 -7.795663683757 profile2
664 166.599166 -7.67371439607287 profile2
665 166.606199 -7.56875663504923 profile2
666 166.613233 -7.53241377061095 profile2
667 166.62365 -7.48368615761842 profile2
668 166.754477 -6.99496747441061 profile2
669 166.783106 -6.99972928030587 profile2
670 166.802407 -7.04920354246213 profile2
671 166.805057 -7.11616143359193 profile2
672 166.807706 -7.1865713392931 profile2
673 166.811338 -7.23033748156804 profile2
674 166.839967 -7.25148224778741 profile2
675 166.951357 -7.25310165298264 profile2
676 166.992184 -7.25669836754432 profile2
677 167.033011 -7.24440737582042 profile2
678 167.073838 -8.23745992837534 profile2
679 167.142758 -8.64738998532778 profile2
680 167.274124 -8.69618158630072 profile2
681 167.282638 -8.48471667465314 profile2
682 167.286179 -8.29208020427456 profile2
683 167.289719 -8.1223619979543 profile2
684 167.29326 -7.98263643588959 profile2
685 167.306473 -7.91653604188135 profile2
686 167.322761 -7.90796065926017 profile2
687 167.349466 -7.90897710129113 profile2
688 167.360748 -7.91054014140308 profile2
689 167.37203 -7.91222249022534 profile2
690 167.396998 -7.9137633735771 profile2
691 167.523201 -7.81997645813238 profile2
692 167.545144 -7.86495480164018 profile2
693 167.556235 -7.937254808036 profile2
694 167.567326 -7.993269485141 profile2
695 167.647654 -7.98652763806348 profile2
696 167.755373 -7.98660405900942 profile2
697 167.788738 -7.98544598403573 profile2
698 167.822104 -7.98410255269014 profile2
699 167.836721 -7.99851412438624 profile2
700 167.845502 -8.01818361361702 profile2
701 167.854284 -8.03822356447214 profile2
702 167.858563 -8.05868025548231 profile2
703 167.860327 -8.08576493885136 profile2
704 167.862092 -8.13854046113491 profile2
705 167.863857 -8.17774726993537 profile2
706 167.865622 -8.19810724398485 profile2
707 167.86764 -8.22688507071135 profile2
708 167.871511 -8.25893969148525 profile2
709 167.876871 -8.29262845677528 profile2
710 167.882232 -8.32790862865326 profile2
711 167.887593 -8.36473388576333 profile2
712 167.913375 -8.38457664773103 profile2
713 167.920966 -8.38403093355507 profile2
714 167.928557 -8.38408131679065 profile2
715 168.002821 -8.38998352560259 profile2
716 168.013929 -8.41776644604487 profile2
717 168.020304 -8.44938850587088 profile2
718 168.023961 -8.48578446082644 profile2
719 168.02735 -8.52741741007563 profile2
720 168.030739 -8.56648858726827 profile2
721 168.034128 -8.70961798616534 profile2
722 168.037518 -8.75842198841349 profile2
723 168.042103 -8.79562016153331 profile2
724 168.057523 -8.80351401430049 profile2
725 168.241031 -8.80680074866573 profile2
726 168.273712 -8.81598785509529 profile2
727 168.276509 -8.82647085730448 profile2
728 168.279306 -8.83729463954311 profile2
729 168.282103 -8.84842136099286 profile2
730 168.2849 -8.85981138076906 profile2
731 168.287697 -8.87142370868821 profile2
732 168.291368 -8.9729593349987 profile2
733 168.295216 -9.10183270414784 profile2
734 168.301388 -9.22698323018477 profile2
735 168.308464 -9.46365439548159 profile2
736 168.31554 -9.88992888287753 profile2
737 168.322616 -10.4600474433652 profile2
738 168.369835 -10.7051070064397 profile2
739 168.372164 -10.710481358069 profile2
740 168.374493 -10.7158258545278 profile2
741 168.376821 -10.7212498334861 profile2
