marker_position lod trace
1 162.797792 -10.3488871586918 pleio
2 162.802465 -10.4545767536749 pleio
3 162.807137 -10.5920455637545 pleio
4 162.891193 -10.7179780574217 pleio
5 162.899169 -10.8985408272792 pleio
6 162.907146 -11.0630304362731 pleio
7 162.915122 -10.9309651054107 pleio
8 162.923098 -10.9082205468945 pleio
9 162.931074 -10.8875117011877 pleio
10 162.93905 -10.8724868621822 pleio
11 162.97044 -10.8895083236606 pleio
12 162.976744 -10.8929745735135 pleio
13 162.983048 -10.8864147416104 pleio
14 162.989352 -10.6072302841587 pleio
15 162.995537 -10.639493986515 pleio
16 162.997832 -10.3546192702762 pleio
17 163.00011 -10.3187573133623 pleio
18 163.002388 -10.3101969666997 pleio
19 163.004665 -10.301680883902 pleio
20 163.006943 -10.293222198711 pleio
21 163.009221 -10.2848323917219 pleio
22 163.011499 -10.2765263081249 pleio
23 163.013777 -10.268316166528 pleio
24 163.016054 -10.2617908436517 pleio
25 163.018332 -10.2575125684287 pleio
26 163.02061 -10.2534151633268 pleio
27 163.022888 -10.2495101683306 pleio
28 163.025166 -10.2457994088883 pleio
29 163.029526 -10.2422943530505 pleio
30 163.045161 -10.2402657627342 pleio
31 163.061794 -10.2446226174489 pleio
32 163.078427 -10.2536447757006 pleio
33 163.09506 -10.2476519197793 pleio
34 163.111693 -10.2387520070359 pleio
35 163.125708 -10.2069569496695 pleio
36 163.137394 -9.96606426750949 pleio
37 163.14908 -10.2996056897017 pleio
38 163.154021 -10.244016323925 pleio
39 163.156127 -10.2002944677559 pleio
40 163.157556 -10.1674121299173 pleio
41 163.158891 -10.1440680058639 pleio
42 163.160225 -10.1288692943881 pleio
43 163.161559 -10.1205345019402 pleio
44 163.162894 -10.1180718163086 pleio
45 163.164228 -10.1208906564868 pleio
46 163.165562 -10.1288296938815 pleio
47 163.166897 -10.1418539529432 pleio
48 163.26265 -9.80078895675329 pleio
49 163.413317 -8.85500289869208 pleio
50 163.495816 -8.36438345943406 pleio
51 163.507977 -8.05683351595486 pleio
52 163.520139 -7.7511260268872 pleio
53 163.582672 -7.49333283210028 pleio
54 164.022416 -6.6356269556115 pleio
55 164.027702 -6.32429340868047 pleio
56 164.032987 -6.47394311963337 pleio
57 164.064248 -6.54919480379985 pleio
58 164.070405 -6.54821346390401 pleio
59 164.076561 -6.54729176209237 pleio
60 164.255184 -6.63208760454492 pleio
61 164.291807 -7.28385209649043 pleio
62 164.314068 -7.24901115115383 pleio
63 164.325529 -7.32650326152933 pleio
64 164.336991 -7.48107274213865 pleio
65 164.348452 -7.97646633371988 pleio
66 164.60536 -8.41331543152934 pleio
67 164.617986 -8.33852617519868 pleio
68 164.628884 -8.29065653970175 pleio
69 164.636687 -8.26494046002988 pleio
70 164.648869 -8.25076302139175 pleio
71 164.66892 -8.22684678905033 pleio
72 164.758936 -8.14070464903189 pleio
73 165.053217 -8.38302750160182 pleio
74 165.121823 -8.41206726317089 pleio
75 165.132678 -8.36475396088475 pleio
76 165.143532 -8.35233726577879 pleio
77 165.154046 -8.00016321925982 pleio
78 165.15722 -8.10584381296701 pleio
79 165.160395 -8.22323394455613 pleio
80 165.163569 -8.40638228869689 pleio
81 165.195982 -8.52563704632964 pleio
82 165.223558 -8.54227389940014 pleio
83 165.251135 -8.54057591762189 pleio
84 165.276843 -8.4232338453359 pleio
85 165.283031 -8.46257783555106 pleio
86 165.290201 -8.34198591536473 pleio
87 165.297626 -6.69520433980256 pleio
88 165.445995 -6.07295764297067 pleio
89 165.451594 -6.18902593292373 pleio
90 165.457194 -6.30887745260958 pleio
91 165.462793 -6.36763400788334 pleio
92 165.468393 -6.41009994918711 pleio
93 165.473992 -6.45239543661892 pleio
94 165.479592 -6.49427135992479 pleio
95 165.485905 -6.81352773194993 pleio
96 165.495439 -6.79414517938569 pleio
97 165.565236 -6.58761122444888 pleio
98 165.56991 -6.16955474567647 pleio
99 165.574583 -5.79867970729357 pleio
100 165.581587 -5.62384583161965 pleio
101 165.605467 -5.55542159221609 pleio
102 165.629348 -5.49270663777423 pleio
103 165.653228 -5.4372571619965 pleio
104 165.677109 -5.40965394018288 pleio
105 165.700989 -5.39404408321491 pleio
106 165.704891 -5.34087419040224 pleio
107 165.706625 -5.29162123849062 pleio
108 165.708359 -5.24661887081781 pleio
109 165.710093 -5.20618137973848 pleio
110 165.711827 -5.17059760422806 pleio
111 165.713561 -5.04901899734731 pleio
112 165.715295 -4.92109206902703 pleio
113 165.717029 -4.81447434176584 pleio
114 165.718763 -4.7317530044481 pleio
115 165.720497 -4.67458407130658 pleio
116 165.722231 -4.64330681139424 pleio
117 165.723965 -4.63647166636912 pleio
118 165.725699 -4.63410825705392 pleio
119 165.802549 -4.61244707507769 pleio
120 165.85132 -4.5994572909574 pleio
121 165.858793 -4.60916267500797 pleio
122 165.864624 -4.61148631498264 pleio
123 165.868565 -4.6217147961196 pleio
124 165.872506 -4.64017883884837 pleio
125 165.876447 -4.66717181936499 pleio
126 165.880388 -4.70293628829415 pleio
127 165.884329 -4.69485023545435 pleio
128 165.88827 -4.6926475858306 pleio
129 165.892211 -4.71202684915974 pleio
130 165.896152 -4.70103662250644 pleio
131 165.900093 -4.68061188561823 pleio
132 165.912941 -4.66387204298644 pleio
133 165.925276 -4.64708275912322 pleio
134 165.925359 -4.6315838244841 pleio
135 165.925441 -4.6170721400672 pleio
136 165.930685 -4.59302698963823 pleio
137 166.172164 -4.4958958594298 pleio
138 166.181382 -4.35184752564073 pleio
139 166.1906 -4.28739923582251 pleio
140 166.324274 -4.30494244389617 pleio
141 166.325217 -4.03380843647528 pleio
142 166.32602 -3.75541007441558 pleio
143 166.326823 -3.51624503037125 pleio
144 166.327627 -3.39542293362959 pleio
145 166.32843 -3.33783246024576 pleio
146 166.377584 -3.27500503099806 pleio
147 166.382507 -3.17322728370846 pleio
148 166.38743 -3.0729947071387 pleio
149 166.394815 -2.97474495165709 pleio
150 166.403288 -2.6605587227339 pleio
151 166.407404 -2.35885225825088 pleio
152 166.411519 -2.17077084821773 pleio
153 166.415634 -1.98438052024906 pleio
154 166.419069 -1.80418455165004 pleio
155 166.422503 -1.63536057074981 pleio
156 166.425938 -1.48344680542376 pleio
157 166.429372 -1.35393386996366 pleio
158 166.432807 -1.25181253390316 pleio
159 166.439999 -1.18115464947262 pleio
160 166.448156 -1.14482625937506 pleio
161 166.475596 -1.14171569320606 pleio
162 166.491355 -1.1387696441058 pleio
163 166.507114 -1.19269250133869 pleio
164 166.522873 -1.30225433652135 pleio
165 166.537635 -1.4710834248669 pleio
166 166.55226 -1.49290944382965 pleio
167 166.566886 -1.35431938332805 pleio
168 166.581511 -1.27919926968662 pleio
169 166.592132 -1.0961895372162 pleio
170 166.599166 -1.01018793078743 pleio
171 166.606199 -0.996056709532587 pleio
172 166.613233 -0.853902779565864 pleio
173 166.62365 -0.959951042773689 pleio
174 166.754477 -1.04136527014194 pleio
175 166.783106 -0.863659355568114 pleio
176 166.802407 -0.609648755341177 pleio
177 166.805057 -0.372547995934273 pleio
178 166.807706 -0.198756032183215 pleio
179 166.811338 -0.158987301902186 pleio
180 166.839967 -0.181500914111054 pleio
181 166.951357 -0.444419071084226 pleio
182 166.992184 -0.443436153004854 pleio
183 167.033011 0 pleio
184 167.073838 -0.499330679580336 pleio
185 167.142758 -1.02771765483355 pleio
186 167.274124 -1.57873914052071 pleio
187 167.282638 -1.73652033919577 pleio
188 167.286179 -1.98227542869503 pleio
189 167.289719 -2.31096158489633 pleio
190 167.29326 -2.6364361865986 pleio
191 167.306473 -2.87285359553437 pleio
192 167.322761 -3.05696921486915 pleio
193 167.349466 -3.09777116733781 pleio
194 167.360748 -3.01164032466006 pleio
195 167.37203 -2.93164263296424 pleio
196 167.396998 -2.85819605148468 pleio
197 167.523201 -2.99312173082222 pleio
198 167.545144 -2.94638339547114 pleio
199 167.556235 -2.918318012748 pleio
200 167.567326 -2.93533787983756 pleio
201 167.647654 -2.51036182177548 pleio
202 167.755373 -2.50056520646524 pleio
203 167.788738 -2.483285006827 pleio
204 167.822104 -2.46832123460409 pleio
205 167.836721 -2.46317527709376 pleio
206 167.845502 -2.46481554451492 pleio
207 167.854284 -2.47119247526407 pleio
208 167.858563 -2.48226400220137 pleio
209 167.860327 -2.50213432775124 pleio
210 167.862092 -2.54373306487346 pleio
211 167.863857 -2.59468219257648 pleio
212 167.865622 -2.65689242230392 pleio
213 167.86764 -2.7314408762016 pleio
214 167.871511 -2.81444637612155 pleio
215 167.876871 -2.90462069717624 pleio
216 167.882232 -3.00172012567603 pleio
217 167.887593 -3.10546955568046 pleio
218 167.913375 -3.17306437231106 pleio
219 167.920966 -3.18070823852514 pleio
220 167.928557 -3.18325390725549 pleio
221 168.002821 -3.19179747536691 pleio
222 168.013929 -3.22303951084378 pleio
223 168.020304 -3.25806780100802 pleio
224 168.023961 -3.28061307385448 pleio
225 168.02735 -3.30360085938844 pleio
226 168.030739 -3.29167664338449 pleio
227 168.034128 -3.68395348547028 pleio
228 168.037518 -3.73657332309418 pleio
229 168.042103 -3.77656824768205 pleio
230 168.057523 -3.75577525457852 pleio
231 168.241031 -3.73640674753063 pleio
232 168.273712 -3.7373974286177 pleio
233 168.276509 -3.74505604708496 pleio
234 168.279306 -3.75849862011033 pleio
235 168.282103 -3.7777583756105 pleio
236 168.2849 -3.80283520237507 pleio
237 168.287697 -3.83369005385572 pleio
238 168.291368 -3.68724145671589 pleio
239 168.295216 -3.54417413640552 pleio
240 168.301388 -3.45547854553524 pleio
241 168.308464 -3.82719789742231 pleio
242 168.31554 -4.38887014459747 pleio
243 168.322616 -5.09908485732953 pleio
244 168.369835 -5.40135674842494 pleio
245 168.372164 -5.38853253940249 pleio
246 168.374493 -5.37572277607106 pleio
247 168.376821 -5.37968051693143 pleio
248 162.797792 -7.86788156646259 profile1
249 162.802465 -7.99054723988509 profile1
250 162.807137 -8.12950200312359 profile1
251 162.891193 -8.22417490008965 profile1
252 162.899169 -8.22046706257439 profile1
253 162.907146 -8.02535870184137 profile1
254 162.915122 -7.76437948732655 profile1
255 162.923098 -7.77718492039434 profile1
256 162.931074 -7.78975655039652 profile1
257 162.93905 -7.80499766791359 profile1
258 162.97044 -7.84407905128987 profile1
259 162.976744 -7.83899244052894 profile1
260 162.983048 -7.83471892356997 profile1
261 162.989352 -7.62024234557768 profile1
262 162.995537 -7.66592552025035 profile1
263 162.997832 -7.65484045007381 profile1
264 163.00011 -7.660879688688 profile1
265 163.002388 -7.65638689062239 profile1
266 163.004665 -7.6521060320155 profile1
267 163.006943 -7.64804825689116 profile1
268 163.009221 -7.64422429199005 profile1
269 163.011499 -7.64064449813214 profile1
270 163.013777 -7.63731916951147 profile1
271 163.016054 -7.63574341258732 profile1
272 163.018332 -7.63643125077772 profile1
273 163.02061 -7.63742111559779 profile1
274 163.022888 -7.63871753343647 profile1
275 163.025166 -7.64022785495012 profile1
276 163.029526 -7.64191881095185 profile1
277 163.045161 -7.64520588059723 profile1
278 163.061794 -7.65401305538639 profile1
279 163.078427 -7.65575290525199 profile1
280 163.09506 -7.63699321653408 profile1
281 163.111693 -7.61509203100472 profile1
282 163.125708 -7.55467360324588 profile1
283 163.137394 -7.75822625450992 profile1
284 163.14908 -7.7855495852498 profile1
285 163.154021 -7.82477061539486 profile1
286 163.156127 -7.87491024288892 profile1
287 163.157556 -7.93483310109407 profile1
288 163.158891 -8.00268366200083 profile1
289 163.160225 -8.07598015865074 profile1
290 163.161559 -8.15181756915201 profile1
291 163.162894 -8.22716248894039 profile1
292 163.164228 -8.29917523658323 profile1
293 163.165562 -8.36549628283384 profile1
294 163.166897 -8.42424958066819 profile1
295 163.26265 -8.12191406429825 profile1
296 163.413317 -6.75248611355146 profile1
297 163.495816 -6.71920195233025 profile1
298 163.507977 -6.54933018943952 profile1
299 163.520139 -6.36602157364151 profile1
300 163.582672 -6.19874169550575 profile1
301 164.022416 -6.13745732050192 profile1
302 164.027702 -6.09239736403601 profile1
303 164.032987 -6.14954334963272 profile1
304 164.064248 -6.22811998238852 profile1
305 164.070405 -6.23358268587094 profile1
306 164.076561 -6.23915866027069 profile1
307 164.255184 -6.63208760454492 profile1
308 164.291807 -6.54031278926144 profile1
309 164.314068 -6.46755185180271 profile1
310 164.325529 -6.4943482020988 profile1
311 164.336991 -6.56557105287166 profile1
312 164.348452 -6.90496667000038 profile1
313 164.60536 -7.20729180967765 profile1
314 164.617986 -7.13030972089679 profile1
315 164.628884 -7.06251115292375 profile1
316 164.636687 -7.01234007941089 profile1
317 164.648869 -6.99079126102146 profile1
318 164.66892 -6.98615666959232 profile1
319 164.758936 -6.95883902629413 profile1
320 165.053217 -6.86676493598142 profile1
321 165.121823 -6.87692879989513 profile1
322 165.132678 -6.87618538184843 profile1
323 165.143532 -6.85344617273154 profile1
324 165.154046 -6.38324830302045 profile1
325 165.15722 -6.36616698983001 profile1
326 165.160395 -6.32677682867353 profile1
327 165.163569 -6.34564526923788 profile1
328 165.195982 -6.35977935596102 profile1
329 165.223558 -6.35004321215293 profile1
330 165.251135 -6.34090208031223 profile1
331 165.276843 -6.15300906868713 profile1
332 165.283031 -6.12277119200966 profile1
333 165.290201 -5.93132792390374 profile1
334 165.297626 -4.25557880957599 profile1
335 165.445995 -3.64843513479883 profile1
336 165.451594 -3.68827993288044 profile1
337 165.457194 -3.7380408966863 profile1
338 165.462793 -3.74936277160615 profile1
339 165.468393 -3.75337748859064 profile1
340 165.473992 -3.7623208894264 profile1
341 165.479592 -3.7763381547139 profile1
342 165.485905 -3.30857920803584 profile1
343 165.495439 -3.27902780690193 profile1
344 165.565236 -3.28080023621312 profile1
345 165.56991 -3.24741594652095 profile1
346 165.574583 -3.22594283103281 profile1
347 165.581587 -3.21379457594573 profile1
348 165.605467 -3.17037048457537 profile1
349 165.629348 -3.13185148359874 profile1
350 165.653228 -3.09801413940048 profile1
351 165.677109 -3.08142148345334 profile1
352 165.700989 -3.06723186589188 profile1
353 165.704891 -3.01549253407636 profile1
354 165.706625 -2.96784961985119 profile1
355 165.708359 -2.92462816552079 profile1
356 165.710093 -2.88613144305917 profile1
357 165.711827 -2.85263534271877 profile1
358 165.713561 -2.70648673291849 profile1
359 165.715295 -2.54383937237553 profile1
360 165.717029 -2.39786379225839 profile1
361 165.718763 -2.27003585232993 profile1
362 165.720497 -2.16123957576201 profile1
363 165.722231 -2.07172696544812 profile1
364 165.723965 -2.00141690105612 profile1
365 165.725699 -1.95338018501614 profile1
366 165.802549 -1.92402268833733 profile1
367 165.85132 -1.91166917043566 profile1
368 165.858793 -1.90468756161051 profile1
369 165.864624 -1.88776641128839 profile1
370 165.868565 -1.87562417855825 profile1
371 165.872506 -1.86860265750403 profile1
372 165.876447 -1.86703454257243 profile1
373 165.880388 -1.87123139414508 profile1
374 165.884329 -1.83131982699272 profile1
375 165.88827 -1.79326906274982 profile1
376 165.892211 -1.77092656580007 profile1
377 165.896152 -1.72305117908238 profile1
378 165.900093 -1.66696059223881 profile1
379 165.912941 -1.63049173526302 profile1
380 165.925276 -1.60891858748516 profile1
381 165.925359 -1.58757684069576 profile1
382 165.925441 -1.56772535357916 profile1
383 165.930685 -1.5411039877683 profile1
384 166.172164 -1.47149345172239 profile1
385 166.181382 -1.4021268929106 profile1
386 166.1906 -1.42463807374308 profile1
387 166.324274 -1.45645642478647 profile1
388 166.325217 -1.19763950246223 profile1
389 166.32602 -0.920179667677605 profile1
390 166.326823 -0.658427673531608 profile1
391 166.327627 -0.502237278509757 profile1
392 166.32843 -0.411620103849253 profile1
393 166.377584 -0.333226773758922 profile1
394 166.382507 -0.281518002525539 profile1
395 166.38743 -0.232051906369567 profile1
396 166.394815 -0.185063169673479 profile1
397 166.403288 0.0325467131615495 profile1
398 166.407404 0.265115211657609 profile1
399 166.411519 0.534700418794387 profile1
400 166.415634 0.802838474424961 profile1
401 166.419069 1.06391505180384 profile1
402 166.422503 1.31177598258328 profile1
403 166.425938 1.5401362160938 profile1
404 166.429372 1.74306436741462 profile1
405 166.432807 1.91547498019767 profile1
406 166.439999 2.05354045829124 profile1
407 166.448156 2.15492337580715 profile1
408 166.475596 2.19143015372266 profile1
409 166.491355 2.23504749636194 profile1
410 166.507114 2.21300441895714 profile1
411 166.522873 2.13273367308434 profile1
412 166.537635 1.9832857548093 profile1
413 166.55226 1.96644806322471 profile1
414 166.566886 2.02155358826834 profile1
415 166.581511 2.03436718406926 profile1
416 166.592132 2.14808372364143 profile1
417 166.599166 2.24048727044192 profile1
418 166.606199 2.31730487459954 profile1
419 166.613233 2.47512118766411 profile1
420 166.62365 2.37298509207716 profile1
421 166.754477 2.55096126958044 profile1
422 166.783106 2.77530830640779 profile1
423 166.802407 3.01341660472603 profile1
424 166.805057 3.21790863573601 profile1
425 166.807706 3.3651276092867 profile1
426 166.811338 3.42683247503898 profile1
427 166.839967 3.4341423050873 profile1
428 166.951357 3.15663663737551 profile1
429 166.992184 3.1608544544303 profile1
430 167.033011 3.49890670202806 profile1
431 167.073838 3.55585043343623 profile1
432 167.142758 3.12485471069481 profile1
433 167.274124 2.57550379907163 profile1
434 167.282638 2.42116175859917 profile1
435 167.286179 2.17916760341164 profile1
436 167.289719 1.85473324775318 profile1
437 167.29326 1.52912319563055 profile1
438 167.306473 1.24041707824015 profile1
439 167.322761 1.02322478120831 profile1
440 167.349466 0.967829774678474 profile1
441 167.360748 1.05369564852395 profile1
442 167.37203 1.13297782957819 profile1
443 167.396998 1.20531012056219 profile1
444 167.523201 1.07541639323784 profile1
445 167.545144 1.11762655978191 profile1
446 167.556235 1.15193080490447 profile1
447 167.567326 1.1606166397823 profile1
448 167.647654 1.38637070227467 profile1
449 167.755373 1.39584205477799 profile1
450 167.788738 1.41332255304203 profile1
451 167.822104 1.42847077493597 profile1
452 167.836721 1.43412325484693 profile1
453 167.845502 1.43471461082483 profile1
454 167.854284 1.43239804401503 profile1
455 167.858563 1.42719812433701 profile1
456 167.860327 1.41293379970128 profile1
457 167.862092 1.37104877894547 profile1
458 167.863857 1.32756382408443 profile1
459 167.865622 1.28192984859199 profile1
460 167.86764 1.22636999101325 profile1
461 167.871511 1.16414671037606 profile1
462 167.876871 1.09632639451031 profile1
463 167.882232 1.02311082120269 profile1
464 167.887593 0.944728005840592 profile1
465 167.913375 0.893463059533714 profile1
466 167.920966 0.887853209668312 profile1
467 167.928557 0.886389969225341 profile1
468 168.002821 0.882252291193452 profile1
469 168.013929 0.868932895769763 profile1
470 168.020304 0.855526512921534 profile1
471 168.023961 0.853816306230251 profile1
472 168.02735 0.856623480009684 profile1
473 168.030739 0.883940199052593 profile1
474 168.034128 0.579564961686986 profile1
475 168.037518 0.565160288578285 profile1
476 168.042103 0.554534322306275 profile1
477 168.057523 0.555360401381447 profile1
478 168.241031 0.553769608323206 profile1
479 168.273712 0.535237659752966 profile1
480 168.276509 0.509439162653996 profile1
481 168.279306 0.479351293298954 profile1
482 168.282103 0.445020237817259 profile1
483 168.2849 0.406513609343293 profile1
484 168.287697 0.363925225665888 profile1
485 168.291368 0.436997555793424 profile1
486 168.295216 0.496061613680878 profile1
487 168.301388 0.519956060228958 profile1
488 168.308464 0.410867314693002 profile1
489 168.31554 0.201307210004041 profile1
490 168.322616 -0.0973961333892528 profile1
491 168.369835 -0.232573616415079 profile1
492 168.372164 -0.221805477561376 profile1
493 168.374493 -0.211137452093823 profile1
494 168.376821 -0.21635362872419 profile1
495 162.797792 0.387442713635695 profile2
496 162.802465 0.400025830974659 profile2
497 162.807137 0.3867740640155 profile2
498 162.891193 0.36810812154145 profile2
499 162.899169 0.3438522880027 profile2
500 162.907146 0.129146822085506 profile2
501 162.915122 0.0610430776648262 profile2
502 162.923098 0.109695530537013 profile2
503 162.931074 0.154599130529692 profile2
504 162.93905 0.194948900954688 profile2
505 162.97044 0.222280378004614 profile2
506 162.976744 0.217867389870791 profile2
507 162.983048 0.222595192171255 profile2
508 162.989352 0.304669918174067 profile2
509 162.995537 0.294856838412505 profile2
510 162.997832 0.556218171017596 profile2
511 163.00011 0.596899962696517 profile2
512 163.002388 0.604415629094726 profile2
513 163.004665 0.612134100537267 profile2
514 163.006943 0.620048093153913 profile2
515 163.009221 0.628151490225259 profile2
516 163.011499 0.636434011077131 profile2
517 163.013777 0.644887879403154 profile2
518 163.016054 0.653416450200797 profile2
519 163.018332 0.661965989298238 profile2
520 163.02061 0.670630738686486 profile2
521 163.022888 0.679397590395857 profile2
522 163.025166 0.688188733486486 profile2
523 163.029526 0.696961086958706 profile2
524 163.045161 0.706098787710897 profile2
525 163.061794 0.714545673214215 profile2
526 163.078427 0.719700917054587 profile2
527 163.09506 0.725137086709392 profile2
528 163.111693 0.73037341496848 profile2
529 163.125708 0.718782721027686 profile2
530 163.137394 1.25234602625484 profile2
531 163.14908 0.9605605677851 profile2
532 163.154021 1.04031571316023 profile2
533 163.156127 1.11464937608515 profile2
534 163.157556 1.18335661394432 profile2
535 163.158891 1.24606035217165 profile2
536 163.160225 1.3021503935404 profile2
537 163.161559 1.35076261173468 profile2
538 163.162894 1.39082561755211 profile2
539 163.164228 1.42116313470006 profile2
540 163.165562 1.44063312448222 profile2
541 163.166897 1.44831768715688 profile2
542 163.26265 1.54809132581282 profile2
543 163.413317 1.36313994565578 profile2
544 163.495816 1.90116942287846 profile2
545 163.507977 2.05419706394329 profile2
546 163.520139 2.17249182347884 profile2
547 163.582672 2.25574610809421 profile2
548 164.022416 3.00665369170477 profile2
549 164.027702 3.23453312306124 profile2
550 164.032987 3.14864802099153 profile2
551 164.064248 3.14168021614836 profile2
552 164.070405 3.14982111278966 profile2
553 164.076561 3.15800456085128 profile2
554 164.255184 3.55585043343623 profile2
555 164.291807 2.92165458207551 profile2
556 164.314068 2.86235900658643 profile2
557 164.325529 2.81677313537555 profile2
558 164.336991 2.74780507816589 profile2
559 164.348452 2.5973090604462 profile2
560 164.60536 2.42104673745933 profile2
561 164.617986 2.45157393609844 profile2
562 164.628884 2.45549861863313 profile2
563 164.636687 2.44785878919314 profile2
564 164.648869 2.45418892492857 profile2
565 164.66892 2.48545040271267 profile2
566 164.758936 2.59180746312416 profile2
567 165.053217 2.15910359018833 profile2
568 165.121823 2.14898960435348 profile2
569 165.132678 2.19802241285678 profile2
570 165.143532 2.1937422730793 profile2
571 165.154046 2.14405003651041 profile2
572 165.15722 2.04715821090404 profile2
573 165.160395 1.90482561161988 profile2
574 165.163569 1.74817602795498 profile2
575 165.195982 1.6344655266179 profile2
576 165.223558 1.60521908589833 profile2
577 165.251135 1.59767770460978 profile2
578 165.276843 1.56345131806009 profile2
579 165.283031 1.50971402495387 profile2
580 165.290201 1.45243038768226 profile2
581 165.297626 1.41067853601315 profile2
582 165.445995 1.39235633079128 profile2
583 165.451594 1.31816515496118 profile2
584 165.457194 1.24431326174676 profile2
585 165.462793 1.19027784719311 profile2
586 165.468393 1.14338126743773 profile2
587 165.473992 1.09938620028276 profile2
588 165.479592 1.05878951732873 profile2
589 165.485905 0.200647697348784 profile2
590 165.495439 0.175063301660884 profile2
591 165.565236 0.382588826504303 profile2
592 165.56991 0.760855748971696 profile2
593 165.574583 1.08522805608406 profile2
594 165.581587 1.24330680066246 profile2
595 165.605467 1.27021900621053 profile2
596 165.629348 1.29451140505543 profile2
597 165.653228 1.31362694673332 profile2
598 165.677109 1.32203399934482 profile2
599 165.700989 1.32193336133209 profile2
600 165.704891 1.32235269665609 profile2
601 165.706625 1.32273593843082 profile2
602 165.708359 1.32308012004303 profile2
603 165.710093 1.32338232979481 profile2
604 165.711827 1.3236399359406 profile2
605 165.713561 1.29825400021588 profile2
606 165.715295 1.26077877604006 profile2
607 165.717029 1.21641366249747 profile2
608 165.718763 1.16422871910729 profile2
609 165.720497 1.10350389447291 profile2
610 165.722231 1.03410855608849 profile2
611 165.723965 0.95764922433645 profile2
612 165.725699 0.906874369141424 profile2
613 165.802549 0.896476479126411 profile2
614 165.85132 0.898115121940636 profile2
615 165.858793 0.889196653056458 profile2
616 165.864624 0.888348806736164 profile2
617 165.868565 0.882314039549789 profile2
618 165.872506 0.870946071191143 profile2
619 165.876447 0.854146004401842 profile2
620 165.880388 0.831868982391107 profile2
621 165.884329 0.816067499390451 profile2
622 165.88827 0.792668206033171 profile2
623 165.892211 0.758035029316866 profile2
624 165.896152 0.722267284566333 profile2
625 165.900093 0.683647644756426 profile2
626 165.912941 0.659697516590801 profile2
627 165.925276 0.651847242415821 profile2
628 165.925359 0.642710980227114 profile2
629 165.925441 0.633664111875122 profile2
630 165.930685 0.624765963396536 profile2
631 166.172164 0.65973404027913 profile2
632 166.181382 0.746050200637969 profile2
633 166.1906 0.832812237634455 profile2
634 166.324274 0.840038494954967 profile2
635 166.325217 0.839484041106427 profile2
636 166.32602 0.833349783339967 profile2
637 166.326823 0.810181406995564 profile2
638 166.327627 0.774724240605133 profile2
639 166.32843 0.738938314818818 profile2
640 166.377584 0.720165065464435 profile2
641 166.382507 0.766136431722105 profile2
642 166.38743 0.81375160706707 profile2
643 166.394815 0.862774612307327 profile2
644 166.403288 0.964538626533997 profile2
645 166.407404 1.05018213800893 profile2
646 166.411519 0.98275077090426 profile2
647 166.415634 0.912060739209528 profile2
648 166.419069 0.838396380025024 profile2
649 166.422503 0.761973115819522 profile2
650 166.425938 0.682927734150282 profile2
651 166.429372 0.601321416985466 profile2
652 166.432807 0.517156376035158 profile2
653 166.439999 0.4304034690567 profile2
654 166.448156 0.341033422206442 profile2
655 166.475596 0.281397982973673 profile2
656 166.491355 0.230796911859031 profile2
657 166.507114 0.197856532799014 profile2
658 166.522873 0.167932800562818 profile2
659 166.537635 0.151779544113001 profile2
660 166.55226 0.146486693761999 profile2
661 166.566886 0.233839536882577 profile2
662 166.581511 0.289565208713863 profile2
663 166.592132 0.332189702798951 profile2
664 166.599166 0.309561649510802 profile2
665 166.606199 0.240176183059219 profile2
666 166.613233 0.20994685576911 profile2
667 166.62365 0.202554205399813 profile2
668 166.754477 -0.0671270940095804 profile2
669 166.783106 -0.102035895619163 profile2
670 166.802407 -0.0793896863798181 profile2
671 166.805057 -0.0411220113052526 profile2
672 166.807706 -0.00908364036704285 profile2
673 166.811338 -0.0307465556528198 profile2
674 166.839967 -0.0633147834746453 profile2
675 166.951357 -0.0761823757286545 profile2
676 166.992184 -0.0790979131090359 profile2
677 167.033011 0.067538278607807 profile2
678 167.073838 -0.499330679580336 profile2
679 167.142758 -0.645681917323356 profile2
680 167.274124 -0.671538586718948 profile2
681 167.282638 -0.620818012027834 profile2
682 167.286179 -0.57924528987887 profile2
683 167.289719 -0.549061856160741 profile2
684 167.29326 -0.530182494790571 profile2
685 167.306473 -0.491083018740903 profile2
686 167.322761 -0.471414708977281 profile2
687 167.349466 -0.461921064519219 profile2
688 167.360748 -0.460220712366859 profile2
689 167.37203 -0.458795747805431 profile2
690 167.396998 -0.457654825258185 profile2
691 167.523201 -0.468493291429953 profile2
692 167.545144 -0.474234287654863 profile2
693 167.556235 -0.502781994737313 profile2
694 167.567326 -0.54978923834183 profile2
695 167.647654 -0.343482730186076 profile2
696 167.755373 -0.341648575514883 profile2
697 167.788738 -0.339082150022968 profile2
698 167.822104 -0.33654858315473 profile2
699 167.836721 -0.332032971286979 profile2
700 167.845502 -0.32890509403353 profile2
701 167.854284 -0.328069288845908 profile2
702 167.858563 -0.329526736360433 profile2
703 167.860327 -0.331362849147568 profile2
704 167.862092 -0.328805287362737 profile2
705 167.863857 -0.336637418258049 profile2
706 167.865622 -0.356121126879403 profile2
707 167.86764 -0.378060760839021 profile2
708 167.871511 -0.402208282420337 profile2
709 167.876871 -0.428379866358042 profile2
710 167.882232 -0.456494757738729 profile2
711 167.887593 -0.486465532215765 profile2
712 167.913375 -0.503890576839226 profile2
713 167.920966 -0.504279377073162 profile2
714 167.928557 -0.504488102590204 profile2
715 168.002821 -0.507707207982565 profile2
716 168.013929 -0.523742982826142 profile2
717 168.020304 -0.544042578691782 profile2
718 168.023961 -0.562130246779693 profile2
719 168.02735 -0.582714240384656 profile2
720 168.030739 -0.582344409426748 profile2
721 168.034128 -0.573171461839186 profile2
722 168.037518 -0.612856932166885 profile2
723 168.042103 -0.643364689727474 profile2
724 168.057523 -0.625593533468141 profile2
725 168.241031 -0.620794353193749 profile2
726 168.273712 -0.600684878383443 profile2
727 168.276509 -0.578932336939362 profile2
728 168.279306 -0.558096254988832 profile2
729 168.282103 -0.53826830356834 profile2
730 168.2849 -0.519532231068996 profile2
731 168.287697 -0.501962896046631 profile2
732 168.291368 -0.433852268072356 profile2
733 168.295216 -0.367161629569478 profile2
734 168.301388 -0.327418681119329 profile2
735 168.308464 -0.649249517224718 profile2
736 168.31554 -1.09919974449155 profile2
737 168.322616 -1.62751252977797 profile2
738 168.369835 -1.8402275085259 profile2
739 168.372164 -1.83896156502578 profile2
740 168.374493 -1.83769647064396 profile2
741 168.376821 -1.83643261309254 profile2
