marker_position lod trace
1 40.751751 -12.8594396618206 pleio
2 40.852649 -11.9342404616054 pleio
3 40.963726 -11.5876238062285 pleio
4 41.071368 -11.5932526916651 pleio
5 41.130258 -11.5977505809025 pleio
6 41.189147 -11.6024514829679 pleio
7 41.248037 -11.6073490233241 pleio
8 41.306927 -11.6122214922695 pleio
9 41.376781 -11.6128313409526 pleio
10 41.466542 -11.6098821122078 pleio
11 41.467199 -11.6072537641103 pleio
12 41.467856 -11.6042585516357 pleio
13 41.535355 -11.5788672961394 pleio
14 41.812857 -11.0984848443416 pleio
15 42.090359 -11.0973392894609 pleio
16 42.192627 -11.1051286097393 pleio
17 42.292082 -11.1295905993959 pleio
18 42.391537 -11.150661926908 pleio
19 42.490992 -11.1630484323441 pleio
20 42.590447 -11.1794342628509 pleio
21 42.689901 -11.1969548810958 pleio
22 42.789356 -11.2146960325191 pleio
23 42.929723 -11.2327185589282 pleio
24 43.030511 -11.2472792760021 pleio
25 43.09059 -11.2604189427702 pleio
26 43.150669 -11.2753698243085 pleio
27 43.210748 -11.2924438999447 pleio
28 43.265979 -11.3115798537549 pleio
29 43.296031 -11.3280624191173 pleio
30 43.336485 -11.3249538462066 pleio
31 43.376939 -11.3379729023443 pleio
32 43.399199 -10.3356638287552 pleio
33 43.400566 -9.10972363937499 pleio
34 43.401932 -9.37230839236342 pleio
35 43.416832 -9.57500494336709 pleio
36 43.545216 -9.56211241386924 pleio
37 43.659927 -9.56924654858391 pleio
38 43.662301 -9.56853063214409 pleio
39 43.664677 -9.56756108822034 pleio
40 43.66789 -9.54891668140934 pleio
41 43.746502 -9.10507559639239 pleio
42 43.811623 -8.93330876012695 pleio
43 43.828159 -8.91004113240258 pleio
44 43.836311 -8.89396408947354 pleio
45 43.838406 -8.88902138801118 pleio
46 43.840501 -8.889579602354 pleio
47 43.844466 -8.86588792720976 pleio
48 43.861003 -8.82109091118186 pleio
49 43.901546 -8.76610245967224 pleio
50 43.980158 -8.48787550685006 pleio
51 44.020771 -8.18379969876899 pleio
52 44.053303 -8.07944117996115 pleio
53 44.085836 -8.00422858545573 pleio
54 44.138903 -7.98870080441675 pleio
55 44.294495 -8.25490504549868 pleio
56 44.317834 -8.29528762858288 pleio
57 44.341174 -8.31288937579047 pleio
58 44.364954 -8.31648097719397 pleio
59 44.431929 -7.42730421227724 pleio
60 44.438774 -7.39833468970383 pleio
61 44.445619 -7.49871983791684 pleio
62 44.482294 -7.40207040076309 pleio
63 44.551043 -7.22164955978801 pleio
64 44.564207 -7.1279825562748 pleio
65 44.568298 -7.03789842514125 pleio
66 44.572388 -6.9520988123189 pleio
67 44.576479 -6.87131405004909 pleio
68 44.58057 -6.79645671911796 pleio
69 44.584661 -6.69023858615779 pleio
70 44.588908 -6.54556727419579 pleio
71 44.596324 -6.41346265093864 pleio
72 44.603741 -6.29248205956173 pleio
73 44.608283 -6.18310175883265 pleio
74 44.609389 -6.08744066437097 pleio
75 44.610566 -6.00610841766072 pleio
76 44.612126 -5.93954074344277 pleio
77 44.618941 -5.88799328438374 pleio
78 44.625756 -5.85154181078024 pleio
79 44.632571 -5.86888476665624 pleio
80 44.721343 -5.83677471875482 pleio
81 44.725576 -5.73037793805944 pleio
82 44.729808 -5.62810333367332 pleio
83 44.761322 -5.52899604327531 pleio
84 44.780832 -5.46434795723424 pleio
85 44.800342 -4.90723021198755 pleio
86 44.819852 -4.33321691380479 pleio
87 44.838742 -4.20713838091186 pleio
88 44.856652 -4.13721034536632 pleio
89 44.867332 -4.07046382921857 pleio
90 44.874623 -4.00787666709413 pleio
91 44.881915 -3.94961198212236 pleio
92 44.889206 -3.89581738796276 pleio
93 44.896497 -3.83747759104459 pleio
94 44.940291 -3.87019483692318 pleio
95 44.995858 -3.62064280546497 pleio
96 45.051425 -3.38276268786517 pleio
97 45.101619 -3.26318800146984 pleio
98 45.106404 -3.21525124705208 pleio
99 45.111189 -3.17052814180676 pleio
100 45.144068 -3.17021335847657 pleio
101 45.165 -3.18702941761866 pleio
102 45.174292 -3.20404939085595 pleio
103 45.183584 -3.22130301083314 pleio
104 45.206863 -3.23800996795853 pleio
105 45.270542 -3.32543007363254 pleio
106 45.33422 -2.77379701457964 pleio
107 45.420117 -2.50678045918616 pleio
108 45.434499 -2.3508145763174 pleio
109 45.438006 -2.20646655171221 pleio
110 45.441513 -2.12348715465999 pleio
111 45.445019 -2.11836664922669 pleio
112 45.448526 -2.11649392522463 pleio
113 45.452033 -2.11787388672885 pleio
114 45.455539 -2.2356826910813 pleio
115 45.458985 -2.1563219741773 pleio
116 45.460636 -2.14107269298277 pleio
117 45.462287 -2.15521673602932 pleio
118 45.463938 -2.15819586527201 pleio
119 45.465589 -2.15543608620064 pleio
120 45.46724 -2.15413547814041 pleio
121 45.470001 -2.15429348199906 pleio
122 45.474942 -2.15590470216169 pleio
123 45.479882 -2.15896719257367 pleio
124 45.484823 -2.16347094847937 pleio
125 45.489764 -2.16940458970991 pleio
126 45.494704 -2.17675270711059 pleio
127 45.499645 -2.17933411181593 pleio
128 45.504585 -2.09177897241003 pleio
129 45.622192 -1.73526127485278 pleio
130 45.689416 -0.892960929783936 pleio
131 45.705169 -0.749377847262361 pleio
132 45.720922 -0.378374951289888 pleio
133 46.0005425 0 pleio
134 46.280163 -0.970280838218945 pleio
135 46.288948 -4.10615057834964 pleio
136 46.297732 -4.93029708270959 pleio
137 46.306516 -4.88393796668464 pleio
138 46.315301 -4.84088790973006 pleio
139 46.32335 -4.87087590739333 pleio
140 46.326762 -5.0455070398477 pleio
141 46.330173 -5.32491745912941 pleio
142 46.333584 -5.51879868909207 pleio
143 46.336995 -5.5064626187466 pleio
144 46.341532 -5.47952070382201 pleio
145 46.350316 -5.44126412868155 pleio
146 46.358463 -5.42524304879075 pleio
147 46.360127 -5.49378035725624 pleio
148 46.36179 -5.56659645816286 pleio
149 46.363103 -5.64367167437249 pleio
150 46.364052 -5.72497755872289 pleio
151 46.364976 -5.81047696569035 pleio
152 46.365522 -5.90012406218838 pleio
153 46.366069 -5.99386438778852 pleio
154 46.366615 -6.09163499374499 pleio
155 46.367161 -6.19336460033435 pleio
156 46.367707 -6.29897352626917 pleio
157 46.368253 -6.40837450383561 pleio
158 46.368799 -6.52164037482651 pleio
159 46.485003 -8.48307597979968 pleio
160 46.557864 -8.39045508651646 pleio
161 46.610522 -8.44735089492365 pleio
162 46.616448 -8.45695049688396 pleio
163 46.622375 -8.46718004675181 pleio
164 46.628301 -8.47805326607409 pleio
165 46.687297 -8.48958313883596 pleio
166 46.730117 -8.51790079908581 pleio
167 46.732363 -8.57952315925469 pleio
168 46.73461 -8.64589743058016 pleio
169 46.736857 -8.71731473484192 pleio
170 46.739103 -8.7934946594693 pleio
171 46.74135 -8.86569635011305 pleio
172 46.750658 -8.8821540562518 pleio
173 46.815826 -8.9240388814242 pleio
174 46.828517 -9.05203626065277 pleio
175 46.833526 -9.17734624623396 pleio
176 46.838536 -9.29127639746055 pleio
177 46.843545 -9.41558058926621 pleio
178 46.848554 -9.54766065226624 pleio
179 46.853564 -9.68464547122873 pleio
180 46.921126 -9.8236419925331 pleio
181 47.021298 -9.73805634828426 pleio
182 47.023709 -9.79853443956662 pleio
183 47.02612 -9.85791983987739 pleio
184 47.035721 -9.98601451308102 pleio
185 47.160161 -10.1809108048865 pleio
186 47.295389 -10.2823914506906 pleio
187 47.430616 -10.3051538422204 pleio
188 47.565843 -10.3274886842251 pleio
189 47.70107 -10.3538464298137 pleio
190 47.836298 -10.6933768353138 pleio
191 47.971525 -11.0738914371211 pleio
192 48.106752 -11.0978115671082 pleio
193 48.24198 -11.1202650838137 pleio
194 48.377207 -11.1436598285085 pleio
195 48.474506 -11.1673895405491 pleio
196 48.553159 -11.1913749441219 pleio
197 48.631813 -11.2157066583857 pleio
198 48.717003 -11.2402607283239 pleio
199 48.805261 -11.2120628416918 pleio
200 48.89352 -11.1914200259159 pleio
201 48.982344 -11.2322086191537 pleio
202 49.13026 -11.002349988553 pleio
203 49.161395 -10.817605038998 pleio
204 49.168603 -10.676536727625 pleio
205 49.175812 -10.6039640742543 pleio
206 49.276939 -10.5875685458068 pleio
207 49.413086 -10.9519794910303 pleio
208 49.549232 -12.067909041967 pleio
209 49.611939 -12.1190940618921 pleio
210 49.614662 -12.2502359804232 pleio
211 49.617384 -12.3950144565851 pleio
212 49.620107 -12.387121415788 pleio
213 49.62283 -12.3816267995073 pleio
214 49.625553 -12.3784897052182 pleio
215 49.628276 -12.3776604410288 pleio
216 49.638989 -12.370395867473 pleio
217 49.65723 -12.3456347085058 pleio
218 49.660035 -12.319514592459 pleio
219 49.66284 -12.2931854700495 pleio
220 49.665644 -12.2667216416685 pleio
221 49.668449 -12.2402037139416 pleio
222 49.671254 -12.2137175333754 pleio
223 49.674058 -12.1873529664682 pleio
224 49.695383 -12.1620364185089 pleio
225 49.798204 -12.1626883034914 pleio
226 49.807433 -12.1667911755239 pleio
227 49.816662 -12.1706944312535 pleio
228 49.911484 -12.7503660701458 pleio
229 50.08976 -13.3896440812277 pleio
230 50.121095 -13.4020903725097 pleio
231 50.152431 -13.4151116405618 pleio
232 50.173971 -13.4298174053428 pleio
233 50.177001 -13.4449207199769 pleio
234 50.180031 -15.0366587874849 pleio
235 50.183061 -15.8707021440923 pleio
236 50.18609 -15.8880741928522 pleio
237 50.18912 -15.9160710059487 pleio
238 50.19215 -15.9850707212416 pleio
239 50.295327 -16.1643368364467 pleio
240 50.302108 -16.1791347619419 pleio
241 50.308889 -16.1950260912995 pleio
242 50.311001 -16.2119934339693 pleio
243 40.751751 -9.56907389390272 profile1
244 40.852649 -8.79244182935772 profile1
245 40.963726 -8.67524774115665 profile1
246 41.071368 -8.67393434384199 profile1
247 41.130258 -8.67275553181226 profile1
248 41.189147 -8.67167812507712 profile1
249 41.248037 -8.67069993258562 profile1
250 41.306927 -8.66975470322855 profile1
251 41.376781 -8.66731589139753 profile1
252 41.466542 -8.66262025862869 profile1
253 41.467199 -8.65814461023844 profile1
254 41.467856 -8.65372149742928 profile1
255 41.535355 -8.62380817112119 profile1
256 41.812857 -8.12888795938829 profile1
257 42.090359 -8.12698126489211 profile1
258 42.192627 -8.12653787435034 profile1
259 42.292082 -8.13411519798183 profile1
260 42.391537 -8.1374696648022 profile1
261 42.490992 -8.13350578310754 profile1
262 42.590447 -8.13710065992849 profile1
263 42.689901 -8.14204724675908 profile1
264 42.789356 -8.1470722976123 profile1
265 42.929723 -8.15218222252837 profile1
266 43.030511 -8.13646909857644 profile1
267 43.09059 -8.10564171889468 profile1
268 43.150669 -8.07564964743742 profile1
269 43.210748 -8.04710865747753 profile1
270 43.265979 -8.02011070892009 profile1
271 43.296031 -7.99716014557089 profile1
272 43.336485 -7.87225815543434 profile1
273 43.376939 -7.8680660607223 profile1
274 43.399199 -6.9176637729028 profile1
275 43.400566 -5.78422909135826 profile1
276 43.401932 -5.9410207755984 profile1
277 43.416832 -6.06586008011906 profile1
278 43.545216 -6.0705454631039 profile1
279 43.659927 -6.07518619060184 profile1
280 43.662301 -6.07446765684815 profile1
281 43.664677 -6.07349434189528 profile1
282 43.66789 -6.05882678555936 profile1
283 43.746502 -5.71338624409796 profile1
284 43.811623 -5.66128934473404 profile1
285 43.828159 -5.65951089894117 profile1
286 43.836311 -5.65980180261606 profile1
287 43.838406 -5.68555566527026 profile1
288 43.840501 -5.80782538518988 profile1
289 43.844466 -5.90992022137899 profile1
290 43.861003 -5.98385780475628 profile1
291 43.901546 -6.01685630062054 profile1
292 43.980158 -5.92088733761035 profile1
293 44.020771 -5.77553817684108 profile1
294 44.053303 -5.69389651297974 profile1
295 44.085836 -5.62428203775454 profile1
296 44.138903 -5.60726379905265 profile1
297 44.294495 -5.78690725075479 profile1
298 44.317834 -5.80767445789103 profile1
299 44.341174 -5.8266480421195 profile1
300 44.364954 -5.81838089928202 profile1
301 44.431929 -5.11021632540909 profile1
302 44.438774 -5.06226542717682 profile1
303 44.445619 -5.16546345252137 profile1
304 44.482294 -5.03163492667853 profile1
305 44.551043 -4.83330060761112 profile1
306 44.564207 -4.74803953653858 profile1
307 44.568298 -4.6661998705868 profile1
308 44.572388 -4.58862462812904 profile1
309 44.576479 -4.51593215640871 profile1
310 44.58057 -4.44926940893892 profile1
311 44.584661 -4.34640561290202 profile1
312 44.588908 -4.19922744985536 profile1
313 44.596324 -4.06516195793965 profile1
314 44.603741 -3.94158930310893 profile1
315 44.608283 -3.82917824339955 profile1
316 44.609389 -3.73082217648157 profile1
317 44.610566 -3.64720522599949 profile1
318 44.612126 -3.57882119817377 profile1
319 44.618941 -3.52596528800989 profile1
320 44.625756 -3.48873316667453 profile1
321 44.632571 -3.50674293011323 profile1
322 44.721343 -3.49407923486534 profile1
323 44.725576 -3.43780509064213 profile1
324 44.729808 -3.40309897186921 profile1
325 44.761322 -3.38776117141199 profile1
326 44.780832 -3.38201576888986 profile1
327 44.800342 -3.15666541268326 profile1
328 44.819852 -2.86245236284464 profile1
329 44.838742 -2.8249855220072 profile1
330 44.856652 -2.75930979709724 profile1
331 44.867332 -2.69583785760959 profile1
332 44.874623 -2.63558354496726 profile1
333 44.881915 -2.57869117492046 profile1
334 44.889206 -2.52529103169316 profile1
335 44.896497 -2.46935391304903 profile1
336 44.940291 -2.40845568224527 profile1
337 44.995858 -2.1799917822037 profile1
338 45.051425 -1.99113875279171 profile1
339 45.101619 -1.93052098644418 profile1
340 45.106404 -1.94751613643033 profile1
341 45.111189 -1.96562486374771 profile1
342 45.144068 -2.00788840599566 profile1
343 45.165 -2.0343332945032 profile1
344 45.174292 -2.0607374472461 profile1
345 45.183584 -2.08711717586602 profile1
346 45.206863 -2.11070611653773 profile1
347 45.270542 -2.19247750365277 profile1
348 45.33422 -1.61448188929858 profile1
349 45.420117 -1.60013746866017 profile1
350 45.434499 -1.47334793694648 profile1
351 45.438006 -1.35639730216105 profile1
352 45.441513 -1.29366063906355 profile1
353 45.445019 -1.29885246784698 profile1
354 45.448526 -1.30504279854558 profile1
355 45.452033 -1.31217664770117 profile1
356 45.455539 -1.45602009557686 profile1
357 45.458985 -1.36301907692212 profile1
358 45.460636 -1.33832950726847 profile1
359 45.462287 -1.34859638700607 profile1
360 45.463938 -1.36361696247151 profile1
361 45.465589 -1.38108562839051 profile1
362 45.46724 -1.39874769624296 profile1
363 45.470001 -1.41657949728497 profile1
364 45.474942 -1.43455608632019 profile1
365 45.479882 -1.45265853284239 profile1
366 45.484823 -1.47086393290926 profile1
367 45.489764 -1.48915126271443 profile1
368 45.494704 -1.50749907172348 profile1
369 45.499645 -1.5214556030899 profile1
370 45.504585 -1.42534543275076 profile1
371 45.622192 -1.09322440151325 profile1
372 45.689416 -0.852886654819709 profile1
373 45.705169 -0.704147367294202 profile1
374 45.720922 -0.334683042724099 profile1
375 46.0005425 0 profile1
376 50.180031 -11.6257573747409 profile1
377 50.183061 -12.3110665524276 profile1
378 50.18609 -12.300766528604 profile1
379 50.18912 -12.3006052227826 profile1
380 50.19215 -12.3250254306878 profile1
381 50.295327 -12.3564550584647 profile1
382 50.302108 -12.3787010643618 profile1
383 50.308889 -12.4027706749858 profile1
384 50.311001 -12.4285729585126 profile1
385 46.280163 -0.754200736881971 profile1
386 46.288948 -4.03858953293553 profile1
387 46.297732 -4.93029708270959 profile1
388 46.306516 -4.85839888468799 profile1
389 46.315301 -4.79244102215498 profile1
390 46.32335 -4.79673786690272 profile1
391 46.326762 -4.91503085174947 profile1
392 46.330173 -5.10484496439678 profile1
393 46.333584 -5.23418876101481 profile1
394 46.336995 -5.22463568451111 profile1
395 46.341532 -5.21449435576086 profile1
396 46.350316 -5.20560145160473 profile1
397 46.358463 -5.21030129615419 profile1
398 46.360127 -5.2497329294076 profile1
399 46.36179 -5.2919471643758 profile1
400 46.363103 -5.3369425937928 profile1
401 46.364052 -5.38471265497458 profile1
402 46.364976 -5.43524568893204 profile1
403 46.365522 -5.48852491180162 profile1
404 46.366069 -5.54452841477585 profile1
405 46.366615 -5.60322921001366 profile1
406 46.367161 -5.66459535158139 profile1
407 46.367707 -5.72858959951917 profile1
408 46.368253 -5.79517024860165 profile1
409 46.368799 -5.86349959606551 profile1
410 46.485003 -7.4300630054364 profile1
411 46.557864 -7.19660874556279 profile1
412 46.610522 -7.21655335077948 profile1
413 46.616448 -7.21013517011923 profile1
414 46.622375 -7.20494576304445 profile1
415 46.628301 -7.20102971006167 profile1
416 46.687297 -7.19842588622465 profile1
417 46.730117 -7.18859518684021 profile1
418 46.732363 -7.16675527853143 profile1
419 46.73461 -7.14981593466642 profile1
420 46.736857 -7.13786787837302 profile1
421 46.739103 -7.13096949954093 profile1
422 46.74135 -7.13000954736701 profile1
423 46.750658 -7.13812354951814 profile1
424 46.815826 -7.15410447176931 profile1
425 46.828517 -7.15309314820917 profile1
426 46.833526 -7.20159320691863 profile1
427 46.838536 -7.26340578024924 profile1
428 46.843545 -7.3323096375861 profile1
429 46.848554 -7.4065253513531 profile1
430 46.853564 -7.48414963121352 profile1
431 46.921126 -7.56344764412673 profile1
432 47.021298 -7.52415507500509 profile1
433 47.023709 -7.58883606452093 profile1
434 47.02612 -7.65391581326484 profile1
435 47.035721 -7.7855896937539 profile1
436 47.160161 -7.99903389117 profile1
437 47.295389 -8.11294786751703 profile1
438 47.430616 -8.13824342459313 profile1
439 47.565843 -8.15268667114571 profile1
440 47.70107 -8.16477874625185 profile1
441 47.836298 -8.24705097403521 profile1
442 47.971525 -8.38350370946445 profile1
443 48.106752 -8.39881130591942 profile1
444 48.24198 -8.41305665296655 profile1
445 48.377207 -8.42872171572054 profile1
446 48.474506 -8.4444210101603 profile1
447 48.553159 -8.46005616766075 profile1
448 48.631813 -8.47597671148136 profile1
449 48.717003 -8.49207078598042 profile1
450 48.805261 -8.42212557223425 profile1
451 48.89352 -8.35627164631371 profile1
452 48.982344 -8.31505527312253 profile1
453 49.13026 -8.05049993244804 profile1
454 49.161395 -7.86994205643776 profile1
455 49.168603 -7.77590924615452 profile1
456 49.175812 -7.7641578620801 profile1
457 49.276939 -7.89395426630565 profile1
458 49.413086 -8.60063261372459 profile1
459 49.549232 -9.94776804438786 profile1
460 49.611939 -10.0429870894434 profile1
461 49.614662 -10.219862064787 profile1
462 49.617384 -10.3918194782759 profile1
463 49.620107 -10.3790846847243 profile1
464 49.62283 -10.3683137349676 profile1
465 49.625553 -10.3594854826458 profile1
466 49.628276 -10.3525716233774 profile1
467 49.638989 -10.3408438905051 profile1
468 49.65723 -10.3136152960535 profile1
469 49.660035 -10.2866945511144 profile1
470 49.66284 -10.2591559775148 profile1
471 49.665644 -10.2310963353117 profile1
472 49.668449 -10.2026194074466 profile1
473 49.671254 -10.1738343034207 profile1
474 49.674058 -10.1448536395805 profile1
475 49.695383 -10.1165454674201 profile1
476 49.798204 -10.1213431668075 profile1
477 49.807433 -10.1303448009379 profile1
478 49.816662 -10.1385276893986 profile1
479 49.911484 -10.192332673716 profile1
480 50.08976 -10.3699767220174 profile1
481 50.121095 -10.3826367264116 profile1
482 50.152431 -10.3955489905219 profile1
483 50.173971 -10.4092731265011 profile1
484 50.177001 -10.4229994434266 profile1
485 40.751751 -4.65160457125761 profile2
486 40.852649 -4.42799864984783 profile2
487 40.963726 -4.17805881954488 profile2
488 41.071368 -4.18213867838439 profile2
489 41.130258 -4.1841418163129 profile2
490 41.189147 -4.18628748349113 profile2
491 41.248037 -4.1885757455251 profile2
492 41.306927 -4.19086216662284 profile2
493 41.376781 -4.19082392111962 profile2
494 41.466542 -4.19092664176023 profile2
495 41.467199 -4.19112041506042 profile2
496 41.467856 -4.19124595778089 profile2
497 41.535355 -4.18976213833289 profile2
498 41.812857 -4.04489546291319 profile2
499 42.090359 -4.04487143089735 profile2
500 42.192627 -4.05171466843488 profile2
501 42.292082 -4.06568064394576 profile2
502 42.391537 -4.08057466194293 profile2
503 42.490992 -4.09407324954281 profile2
504 42.590447 -4.10517546352395 profile2
505 42.689901 -4.11600573572432 profile2
506 42.789356 -4.12694111563193 profile2
507 42.929723 -4.13801855293497 profile2
508 43.030511 -4.15959708453344 profile2
509 43.09059 -4.19000113483053 profile2
510 43.150669 -4.22176299375942 profile2
511 43.210748 -4.25476876075102 profile2
512 43.265979 -4.28891796665698 profile2
513 43.296031 -4.31939297712439 profile2
514 43.336485 -4.38570598075294 profile2
515 43.376939 -4.40148951885776 profile2
516 43.399199 -4.28898466166052 profile2
517 43.400566 -4.11733128618537 profile2
518 43.401932 -4.17943950615444 profile2
519 43.416832 -4.24521856734652 profile2
520 43.545216 -4.24091641224179 profile2
521 43.659927 -4.24025463820398 profile2
522 43.662301 -4.23560653541177 profile2
523 43.664677 -4.23106543280951 profile2
524 43.66789 -4.22415464043183 profile2
525 43.746502 -4.05614515893381 profile2
526 43.811623 -3.92124374237139 profile2
527 43.828159 -3.90927760984215 profile2
528 43.836311 -3.90074303087836 profile2
529 43.838406 -3.872505520569 profile2
530 43.840501 -3.73736733092998 profile2
531 43.844466 -3.5999221418585 profile2
532 43.861003 -3.47234192483817 profile2
533 43.901546 -3.37861367755922 profile2
534 43.980158 -3.23450461443351 profile2
535 44.020771 -3.11295494409024 profile2
536 44.053303 -3.09526455033357 profile2
537 44.085836 -3.08986693967876 profile2
538 44.138903 -3.08254578540629 profile2
539 44.294495 -3.11156323186387 profile2
540 44.317834 -3.12117286833578 profile2
541 44.341174 -3.12019164203272 profile2
542 44.364954 -3.13415732158615 profile2
543 44.431929 -2.89552611720622 profile2
544 44.438774 -2.91210047643275 profile2
545 44.445619 -2.91402525479595 profile2
546 44.482294 -2.9808457442462 profile2
547 44.551043 -3.00350784436687 profile2
548 44.564207 -2.97512097223077 profile2
549 44.568298 -2.94686350871216 profile2
550 44.572388 -2.91872366464783 profile2
551 44.576479 -2.89105958771847 profile2
552 44.58057 -2.86381265114082 profile2
553 44.584661 -2.83974075804223 profile2
554 44.588908 -2.81953617520007 profile2
555 44.596324 -2.80067001212626 profile2
556 44.603741 -2.78455791477943 profile2
557 44.608283 -2.77113370827368 profile2
558 44.609389 -2.75992618951102 profile2
559 44.610566 -2.75102352502745 profile2
560 44.612126 -2.74447691221887 profile2
561 44.618941 -2.74030050314352 profile2
562 44.625756 -2.73847288258327 profile2
563 44.632571 -2.73660238296949 profile2
564 44.721343 -2.70641174915386 profile2
565 44.725576 -2.63196160234828 profile2
566 44.729808 -2.5463130637416 profile2
567 44.761322 -2.4504063372486 profile2
568 44.780832 -2.3846010530035 profile2
569 44.800342 -1.98860085706534 profile2
570 44.819852 -1.65946514320179 profile2
571 44.838742 -1.56901404719188 profile2
572 44.856652 -1.56457023625736 profile2
573 44.867332 -1.56192217754828 profile2
574 44.874623 -1.56097732142082 profile2
575 44.881915 -1.56172379551817 profile2
576 44.889206 -1.5641488243408 profile2
577 44.896497 -1.55631772703691 profile2
578 44.940291 -1.52871644105778 profile2
579 44.995858 -1.50213219593361 profile2
580 45.051425 -1.4549993976972 profile2
581 45.101619 -1.40082509418282 profile2
582 45.106404 -1.34015812531518 profile2
583 45.111189 -1.28099647344787 profile2
584 45.144068 -1.2406848933812 profile2
585 45.165 -1.23225500978778 profile2
586 45.174292 -1.22416354117128 profile2
587 45.183584 -1.21641134092212 profile2
588 45.206863 -1.21047887322907 profile2
589 45.270542 -1.23554720423027 profile2
590 45.33422 -1.13245585692223 profile2
591 45.420117 -0.881281228202415 profile2
592 45.434499 -0.849931282658575 profile2
593 45.438006 -0.823982274881819 profile2
594 45.441513 -0.808723349426735 profile2
595 45.445019 -0.803829122782151 profile2
596 45.448526 -0.800679182096789 profile2
597 45.452033 -0.799312449053749 profile2
598 45.455539 -0.793575998612897 profile2
599 45.458985 -0.796770623065794 profile2
600 45.460636 -0.80615417530483 profile2
601 45.462287 -0.812122660412278 profile2
602 45.463938 -0.802075343633685 profile2
603 45.465589 -0.783907675283332 profile2
604 45.46724 -0.766886461642133 profile2
605 45.470001 -0.751033093632257 profile2
606 45.474942 -0.736365473389713 profile2
607 45.479882 -0.722898992299451 profile2
608 45.484823 -0.710645018047191 profile2
609 45.489764 -0.699611714563524 profile2
610 45.494704 -0.689803698751526 profile2
611 45.499645 -0.679650266885123 profile2
612 45.504585 -0.697760957920909 profile2
613 45.622192 -0.687368719381989 profile2
614 45.689416 -0.0756194163381631 profile2
615 45.705169 -0.0765358195055587 profile2
616 45.720922 -0.0617488568959762 profile2
617 46.0005425 0 profile2
618 46.280163 -0.178871727548352 profile2
619 46.288948 -0.0532848726785754 profile2
620 46.297732 -0.0753506823539079 profile2
621 46.306516 -0.100945534888816 profile2
622 46.315301 -0.123606917639609 profile2
623 46.32335 -0.152692958904515 profile2
624 46.326762 -0.231714119197697 profile2
625 46.330173 -0.365615627397243 profile2
626 46.333584 -0.470491843539849 profile2
627 46.336995 -0.482789902687712 profile2
628 46.341532 -0.488462626511227 profile2
629 46.350316 -0.488672792814305 profile2
630 46.358463 -0.495865115550979 profile2
631 46.360127 -0.533020300499806 profile2
632 46.36179 -0.572780697314253 profile2
633 46.363103 -0.615115305520423 profile2
634 46.364052 -0.659986255775801 profile2
635 46.364976 -0.707348888165322 profile2
636 46.365522 -0.757151862397586 profile2
637 46.366069 -0.809337312341801 profile2
638 46.366615 -0.863841086815703 profile2
639 46.367161 -0.920592802692707 profile2
640 46.367707 -0.97951645156908 profile2
641 46.368253 -1.04053044258317 profile2
642 46.368799 -1.10417541206636 profile2
643 46.485003 -2.10813445530626 profile2
644 46.557864 -2.25898038130945 profile2
645 46.610522 -2.29718013278168 profile2
646 46.616448 -2.30735497465082 profile2
647 46.622375 -2.31690866315538 profile2
648 46.628301 -2.32582568474253 profile2
649 46.687297 -2.33409566567713 profile2
650 46.730117 -2.36946696057957 profile2
651 46.732363 -2.45670275754995 profile2
652 46.73461 -2.54518626747454 profile2
653 46.736857 -2.6350401571197 profile2
654 46.739103 -2.72581814199475 profile2
655 46.74135 -2.80587354826623 profile2
656 46.750658 -2.8085269094304 profile2
657 46.815826 -2.82150406062967 profile2
658 46.828517 -2.93756184675509 profile2
659 46.833526 -2.99690697363099 profile2
660 46.838536 -3.02229358323488 profile2
661 46.843545 -3.04916151848837 profile2
662 46.848554 -3.07722617989762 profile2
663 46.853564 -3.10612343879151 profile2
664 46.921126 -3.13538635390535 profile2
665 47.021298 -3.0764870562117 profile2
666 47.023709 -3.06932217769082 profile2
667 47.02612 -3.06294015941233 profile2
668 47.035721 -3.05153350260133 profile2
669 47.160161 -3.03836158537947 profile2
670 47.295389 -3.03543388005017 profile2
671 47.430616 -3.02976061614511 profile2
672 47.565843 -3.03675085882873 profile2
673 47.70107 -3.05209765847992 profile2
674 47.836298 -3.33768111610322 profile2
675 47.971525 -3.62680285779729 profile2
676 48.106752 -3.63509158453688 profile2
677 48.24198 -3.64238013937596 profile2
678 48.377207 -3.64932949729963 profile2
679 48.474506 -3.6565724579865 profile2
680 48.553159 -3.66412486578544 profile2
681 48.631813 -3.67175461546622 profile2
682 48.717003 -3.67943510775805 profile2
683 48.805261 -3.71001777749501 profile2
684 48.89352 -3.75112285108202 profile2
685 48.982344 -3.83366462546477 profile2
686 49.13026 -3.91157044220905 profile2
687 49.161395 -3.95358860279874 profile2
688 49.168603 -3.96348326841459 profile2
689 49.175812 -3.96793602105498 profile2
690 49.276939 -3.8662155392935 profile2
691 49.413086 -3.5827710140845 profile2
692 49.549232 -3.43745523544623 profile2
693 49.611939 -3.3967556405699 profile2
694 49.614662 -3.36914940517925 profile2
695 49.617384 -3.36281859541154 profile2
696 49.620107 -3.35591125523109 profile2
697 49.62283 -3.34935972486612 profile2
698 49.625553 -3.34317187028357 profile2
699 49.628276 -3.33735431909992 profile2
700 49.638989 -3.33237072750842 profile2
701 49.65723 -3.33091193937543 profile2
702 49.660035 -3.32948815185207 profile2
703 49.66284 -3.32862083921581 profile2
704 49.665644 -3.32830632905352 profile2
705 49.668449 -3.32854050450744 profile2
706 49.671254 -3.32931902537487 profile2
707 49.674058 -3.33063751039411 profile2
708 49.695383 -3.33255500447501 profile2
709 49.798204 -3.32579912991011 profile2
710 49.807433 -3.3185318294389 profile2
711 49.816662 -3.31209262620935 profile2
712 49.911484 -3.84890489276291 profile2
713 50.08976 -4.40483019982918 profile2
714 50.121095 -4.40126329138146 profile2
715 50.152431 -4.39797399536615 profile2
716 50.173971 -4.39556545134845 profile2
717 50.177001 -4.39354027119418 profile2
718 50.180031 -4.82142759726673 profile2
719 50.183061 -4.99042322648473 profile2
720 50.18609 -5.02581580611559 profile2
721 50.18912 -5.0626591759891 profile2
722 50.19215 -5.11532842921999 profile2
723 50.295327 -5.23153394738495 profile2
724 50.302108 -5.22390699633812 profile2
725 50.308889 -5.21538939581106 profile2
726 50.311001 -5.20605331637579 profile2
