marker_position lod trace
1 67.606765 -2.5558318474748 pleio
2 67.613251 -2.559262092263 pleio
3 67.619736 -2.56274020829865 pleio
4 67.626222 -2.5662639811309 pleio
5 67.641347 -2.5698331799405 pleio
6 67.654855 -2.57329131650797 pleio
7 67.658769 -2.57372421464611 pleio
8 67.662682 -2.57424771566111 pleio
9 67.666596 -2.5748339016367 pleio
10 67.679986 -2.5754563894996 pleio
11 67.708923 -2.09805567763751 pleio
12 67.715069 -1.60959865557035 pleio
13 67.721215 -1.16176258650302 pleio
14 67.746869 -0.763165690785264 pleio
15 67.778018 -0.752745318389113 pleio
16 67.809168 -0.744025675588807 pleio
17 67.895218 -0.61677958777389 pleio
18 67.900561 -0.474799700562626 pleio
19 67.905905 -0.376699237538329 pleio
20 67.911248 -0.324196337055594 pleio
21 67.920171 -0.312543337019649 pleio
22 67.929072 -0.326074128696115 pleio
23 67.937973 -0.369268827079015 pleio
24 67.946874 -0.441081720656534 pleio
25 67.962131 -0.495567428083358 pleio
26 68.103338 -0.521924372051092 pleio
27 68.122257 -0.522533313877095 pleio
28 68.141177 -0.558657445218191 pleio
29 68.410128 -0.575754708366913 pleio
30 68.415239 -0.601007084672345 pleio
31 68.42035 -0.625749750540337 pleio
32 68.640199 -0.543020347198349 pleio
33 68.652056 -0.408768611992393 pleio
34 68.656091 -0.311973706812337 pleio
35 68.660126 -0.254606087993367 pleio
36 68.664161 -0.237589843120506 pleio
37 68.685197 -0.26586915061925 pleio
38 68.806919 -0.289568812418381 pleio
39 68.816104 -0.286774464722354 pleio
40 68.825289 -0.283980987722206 pleio
41 68.885575 -0.263149157638399 pleio
42 68.886394 -0.225531389625936 pleio
43 68.887213 -0.18697364606491 pleio
44 68.888033 -0.14759536878052 pleio
45 68.888852 -0.107522826995649 pleio
46 68.889671 -0.0668871944431504 pleio
47 68.89049 -0.0649403698067792 pleio
48 68.89131 -0.0918788199033357 pleio
49 68.892129 -0.143813870289861 pleio
50 68.987403 -0.292034547730887 pleio
51 69.064645 0 pleio
52 69.131341 -0.44580216995672 pleio
53 69.198036 -0.463655294748408 pleio
54 69.214855 -0.500648708956698 pleio
55 69.21825 -0.547073063096994 pleio
56 69.221446 -0.602617424380407 pleio
57 69.224642 -0.666819937439114 pleio
58 69.227838 -0.739080915422574 pleio
59 69.231034 -0.469386135252728 pleio
60 69.23423 -0.413342691603694 pleio
61 69.237426 -0.408556474139912 pleio
62 69.240621 -0.403725485481044 pleio
63 69.244859 -0.398853823552513 pleio
64 69.252696 -0.393781892348299 pleio
65 69.260534 -0.386151996865744 pleio
66 69.416362 -0.415616721420712 pleio
67 69.484146 -0.754577125047037 pleio
68 69.505599 -0.783053453897583 pleio
69 69.508945 -0.848681659409197 pleio
70 69.512291 -0.911213123527826 pleio
71 69.515636 -0.969935939862577 pleio
72 69.542556 -1.07290043639733 pleio
73 69.592546 -1.43682701406437 pleio
74 69.66328 -1.39789469927194 pleio
75 69.721392 -1.43009038247637 pleio
76 69.724456 -1.45957691833032 pleio
77 69.727519 -1.49038481847926 pleio
78 69.733033 -1.5225351251478 pleio
79 69.768364 -1.59505525249339 pleio
80 69.782339 -1.70369849560191 pleio
81 69.796313 -1.81321170238503 pleio
82 69.810287 -0.674889224811024 pleio
83 69.829176 -0.70253093941606 pleio
84 69.837051 -0.835185482831841 pleio
85 69.844926 -0.97379886832668 pleio
86 69.869428 -1.11395944870532 pleio
87 69.876397 -1.22633666339584 pleio
88 69.876657 -1.33985858710362 pleio
89 69.876917 -1.45849039304594 pleio
90 69.924127 -1.57482778591015 pleio
91 69.978753 -1.6199902916425 pleio
92 70.033378 -1.51152160159552 pleio
93 70.042973 -1.41667141953125 pleio
94 70.043703 -1.33699746223681 pleio
95 70.044434 -1.2738583362494 pleio
96 70.087246 -1.23638849016058 pleio
97 70.141872 -1.22268912766963 pleio
98 70.196497 -1.06950372398262 pleio
99 70.400832 -1.07340749250513 pleio
100 70.421006 -1.0901719163814 pleio
101 70.441181 -1.10654220846331 pleio
102 70.60917 -1.12151681289375 pleio
103 70.612702 -1.12745847918738 pleio
104 70.616235 -1.12323962802946 pleio
105 70.661194 -1.14851324202437 pleio
106 70.728481 -1.13610432998437 pleio
107 70.750402 -1.0988831588013 pleio
108 70.772323 -1.07554154754457 pleio
109 70.779053 -1.0637648231451 pleio
110 70.782062 -1.05894687230423 pleio
111 70.785072 -1.0702077439273 pleio
112 71.12066 -0.861801501982017 pleio
113 71.198629 -0.829811440313401 pleio
114 71.276599 -0.799161346138949 pleio
115 71.354568 -0.810424330728775 pleio
116 71.418821 -1.16252623955584 pleio
117 71.422464 -1.77396996736223 pleio
118 71.425934 -2.52366643761181 pleio
119 71.429405 -2.78930180284129 pleio
120 71.432875 -2.75777257172079 pleio
121 71.436346 -2.72700195336498 pleio
122 71.439817 -2.69702847321117 pleio
123 71.443287 -2.66789118569882 pleio
124 71.449172 -2.63736417256534 pleio
125 71.46043 -2.6022100970358 pleio
126 71.475844 -2.566142489585 pleio
127 71.510771 -2.53051647456934 pleio
128 71.658293 -2.52685245329907 pleio
129 71.675712 -2.58324271552403 pleio
130 71.693132 -2.65210108717732 pleio
131 71.782692 -2.35310936808831 pleio
132 71.793079 -2.05694392862485 pleio
133 71.803404 -1.89458106132634 pleio
134 71.813729 -1.74015616312937 pleio
135 71.824055 -1.75703264556911 pleio
136 71.83438 -1.8613026253316 pleio
137 71.859513 -1.83937773896789 pleio
138 71.937774 -1.7170530721568 pleio
139 71.945079 -1.58595645862477 pleio
140 71.952385 -1.48321122300485 pleio
141 71.98473 -1.38872983298529 pleio
142 72.012709 -1.33071983539424 pleio
143 72.040688 -1.28464666890065 pleio
144 72.210521 -1.43011378031932 pleio
145 72.314268 -3.0788699272338 pleio
146 72.366456 -3.30158424529305 pleio
147 72.411367 -3.37921217268991 pleio
148 72.450663 -3.45627176128301 pleio
149 72.471305 -3.52283889448044 pleio
150 72.491946 -3.61690340147754 pleio
151 72.512588 -3.72632069684683 pleio
152 72.601385 -3.68865996095778 pleio
153 72.621813 -3.85315628493151 pleio
154 72.642242 -3.86644037441064 pleio
155 72.66267 -3.88443446067927 pleio
156 72.771429 -3.77676541700021 pleio
157 72.883243 -3.72851561903588 pleio
158 72.898448 -3.66197852695281 pleio
159 72.913654 -3.59876310379054 pleio
160 72.928859 -3.53795947026785 pleio
161 72.944065 -3.48070564432804 pleio
162 72.95927 -3.30477627484979 pleio
163 72.974476 -3.00619020520258 pleio
164 72.989681 -3.12944469023682 pleio
165 72.996574 -2.97088198866457 pleio
166 72.9996 -2.73054651344223 pleio
167 73.002626 -2.53534031957802 pleio
168 73.005652 -2.47918211435261 pleio
169 73.012925 -2.44627652634936 pleio
170 73.023956 -2.43047176304895 pleio
171 73.034987 -2.42545501243962 pleio
172 73.046018 -2.46839241540744 pleio
173 73.057049 -2.53613969475151 pleio
174 73.06808 -2.62164771236885 pleio
175 73.079353 -2.70076347292566 pleio
176 73.111862 -1.7298141815081 pleio
177 73.146945 -2.29175192915182 pleio
178 73.171837 -2.47708131816129 pleio
179 73.196729 -2.67901613745628 pleio
180 73.629401 -2.73264516827764 pleio
181 74.062073 -2.71862562384569 pleio
182 74.066223 -2.73014113981419 pleio
183 74.070373 -2.74233194027299 pleio
184 74.074523 -2.75516696324324 pleio
185 74.078673 -2.76860912998104 pleio
186 74.082823 -2.70513419351544 pleio
187 74.3761735 -2.7477536504065 pleio
188 74.669524 -2.76313344519568 pleio
189 74.672012 -2.79441710491773 pleio
190 74.674499 -2.84820418196119 pleio
191 74.716248 -2.92006763066999 pleio
192 74.724515 -3.00604926419197 pleio
193 74.732783 -3.02397505055137 pleio
194 75.0995546666667 -3.08034347494508 pleio
195 75.4663263333333 -3.07520823419863 pleio
196 75.833098 -3.01179140886405 pleio
197 75.863363 -2.90339457983629 pleio
198 75.875899 -2.77524250344566 pleio
199 75.888435 -2.71131057044105 pleio
200 75.900971 -2.79761144833061 pleio
201 75.903257 -2.918656390556 pleio
202 75.904489 -2.99631426182805 pleio
203 75.905721 -3.05886458047341 pleio
204 75.917304 -3.12760594855745 pleio
205 76.287653 -3.11793507639672 pleio
206 76.288899 -3.08423376052349 pleio
207 76.290145 -3.05222626601303 pleio
208 76.397032 -3.00526970760926 pleio
209 76.403847 -2.97908091037891 pleio
210 76.410663 -2.97809373477119 pleio
211 76.607927 -3.21096749970389 pleio
212 76.623625 -3.08664027900593 pleio
213 76.633554 -3.07279182407175 pleio
214 76.643483 -3.08732812921351 pleio
215 76.653411 -3.12986033120797 pleio
216 76.66334 -3.19802259344084 pleio
217 76.700004 -3.26057606049074 pleio
218 67.721215 3.23175708415387 profile1
219 67.746869 3.61091458480809 profile1
220 67.778018 3.62491843109816 profile1
221 67.809168 3.63767418345356 profile1
222 67.895218 3.81736796236398 profile1
223 67.900561 4.04106412773753 profile1
224 67.905905 4.22242172393726 profile1
225 67.911248 4.35933687084342 profile1
226 67.920171 4.44954496018856 profile1
227 67.929072 4.50092610983605 profile1
228 67.937973 4.52100760554711 profile1
229 67.946874 4.51023032343062 profile1
230 67.962131 4.47062282660619 profile1
231 68.103338 4.44624415218943 profile1
232 68.122257 4.44318221548847 profile1
233 68.141177 4.47503354884146 profile1
234 68.410128 4.51049506517027 profile1
235 68.415239 4.49283408651527 profile1
236 68.42035 4.47248721458067 profile1
237 68.640199 4.52927483288123 profile1
238 68.652056 4.61554026117329 profile1
239 68.656091 4.66493687419989 profile1
240 68.660126 4.6762150053902 profile1
241 68.664161 4.64910124250233 profile1
242 68.685197 4.57917887450438 profile1
243 68.806919 4.54012323957643 profile1
244 68.816104 4.54267263685379 profile1
245 68.825289 4.54523982704439 profile1
246 68.885575 4.56176446874171 profile1
247 68.886394 4.59157739270392 profile1
248 68.887213 4.62253803723028 profile1
249 68.888033 4.65455217852428 profile1
250 68.888852 4.68751743858765 profile1
251 68.889671 4.72132345541841 profile1
252 68.89049 4.74555563580948 profile1
253 68.89131 4.7448679831562 profile1
254 68.892129 4.72079905813504 profile1
255 68.987403 4.760159268735 profile1
256 69.064645 4.76314456366851 profile1
257 69.131341 4.16846717347584 profile1
258 69.198036 4.13572778986222 profile1
259 69.214855 4.0940746869517 profile1
260 69.21825 4.04658403853827 profile1
261 69.221446 3.99368427594098 profile1
262 69.224642 3.93582446237383 profile1
263 69.227838 3.87345898567258 profile1
264 69.231034 3.96343877237987 profile1
265 69.23423 3.97522169910209 profile1
266 69.237426 3.97243064664493 profile1
267 69.240621 3.9697770658386 profile1
268 69.244859 3.96726230531402 profile1
269 69.252696 3.96505136917124 profile1
270 69.260534 3.96174201668414 profile1
271 69.416362 3.88879934714562 profile1
272 69.484146 3.57279694717101 profile1
273 69.505599 3.56576581070452 profile1
274 69.508945 3.5476715077513 profile1
275 69.512291 3.52736682541859 profile1
276 69.515636 3.50509373981274 profile1
277 69.542556 3.42895483025144 profile1
278 69.592546 3.29859938101113 profile1
279 69.66328 3.26152375380888 profile1
280 69.721392 3.22318566407747 profile1
281 69.724456 3.18784390428309 profile1
282 69.727519 3.15112155718975 profile1
283 69.733033 3.11300805328914 profile1
284 69.768364 3.01340773392386 profile1
285 69.782339 2.87083275913527 profile1
286 69.796313 2.72950170374912 profile1
287 69.810287 2.55056984046183 profile1
288 69.829176 2.40791124059078 profile1
289 69.837051 2.27121186228056 profile1
290 69.844926 2.13222490614593 profile1
291 69.869428 2.00091517891762 profile1
292 69.876397 1.92027357619298 profile1
293 69.876657 1.83932636324533 profile1
294 69.876917 1.75522759068858 profile1
295 69.924127 1.6935752443403 profile1
296 69.978753 1.70389144073878 profile1
297 70.033378 1.77746285939721 profile1
298 70.042973 1.83490707602215 profile1
299 70.043703 1.87459608202653 profile1
300 70.044434 1.89527207909358 profile1
301 70.087246 1.88989123863136 profile1
302 70.141872 1.86322952408715 profile1
303 70.196497 1.98076474509263 profile1
304 70.400832 1.94144001718636 profile1
305 70.421006 1.89368962420925 profile1
306 70.441181 1.84173299098545 profile1
307 70.60917 1.7821129267067 profile1
308 70.612702 1.7120999617465 profile1
309 70.616235 1.61982662226986 profile1
310 70.661194 1.55755064458979 profile1
311 70.728481 1.48491693377059 profile1
312 70.750402 1.40280790762659 profile1
313 70.772323 1.31582732455728 profile1
314 70.779053 1.22399501049191 profile1
315 70.782062 1.12737100624535 profile1
316 70.785072 1.02115333851665 profile1
317 71.12066 0.968153817270486 profile1
318 71.198629 0.964047600743504 profile1
319 71.276599 0.958343430041359 profile1
320 71.354568 0.90494767697367 profile1
321 71.418821 0.482912492000493 profile1
322 71.422464 -0.180809390012259 profile1
323 71.425934 -0.977590653723791 profile1
324 71.429405 -1.28168390232696 profile1
325 71.432875 -1.28314041782685 profile1
326 71.436346 -1.28379704037384 profile1
327 71.439817 -1.28366383923358 profile1
328 71.443287 -1.28275503280846 profile1
329 71.449172 -1.28049810882173 profile1
330 71.46043 -1.27598918740119 profile1
331 71.475844 -1.26934297301503 profile1
332 71.510771 -1.26192169287724 profile1
333 71.658293 -1.28605857415952 profile1
334 71.675712 -1.36983785786778 profile1
335 71.693132 -1.46413657093041 profile1
336 71.782692 -1.16449775652697 profile1
337 71.793079 -1.02341947118514 profile1
338 71.803404 -1.04089193355368 profile1
339 71.813729 -1.01515461685028 profile1
340 71.824055 -1.11846351103142 profile1
341 71.83438 -1.24337257898531 profile1
342 71.859513 -1.29878401987629 profile1
343 71.937774 -1.28437097478864 profile1
344 71.945079 -1.28474994494273 profile1
345 71.952385 -1.27641271529145 profile1
346 71.98473 -1.27321171669559 profile1
347 72.012709 -1.28018259613042 profile1
348 72.040688 -1.28464666890065 profile1
349 72.210521 -1.42289239170598 profile1
350 67.606765 1.84355941496177 profile1
351 67.613251 1.8437674515093 profile1
352 67.619736 1.84398018574884 profile1
353 67.626222 1.84419911278396 profile1
354 67.641347 1.84442483838394 profile1
355 67.654855 1.84482922406256 profile1
356 67.658769 1.84862289272065 profile1
357 67.662682 1.85240434486024 profile1
358 67.666596 1.85618557963716 profile1
359 67.679986 1.85997999105868 profile1
360 67.708923 2.3273678062906 profile1
361 67.715069 2.80131885581441 profile1
362 72.314268 -2.60446235027876 profile1
363 72.366456 -2.64596619666584 profile1
364 72.411367 -2.6729547525845 profile1
365 72.450663 -2.70172654635557 profile1
366 72.471305 -2.73628950099737 profile1
367 72.491946 -2.76951286652817 profile1
368 72.512588 -2.78558589875897 profile1
369 72.601385 -2.73713996721615 profile1
370 72.621813 -2.92206304930531 profile1
371 72.642242 -2.9101717837689 profile1
372 72.66267 -2.89801475306651 profile1
373 72.771429 -2.88446399016138 profile1
374 72.883243 -2.86115217147899 profile1
375 72.898448 -2.83706891170323 profile1
376 72.913654 -2.81242146745315 profile1
377 72.928859 -2.7862138535966 profile1
378 72.944065 -2.76050439185762 profile1
379 72.95927 -2.74097874489369 profile1
380 72.974476 -2.70611382438745 profile1
381 72.989681 -2.59992249741705 profile1
382 72.996574 -2.56083922442468 profile1
383 72.9996 -2.53571433520232 profile1
384 73.002626 -2.49972479000037 profile1
385 73.005652 -2.47209079989412 profile1
386 73.012925 -2.44627652634936 profile1
387 73.023956 -2.42222289967696 profile1
388 73.034987 -2.39974579564739 profile1
389 73.046018 -2.37245723862208 profile1
390 73.057049 -2.34488477295065 profile1
391 73.06808 -2.31825243449766 profile1
392 73.079353 -2.29331276939885 profile1
393 73.111862 -1.22516647811854 profile1
394 73.146945 -1.45581726713509 profile1
395 73.171837 -1.49584637461174 profile1
396 73.196729 -1.40705347937599 profile1
397 73.629401 -1.42154419304554 profile1
398 74.062073 -1.41254731180307 profile1
399 74.066223 -1.4257555907217 profile1
400 74.070373 -1.4396563202458 profile1
401 74.074523 -1.45421541378404 profile1
402 74.078673 -1.46939401048309 profile1
403 74.082823 -1.50193678184534 profile1
404 74.3761735 -1.4970313977184 profile1
405 74.669524 -1.52915369474161 profile1
406 74.672012 -1.59487851477775 profile1
407 74.674499 -1.66370865559706 profile1
408 74.716248 -1.73453009556701 profile1
409 74.724515 -1.80626957100962 profile1
410 74.732783 -1.84958370532365 profile1
411 75.0995546666667 -1.67193789492839 profile1
412 75.4663263333333 -1.67377025208499 profile1
413 75.833098 -1.67880143848618 profile1
414 75.863363 -1.67501854961674 profile1
415 75.875899 -1.66310874368566 profile1
416 75.888435 -1.6619821675034 profile1
417 75.900971 -1.68904085544811 profile1
418 75.903257 -1.72586340242722 profile1
419 75.904489 -1.77936281214404 profile1
420 75.905721 -1.84278865810314 profile1
421 75.917304 -1.91113382418359 profile1
422 76.287653 -1.9279378361912 profile1
423 76.288899 -1.9343064588545 profile1
424 76.290145 -1.9407577647155 profile1
425 76.397032 -1.90834181140429 profile1
426 76.403847 -1.87809171981776 profile1
427 76.410663 -1.89942393121186 profile1
428 76.607927 -2.14087506243344 profile1
429 76.623625 -2.20213412952148 profile1
430 76.633554 -2.25878984103585 profile1
431 76.643483 -2.3430496000959 profile1
432 76.653411 -2.45392096686448 profile1
433 76.66334 -2.58834986799245 profile1
434 76.700004 -2.70244276232309 profile1
435 67.606765 0.339126205134461 profile2
436 67.613251 0.335462826480655 profile2
437 67.619736 0.331745102383022 profile2
438 67.626222 0.327973744494075 profile2
439 67.641347 0.324148322484771 profile2
440 67.654855 0.320254560451493 profile2
441 67.658769 0.316015206613219 profile2
442 67.662682 0.311696009426584 profile2
443 67.666596 0.307312738992578 profile2
444 67.679986 0.302878282855611 profile2
445 67.708923 0.314039066535374 profile2
446 67.715069 0.329142167084946 profile2
447 67.721215 0.346608707543757 profile2
448 67.746869 0.366341104508707 profile2
449 67.778018 0.362703084577227 profile2
450 67.809168 0.358551582070953 profile2
451 67.895218 0.307583944271058 profile2
452 67.900561 0.228167780183689 profile2
453 67.905905 0.146949129068326 profile2
454 67.911248 0.0642717744538609 profile2
455 67.920171 -0.012528883436343 profile2
456 67.929072 -0.0753515388429884 profile2
457 67.937973 -0.136931057111355 profile2
458 67.946874 -0.19667282154238 profile2
459 67.962131 -0.210133879178045 profile2
460 68.103338 -0.211414666624168 profile2
461 68.122257 -0.208600969251446 profile2
462 68.141177 -0.277546526675237 profile2
463 68.410128 -0.331333515694865 profile2
464 68.415239 -0.338553457424973 profile2
465 68.42035 -0.342491485086534 profile2
466 68.640199 -0.314644604132683 profile2
467 68.652056 -0.263926317540509 profile2
468 68.656091 -0.214181353663371 profile2
469 68.660126 -0.166128994741047 profile2
470 68.664161 -0.120412566573826 profile2
471 68.685197 -0.0774636660477097 profile2
472 68.806919 -0.0616043667144898 profile2
473 68.816104 -0.0613827526055275 profile2
474 68.825289 -0.0611804710497166 profile2
475 68.885575 -0.0572014842842537 profile2
476 68.886394 -0.0500227903003595 profile2
477 68.887213 -0.0430874467726707 profile2
478 68.888033 -0.0364184555754376 profile2
479 68.888852 -0.0300373121822202 profile2
480 68.889671 -0.023962264324786 profile2
481 68.89049 -0.0475525930502332 profile2
482 68.89131 -0.0753055240642357 profile2
483 68.892129 -0.104803995361704 profile2
484 68.987403 -0.287701973555829 profile2
485 69.064645 0 profile2
486 69.131341 0.148853962253341 profile2
487 69.198036 0.163309489912397 profile2
488 69.214855 0.167666949168172 profile2
489 69.21825 0.168238206044554 profile2
490 69.221446 0.164894489502834 profile2
491 69.224642 0.157645859528207 profile2
492 69.227838 0.146642918461917 profile2
493 69.231034 0.328268279124636 profile2
494 69.23423 0.371944472274957 profile2
495 69.237426 0.379584277182361 profile2
496 69.240621 0.387130899130302 profile2
497 69.244859 0.394578346249618 profile2
498 69.252696 0.401931013694554 profile2
499 69.260534 0.412980038250419 profile2
500 69.416362 0.456048085179791 profile2
501 69.484146 0.426234671053205 profile2
502 69.505599 0.404724273409734 profile2
503 69.508945 0.356930047896823 profile2
504 69.512291 0.314342095531587 profile2
505 69.515636 0.277435343628829 profile2
506 69.542556 0.250622188068075 profile2
507 69.592546 0.0145504738763017 profile2
508 69.66328 0.0885837486832542 profile2
509 69.721392 0.0948047485654926 profile2
510 69.724456 0.100803811355314 profile2
511 69.727519 0.106856833131001 profile2
512 69.733033 0.112953833106655 profile2
513 69.768364 0.141709870544415 profile2
514 69.782339 0.177506512519603 profile2
515 69.796313 0.210875765486039 profile2
516 69.810287 1.53828486674872 profile2
517 69.829176 1.65107025932484 profile2
518 69.837051 1.65578279514452 profile2
519 69.844926 1.65612573333816 profile2
520 69.869428 1.64728128015159 profile2
521 69.876397 1.61643369591022 profile2
522 69.876657 1.58479855477235 profile2
523 69.876917 1.5512091137907 profile2
524 69.924127 1.49642393224587 profile2
525 69.978753 1.44078708817818 profile2
526 70.033378 1.47516030561602 profile2
527 70.042973 1.51227669851713 profile2
528 70.043703 1.55221854197246 profile2
529 70.044434 1.59488730828683 profile2
530 70.087246 1.6381071228684 profile2
531 70.141872 1.67881490334548 profile2
532 70.196497 1.71476142894315 profile2
533 70.400832 1.7503450365792 profile2
534 70.421006 1.78121332986772 profile2
535 70.441181 1.81666761125294 profile2
536 70.60917 1.86120852804035 profile2
537 70.612702 1.92520334077104 profile2
538 70.616235 2.02006939723311 profile2
539 70.661194 2.05769439016198 profile2
540 70.728481 2.1437963652726 profile2
541 70.750402 2.26424065005576 profile2
542 70.772323 2.37551338155015 profile2
543 70.779053 2.47999598189701 profile2
544 70.782062 2.5823507083351 profile2
545 70.785072 2.6781952599388 profile2
546 71.12066 2.94008048985454 profile2
547 71.198629 2.97629617329752 profile2
548 71.276599 3.01276475187923 profile2
549 71.354568 3.05490305355461 profile2
550 71.418821 3.12396811839925 profile2
551 71.422464 3.17330488727623 profile2
552 71.425934 3.21594815285237 profile2
553 71.429405 3.25259871494899 profile2
554 71.432875 3.28561603188869 profile2
555 71.436346 3.31709259747637 profile2
556 71.439817 3.34699977420923 profile2
557 71.443287 3.3753125110562 profile2
558 71.449172 3.40367933406498 profile2
559 71.46043 3.43442200855053 profile2
560 71.475844 3.46396077800969 profile2
561 71.510771 3.49228771394988 profile2
562 71.658293 3.51975317687957 profile2
563 71.675712 3.54613894952609 profile2
564 71.693132 3.57068789466346 profile2
565 71.782692 3.57049926324664 profile2
566 71.793079 3.72965432055265 profile2
567 71.803404 3.91252029040503 profile2
568 71.813729 4.04365029612665 profile2
569 71.824055 4.1259883119436 profile2
570 71.83438 4.1425382869046 profile2
571 71.859513 4.21940503367072 profile2
572 71.937774 4.32938461411675 profile2
573 71.945079 4.46246904353638 profile2
574 71.952385 4.55717449216804 profile2
575 71.98473 4.64835700507977 profile2
576 72.012709 4.71310107312233 profile2
577 72.040688 4.76314456366851 profile2
578 72.210521 4.75549483234094 profile2
579 72.314268 4.26845305257572 profile2
580 72.366456 4.08594912047687 profile2
581 72.411367 4.0351384923651 profile2
582 72.450663 3.98666155837309 profile2
583 72.471305 3.95459778390185 profile2
584 72.491946 3.89304730832881 profile2
585 72.512588 3.7987310656639 profile2
586 72.601385 3.7881280252615 profile2
587 72.621813 3.80973791862327 profile2
588 72.642242 3.78489607895362 profile2
589 72.66267 3.75512121572626 profile2
590 72.771429 3.85033088038863 profile2
591 72.883243 3.87565163671709 profile2
592 72.898448 3.91835498949469 profile2
593 72.913654 3.95716260760472 profile2
594 72.928859 3.99196231859964 profile2
595 72.944065 4.02371033725341 profile2
596 72.95927 4.18112591055985 profile2
597 72.974476 4.44985664293585 profile2
598 72.989681 4.21755016417789 profile2
599 72.996574 4.33882847279563 profile2
600 72.9996 4.55801878910663 profile2
601 73.002626 4.7199374410744 profile2
602 73.005652 4.74830923453856 profile2
603 73.012925 4.7553536506643 profile2
604 73.023956 4.74705079242268 profile2
605 73.034987 4.72942745378237 profile2
606 73.046018 4.65933748565346 profile2
607 73.057049 4.56409764486719 profile2
608 73.06808 4.45190622709131 profile2
609 73.079353 4.34757384458051 profile2
610 73.111862 4.26562382584204 profile2
611 73.146945 3.93125387572964 profile2
612 73.171837 3.78385829155329 profile2
613 73.196729 3.49182513013315 profile2
614 73.629401 3.45267452760223 profile2
615 74.062073 3.45774316698635 profile2
616 74.066223 3.45966170394027 profile2
617 74.070373 3.4616128327399 profile2
618 74.074523 3.46359367967822 profile2
619 74.078673 3.4656025999561 profile2
620 74.082823 3.56175103418321 profile2
621 74.3761735 3.51444816837901 profile2
622 74.669524 3.53172858372074 profile2
623 74.672012 3.5665211915436 profile2
624 74.674499 3.5819116370166 profile2
625 74.716248 3.5811324163636 profile2
626 74.724515 3.56697352168649 profile2
627 74.732783 3.59168893897566 profile2
628 75.0995546666667 3.36717530987812 profile2
629 75.4663263333333 3.3739365418554 profile2
630 75.833098 3.44234090059957 profile2
631 75.863363 3.5461676644035 profile2
632 75.875899 3.6613108559639 profile2
633 75.888435 3.72294312774375 profile2
634 75.900971 3.66280728962459 profile2
635 75.903257 3.57832396251156 profile2
636 75.904489 3.55491622127068 profile2
637 75.905721 3.55627304845769 profile2
638 75.917304 3.556448758963 profile2
639 76.287653 3.58257970824137 profile2
640 76.288899 3.62198446699251 profile2
641 76.290145 3.65985527084962 profile2
642 76.397032 3.67460018618254 profile2
643 76.403847 3.67162527668734 profile2
644 76.410663 3.69493471278806 profile2
645 76.607927 3.70270217745473 profile2
646 76.623625 3.88865599722922 profile2
647 76.633554 3.95845699583498 profile2
648 76.643483 4.0275083403249 profile2
649 76.653411 4.09523273209275 profile2
650 76.66334 4.16096669645962 profile2
651 76.700004 4.21269083394992 profile2
