marker_position lod trace
1 162.797792 -6.96581334274865 pleio
2 162.802465 -6.97837072711929 pleio
3 162.807137 -7.02389210962413 pleio
4 162.891193 -7.11887502214185 pleio
5 162.899169 -6.81430734622431 pleio
6 162.907146 -6.731971644102 pleio
7 162.915122 -6.66582964779799 pleio
8 162.923098 -6.67185141533944 pleio
9 162.931074 -6.68298379247217 pleio
10 162.93905 -6.6991758842873 pleio
11 162.97044 -6.55790889766516 pleio
12 162.976744 -6.51771283004565 pleio
13 162.983048 -6.50399286743709 pleio
14 162.989352 -6.2803336060839 pleio
15 162.995537 -6.24318062288227 pleio
16 162.997832 -5.77929198283977 pleio
17 163.00011 -5.70442863688258 pleio
18 163.002388 -5.69443998962906 pleio
19 163.004665 -5.68485825878073 pleio
20 163.006943 -5.67569722830053 pleio
21 163.009221 -5.66696679360405 pleio
22 163.011499 -5.6586814913334 pleio
23 163.013777 -5.65085016651345 pleio
24 163.016054 -5.64497932142236 pleio
25 163.018332 -5.64161471814513 pleio
26 163.02061 -5.63879828105632 pleio
27 163.022888 -5.6365379932867 pleio
28 163.025166 -5.6348738910216 pleio
29 163.029526 -5.63381285968269 pleio
30 163.045161 -5.63200858174544 pleio
31 163.061794 -5.63357185774588 pleio
32 163.078427 -5.47055583353083 pleio
33 163.09506 -5.20131388795636 pleio
34 163.111693 -4.96814292203606 pleio
35 163.125708 -4.85433405192488 pleio
36 163.137394 -3.23782774096672 pleio
37 163.14908 -2.36228146884712 pleio
38 163.154021 -2.17115893049548 pleio
39 163.156127 -1.99919791261021 pleio
40 163.157556 -1.84877025610608 pleio
41 163.158891 -1.72193054505764 pleio
42 163.160225 -1.62028979184871 pleio
43 163.161559 -1.54492105591362 pleio
44 163.162894 -1.49630407598853 pleio
45 163.164228 -1.4743176313539 pleio
46 163.165562 -1.47828636022097 pleio
47 163.166897 -1.506687168366 pleio
48 163.26265 -1.13257957493735 pleio
49 163.413317 -0.577978246022715 pleio
50 163.495816 -0.76588132726535 pleio
51 163.507977 -0.827077244826096 pleio
52 163.520139 -0.968059657473034 pleio
53 163.582672 -1.02994335651108 pleio
54 164.022416 -0.528432570794741 pleio
55 164.027702 -0.747003230247541 pleio
56 164.032987 -0.728884150989692 pleio
57 164.064248 -0.753459476171624 pleio
58 164.070405 -0.748865719296583 pleio
59 164.076561 -0.744169720283911 pleio
60 164.255184 -0.667734611686019 pleio
61 164.291807 -1.04688669834646 pleio
62 164.314068 -1.35234266000412 pleio
63 164.325529 -1.4139840393583 pleio
64 164.336991 -1.47904458639538 pleio
65 164.348452 -1.48472563183676 pleio
66 164.60536 -1.52894375965381 pleio
67 164.617986 -1.41290198506127 pleio
68 164.628884 -1.32164515539997 pleio
69 164.636687 -1.23253443941647 pleio
70 164.648869 -1.13497062128917 pleio
71 164.66892 -1.17088611236577 pleio
72 164.758936 -1.37704755547921 pleio
73 165.053217 -2.27953920539352 pleio
74 165.121823 -2.24943936568217 pleio
75 165.132678 -2.22063026442574 pleio
76 165.143532 -2.02360812749023 pleio
77 165.154046 -1.79685463064418 pleio
78 165.15722 -1.59354530963159 pleio
79 165.160395 -1.29839429775547 pleio
80 165.163569 -0.973217724906097 pleio
81 165.195982 -0.865764898323564 pleio
82 165.223558 -0.835850991648451 pleio
83 165.251135 -0.815152641655771 pleio
84 165.276843 -0.772636084872608 pleio
85 165.283031 -0.951907960138138 pleio
86 165.290201 -1.06524925968171 pleio
87 165.297626 -1.09700425992182 pleio
88 165.445995 -1.16936239083586 pleio
89 165.451594 -1.20503087828653 pleio
90 165.457194 -1.25514442291193 pleio
91 165.462793 -1.27719841519703 pleio
92 165.468393 -1.28886677286507 pleio
93 165.473992 -1.29919734303584 pleio
94 165.479592 -1.30779538043031 pleio
95 165.485905 -0.158635760696555 pleio
96 165.495439 -0.122233675902889 pleio
97 165.565236 -0.0896228476499196 pleio
98 165.56991 -0.0914229444252129 pleio
99 165.574583 -0.157431838654262 pleio
100 165.581587 0 pleio
101 165.605467 -0.029937771216904 pleio
102 165.629348 -0.0628181090377082 pleio
103 165.653228 -0.106828466371054 pleio
104 165.677109 -0.140691189645095 pleio
105 165.700989 -0.156805309712685 pleio
106 165.704891 -0.18037805523018 pleio
107 165.706625 -0.207272023253528 pleio
108 165.708359 -0.237480196120553 pleio
109 165.710093 -0.270957154800424 pleio
110 165.711827 -0.307618743315586 pleio
111 165.713561 -0.495827848736857 pleio
112 165.715295 -0.756527113719034 pleio
113 165.717029 -1.04968955947819 pleio
114 165.718763 -1.36413793323763 pleio
115 165.720497 -1.6837628116375 pleio
116 165.722231 -1.99063938999683 pleio
117 165.723965 -2.26541142878545 pleio
118 165.725699 -2.37651264243401 pleio
119 165.802549 -2.42646584715139 pleio
120 165.85132 -2.42827935220541 pleio
121 165.858793 -2.45167490693379 pleio
122 165.864624 -2.54169809652495 pleio
123 165.868565 -2.64437876457918 pleio
124 165.872506 -2.75898175491714 pleio
125 165.876447 -2.88457930824737 pleio
126 165.880388 -3.02008013160439 pleio
127 165.884329 -3.13647050998266 pleio
128 165.88827 -3.26318424536305 pleio
129 165.892211 -3.37782894239856 pleio
130 165.896152 -3.42421126448579 pleio
131 165.900093 -3.46816579018529 pleio
132 165.912941 -3.50243200481101 pleio
133 165.925276 -3.51778619003688 pleio
134 165.925359 -3.5292773827248 pleio
135 165.925441 -3.54067021341411 pleio
136 165.930685 -3.5595786579136 pleio
137 166.172164 -3.62176734607029 pleio
138 166.181382 -3.74854959046798 pleio
139 166.1906 -3.89296035502807 pleio
140 166.324274 -3.97872720991223 pleio
141 166.325217 -4.08681801875819 pleio
142 166.32602 -4.19467744038528 pleio
143 166.326823 -4.29591092271397 pleio
144 166.327627 -4.3521073317453 pleio
145 166.32843 -4.38334862945627 pleio
146 166.377584 -4.40781280720336 pleio
147 166.382507 -4.40088878459969 pleio
148 166.38743 -4.39522705997808 pleio
149 166.394815 -4.39079719127741 pleio
150 166.403288 -4.38153028028755 pleio
151 166.407404 -4.37011258145128 pleio
152 166.411519 -4.31303981037541 pleio
153 166.415634 -4.26404029896189 pleio
154 166.419069 -4.22409477714858 pleio
155 166.422503 -4.19415289623421 pleio
156 166.425938 -4.17504848427127 pleio
157 166.429372 -4.1674210474918 pleio
158 166.432807 -4.17164208348453 pleio
159 166.439999 -4.18776250072243 pleio
160 166.448156 -4.21546343815622 pleio
161 166.475596 -4.2383759351056 pleio
162 166.491355 -4.30389045610336 pleio
163 166.507114 -4.38531528116871 pleio
164 166.522873 -4.4704773162905 pleio
165 166.537635 -4.49059321687395 pleio
166 166.55226 -4.49572600282144 pleio
167 166.566886 -4.61052293634262 pleio
168 166.581511 -4.63792711182819 pleio
169 166.592132 -4.59616270041984 pleio
170 166.599166 -4.5116884123731 pleio
171 166.606199 -4.41137192787617 pleio
172 166.613233 -4.3668655663721 pleio
173 166.62365 -4.39481818726155 pleio
174 166.754477 -4.92974944042467 pleio
175 166.783106 -5.00261735686673 pleio
176 166.802407 -5.09289085754658 pleio
177 166.805057 -5.19520623179464 pleio
178 166.807706 -5.30684668556231 pleio
179 166.811338 -5.42306076529854 pleio
180 166.839967 -5.49985988233241 pleio
181 166.951357 -5.68203809126768 pleio
182 166.992184 -5.68115009883969 pleio
183 167.033011 -5.71570016327579 pleio
184 167.073838 -5.53155695847978 pleio
185 167.142758 -5.77226230333439 pleio
186 167.274124 -6.00129798686053 pleio
187 167.282638 -5.9475086078841 pleio
188 167.286179 -5.93029597059133 pleio
189 167.289719 -5.95066099636527 pleio
190 167.29326 -6.00505500805703 pleio
191 167.306473 -6.10551053908543 pleio
192 167.322761 -6.12861370702927 pleio
193 167.349466 -6.11730334862577 pleio
194 167.360748 -6.09201816727049 pleio
195 167.37203 -6.06657557221869 pleio
196 167.396998 -6.04115461785567 pleio
197 167.523201 -6.06975845567643 pleio
198 167.545144 -6.04578082835418 pleio
199 167.556235 -6.02869275233137 pleio
200 167.567326 -6.03440358931824 pleio
201 167.647654 -6.06252556500643 pleio
202 167.755373 -6.05768559179808 pleio
203 167.788738 -6.0485260090726 pleio
204 167.822104 -6.03916766584551 pleio
205 167.836721 -6.07216143370811 pleio
206 167.845502 -6.11793386660278 pleio
207 167.854284 -6.16320958994554 pleio
208 167.858563 -6.20805367734548 pleio
209 167.860327 -6.24878383169526 pleio
210 167.862092 -6.27713784547953 pleio
211 167.863857 -6.28494856785672 pleio
212 167.865622 -6.26614493674968 pleio
213 167.86764 -6.25481835765433 pleio
214 167.871511 -6.24796536444632 pleio
215 167.876871 -6.24448674308076 pleio
216 167.882232 -6.24436443577799 pleio
217 167.887593 -6.24756863692199 pleio
218 167.913375 -6.2517252755172 pleio
219 167.920966 -6.25399729999824 pleio
220 167.928557 -6.25620886683639 pleio
221 168.002821 -6.25886850413279 pleio
222 168.013929 -6.26598098817121 pleio
223 168.020304 -6.27802628472808 pleio
224 168.023961 -6.3014948345086 pleio
225 168.02735 -6.33573749946587 pleio
226 168.030739 -6.38141120900627 pleio
227 168.034128 -6.65828641596551 pleio
228 168.037518 -6.69364643928442 pleio
229 168.042103 -6.72208415427848 pleio
230 168.057523 -6.60716792291479 pleio
231 168.241031 -6.84361265888022 pleio
232 168.273712 -6.84505968272406 pleio
233 168.276509 -6.84596546678933 pleio
234 168.279306 -6.84598817840236 pleio
235 168.282103 -6.84513010775118 pleio
236 168.2849 -6.84340270535273 pleio
237 168.287697 -6.84082669282264 pleio
238 168.291368 -6.95839406882382 pleio
239 168.295216 -7.11758843869087 pleio
240 168.301388 -7.27753624229481 pleio
241 168.308464 -7.57954870991528 pleio
242 168.31554 -8.21145832832562 pleio
243 168.322616 -9.12464008193576 pleio
244 168.369835 -9.52963276662728 pleio
245 168.372164 -9.52424866713227 pleio
246 168.374493 -9.51885816525292 pleio
247 168.376821 -9.51239019307722 pleio
248 163.078427 -0.294064711669833 profile1
249 163.09506 -0.123102400048241 profile1
250 163.111693 0.0072233581962878 profile1
251 163.125708 0.0140693040114863 profile1
252 163.137394 0.786479740147311 profile1
253 163.14908 1.22251683980481 profile1
254 163.154021 1.40067982566073 profile1
255 163.156127 1.56665567147696 profile1
256 163.157556 1.71884637653839 profile1
257 163.158891 1.85587057821159 profile1
258 163.160225 1.97660457242019 profile1
259 163.161559 2.08021123066049 profile1
260 163.162894 2.16614898725875 profile1
261 163.164228 2.23416796423263 profile1
262 163.165562 2.28428977165819 profile1
263 163.166897 2.3171449782041 profile1
264 163.26265 2.42977685943994 profile1
265 163.413317 2.44038340645171 profile1
266 163.495816 1.93513746250349 profile1
267 163.507977 1.76922250939012 profile1
268 163.520139 1.52942529563961 profile1
269 163.582672 1.31955760825135 profile1
270 164.022416 1.73621584629934 profile1
271 164.027702 1.59309728481288 profile1
272 164.032987 1.67004093265039 profile1
273 164.064248 1.74521834704219 profile1
274 164.070405 1.74682176886026 profile1
275 164.076561 1.748559786301 profile1
276 164.255184 2.12567476374538 profile1
277 164.291807 1.58257113123691 profile1
278 164.314068 1.18126551973358 profile1
279 164.325529 1.06478583104242 profile1
280 164.336991 0.943636575748811 profile1
281 164.348452 0.850660264129116 profile1
282 164.60536 0.811161871330546 profile1
283 164.617986 0.974800737923593 profile1
284 164.628884 1.12634623525759 profile1
285 164.636687 1.26914002600431 profile1
286 164.648869 1.38054760729808 profile1
287 164.66892 1.36317552476493 profile1
288 164.758936 1.27608075782344 profile1
289 165.053217 0.393417611931115 profile1
290 165.121823 0.387711235873659 profile1
291 165.132678 0.396135503733399 profile1
292 165.143532 0.35890401127933 profile1
293 165.154046 0.475201773873576 profile1
294 165.15722 0.47816599772718 profile1
295 165.160395 0.561339688580812 profile1
296 165.163569 0.747874831106258 profile1
297 165.195982 0.789590382421264 profile1
298 165.223558 0.807982184192571 profile1
299 165.251135 0.824268197443751 profile1
300 165.276843 0.875080954359634 profile1
301 165.283031 0.738916082397629 profile1
302 165.290201 0.663866504572423 profile1
303 165.297626 0.579505783450214 profile1
304 165.445995 0.517724935562269 profile1
305 165.451594 0.490489930650809 profile1
306 165.457194 0.449857029201969 profile1
307 165.462793 0.423924403064972 profile1
308 165.468393 0.403345860234629 profile1
309 165.473992 0.382278206938356 profile1
310 165.479592 0.360884534368681 profile1
311 165.485905 0.522923649796862 profile1
312 165.495439 0.568731204643376 profile1
313 165.565236 0.523872929031911 profile1
314 165.56991 0.297333727709889 profile1
315 165.574583 0.0315949547400593 profile1
316 165.581587 0.0158616785848967 profile1
317 165.605467 -0.0232984981964364 profile1
318 165.629348 -0.0628181090377082 profile1
319 165.653228 -0.106694874010658 profile1
320 165.677109 -0.135710657139295 profile1
321 165.700989 -0.142221307996625 profile1
322 165.704891 -0.155195602312384 profile1
323 165.706625 -0.171333407838804 profile1
324 165.708359 -0.190657460130204 profile1
325 165.710093 -0.213155147870641 profile1
326 165.711827 -0.238777308041917 profile1
327 165.713561 -0.372293242758889 profile1
328 165.715295 -0.554855471707777 profile1
329 165.717029 -0.755953382565968 profile1
330 165.718763 -0.965048453389073 profile1
331 165.720497 -1.16798859560931 profile1
332 165.722231 -1.34998662611521 profile1
333 165.723965 -1.49573573946266 profile1
334 165.725699 -1.48886292567535 profile1
335 165.802549 -1.47491358654922 profile1
336 165.85132 -1.47590674233314 profile1
337 165.858793 -1.48368535478421 profile1
338 165.864624 -1.48331461440145 profile1
339 167.073838 -3.28965759277065 profile1
340 167.142758 -3.62625414744626 profile1
341 167.274124 -3.81551523160715 profile1
342 167.282638 -3.81815264923689 profile1
343 167.286179 -3.83526602770194 profile1
344 167.289719 -3.8666515815436 profile1
345 167.29326 -3.90926819768717 profile1
346 167.306473 -3.9667611819682 profile1
347 167.322761 -3.98776307613229 profile1
348 167.349466 -3.98502642640795 profile1
349 167.360748 -3.96756411655151 profile1
350 167.37203 -3.95049056909552 profile1
351 167.396998 -3.93400365971445 profile1
352 167.523201 -3.9863732478997 profile1
353 167.545144 -4.05482227992442 profile1
354 167.556235 -4.1346257840896 profile1
355 167.567326 -4.19311417642316 profile1
356 167.647654 -4.19001250087873 profile1
357 167.755373 -4.18423887520535 profile1
358 167.788738 -4.17187574273589 profile1
359 167.822104 -4.15946968394946 profile1
360 167.836721 -4.16531652973825 profile1
361 167.845502 -4.17744133149721 profile1
362 167.854284 -4.19020192814327 profile1
363 167.858563 -4.20353687850205 profile1
364 167.860327 -4.21676857530001 profile1
365 167.862092 -4.22837884213336 profile1
366 167.863857 -4.22986926741457 profile1
367 167.865622 -4.21734665106251 profile1
368 167.86764 -4.21016606235468 profile1
369 167.871511 -4.20496791235207 profile1
370 167.876871 -4.20072892444001 profile1
371 167.882232 -4.19744140968348 profile1
372 167.887593 -4.19509508383358 profile1
373 167.913375 -4.19209789268928 profile1
374 167.920966 -4.19084618443231 profile1
375 167.928557 -4.19104327717893 profile1
376 168.002821 -4.19564751485259 profile1
377 168.013929 -4.21567207172542 profile1
378 168.020304 -4.23682759421536 profile1
379 168.023961 -4.25744051775862 profile1
380 168.02735 -4.27806228798511 profile1
381 168.030739 -4.27884123508723 profile1
382 168.034128 -4.13369553990565 profile1
383 168.037518 -4.15891284905096 profile1
384 168.042103 -4.17755847821134 profile1
385 168.057523 -4.0941940953426 profile1
386 168.241031 -4.33778471157711 profile1
387 168.273712 -4.33614917525377 profile1
388 168.276509 -4.33499311381631 profile1
389 168.279306 -4.33398286158889 profile1
390 168.282103 -4.33311424641959 profile1
391 168.2849 -4.33238235310985 profile1
392 168.287697 -4.33178293613927 profile1
393 168.291368 -4.50217197849647 profile1
394 168.295216 -4.70747008570371 profile1
395 168.301388 -4.89324377651694 profile1
396 168.308464 -5.07193225140251 profile1
397 168.31554 -5.28594575600347 profile1
398 168.322616 -5.4957897609789 profile1
399 168.369835 -5.56635232557955 profile1
400 168.372164 -5.5618665575396 profile1
401 168.374493 -5.55735248567708 profile1
402 168.376821 -5.55353548811305 profile1
403 162.797792 -1.29141000262177 profile1
404 162.802465 -1.27520412066391 profile1
405 162.807137 -1.28518543202065 profile1
406 162.891193 -1.3260496817498 profile1
407 162.899169 -1.01240995776447 profile1
408 162.907146 -0.895686664988557 profile1
409 162.915122 -0.834184912642471 profile1
410 162.923098 -0.868235849679868 profile1
411 162.931074 -0.907061683083186 profile1
412 162.93905 -0.950783022894667 profile1
413 162.97044 -0.929160592714608 profile1
414 162.976744 -0.928942098774783 profile1
415 162.983048 -0.925420826838531 profile1
416 162.989352 -0.63069776856229 profile1
417 162.995537 -0.508131318328937 profile1
418 162.997832 -0.373116440245253 profile1
419 163.00011 -0.3811397383563 profile1
420 163.002388 -0.377288975533302 profile1
421 163.004665 -0.373795035642524 profile1
422 163.006943 -0.370663322168683 profile1
423 163.009221 -0.367896390394932 profile1
424 163.011499 -0.365497406157107 profile1
425 163.013777 -0.363467999882346 profile1
426 163.016054 -0.363329477357371 profile1
427 163.018332 -0.365629818652745 profile1
428 163.02061 -0.36836867735321 profile1
429 163.022888 -0.371542881002331 profile1
430 163.025166 -0.375284447124496 profile1
431 163.029526 -0.379635067260713 profile1
432 163.045161 -0.385657073714782 profile1
433 163.061794 -0.396235671111026 profile1
434 165.868565 -1.48737886928953 profile1
435 165.872506 -1.49575472578971 profile1
436 165.876447 -1.50826432362592 profile1
437 165.880388 -1.52466301073154 profile1
438 165.884329 -1.55576930826858 profile1
439 165.88827 -1.59451580267388 profile1
440 165.892211 -1.63310595657504 profile1
441 165.896152 -1.6763358964266 profile1
442 165.900093 -1.72516459485102 profile1
443 165.912941 -1.75348584931954 profile1
444 165.925276 -1.76201355858933 profile1
445 165.925359 -1.77149225140465 profile1
446 165.925441 -1.7811926856882 profile1
447 165.930685 -1.79434426523409 profile1
448 166.172164 -1.8961986481973 profile1
449 166.181382 -2.1041745016248 profile1
450 166.1906 -2.32180641269797 profile1
451 166.324274 -2.50169651252057 profile1
452 166.325217 -2.6245632566013 profile1
453 166.32602 -2.74999182861533 profile1
454 166.326823 -2.86719456092014 profile1
455 166.327627 -2.91743516394128 profile1
456 166.32843 -2.92757757382012 profile1
457 166.377584 -2.93509832225689 profile1
458 166.382507 -2.93085182848478 profile1
459 166.38743 -2.92676379174304 profile1
460 166.394815 -2.92280570144141 profile1
461 166.403288 -2.93021718732302 profile1
462 166.407404 -2.93310354435349 profile1
463 166.411519 -2.86181067288732 profile1
464 166.415634 -2.79471275542318 profile1
465 166.419069 -2.73291022000487 profile1
466 166.422503 -2.67748239533753 profile1
467 166.425938 -2.62940626544349 profile1
468 166.429372 -2.58947451107044 profile1
469 166.432807 -2.55822431645073 profile1
470 166.439999 -2.53588946841609 profile1
471 166.448156 -2.52237868793931 profile1
472 166.475596 -2.51993731717386 profile1
473 166.491355 -2.59289280210996 profile1
474 166.507114 -2.66640665437406 profile1
475 166.522873 -2.73929489504154 profile1
476 166.537635 -2.74949389110229 profile1
477 166.55226 -2.75193271240084 profile1
478 166.566886 -2.79300759696788 profile1
479 166.581511 -2.7834746348557 profile1
480 166.592132 -2.797918302597 profile1
481 166.599166 -2.81549623138067 profile1
482 166.606199 -2.81993699544378 profile1
483 166.613233 -2.79284878241423 profile1
484 166.62365 -2.80890114432971 profile1
485 166.754477 -3.21219127371557 profile1
486 166.783106 -3.22571658140407 profile1
487 166.802407 -3.25797056342059 profile1
488 166.805057 -3.29948228763183 profile1
489 166.807706 -3.34571183617969 profile1
490 166.811338 -3.3901490994521 profile1
491 166.839967 -3.41886118081093 profile1
492 166.951357 -3.55561274077944 profile1
493 166.992184 -3.55444566923222 profile1
494 167.033011 -3.56906831991274 profile1
495 162.797792 -3.33605684452788 profile2
496 162.802465 -3.36667469523468 profile2
497 162.807137 -3.40355949726276 profile2
498 162.891193 -3.46935177505165 profile2
499 162.899169 -3.47997029768428 profile2
500 162.907146 -3.51760144330619 profile2
501 162.915122 -3.50889433273258 profile2
502 162.923098 -3.47781403873797 profile2
503 162.931074 -3.44721503918588 profile2
504 162.93905 -3.41711962509774 profile2
505 162.97044 -3.29626840500134 profile2
506 162.976744 -3.2565851806432 profile2
507 162.983048 -3.24619418042981 profile2
508 162.989352 -3.31331973859941 profile2
509 162.995537 -3.3948320705329 profile2
510 162.997832 -3.0675064601799 profile2
511 163.00011 -2.98511204462885 profile2
512 163.002388 -2.97866627641319 profile2
513 163.004665 -2.97224687445665 profile2
514 163.006943 -2.96586228995989 profile2
515 163.009221 -2.95951999779819 profile2
516 163.011499 -2.95323158604832 profile2
517 163.013777 -2.94700458451414 profile2
518 163.016054 -2.94092446849923 profile2
519 163.018332 -2.93502260793668 profile2
520 163.02061 -2.92920905013703 profile2
521 163.022888 -2.92349535442976 profile2
522 163.025166 -2.91779292999077 profile2
523 163.029526 -2.91206875969494 profile2
524 163.045161 -2.90415050929089 profile2
525 163.061794 -2.89538254968407 profile2
526 163.078427 -2.839503166814 profile2
527 163.09506 -2.74791269055366 profile2
528 163.111693 -2.65065760768421 profile2
529 163.125708 -2.54622282941659 profile2
530 163.137394 -1.67498237719536 profile2
531 163.14908 -1.21126099705508 profile2
532 163.154021 -1.19229447733536 profile2
533 163.156127 -1.1806696603493 profile2
534 163.157556 -1.17718647926676 profile2
535 163.158891 -1.18253884665827 profile2
536 163.160225 -1.19723252331493 profile2
537 163.161559 -1.22152212050213 profile2
538 163.162894 -1.25536597170035 profile2
539 163.164228 -1.29841398705466 profile2
540 163.165562 -1.35003188004459 profile2
541 163.166897 -1.40933543823132 profile2
542 163.26265 -1.13257957493735 profile2
543 163.413317 -0.568051153578631 profile2
544 163.495816 -0.249678378323289 profile2
545 163.507977 -0.140252908975737 profile2
546 163.520139 -0.0372837248098827 profile2
547 163.582672 0.115566249034376 profile2
548 164.022416 0.21270370658649 profile2
549 164.027702 0.149002480435581 profile2
550 164.032987 0.0982338713461071 profile2
551 164.064248 0.000863733730703753 profile2
552 164.070405 0.00421721137369862 profile2
553 164.076561 0.00754250402059353 profile2
554 164.255184 -0.276705979726344 profile2
555 164.291807 -0.111255011782063 profile2
556 164.314068 -0.0119558263588531 profile2
557 164.325529 0.041172600159018 profile2
558 164.336991 0.0977761813400497 profile2
559 164.348452 0.193738517266786 profile2
560 164.60536 0.191461958769783 profile2
561 164.617986 0.142131232199178 profile2
562 164.628884 0.0786469972695362 profile2
563 164.636687 0.0218149488921531 profile2
564 164.648869 0.00739519180064679 profile2
565 164.66892 -0.0113938704231946 profile2
566 164.758936 -0.133128908700169 profile2
567 165.053217 -0.154157592376446 profile2
568 165.121823 -0.118056858385546 profile2
569 165.132678 -0.0978435439906291 profile2
570 165.143532 0.134852029023323 profile2
571 165.154046 0.238974411286395 profile2
572 165.15722 0.443698884464985 profile2
573 165.160395 0.659077846019782 profile2
574 165.163569 0.795919625663919 profile2
575 165.195982 0.858743426787182 profile2
576 165.223558 0.869516046308121 profile2
577 165.251135 0.873398838086571 profile2
578 165.276843 0.85788305379812 profile2
579 165.283031 0.808289652688934 profile2
580 165.290201 0.766492994820699 profile2
581 165.297626 0.811608645262253 profile2
582 165.445995 0.796157083632547 profile2
583 165.451594 0.784871696124684 profile2
584 165.457194 0.772896860648544 profile2
585 165.462793 0.774555932288564 profile2
586 165.468393 0.781290059872793 profile2
587 165.473992 0.789908381918793 profile2
588 165.479592 0.800668589082669 profile2
589 165.485905 1.7632152616302 profile2
590 165.495439 1.75298258409396 profile2
591 165.565236 1.83096852275443 profile2
592 165.56991 2.05126299907069 profile2
593 165.574583 2.24422000373478 profile2
594 165.581587 2.42556273443562 profile2
595 165.605467 2.43429501748419 profile2
596 165.629348 2.44038340645171 profile2
597 165.653228 2.43952038705974 profile2
598 165.677109 2.43421474470213 profile2
599 165.700989 2.42470051826754 profile2
600 165.704891 2.41422331445191 profile2
601 165.706625 2.40359148068616 profile2
602 165.708359 2.39283814551535 profile2
603 165.710093 2.38199942072973 profile2
604 165.711827 2.37111344421893 profile2
605 165.713561 2.314982040975 profile2
606 165.715295 2.23538554879502 profile2
607 165.717029 2.14272505402781 profile2
608 165.718763 2.03803683437544 profile2
609 165.720497 1.92345424479381 profile2
610 165.722231 1.80195294446206 profile2
611 165.723965 1.67701842248548 profile2
612 165.725699 1.56031348465534 profile2
613 165.802549 1.49776711306351 profile2
614 165.85132 1.49748320449492 profile2
615 165.858793 1.48212820784643 profile2
616 165.864624 1.39490707582924 profile2
617 165.868565 1.29949511825421 profile2
618 165.872506 1.19648835398014 profile2
619 165.876447 1.08660537745878 profile2
620 165.880388 0.970666718998301 profile2
621 165.884329 0.887778012186994 profile2
622 165.88827 0.801723612663467 profile2
623 165.892211 0.726456812387203 profile2
624 165.896152 0.721661703572424 profile2
625 165.900093 0.724343029145818 profile2
626 165.912941 0.717671165065769 profile2
627 165.925276 0.711643569478622 profile2
628 165.925359 0.710429335604373 profile2
629 165.925441 0.709526765032722 profile2
630 165.930685 0.703662909026487 profile2
631 166.172164 0.742999086637255 profile2
632 166.181382 0.82322784333092 profile2
633 166.1906 0.895468665410995 profile2
634 166.324274 0.984724934661585 profile2
635 166.325217 1.00241915898117 profile2
636 166.32602 1.02252405344869 profile2
637 166.326823 1.04025752305625 profile2
638 166.327627 1.03487339820584 profile2
639 166.32843 1.01388783752248 profile2
640 166.377584 0.996855723141919 profile2
641 166.382507 0.998920806366221 profile2
642 166.38743 0.999906710086031 profile2
643 166.394815 0.999824227498569 profile2
644 166.403288 1.01638189360296 profile2
645 166.407404 1.03003113217256 profile2
646 166.411519 1.01316687463411 profile2
647 166.415634 0.992086328753128 profile2
648 166.419069 0.966942185989191 profile2
649 166.422503 0.937904727271434 profile2
650 166.425938 0.905163529682219 profile2
651 166.429372 0.868921601388483 profile2
652 166.432807 0.829394994313115 profile2
653 166.439999 0.786815756898974 profile2
654 166.448156 0.741465672682579 profile2
655 166.475596 0.713291450507614 profile2
656 166.491355 0.722626399403799 profile2
657 166.507114 0.716504533241458 profile2
658 166.522873 0.705998346711681 profile2
659 166.537635 0.696901348651206 profile2
660 166.55226 0.694391288825874 profile2
661 166.566886 0.616421209232518 profile2
662 166.581511 0.576506017711373 profile2
663 166.592132 0.63662321212202 profile2
664 166.599166 0.745177636410423 profile2
665 166.606199 0.855825721193397 profile2
666 166.613233 0.872916937794746 profile2
667 166.62365 0.859517849630293 profile2
668 166.754477 0.720335503505687 profile2
669 166.783106 0.661808201766014 profile2
670 166.802407 0.604989196704421 profile2
671 166.805057 0.545482888708893 profile2
672 166.807706 0.481314915571179 profile2
673 166.811338 0.410372793631774 profile2
674 166.839967 0.362748745349534 profile2
675 166.951357 0.319059577058938 profile2
676 166.992184 0.318874203041675 profile2
677 167.033011 0.302459759258314 profile2
678 167.073838 0.207318660519145 profile2
679 167.142758 0.296972326805798 profile2
680 167.274124 0.252750246246393 profile2
681 167.282638 0.30749152728614 profile2
682 167.286179 0.339364208319631 profile2
683 167.289719 0.34707338561298 profile2
684 167.29326 0.331138617952387 profile2
685 167.306473 0.283782278493715 profile2
686 167.322761 0.281002916467008 profile2
687 167.349466 0.289341991628133 profile2
688 167.360748 0.296612954423762 profile2
689 167.37203 0.304518398588434 profile2
690 167.396998 0.313077398482505 profile2
691 167.523201 0.333495362079208 profile2
692 167.545144 0.427574890325204 profile2
693 167.556235 0.52755183140787 profile2
694 167.567326 0.583117777182175 profile2
695 167.647654 0.550304392565605 profile2
696 167.755373 0.549356574495728 profile2
697 167.788738 0.546157178483081 profile2
698 167.822104 0.543116535447845 profile2
699 167.836721 0.515212487069769 profile2
700 167.845502 0.480511933919266 profile2
701 167.854284 0.44688372077041 profile2
702 167.858563 0.414204997439702 profile2
703 167.860327 0.385294305864701 profile2
704 167.862092 0.36630994555272 profile2
705 167.863857 0.358261254162592 profile2
706 167.865622 0.363562387507058 profile2
707 167.86764 0.366405664121404 profile2
708 167.871511 0.366638515400323 profile2
709 167.876871 0.364399513050737 profile2
710 167.882232 0.359700429456653 profile2
711 167.887593 0.352562426606419 profile2
712 167.913375 0.344568297648499 profile2
713 167.920966 0.340926980116664 profile2
714 167.928557 0.338698967306726 profile2
715 168.002821 0.340576707677242 profile2
716 168.013929 0.353824157520337 profile2
717 168.020304 0.363144689901186 profile2
718 168.023961 0.360207610648978 profile2
719 168.02735 0.346174166814065 profile2
720 168.030739 0.301655623026094 profile2
721 168.034128 -0.121843187093183 profile2
722 168.037518 -0.132621678220335 profile2
723 168.042103 -0.142989127518456 profile2
724 168.057523 -0.108560959309155 profile2
725 168.241031 -0.101606512269425 profile2
726 168.273712 -0.103414083982942 profile2
727 168.276509 -0.104030168370393 profile2
728 168.279306 -0.103589302856694 profile2
729 168.282103 -0.102104202332915 profile2
730 168.2849 -0.0995977390495754 profile2
731 168.287697 -0.0961015754787352 profile2
732 168.291368 -0.0403411681027089 profile2
733 168.295216 0.00863284610585204 profile2
734 168.301388 0.0367953967945573 profile2
735 168.308464 -0.0866448956680752 profile2
736 168.31554 -0.505198201159624 profile2
737 168.322616 -1.21032185441083 profile2
738 168.369835 -1.54586389131117 profile2
739 168.372164 -1.54488942221549 profile2
740 168.374493 -1.54393159125781 profile2
741 168.376821 -1.54131072080807 profile2
