marker_position lod trace
1 142.490795 -35.1837642147824 pleio
2 142.517426 -34.8083888652551 pleio
3 142.560149 -34.4163215345204 pleio
4 142.602873 -34.0263848005478 pleio
5 142.64402 -33.6362232863394 pleio
6 142.685103 -33.0324457148574 pleio
7 142.726186 -32.6162620240921 pleio
8 142.767269 -32.2421024681561 pleio
9 142.808353 -31.8421339308093 pleio
10 142.849436 -31.3627372894995 pleio
11 142.876943 -30.9093958853467 pleio
12 142.880371 -30.4839066379459 pleio
13 142.883799 -30.0881461162351 pleio
14 142.904956 -29.7266643237318 pleio
15 142.989329 -29.3981818391342 pleio
16 143.073701 -29.1321591817697 pleio
17 143.155273 -28.8051439644972 pleio
18 143.159416 -28.5346541028256 pleio
19 143.163559 -28.2357300400698 pleio
20 143.167702 -27.8745761482872 pleio
21 143.171846 -27.5381145115832 pleio
22 143.175989 -27.2303822954317 pleio
23 143.180132 -26.954691070711 pleio
24 143.240265 -26.5971667775838 pleio
25 143.324863 -25.7302710824975 pleio
26 143.409462 -25.0208572755413 pleio
27 143.484637 -24.6424819351846 pleio
28 143.487347 -24.2977679979756 pleio
29 143.490056 -23.9594334795109 pleio
30 143.492766 -23.6551615463294 pleio
31 143.495555 -23.3862391358485 pleio
32 143.498344 -23.1536941147904 pleio
33 143.501132 -22.951136878625 pleio
34 143.521072 -22.7878031113541 pleio
35 143.53778 -22.6821139895684 pleio
36 143.554489 -22.3920585297478 pleio
37 143.570345 -22.0423406354249 pleio
38 143.571477 -21.7453914927462 pleio
39 143.572611 -21.5109678489036 pleio
40 143.574439 -21.3471263941974 pleio
41 143.699438 -21.1427021931555 pleio
42 143.824436 -20.0705139380106 pleio
43 143.915168 -19.3302977237226 pleio
44 143.920616 -19.0846714758932 pleio
45 143.926063 -18.8766339055414 pleio
46 143.93182 -18.449360549636 pleio
47 143.935901 -17.9139422825886 pleio
48 143.939982 -17.5869258690464 pleio
49 143.944917 -17.474893492732 pleio
50 143.975668 -17.5777467120498 pleio
51 144.013221 -17.5977029037562 pleio
52 144.051716 -17.5878027266425 pleio
53 144.090211 -17.6123165447447 pleio
54 144.128706 -17.6513764181515 pleio
55 144.167202 -17.6927788846943 pleio
56 144.176428 -17.7361262957762 pleio
57 144.180816 -17.7808842228542 pleio
58 144.185205 -17.8265978566174 pleio
59 144.348163 -16.7474016060962 pleio
60 144.361337 -15.6794745844672 pleio
61 144.363468 -13.6629567233941 pleio
62 144.365599 -11.599327916343 pleio
63 144.367577 -9.67606349178008 pleio
64 144.375504 -7.95885434792118 pleio
65 144.385418 -6.53142029026934 pleio
66 144.395332 -5.41948494578332 pleio
67 144.407236 -4.71515850047246 pleio
68 144.411293 -4.18337957279053 pleio
69 144.415349 -3.72962188696166 pleio
70 144.419405 -3.35414974114957 pleio
71 144.423461 -3.05627414487137 pleio
72 144.427517 -2.83296602106791 pleio
73 144.431573 -2.69075386813163 pleio
74 144.437408 -2.60598991707988 pleio
75 144.440911 -2.35930971624102 pleio
76 144.442944 -2.17918742288423 pleio
77 144.444976 -1.93794798654433 pleio
78 144.447008 -1.67540071497331 pleio
79 144.44904 -1.50518389537418 pleio
80 144.454745 -1.33624558198042 pleio
81 144.498681 -1.1948049097235 pleio
82 144.558267 -1.07509496669116 pleio
83 144.587405 -0.923587007766972 pleio
84 144.587686 -0.782881635159407 pleio
85 144.587968 -0.682629953060802 pleio
86 144.617027 -0.631166326641025 pleio
87 144.705848 0 pleio
88 144.716797 -0.431967100472208 pleio
89 144.727745 -2.15295079694362 pleio
90 144.897381 -2.51341187896409 pleio
91 144.903395 -2.48429936919763 pleio
92 144.909409 -2.50458635434114 pleio
93 144.916914 -2.57489024296438 pleio
94 144.947844 -2.67023516261143 pleio
95 144.978774 -2.79359418752148 pleio
96 145.106694 -3.85493023022917 pleio
97 145.224788 -6.77342881824916 pleio
98 145.342881 -6.71559987927691 pleio
99 145.729503 -8.80358477382384 pleio
100 145.916546 -9.87236526787994 pleio
101 146.10359 -10.121961957965 pleio
102 146.240909 -10.3819988784046 pleio
103 146.283615 -10.0995122468585 pleio
104 146.304543 -10.1460659073126 pleio
105 146.314537 -10.247908373685 pleio
106 146.319976 -10.4050802541287 pleio
107 146.322338 -10.616844858051 pleio
108 146.3247 -10.8816879586035 pleio
109 146.327062 -11.1973472357386 pleio
110 146.329424 -11.5608798462429 pleio
111 146.331786 -11.9687587659801 pleio
112 146.334148 -12.4169929247405 pleio
113 146.33651 -13.5382788861583 pleio
114 146.643419 -14.6920239003584 pleio
115 146.654632 -14.6347983366073 pleio
116 146.665844 -14.6355463241621 pleio
117 146.677056 -14.7090928985635 pleio
118 146.688269 -14.880581845723 pleio
119 146.69133 -15.3742096962391 pleio
120 146.694026 -16.1925529543295 pleio
121 146.696722 -17.3176375897291 pleio
122 146.699418 -18.6688561202818 pleio
123 146.702114 -20.1184051435577 pleio
124 146.70481 -20.4075375530784 pleio
125 146.707507 -20.4026495939736 pleio
126 146.710838 -20.4078158552015 pleio
127 146.716274 -20.4231214095132 pleio
128 146.72171 -20.4485501776258 pleio
129 146.727146 -20.4839845494325 pleio
130 146.734615 -20.4853831652405 pleio
131 146.80381 -20.4881989708962 pleio
132 146.862885 -20.6332743726088 pleio
133 146.863965 -21.0054539436893 pleio
134 146.865044 -21.6540692570889 pleio
135 146.87452 -22.5419036213105 pleio
136 146.889753 -23.3484505990788 pleio
137 146.904986 -23.5334048368265 pleio
138 147.064187 -23.718337691648 pleio
139 147.069549 -23.5987836688652 pleio
140 147.074911 -23.6497604929701 pleio
141 147.080273 -23.825181676341 pleio
142 147.089309 -23.9577999214335 pleio
143 147.114764 -23.9373434142313 pleio
144 147.137425 -23.9370911694244 pleio
145 147.157965 -23.8628707586314 pleio
146 147.178504 -23.8034280323158 pleio
147 147.221814 -25.856035198218 pleio
148 147.253583 -28.3162130300753 pleio
149 147.272554 -28.5299448582507 pleio
150 147.275576 -28.7747510204908 pleio
151 147.278599 -29.0657699035114 pleio
152 147.281622 -29.0593683595111 pleio
153 147.284644 -29.0949785161475 pleio
154 147.286194 -29.173173823041 pleio
155 147.286753 -29.2932841543707 pleio
156 147.287312 -29.4534551532273 pleio
157 147.287872 -29.6508205579905 pleio
158 147.290648 -29.8978787909653 pleio
159 147.299484 -30.1960130350635 pleio
160 147.327447 -30.3599193833857 pleio
161 147.35561 -30.4484165235316 pleio
162 147.383773 -30.653692470445 pleio
163 147.397845 -30.741064731103 pleio
164 147.402328 -30.8319832372367 pleio
165 147.406811 -30.9263165670808 pleio
166 147.411546 -31.0234974951022 pleio
167 147.442387 -31.1232112356859 pleio
168 147.535843 -31.1231454106984 pleio
169 147.551736 -31.0580333406964 pleio
170 147.555599 -31.195467026276 pleio
171 147.559461 -31.3697425671918 pleio
172 147.563362 -31.6360279255753 pleio
173 147.583398 -32.2923813713888 pleio
174 147.602453 -32.8741146921194 pleio
175 147.621507 -33.4084660286612 pleio
176 147.682611 -33.5316212139704 pleio
177 147.68996 -33.5483931357793 pleio
178 147.695588 -33.5542368317794 pleio
179 147.701215 -33.5837430995812 pleio
180 147.706843 -33.7189574771617 pleio
181 147.719435 -34.2111878770413 pleio
182 147.737975 -34.3255180782768 pleio
183 147.751499 -34.3606049637735 pleio
184 147.760277 -34.374925586047 pleio
185 147.769056 -34.4166727201086 pleio
186 147.777834 -34.4780917756169 pleio
187 147.786613 -34.8734766511324 pleio
188 147.795391 -35.1405232783955 pleio
189 147.816836 -35.2355367377156 pleio
190 147.850698 -35.3561200911003 pleio
191 147.88456 -35.5099582415071 pleio
192 147.914702 -35.6851700912958 pleio
193 147.91491 -35.6188103440997 pleio
194 147.915116 -35.6011562108272 pleio
195 147.915322 -35.6356567052928 pleio
196 147.915527 -35.7243413145122 pleio
197 147.915733 -35.8677072170633 pleio
198 147.916803 -36.0636962553175 pleio
199 147.923623 -36.2767040138734 pleio
200 147.930444 -36.4928612580964 pleio
201 147.937264 -36.7210550016753 pleio
202 147.944084 -37.0214475209255 pleio
203 147.949324 -37.3935291835609 pleio
204 147.953121 -38.0648128140117 pleio
205 147.956917 -38.9991408714225 pleio
206 147.960714 -40.0248116583531 pleio
207 147.964511 -41.1039243329168 pleio
208 147.968307 -41.7912741006916 pleio
209 147.973733 -42.2014636743752 pleio
210 147.982072 -42.2832538857431 pleio
211 147.982175 -42.2461232355084 pleio
212 147.982278 -42.21124436364 pleio
213 147.986316 -42.2512853408471 pleio
214 147.986987 -42.679076968568 pleio
215 147.987657 -43.3525299300558 pleio
216 147.988327 -44.2497763482086 pleio
217 147.988998 -45.3202396369919 pleio
218 147.989668 -46.2747655544489 pleio
219 148.006053 -46.4089374274872 pleio
220 148.013144 -46.3160684361788 pleio
221 148.020236 -46.2613810551879 pleio
222 148.027327 -46.2474319514705 pleio
223 148.033269 -46.2756369562429 pleio
224 148.037078 -46.34609606006 pleio
225 148.040918 -46.087723313963 pleio
226 148.046494 -45.5798379828063 pleio
227 148.05207 -45.2107913561675 pleio
228 148.180347 -45.0760574351785 pleio
229 148.183086 -45.2722903286828 pleio
230 148.185825 -45.4878910755745 pleio
231 148.188563 -45.7160217591318 pleio
232 148.191302 -45.8123777802713 pleio
233 148.194041 -45.9442416571779 pleio
234 148.19678 -46.0708922188971 pleio
235 148.200032 -46.1471826712807 pleio
236 148.204884 -46.235451028803 pleio
237 148.213021 -46.3329476116542 pleio
238 148.213171 -46.464151592352 pleio
239 148.213321 -46.6325994600751 pleio
240 148.326473 -46.8285367861314 pleio
241 148.333368 -47.0378625851647 pleio
242 148.340263 -47.2459052529385 pleio
243 148.347157 -47.4130901720441 pleio
244 148.354052 -47.4746164012145 pleio
245 148.362946 -47.5362985540964 pleio
246 148.380016 -47.5908928727955 pleio
247 148.403283 -47.6412687222802 pleio
248 148.42655 -47.750515212523 pleio
249 148.430037 -47.871706633272 pleio
250 148.4319 -48.0028316415891 pleio
251 148.433763 -48.1437497814843 pleio
252 148.435626 -48.9928648140303 pleio
253 148.437489 -50.2400608341159 pleio
254 148.439352 -50.9967738971818 pleio
255 148.441214 -51.468891163454 pleio
256 148.443077 -51.9172787608819 pleio
257 148.44494 -52.3202492958311 pleio
258 148.446803 -52.6635113557042 pleio
259 148.453459 -52.8668111616532 pleio
260 148.477993 -52.9660489538561 pleio
261 148.493526 -53.0883356490659 pleio
262 148.493644 -53.2128109588565 pleio
263 148.493762 -53.3366214312664 pleio
264 148.502187 -53.2201272634368 pleio
265 148.624196 -53.3233859595475 pleio
266 148.648833 -54.0354350792335 pleio
267 148.673469 -55.0561321463202 pleio
268 148.812084 -55.4943222783718 pleio
269 148.815025 -55.5273870228828 pleio
270 142.989329 -26.0284473761054 profile1
271 143.073701 -25.7696834457216 profile1
272 143.155273 -25.3692867005568 profile1
273 143.159416 -24.9509752606975 profile1
274 143.163559 -24.5776916384155 profile1
275 143.167702 -24.229398983951 profile1
276 143.171846 -23.9100762392925 profile1
277 143.175989 -23.6223681310956 profile1
278 143.180132 -23.3687206388479 profile1
279 143.240265 -23.0465454950398 profile1
280 143.324863 -22.5938745399785 profile1
281 143.409462 -21.7960924472036 profile1
282 143.484637 -21.4305159396726 profile1
283 143.487347 -21.1111546942425 profile1
284 143.490056 -20.81153011581 profile1
285 143.492766 -20.544176457742 profile1
286 143.495555 -20.3102432186015 profile1
287 143.498344 -20.1106273240554 profile1
288 143.501132 -19.9389181163665 profile1
289 143.521072 -19.7935470001152 profile1
290 143.53778 -19.7082768913563 profile1
291 143.554489 -19.5533096148788 profile1
292 143.570345 -19.4056021782456 profile1
293 143.571477 -19.3213771094918 profile1
294 143.572611 -19.3012378330583 profile1
295 143.574439 -19.3432234703409 profile1
296 143.699438 -19.1645940098794 profile1
297 143.824436 -18.136624014128 profile1
298 143.915168 -17.4257275076953 profile1
299 143.920616 -17.1845276775333 profile1
300 143.926063 -16.9688521799011 profile1
301 143.93182 -16.6214924719038 profile1
302 143.935901 -16.0778103445723 profile1
303 143.939982 -15.7094519893403 profile1
304 143.944917 -15.5237970626493 profile1
305 143.975668 -15.5227976329068 profile1
306 144.013221 -15.5482047479771 profile1
307 144.051716 -15.5655594225144 profile1
308 144.090211 -15.6062727094802 profile1
309 144.128706 -15.6447252326893 profile1
310 144.167202 -15.6851657466024 profile1
311 144.176428 -15.7274237502578 profile1
312 144.180816 -15.7711662826561 profile1
313 144.185205 -15.8161746309441 profile1
314 144.348163 -14.8310565613361 profile1
315 144.361337 -13.7676165947966 profile1
316 144.363468 -11.942159563815 profile1
317 144.365599 -10.0926974360973 profile1
318 144.367577 -8.34996583797004 profile1
319 144.375504 -6.7746410638843 profile1
320 144.385418 -5.45315727115758 profile1
321 144.395332 -4.40989617270814 profile1
322 144.407236 -3.70975705807317 profile1
323 144.411293 -3.15981657911031 profile1
324 144.415349 -2.68943924853059 profile1
325 144.419405 -2.29912888449022 profile1
326 144.423461 -1.98835772715113 profile1
327 144.427517 -1.7506411071314 profile1
328 144.431573 -1.5948616198182 profile1
329 144.437408 -1.49969231807259 profile1
330 144.440911 -1.25630103459156 profile1
331 144.442944 -1.07971884679225 profile1
332 144.444976 -0.88531944115285 profile1
333 144.447008 -0.702726237336971 profile1
334 144.44904 -0.608140317330824 profile1
335 144.454745 -0.506378936469381 profile1
336 144.498681 -0.42755394745383 profile1
337 144.558267 -0.354639588367424 profile1
338 144.587405 -0.212560290872109 profile1
339 144.587686 -0.100598627867898 profile1
340 144.587968 -0.0220425429845771 profile1
341 144.617027 0.0269925905854275 profile1
342 144.705848 0.478465968160271 profile1
343 144.716797 -0.190658353785237 profile1
344 144.727745 -2.15295079694362 profile1
345 144.897381 -2.46684319064574 profile1
346 144.903395 -2.31892326269551 profile1
347 144.909409 -2.21747615152284 profile1
348 144.916914 -2.16372608124925 profile1
349 144.947844 -2.15573153711395 profile1
350 144.978774 -2.1757846391339 profile1
351 145.106694 -3.13148772016797 profile1
352 145.224788 -5.72703706994561 profile1
353 145.342881 -5.79500907903854 profile1
354 145.729503 -8.15286281415902 profile1
355 145.916546 -9.30879272723971 profile1
356 146.10359 -9.63350582078003 profile1
357 146.240909 -9.91852694259619 profile1
358 146.283615 -9.81166455503975 profile1
359 146.304543 -9.90445417797939 profile1
360 146.314537 -10.0456832702377 profile1
361 146.319976 -10.2348872664106 profile1
362 146.322338 -10.4709022317864 profile1
363 146.3247 -10.751879742223 profile1
364 146.327062 -11.0753320141976 profile1
365 146.329424 -11.438214591279 profile1
366 146.331786 -11.8370220023081 profile1
367 146.334148 -12.2679134568981 profile1
368 142.490795 -31.0830016482143 profile1
369 142.517426 -30.757971202612 profile1
370 142.560149 -30.4112112935684 profile1
371 142.602873 -30.065946587942 profile1
372 142.64402 -29.7198572362567 profile1
373 142.685103 -29.1762718424963 profile1
374 142.726186 -28.8022410440781 profile1
375 142.767269 -28.468888225927 profile1
376 142.808353 -28.1191063651677 profile1
377 142.849436 -27.7176380228904 profile1
378 142.876943 -27.3397428074895 profile1
379 142.880371 -26.9870183529787 profile1
380 142.883799 -26.660991836028 profile1
381 142.904956 -26.3641052340174 profile1
382 146.33651 -13.0025913740602 profile1
383 146.643419 -13.9192243725262 profile1
384 146.654632 -13.9138948965764 profile1
385 146.665844 -13.9625333817431 profile1
386 146.677056 -14.0630252170772 profile1
387 146.688269 -14.2421253920822 profile1
388 146.69133 -14.6802067194028 profile1
389 146.694026 -15.3882766546441 profile1
390 146.696722 -16.3596895707745 profile1
391 146.699418 -17.5354235236692 profile1
392 146.702114 -18.8137245973352 profile1
393 146.70481 -19.1048054943525 profile1
394 146.707507 -19.1418999609844 profile1
395 146.710838 -19.1836209821585 profile1
396 146.716274 -19.2299219947967 profile1
397 146.72171 -19.2807337829196 profile1
398 146.727146 -19.3359621959739 profile1
399 146.734615 -19.3385091601432 profile1
400 146.80381 -19.3382335949237 profile1
401 146.862885 -19.5155103107866 profile1
402 146.863965 -19.9442677394912 profile1
403 146.865044 -20.6287232351139 profile1
404 146.87452 -21.5242388078623 profile1
405 146.889753 -22.3327505850815 profile1
406 146.904986 -22.6090882979699 profile1
407 147.064187 -22.9629771009 profile1
408 147.069549 -23.1800874188048 profile1
409 147.074911 -23.4399126790931 profile1
410 147.080273 -23.7212379861837 profile1
411 147.089309 -23.9252185503793 profile1
412 147.114764 -23.9354158964511 profile1
413 147.137425 -23.9370911694244 profile1
414 147.157965 -23.8614345970626 profile1
415 147.178504 -23.7912251851689 profile1
416 147.221814 -25.742861859062 profile1
417 147.253583 -27.7583284233826 profile1
418 147.272554 -27.9030070887377 profile1
419 147.275576 -28.0164173556671 profile1
420 147.278599 -28.1649312064085 profile1
421 147.281622 -28.1460096381775 profile1
422 147.284644 -28.1543463567889 profile1
423 147.286194 -28.1897984481834 profile1
424 147.286753 -28.2514959024083 profile1
425 147.287312 -28.3379325709162 profile1
426 147.287872 -28.4471168010632 profile1
427 147.290648 -28.614942660101 profile1
428 147.299484 -28.8437484701832 profile1
429 147.327447 -29.0070852932325 profile1
430 147.35561 -29.113051636633 profile1
431 147.383773 -29.5425870975902 profile1
432 147.397845 -29.6093282815629 profile1
433 147.402328 -29.6779830489467 profile1
434 147.406811 -29.7486187037783 profile1
435 147.411546 -29.8206645812097 profile1
436 147.442387 -29.8941873239386 profile1
437 147.535843 -29.8903483691307 profile1
438 147.551736 -29.766630879444 profile1
439 147.555599 -29.7845967383528 profile1
440 147.559461 -29.8688050616651 profile1
441 147.563362 -30.0479808737406 profile1
442 147.583398 -30.6259913312096 profile1
443 147.602453 -31.1022018946418 profile1
444 147.621507 -31.4981390877284 profile1
445 147.682611 -31.594860315754 profile1
446 147.68996 -31.6248644139714 profile1
447 147.695588 -31.6691188174967 profile1
448 147.701215 -31.7355950736426 profile1
449 147.706843 -31.7785785146392 profile1
450 147.719435 -32.1159456077622 profile1
451 147.737975 -32.1931037426436 profile1
452 147.751499 -32.2183897522746 profile1
453 147.760277 -32.2355724093518 profile1
454 147.769056 -32.2809226336581 profile1
455 147.777834 -32.3467915334246 profile1
456 147.786613 -32.6126094035353 profile1
457 147.795391 -32.9451358889654 profile1
458 147.816836 -33.0790794719312 profile1
459 147.850698 -33.2351499032339 profile1
460 147.88456 -33.3789728174327 profile1
461 147.914702 -33.6516138406682 profile1
462 147.91491 -33.5627786334674 profile1
463 147.915116 -33.5192404735544 profile1
464 147.915322 -33.5245025326837 profile1
465 147.915527 -33.5806290736141 profile1
466 147.915733 -33.6881389001335 profile1
467 147.916803 -33.8455731744193 profile1
468 147.923623 -34.0270757238497 profile1
469 147.930444 -34.2236308725495 profile1
470 147.937264 -34.4326783056195 profile1
471 147.944084 -34.6355281612109 profile1
472 147.949324 -34.8801720904797 profile1
473 147.953121 -35.3171771552254 profile1
474 147.956917 -35.9392765493469 profile1
475 147.960714 -36.6455223714446 profile1
476 147.964511 -37.406358200858 profile1
477 147.968307 -37.9429998110109 profile1
478 147.973733 -38.2886295125615 profile1
479 147.982072 -38.3521983786847 profile1
480 147.982175 -38.3270872931127 profile1
481 147.982278 -38.3027478192338 profile1
482 147.986316 -38.3437064036063 profile1
483 147.986987 -38.7382236840065 profile1
484 147.987657 -39.3639724182076 profile1
485 147.988327 -40.1974031470853 profile1
486 147.988998 -41.1872937349605 profile1
487 147.989668 -42.0432159683142 profile1
488 148.006053 -42.065049699521 profile1
489 148.013144 -41.8815190698786 profile1
490 148.020236 -41.7330894900999 profile1
491 148.027327 -41.6232715426753 profile1
492 148.033269 -41.5545406482359 profile1
493 148.037078 -41.5281131414354 profile1
494 148.040918 -41.2492826025443 profile1
495 148.046494 -40.7500506564587 profile1
496 148.05207 -40.4017625401175 profile1
497 148.180347 -40.2899818632018 profile1
498 148.183086 -40.460229123807 profile1
499 148.185825 -40.6549579636651 profile1
500 148.188563 -40.8685174579917 profile1
501 148.191302 -41.002476354166 profile1
502 148.194041 -41.1637812548431 profile1
503 148.19678 -41.3092612842417 profile1
504 148.200032 -41.3998306970937 profile1
505 148.204884 -41.5020443353412 profile1
506 148.213021 -41.6089360964142 profile1
507 148.213171 -41.723089001777 profile1
508 148.213321 -41.8766171414393 profile1
509 148.326473 -42.0653743106729 profile1
510 148.333368 -42.2959816276647 profile1
511 148.340263 -42.5366647815975 profile1
512 148.347157 -42.7312959057184 profile1
513 148.354052 -42.809621747794 profile1
514 148.362946 -42.8863635488847 profile1
515 148.380016 -42.9519474620164 profile1
516 148.403283 -43.0026864958901 profile1
517 148.42655 -43.1197613018581 profile1
518 148.430037 -43.2527292335602 profile1
519 148.4319 -43.3942874324107 profile1
520 148.433763 -43.5441856035165 profile1
521 148.435626 -44.2846489251268 profile1
522 148.437489 -45.4296192948785 profile1
523 148.439352 -46.1350910401176 profile1
524 148.441214 -46.5700287902906 profile1
525 148.443077 -46.9865552448731 profile1
526 148.44494 -47.3670387117602 profile1
527 148.446803 -47.6998847018276 profile1
528 148.453459 -47.9078054113329 profile1
529 148.477993 -48.0166412602389 profile1
530 148.493526 -48.1505088674007 profile1
531 148.493644 -48.2865484413475 profile1
532 148.493762 -48.4215510496331 profile1
533 148.502187 -48.5481824047514 profile1
534 148.624196 -48.6557583513117 profile1
535 148.648833 -48.8996614814249 profile1
536 148.673469 -49.4971986333172 profile1
537 148.812084 -50.021490726005 profile1
538 148.815025 -50.0502773937592 profile1
539 142.490795 -5.74806810701648 profile2
540 142.517426 -5.67210414962753 profile2
541 142.560149 -5.60380272399102 profile2
542 142.602873 -5.53635127939806 profile2
543 142.64402 -5.46962734074676 profile2
544 142.685103 -5.39872072501875 profile2
545 142.726186 -5.33468686872286 profile2
546 142.767269 -5.27284842397817 profile2
547 142.808353 -5.20055013004426 profile2
548 142.849436 -5.09652221884209 profile2
549 142.876943 -4.99634229574345 profile2
550 142.880371 -4.90025759454172 profile2
551 142.883799 -4.80872557419092 profile2
552 142.904956 -4.72424274448769 profile2
553 142.989329 -4.70444604550304 profile2
554 143.073701 -4.66223925695095 profile2
555 143.155273 -4.69238827024249 profile2
556 143.159416 -4.80427933900679 profile2
557 143.163559 -4.85320144638825 profile2
558 143.167702 -4.82137077869662 profile2
559 143.171846 -4.7876102222633 profile2
560 143.175989 -4.75253220212228 profile2
561 143.180132 -4.71638605617054 profile2
562 143.240265 -4.65029802624895 profile2
563 143.324863 -4.11411894186322 profile2
564 143.409462 -4.14710916672799 profile2
565 143.484637 -4.10261711646765 profile2
566 143.487347 -4.04800089055523 profile2
567 143.490056 -3.97649303616758 profile2
568 143.492766 -3.91011966214318 profile2
569 143.495555 -3.84909860387186 profile2
570 143.498344 -3.79361175560364 profile2
571 143.501132 -3.74393205240568 profile2
572 143.521072 -3.71295704362772 profile2
573 143.53778 -3.68613213628216 profile2
574 143.554489 -3.56031694681862 profile2
575 143.570345 -3.36996072338438 profile2
576 143.571477 -3.16352788774503 profile2
577 143.572611 -2.94939703577908 profile2
578 143.574439 -2.73826878339378 profile2
579 143.699438 -2.68194549947038 profile2
580 143.824436 -2.51465540740116 profile2
581 143.915168 -2.44178466061019 profile2
582 143.920616 -2.46591493360233 profile2
583 143.926063 -2.49244672357297 profile2
584 143.93182 -2.37765315038086 profile2
585 143.935901 -2.32231175210899 profile2
586 143.939982 -2.3186782368566 profile2
587 143.944917 -2.36704147741038 profile2
588 143.975668 -2.4655413833006 profile2
589 144.013221 -2.46839034382774 profile2
590 144.051716 -2.4470324587328 profile2
591 144.090211 -2.43318538647893 profile2
592 144.128706 -2.4364390393528 profile2
593 144.167202 -2.4400062977335 profile2
594 144.176428 -2.44370725768498 profile2
595 144.180816 -2.44736929600944 profile2
596 144.185205 -2.45077870722349 profile2
597 144.348163 -2.3416943872316 profile2
598 144.361337 -2.25763905225373 profile2
599 144.363468 -1.91614566640855 profile2
600 144.365599 -1.5729515588471 profile2
601 144.367577 -1.26946059787329 profile2
602 144.375504 -1.02008249491453 profile2
603 144.385418 -0.831516858679399 profile2
604 144.395332 -0.709312136500177 profile2
605 144.407236 -0.684054223601658 profile2
606 144.411293 -0.689773202463501 profile2
607 144.415349 -0.696432456348483 profile2
608 144.419405 -0.703898693485393 profile2
609 144.423461 -0.712048085935334 profile2
610 144.427517 -0.721046260576235 profile2
611 144.431573 -0.730815966649951 profile2
612 144.437408 -0.739481600440379 profile2
613 144.440911 -0.731954763635791 profile2
614 144.442944 -0.724923194779354 profile2
615 144.444976 -0.661585938356736 profile2
616 144.447008 -0.558223630711943 profile2
617 144.44904 -0.465201464189151 profile2
618 144.454745 -0.386318044924781 profile2
619 144.498681 -0.317044907751634 profile2
620 144.558267 -0.267739582409898 profile2
621 144.587405 -0.250199652002358 profile2
622 144.587686 -0.213274222427457 profile2
623 144.587968 -0.187175911608083 profile2
624 144.617027 -0.183826140882133 profile2
625 144.705848 0 profile2
626 144.716797 0.256212689845475 profile2
627 144.727745 0.478465968160271 profile2
628 144.897381 0.421157865612566 profile2
629 144.903395 0.289047822540694 profile2
630 144.909409 0.144646122632626 profile2
631 144.916914 -0.0114225497394911 profile2
632 144.947844 -0.147861121052547 profile2
633 144.978774 -0.289546819910313 profile2
634 145.106694 -0.507064017089817 profile2
635 145.224788 -0.984466654857326 profile2
636 145.342881 -0.878542535433422 profile2
637 145.729503 -1.02358963273082 profile2
638 145.916546 -1.1138170125657 profile2
639 146.10359 -1.10460151429782 profile2
640 146.240909 -1.13205878204336 profile2
641 146.283615 -0.992953448821174 profile2
642 146.304543 -0.968047896534709 profile2
643 146.314537 -0.957553960938428 profile2
644 146.319976 -0.961876541741724 profile2
645 146.322338 -0.981176589961932 profile2
646 146.3247 -1.01536023466565 profile2
647 146.327062 -1.06407696913652 profile2
648 146.329424 -1.12672651726383 profile2
649 146.331786 -1.20248771900028 profile2
650 146.334148 -1.29034603815239 profile2
651 146.33651 -1.7475990241796 profile2
652 146.643419 -1.97375982439058 profile2
653 146.654632 -1.91681216598812 profile2
654 146.665844 -1.86275292021988 profile2
655 146.677056 -1.82665708957611 profile2
656 146.688269 -1.74715714395138 profile2
657 146.69133 -1.7052347275277 profile2
658 146.694026 -1.76247472154127 profile2
659 146.696722 -1.92337140471349 profile2
660 146.699418 -2.17172661777267 profile2
661 146.702114 -2.47263129618652 profile2
662 146.70481 -2.49910665308257 profile2
663 146.707507 -2.45091661906287 profile2
664 146.710838 -2.40763448250908 profile2
665 146.716274 -2.36945825079912 profile2
666 146.72171 -2.33651365031775 profile2
667 146.727146 -2.30885435863158 profile2
668 146.734615 -2.29754100076285 profile2
669 146.80381 -2.29660713247254 profile2
670 146.862885 -2.1941579425705 profile2
671 146.863965 -2.04786388914769 profile2
672 146.865044 -1.96408601897121 profile2
673 146.87452 -1.95182711441252 profile2
674 146.889753 -1.96713786668065 profile2
675 146.904986 -1.87520986977005 profile2
676 147.064187 -1.70809438092423 profile2
677 147.069549 -1.35394317323798 profile2
678 147.074911 -1.12920787483751 profile2
679 147.080273 -1.01301010279159 profile2
680 147.089309 -0.931615086738463 profile2
681 147.114764 -0.887054906494929 profile2
682 147.137425 -0.882054414175973 profile2
683 147.157965 -0.88397054638995 profile2
684 147.178504 -0.891021083665784 profile2
685 147.221814 -0.877590093927852 profile2
686 147.253583 -1.13867966994527 profile2
687 147.272554 -1.2118439088444 profile2
688 147.275576 -1.33528254621301 profile2
689 147.278599 -1.47072821439729 profile2
690 147.281622 -1.49106436779704 profile2
691 147.284644 -1.52914702970628 profile2
692 147.286194 -1.58560058133731 profile2
693 147.286753 -1.66047834221023 profile2
694 147.287312 -1.75324119543846 profile2
695 147.287872 -1.8627914423904 profile2
696 147.290648 -1.96971074337294 profile2
697 147.299484 -2.07427503206447 profile2
698 147.327447 -2.07057148110392 profile2
699 147.35561 -2.05211237092462 profile2
700 147.383773 -1.88485425361631 profile2
701 147.397845 -1.90292193753153 profile2
702 147.402328 -1.92268086640159 profile2
703 147.406811 -1.94398063692743 profile2
704 147.411546 -1.96686971924295 profile2
705 147.442387 -1.99102156689956 profile2
706 147.535843 -1.99592684606536 profile2
707 147.551736 -2.0739866513759 profile2
708 147.555599 -2.22706504191209 profile2
709 147.559461 -2.38832941604901 profile2
710 147.563362 -2.57185698282547 profile2
711 147.583398 -2.78480104722433 profile2
712 147.602453 -3.00313120361113 profile2
713 147.621507 -3.24569077594164 profile2
714 147.682611 -3.29165692490765 profile2
715 147.68996 -3.28005394628021 profile2
716 147.695588 -3.24385141757878 profile2
717 147.701215 -3.20621445044518 profile2
718 147.706843 -3.28758004825919 profile2
719 147.719435 -3.44475504432863 profile2
720 147.737975 -3.48478308360008 profile2
721 147.751499 -3.4990346783615 profile2
722 147.760277 -3.50432448333612 profile2
723 147.769056 -3.51108820411879 profile2
724 147.777834 -3.51853376042021 profile2
725 147.786613 -3.64963485536191 profile2
726 147.795391 -3.57093234560245 profile2
727 147.816836 -3.49525453402305 profile2
728 147.850698 -3.43512178202048 profile2
729 147.88456 -3.42103808638899 profile2
730 147.914702 -3.34626949450628 profile2
731 147.91491 -3.36966691226566 profile2
732 147.915116 -3.40223516305 profile2
733 147.915322 -3.44386214795515 profile2
734 147.915527 -3.49422549127294 profile2
735 147.915733 -3.55281034758149 profile2
736 147.916803 -3.61732776179743 profile2
737 147.923623 -3.66045368245767 profile2
738 147.930444 -3.68961059856179 profile2
739 147.937264 -3.71837438097766 profile2
740 147.944084 -3.83477282714355 profile2
741 147.949324 -3.9885698015087 profile2
742 147.953121 -4.25510563841441 profile2
743 147.956917 -4.60280541114157 profile2
744 147.960714 -4.95855000768941 profile2
745 147.964511 -5.31275321324254 profile2
746 147.968307 -5.47513284451465 profile2
747 147.973733 -5.54464572422935 profile2
748 147.982072 -5.57836422410999 profile2
749 147.982175 -5.58450704028634 profile2
750 147.982278 -5.5915036398254 profile2
751 147.986316 -5.61864963262585 profile2
752 147.986987 -5.73138151467043 profile2
753 147.987657 -5.88097322886213 profile2
754 147.988327 -6.06451428076657 profile2
755 147.988998 -6.27495145249708 profile2
756 147.989668 -6.48183341572307 profile2
757 148.006053 -6.6116548314544 profile2
758 148.013144 -6.7085984682405 profile2
759 148.020236 -6.8106373511717 profile2
760 148.027327 -6.91680176575598 profile2
761 148.033269 -7.02591196393709 profile2
762 148.037078 -7.13662617614073 profile2
763 148.040918 -7.13806039648009 profile2
764 148.046494 -7.13407601720689 profile2
765 148.05207 -7.11511998033469 profile2
766 148.180347 -7.10910184271467 profile2
767 148.183086 -7.1613440454791 profile2
768 148.185825 -7.21030528344505 profile2
769 148.188563 -7.25443592085843 profile2
770 148.191302 -7.24882565679615 profile2
771 148.194041 -7.25531048813724 profile2
772 148.19678 -7.26349861173892 profile2
773 148.200032 -7.25699933967943 profile2
774 148.204884 -7.25117742413355 profile2
775 148.213021 -7.24989458642066 profile2
776 148.213171 -7.27266642001899 profile2
777 148.213321 -7.29377341338596 profile2
778 148.326473 -7.3067409885703 profile2
779 148.333368 -7.28751090331814 profile2
780 148.340263 -7.24259545397651 profile2
781 148.347157 -7.20041164022018 profile2
782 148.354052 -7.17013589255794 profile2
783 148.362946 -7.14056020083888 profile2
784 148.380016 -7.11586465792353 profile2
785 148.403283 -7.11006709615392 profile2
786 148.42655 -7.10004500613115 profile2
787 148.430037 -7.09078332428252 profile2
788 148.4319 -7.08283299022782 profile2
789 148.433763 -7.07628203637695 profile2
790 148.435626 -7.16101157880313 profile2
791 148.437489 -7.23816000034691 profile2
792 148.439352 -7.27725449732023 profile2
793 148.441214 -7.31085942601959 profile2
794 148.443077 -7.3382710840484 profile2
795 148.44494 -7.35657678265036 profile2
796 148.446803 -7.36454443446606 profile2
797 148.453459 -7.36310883988127 profile2
798 148.477993 -7.36018423992834 profile2
799 148.493526 -7.35324836919232 profile2
800 148.493644 -7.34635205908831 profile2
801 148.493762 -7.34004161336729 profile2
802 148.502187 -7.0711657993325 profile2
803 148.624196 -7.07624910646347 profile2
804 148.648833 -7.50310155164694 profile2
805 148.673469 -7.87711931684411 profile2
806 148.812084 -7.82670643057655 profile2
807 148.815025 -7.83390793860215 profile2
