marker_position lod trace
1 67.606765 -5.51886920416768 pleio
2 67.613251 -5.50653679947693 pleio
3 67.619736 -5.49433558646252 pleio
4 67.626222 -5.48226690946689 pleio
5 67.641347 -5.47033137027973 pleio
6 67.654855 -5.4585741589177 pleio
7 67.658769 -5.44778342256799 pleio
8 67.662682 -5.4371447622408 pleio
9 67.666596 -5.42664821811825 pleio
10 67.679986 -5.41628484742019 pleio
11 67.708923 -5.31369085737095 pleio
12 67.715069 -5.20111245105997 pleio
13 67.721215 -5.08799107161727 pleio
14 67.746869 -4.98046986439206 pleio
15 67.778018 -4.96860869932765 pleio
16 67.809168 -4.95806908713039 pleio
17 67.895218 -4.99146934008692 pleio
18 67.900561 -5.06033374085639 pleio
19 67.905905 -5.13802382623457 pleio
20 67.911248 -5.22386926712218 pleio
21 67.920171 -5.30901256979487 pleio
22 67.929072 -5.38744138549716 pleio
23 67.937973 -5.47533771997376 pleio
24 67.946874 -5.57151065969268 pleio
25 67.962131 -5.61333332449358 pleio
26 68.103338 -5.62284484957441 pleio
27 68.122257 -5.61567708190405 pleio
28 68.141177 -5.7497229787122 pleio
29 68.410128 -5.85233563995878 pleio
30 68.415239 -5.82836461086186 pleio
31 68.42035 -5.80790505775472 pleio
32 68.640199 -5.62336332339461 pleio
33 68.652056 -5.31070603340305 pleio
34 68.656091 -5.00175637869786 pleio
35 68.660126 -4.70112692533248 pleio
36 68.664161 -4.41337188149676 pleio
37 68.685197 -4.13884685652136 pleio
38 68.806919 -4.02731333546884 pleio
39 68.816104 -4.02277986688333 pleio
40 68.825289 -4.01833676574166 pleio
41 68.885575 -4.02993813134714 pleio
42 68.886394 -4.0565883486486 pleio
43 68.887213 -4.08429283844532 pleio
44 68.888033 -4.11297662891552 pleio
45 68.888852 -4.14255673203633 pleio
46 68.889671 -4.17294668930574 pleio
47 68.89049 -4.1807582666953 pleio
48 68.89131 -4.20365706447083 pleio
49 68.892129 -4.24266249282439 pleio
50 68.987403 -3.74450370652197 pleio
51 69.064645 -3.25952615083188 pleio
52 69.131341 -3.41251567981494 pleio
53 69.198036 -3.30367684254214 pleio
54 69.214855 -3.1159520996563 pleio
55 69.21825 -2.93910821022581 pleio
56 69.221446 -2.7760583915135 pleio
57 69.224642 -2.62949778204924 pleio
58 69.227838 -2.50163314530867 pleio
59 69.231034 -1.97053402829644 pleio
60 69.23423 -1.89139649873024 pleio
61 69.237426 -1.91294772414561 pleio
62 69.240621 -1.93507172524937 pleio
63 69.244859 -1.95768209363686 pleio
64 69.252696 -1.9813144978336 pleio
65 69.260534 -2.02222909815944 pleio
66 69.416362 -1.67367111927584 pleio
67 69.484146 -1.49938460519169 pleio
68 69.505599 -1.50646725381739 pleio
69 69.508945 -1.5267225847596 pleio
70 69.512291 -1.55011973081669 pleio
71 69.515636 -1.57630655190254 pleio
72 69.542556 -1.53450974233141 pleio
73 69.592546 -1.27423084068613 pleio
74 69.66328 -1.42646348213817 pleio
75 69.721392 -1.45648603724545 pleio
76 69.724456 -1.47656305318871 pleio
77 69.727519 -1.49785093327613 pleio
78 69.733033 -1.5203584120789 pleio
79 69.768364 -1.68878086669067 pleio
80 69.782339 -1.96131761121804 pleio
81 69.796313 -2.15364830651804 pleio
82 69.810287 0 pleio
83 69.829176 -0.180993446204157 pleio
84 69.837051 -0.193948430305933 pleio
85 69.844926 -0.193655984698759 pleio
86 69.869428 -0.201939747635612 pleio
87 69.876397 -0.216386723459864 pleio
88 69.876657 -0.243019950893842 pleio
89 69.876917 -0.279820550645042 pleio
90 69.924127 -0.272380940732074 pleio
91 69.978753 -0.298503240282817 pleio
92 70.033378 -0.396889688777536 pleio
93 70.042973 -0.497541257091903 pleio
94 70.043703 -0.599857047105873 pleio
95 70.044434 -0.703593328579051 pleio
96 70.087246 -0.80726234865696 pleio
97 70.141872 -0.90982512051551 pleio
98 70.196497 -0.927993386544831 pleio
99 70.400832 -0.982403535574702 pleio
100 70.421006 -0.981463802303068 pleio
101 70.441181 -0.982903223099139 pleio
102 70.60917 -0.989189116766171 pleio
103 70.612702 -1.00296835415327 pleio
104 70.616235 -1.06072374751472 pleio
105 70.661194 -1.08523663977138 pleio
106 70.728481 -1.13107158549602 pleio
107 70.750402 -1.22366633740349 pleio
108 70.772323 -1.31655730909615 pleio
109 70.779053 -1.40839870850289 pleio
110 70.782062 -1.4987168520818 pleio
111 70.785072 -1.59964211558883 pleio
112 71.12066 -1.13935163555975 pleio
113 71.198629 -1.1349259359008 pleio
114 71.276599 -1.129704654538 pleio
115 71.354568 -1.15942998656104 pleio
116 71.418821 -1.43542088066294 pleio
117 71.422464 -1.71721667206246 pleio
118 71.425934 -2.00920496786348 pleio
119 71.429405 -2.16148767235872 pleio
120 71.432875 -2.23500907635264 pleio
121 71.436346 -2.30969626575206 pleio
122 71.439817 -2.38537580811274 pleio
123 71.443287 -2.46187285729283 pleio
124 71.449172 -2.51816343252556 pleio
125 71.46043 -2.52853990119357 pleio
126 71.475844 -2.53891062522305 pleio
127 71.510771 -2.54983625479579 pleio
128 71.658293 -2.5544234824452 pleio
129 71.675712 -2.5446741044046 pleio
130 71.693132 -2.52904835714354 pleio
131 71.782692 -2.34207560242594 pleio
132 71.793079 -2.22549531194462 pleio
133 71.803404 -1.8372564903397 pleio
134 71.813729 -1.36221121263361 pleio
135 71.824055 -1.34285818290166 pleio
136 71.83438 -1.4035042490333 pleio
137 71.859513 -1.44902283732855 pleio
138 71.937774 -1.48193096346149 pleio
139 71.945079 -1.52857319710303 pleio
140 71.952385 -1.59476573929909 pleio
141 71.98473 -1.6316023400894 pleio
142 72.012709 -1.62879088815118 pleio
143 72.040688 -1.61973609177786 pleio
144 72.210521 -1.56720387879311 pleio
145 72.314268 -1.97423829450187 pleio
146 72.366456 -1.80719599831009 pleio
147 72.411367 -1.79424661656294 pleio
148 72.450663 -1.7805112416969 pleio
149 72.471305 -1.73774540957813 pleio
150 72.491946 -1.76803307216502 pleio
151 72.512588 -1.88449662171149 pleio
152 72.601385 -1.95330740664 pleio
153 72.621813 -1.96070262269724 pleio
154 72.642242 -1.98482629193717 pleio
155 72.66267 -2.01129748261699 pleio
156 72.771429 -2.19017500707291 pleio
157 72.883243 -2.13803385347928 pleio
158 72.898448 -2.09383324172539 pleio
159 72.913654 -2.05179901378032 pleio
160 72.928859 -2.01211025721796 pleio
161 72.944065 -1.97642289397023 pleio
162 72.95927 -2.02939553777309 pleio
163 72.974476 -2.54753050936836 pleio
164 72.989681 -3.10047404857465 pleio
165 72.996574 -2.91700368129356 pleio
166 72.9996 -2.65811684076684 pleio
167 73.002626 -2.57103903536514 pleio
168 73.005652 -2.57045303190328 pleio
169 73.012925 -2.56494415396819 pleio
170 73.023956 -2.5576601157959 pleio
171 73.034987 -2.55240543983981 pleio
172 73.046018 -2.53880436347847 pleio
173 73.057049 -2.52833293405329 pleio
174 73.06808 -2.5230429739327 pleio
175 73.079353 -2.53199304697901 pleio
176 73.111862 -1.67441161012584 pleio
177 73.146945 -1.49385895264788 pleio
178 73.171837 -1.48578490611783 pleio
179 73.196729 -1.63327641500264 pleio
180 73.629401 -1.71194810814025 pleio
181 74.062073 -1.63278717997895 pleio
182 74.066223 -1.59458955325681 pleio
183 74.070373 -1.55772901028893 pleio
184 74.074523 -1.52231725062548 pleio
185 74.078673 -1.48845608074841 pleio
186 74.082823 -1.63026513956449 pleio
187 74.3761735 -1.54124061339779 pleio
188 74.669524 -1.62992506966883 pleio
189 74.672012 -1.66264363382194 pleio
190 74.674499 -1.74336424854787 pleio
191 74.716248 -1.86710887594949 pleio
192 74.724515 -2.02514360072191 pleio
193 74.732783 -2.1638987731585 pleio
194 75.0995546666667 -3.85876052738036 pleio
195 75.4663263333333 -3.85853607690384 pleio
196 75.833098 -3.85387105582189 pleio
197 75.863363 -3.7983010267512 pleio
198 75.875899 -3.71914305309853 pleio
199 75.888435 -3.63397826253829 pleio
200 75.900971 -3.56767571692581 pleio
201 75.903257 -3.58504896078967 pleio
202 75.904489 -3.62794584569468 pleio
203 75.905721 -3.66989723814213 pleio
204 75.917304 -3.71346512400092 pleio
205 76.287653 -3.75300522417569 pleio
206 76.288899 -3.8658915368848 pleio
207 76.290145 -4.00536840073431 pleio
208 76.397032 -4.02674070488387 pleio
209 76.403847 -3.98126531919404 pleio
210 76.410663 -4.00516358306774 pleio
211 76.607927 -3.88523515217835 pleio
212 76.623625 -4.03912543412575 pleio
213 76.633554 -4.08692044641666 pleio
214 76.643483 -4.1556665796052 pleio
215 76.653411 -4.24521439008942 pleio
216 76.66334 -4.3544949796113 pleio
217 76.700004 -4.19828618373006 pleio
218 67.606765 -3.23803162198439 profile1
219 67.613251 -3.23385770929777 profile1
220 67.619736 -3.2297618284325 profile1
221 67.626222 -3.22574471582001 profile1
222 67.641347 -3.22180583748839 profile1
223 67.654855 -3.21795022831847 profile1
224 67.658769 -3.21424703339663 profile1
225 67.662682 -3.21067708475897 profile1
226 67.666596 -3.20721086335993 profile1
227 67.679986 -3.20382347077321 profile1
228 67.708923 -3.18060244806636 profile1
229 67.715069 -3.14703623355427 profile1
230 67.721215 -3.10535474866075 profile1
231 67.746869 -3.0540706481254 profile1
232 67.778018 -3.04999929130548 profile1
233 67.809168 -3.04636840399843 profile1
234 67.895218 -3.01358610799853 profile1
235 67.900561 -2.96615078584746 profile1
236 67.905905 -2.91891031019834 profile1
237 67.911248 -2.87260432742128 profile1
238 67.920171 -2.82958802779208 profile1
239 67.929072 -2.79323291503779 profile1
240 67.937973 -2.76126020494568 profile1
241 67.946874 -2.73383294337762 profile1
242 67.962131 -2.70770855571171 profile1
243 68.103338 -2.69603224159903 profile1
244 68.122257 -2.69347834058641 profile1
245 68.141177 -2.6627239157155 profile1
246 68.410128 -2.62328654929096 profile1
247 68.415239 -2.62328299692433 profile1
248 68.42035 -2.62423191491023 profile1
249 68.640199 -2.54177411160571 profile1
250 68.652056 -2.39500945080927 profile1
251 68.656091 -2.25053364290425 profile1
252 68.660126 -2.11124759590928 profile1
253 68.664161 -1.98008175834545 profile1
254 68.685197 -1.86333483014355 profile1
255 68.806919 -1.82142668399016 profile1
256 68.816104 -1.82193386409854 profile1
257 68.825289 -1.82247404647292 profile1
258 68.885575 -1.81632410981281 profile1
259 68.886394 -1.8050019576358 profile1
260 68.887213 -1.79472713258695 profile1
261 68.888033 -1.78554051735046 profile1
262 68.888852 -1.77747666426165 profile1
263 68.889671 -1.77056343371842 profile1
264 68.89049 -1.7697477226094 profile1
265 68.89131 -1.77364856189716 profile1
266 68.892129 -1.78209560477389 profile1
267 68.987403 -1.73329741062989 profile1
268 69.064645 -1.58546924203242 profile1
269 69.131341 -2.01869958206351 profile1
270 69.198036 -1.98081977291997 profile1
271 69.214855 -1.88712617856621 profile1
272 69.21825 -1.79411903535633 profile1
273 69.221446 -1.70314133137199 profile1
274 69.224642 -1.61561447653075 profile1
275 69.227838 -1.53289873622852 profile1
276 69.231034 -1.38062666962278 profile1
277 69.23423 -1.35695599910722 profile1
278 69.237426 -1.361920513336 profile1
279 69.240621 -1.36714697546335 profile1
280 69.244859 -1.37259386511126 profile1
281 69.252696 -1.37871653784389 profile1
282 69.260534 -1.38679841756207 profile1
283 69.416362 -1.22625165259838 profile1
284 69.484146 -1.31924387115919 profile1
285 69.505599 -1.31483831012129 profile1
286 69.508945 -1.2987855299643 profile1
287 69.512291 -1.28595958645301 profile1
288 69.515636 -1.27651358196773 profile1
289 69.542556 -1.22832249545256 profile1
290 69.592546 -1.27423084068613 profile1
291 69.66328 -1.28055272224859 profile1
292 69.721392 -1.27629223575693 profile1
293 69.724456 -1.26961939719055 profile1
294 69.727519 -1.26306900514994 profile1
295 69.733033 -1.25665805266086 profile1
296 69.768364 -1.25942876458243 profile1
297 69.782339 -1.27291832664996 profile1
298 69.796313 -1.26927352333585 profile1
299 69.810287 1.01601280465649 profile1
300 69.829176 1.0148959460409 profile1
301 69.837051 1.04639133064273 profile1
302 69.844926 1.10557763455838 profile1
303 69.869428 1.16276550354296 profile1
304 69.876397 1.22854311800068 profile1
305 69.876657 1.27841298163537 profile1
306 69.876917 1.3129002183011 profile1
307 69.924127 1.33869900723695 profile1
308 69.978753 1.34790703010442 profile1
309 70.033378 1.31232864476167 profile1
310 70.042973 1.27487532206008 profile1
311 70.043703 1.23625089737521 profile1
312 70.044434 1.19658603223075 profile1
313 70.087246 1.15584376578402 profile1
314 70.141872 1.11389551665849 profile1
315 70.196497 1.07027277810628 profile1
316 70.400832 1.06155760772209 profile1
317 70.421006 1.09235589580846 profile1
318 70.441181 1.12229975410759 profile1
319 70.60917 1.14876800087322 profile1
320 70.612702 1.16202652331993 profile1
321 70.616235 1.14623283907092 profile1
322 70.661194 1.15541764686419 profile1
323 70.728481 1.16033703512259 profile1
324 70.750402 1.14033081925847 profile1
325 70.772323 1.11188930231768 profile1
326 70.779053 1.07513658332427 profile1
327 70.782062 1.03079071571943 profile1
328 70.785072 0.980544859584467 profile1
329 71.12066 0.905081341565026 profile1
330 71.198629 0.9136023117072 profile1
331 71.276599 0.922093992433202 profile1
332 71.354568 0.909531525624083 profile1
333 71.418821 0.850036818157793 profile1
334 71.422464 0.700433200566907 profile1
335 71.425934 0.520661572066549 profile1
336 71.429405 0.39494976614813 profile1
337 71.432875 0.303511160912687 profile1
338 71.436346 0.210766089345955 profile1
339 71.439817 0.116922574799938 profile1
340 71.443287 0.0221883391493265 profile1
341 71.449172 -0.0542206347607557 profile1
342 71.46043 -0.089042421353232 profile1
343 71.475844 -0.124563289957325 profile1
344 71.510771 -0.160757296727933 profile1
345 71.658293 -0.199892757081097 profile1
346 71.675712 -0.24234079287476 profile1
347 71.693132 -0.283468712427731 profile1
348 71.782692 -0.40046916467121 profile1
349 71.793079 -0.377695208815808 profile1
350 71.803404 -0.163172878542981 profile1
351 71.813729 -0.0602078172330419 profile1
352 71.824055 -0.0659709426611819 profile1
353 71.83438 -0.088457636459822 profile1
354 71.859513 -0.11665005370856 profile1
355 71.937774 -0.194392045476347 profile1
356 71.945079 -0.304018719561385 profile1
357 71.952385 -0.346424211036864 profile1
358 71.98473 -0.354835237611871 profile1
359 72.012709 -0.334647768799822 profile1
360 72.040688 -0.310996436452964 profile1
361 72.210521 -0.23069397518675 profile1
362 72.314268 -0.86392987789765 profile1
363 72.366456 -0.709845313989663 profile1
364 72.411367 -0.698208248735743 profile1
365 72.450663 -0.683251515985728 profile1
366 72.471305 -0.643540629198353 profile1
367 72.491946 -0.621738204466248 profile1
368 72.512588 -0.644234193039593 profile1
369 72.601385 -0.631689594053584 profile1
370 72.621813 -0.65544299638257 profile1
371 72.642242 -0.680309557512982 profile1
372 72.66267 -0.70750059221524 profile1
373 72.771429 -0.788232722267776 profile1
374 72.883243 -0.759160518362523 profile1
375 72.898448 -0.72011069307681 profile1
376 72.913654 -0.68304782759759 profile1
377 72.928859 -0.648464161471858 profile1
378 72.944065 -0.616546913993781 profile1
379 72.95927 -0.662673958848472 profile1
380 72.974476 -1.0614211451804 profile1
381 72.989681 -1.37987153012851 profile1
382 72.996574 -1.35125133153592 profile1
383 72.9996 -1.31931403106625 profile1
384 73.002626 -1.30034741774338 profile1
385 73.005652 -1.30464242692303 profile1
386 73.012925 -1.31261056581034 profile1
387 73.023956 -1.3232210722687 profile1
388 73.034987 -1.33585278862307 profile1
389 73.046018 -1.34761923495751 profile1
390 73.057049 -1.3641477787318 profile1
391 73.06808 -1.38214101089812 profile1
392 73.079353 -1.40619604781832 profile1
393 73.111862 -1.4782911409923 profile1
394 73.146945 -1.49385895264788 profile1
395 75.904489 -2.17545873523324 profile1
396 75.905721 -2.23453589209536 profile1
397 75.917304 -2.29365748580425 profile1
398 76.287653 -2.3096439909498 profile1
399 76.288899 -2.33780970508791 profile1
400 76.290145 -2.37319502237217 profile1
401 76.397032 -2.35536463335358 profile1
402 76.403847 -2.31075642605872 profile1
403 76.410663 -2.29970368520384 profile1
404 76.607927 -2.43022299564504 profile1
405 76.623625 -2.38688106512824 profile1
406 76.633554 -2.29808612997087 profile1
407 76.643483 -2.22024464029887 profile1
408 76.653411 -2.15558024760192 profile1
409 76.66334 -2.10559716882629 profile1
410 76.700004 -1.99880513214366 profile1
411 73.171837 -1.48578490611783 profile1
412 73.196729 -1.48732683681549 profile1
413 73.629401 -1.51386836880155 profile1
414 74.062073 -1.48399134874716 profile1
415 74.066223 -1.47192413732127 profile1
416 74.070373 -1.45964980667171 profile1
417 74.074523 -1.44717955146587 profile1
418 74.078673 -1.43452516444368 profile1
419 74.082823 -1.49552072502445 profile1
420 74.3761735 -1.45915514548559 profile1
421 74.669524 -1.50916091146593 profile1
422 74.672012 -1.5380749856085 profile1
423 74.674499 -1.5954837264005 profile1
424 74.716248 -1.67607771270054 profile1
425 74.724515 -1.77334847567318 profile1
426 74.732783 -1.90390987727032 profile1
427 75.0995546666667 -2.46389212695788 profile1
428 75.4663263333333 -2.41289179841732 profile1
429 75.833098 -2.40146779205893 profile1
430 75.863363 -2.29337656195992 profile1
431 75.875899 -2.19316450236318 profile1
432 75.888435 -2.11417828071666 profile1
433 75.900971 -2.09569862810334 profile1
434 75.903257 -2.12113273241498 profile1
435 67.606765 -1.19353108025145 profile2
436 67.613251 -1.18545603247642 profile2
437 67.619736 -1.17744661825937 profile2
438 67.626222 -1.16950344362497 profile2
439 67.641347 -1.16162760513051 profile2
440 67.654855 -1.15385985487755 profile2
441 67.658769 -1.14692986602288 profile2
442 67.662682 -1.1400307464364 profile2
443 67.666596 -1.13318181967812 profile2
444 67.679986 -1.12639892794114 profile2
445 67.708923 -1.04268135370778 profile2
446 67.715069 -0.960248631466725 profile2
447 67.721215 -0.88681450279032 profile2
448 67.746869 -0.829478959068919 profile2
449 67.778018 -0.821892857787244 profile2
450 67.809168 -0.815378350313648 profile2
451 67.895218 -0.879807610013727 profile2
452 67.900561 -0.992673351968282 profile2
453 67.905905 -1.11397097503714 profile2
454 67.911248 -1.24234261926326 profile2
455 67.920171 -1.36749766699819 profile2
456 67.929072 -1.48100348311804 profile2
457 67.937973 -1.59966762376 profile2
458 67.946874 -1.72215897205374 profile2
459 67.962131 -1.78824551981276 profile2
460 68.103338 -1.80887510639119 profile2
461 68.122257 -1.80461055751206 profile2
462 68.141177 -1.96799792389262 profile2
463 68.410128 -2.11247788043539 profile2
464 68.415239 -2.08938465654559 profile2
465 68.42035 -2.06839970180678 profile2
466 68.640199 -1.96347711935432 profile2
467 68.652056 -1.79325923516551 profile2
468 68.656091 -1.62513138080923 profile2
469 68.660126 -1.46072229027184 profile2
470 68.664161 -1.30156614216728 profile2
471 68.685197 -1.14203221769694 profile2
472 68.806919 -1.0718124739651 profile2
473 68.816104 -1.06691661943459 profile2
474 68.825289 -1.06207849707085 profile2
475 68.885575 -1.07831408440548 profile2
476 68.886394 -1.11333904916124 profile2
477 68.887213 -1.14843429543165 profile2
478 68.888033 -1.18348913274698 profile2
479 68.888852 -1.21839092828043 profile2
480 68.889671 -1.25302974159282 profile2
481 68.89049 -1.25032043644452 profile2
482 68.89131 -1.25823388777086 profile2
483 68.892129 -1.27894663553425 profile2
484 68.987403 -0.833393337590993 profile2
485 69.064645 -0.472899172215012 profile2
486 69.131341 -0.175040536774321 profile2
487 69.198036 -0.100153645189327 profile2
488 69.214855 0.00232288368080004 profile2
489 69.21825 0.0941077551767444 profile2
490 69.221446 0.173516472818141 profile2
491 69.224642 0.239186922478529 profile2
492 69.227838 0.290208637170883 profile2
493 69.231034 0.680033608369868 profile2
494 69.23423 0.735217653801989 profile2
495 69.237426 0.719683929817031 profile2
496 69.240621 0.703790359047287 profile2
497 69.244859 0.68757758662694 profile2
498 69.252696 0.67096375722646 profile2
499 69.260534 0.639539865952048 profile2
500 69.416362 0.851541569195059 profile2
501 69.484146 1.13927967144753 profile2
502 69.505599 1.12922920676691 profile2
503 69.508945 1.09632805459526 profile2
504 69.512291 1.06324065934626 profile2
505 69.515636 1.03044508002326 profile2
506 69.542556 1.02366407697543 profile2
507 69.592546 1.34790703010442 profile2
508 69.66328 1.2012534189787 profile2
509 69.721392 1.16820793614524 profile2
510 69.724456 1.14244321997809 profile2
511 69.727519 1.1155364098346 profile2
512 69.733033 1.087494984208 profile2
513 69.768364 0.927449660485582 profile2
514 69.782339 0.675393730843202 profile2
515 69.796313 0.48467187569444 profile2
516 69.810287 0.378375419191376 profile2
517 69.829176 0.168188908394519 profile2
518 69.837051 0.123692190244503 profile2
519 69.844926 0.0647218036901572 profile2
520 69.869428 -0.00157327096098815 profile2
521 69.876397 -0.0834229548835317 profile2
522 69.876657 -0.162955139802415 profile2
523 69.876917 -0.238549258100143 profile2
524 69.924127 -0.260611119806756 profile2
525 69.978753 -0.298503240282817 profile2
526 70.033378 -0.362049327899141 profile2
527 70.042973 -0.42628897409847 profile2
528 70.043703 -0.491306975027129 profile2
529 70.044434 -0.556977359450717 profile2
530 70.087246 -0.621720813042656 profile2
531 70.141872 -0.684296102584973 profile2
532 70.196497 -0.661322645203066 profile2
533 70.400832 -0.707230330559767 profile2
534 70.421006 -0.735111538221283 profile2
535 70.441181 -0.764743759683878 profile2
536 70.60917 -0.795891533226666 profile2
537 70.612702 -0.821558285086542 profile2
538 70.616235 -0.86300352472295 profile2
539 70.661194 -0.896745329235171 profile2
540 70.728481 -0.946239844107437 profile2
541 70.750402 -1.01911043010776 profile2
542 70.772323 -1.08505528596135 profile2
543 70.779053 -1.14284433436358 profile2
544 70.782062 -1.19260787889123 profile2
545 70.785072 -1.24827124712414 profile2
546 71.12066 -0.720617180862327 profile2
547 71.198629 -0.723652729696273 profile2
548 71.276599 -0.725854356970911 profile2
549 71.354568 -0.740906348136514 profile2
550 71.418821 -0.971158246980273 profile2
551 71.422464 -1.11552033875467 profile2
552 71.425934 -1.23905957593549 profile2
553 71.429405 -1.26772904203496 profile2
554 71.432875 -1.24715182324354 profile2
555 71.436346 -1.22639967053515 profile2
556 71.439817 -1.2055158268741 profile2
557 71.443287 -1.18454260244053 profile2
558 71.449172 -1.1627914051277 profile2
559 71.46043 -1.13924737259779 profile2
560 71.475844 -1.11508727683321 profile2
561 71.510771 -1.09091066634725 profile2
562 71.658293 -1.05758655155402 profile2
563 71.675712 -1.00648859902465 profile2
564 71.693132 -0.950557144870745 profile2
565 71.782692 -0.640007281956897 profile2
566 71.793079 -0.544263359689604 profile2
567 71.803404 -0.373738810226791 profile2
568 71.813729 -0.0033337039796874 profile2
569 71.824055 0.00937705971998785 profile2
570 71.83438 -0.0404310443314109 profile2
571 71.859513 -0.0645888003551232 profile2
572 71.937774 -0.0194272726237071 profile2
573 71.945079 0.0413138555124669 profile2
574 71.952385 0.0149034608735092 profile2
575 71.98473 -0.0148707290271785 profile2
576 72.012709 -0.0313838595444794 profile2
577 72.040688 -0.0465823615568089 profile2
578 72.210521 -0.0762052476892022 profile2
579 72.314268 0.115086485100771 profile2
580 72.366456 0.127499113096188 profile2
581 72.411367 0.129115722100566 profile2
582 72.450663 0.128199233203181 profile2
583 72.471305 0.130958267808659 profile2
584 72.491946 0.0782677853456364 profile2
585 72.512588 -0.0168291988465361 profile2
586 72.601385 -0.10095094720834 profile2
587 72.621813 -0.0806555643061136 profile2
588 72.642242 -0.0792148046686214 profile2
589 72.66267 -0.0779461280155456 profile2
590 72.771429 -0.187570349570832 profile2
591 72.883243 -0.163862441424284 profile2
592 72.898448 -0.157803267195765 profile2
593 72.913654 -0.152021872141445 profile2
594 72.928859 -0.146304732611089 profile2
595 72.944065 -0.142030838397389 profile2
596 72.95927 -0.154134041161479 profile2
597 72.974476 -0.297666292748521 profile2
598 72.989681 -0.549834940384266 profile2
599 72.996574 -0.409354144166134 profile2
600 72.9996 -0.204363258435063 profile2
601 73.002626 -0.146795400736555 profile2
602 73.005652 -0.140008782837156 profile2
603 73.012925 -0.125691254881592 profile2
604 73.023956 -0.107801247898481 profile2
605 73.034987 -0.0904951186541757 profile2
606 73.046018 -0.064505688881044 profile2
607 73.057049 -0.0372239768438763 profile2
608 73.06808 -0.0103349288238794 profile2
609 73.079353 0.00916308748206668 profile2
610 73.111862 0.988195966640996 profile2
611 73.146945 1.2067535146372 profile2
612 73.171837 1.21721465472557 profile2
613 73.196729 1.07275476988983 profile2
614 73.629401 1.02316410160236 profile2
615 74.062073 1.07310063190564 profile2
616 74.066223 1.10274306432398 profile2
617 74.070373 1.1307020293933 profile2
618 74.074523 1.15686954385582 profile2
619 74.078673 1.1811491765028 profile2
620 74.082823 1.09659409814862 profile2
621 74.3761735 1.15245727800651 profile2
622 74.669524 1.1069637628941 profile2
623 74.672012 1.10133058637578 profile2
624 74.674499 1.0762792462521 profile2
625 74.716248 1.0317855504182 profile2
626 74.724515 0.970155255702732 profile2
627 74.732783 0.972335069946017 profile2
628 75.0995546666667 -0.280540196751659 profile2
629 75.4663263333333 -0.33298205739446 profile2
630 75.833098 -0.336406417309023 profile2
631 75.863363 -0.390128273749147 profile2
632 75.875899 -0.41455446227096 profile2
633 75.888435 -0.411300514253655 profile2
634 75.900971 -0.366028628157225 profile2
635 75.903257 -0.364452609959618 profile2
636 75.904489 -0.354986093134048 profile2
637 75.905721 -0.33778294814007 profile2
638 75.917304 -0.322444829400454 profile2
639 76.287653 -0.349301288100645 profile2
640 76.288899 -0.43797052707033 profile2
641 76.290145 -0.547133159772699 profile2
642 76.397032 -0.591012637674008 profile2
643 76.403847 -0.592962322262011 profile2
644 76.410663 -0.627689424865042 profile2
645 76.607927 -0.391817848838384 profile2
646 76.623625 -0.591127023903306 profile2
647 76.633554 -0.719577835757769 profile2
648 76.643483 -0.858925174122111 profile2
649 76.653411 -1.00694779339306 profile2
650 76.66334 -1.16116048688514 profile2
651 76.700004 -1.10682752183513 profile2
