marker_position lod trace
1 162.797792 -30.3216749487615 pleio
2 162.802465 -30.2429312239257 pleio
3 162.807137 -30.2061594408817 pleio
4 162.891193 -29.8263865115742 pleio
5 162.899169 -30.6755233212725 pleio
6 162.907146 -31.752917858116 pleio
7 162.915122 -32.0899894075265 pleio
8 162.923098 -32.0579796829586 pleio
9 162.931074 -32.0205045778149 pleio
10 162.93905 -31.9821727118847 pleio
11 162.97044 -31.4864270629376 pleio
12 162.976744 -31.48041102036 pleio
13 162.983048 -31.4695807341467 pleio
14 162.989352 -30.9268281571959 pleio
15 162.995537 -30.5709799767533 pleio
16 162.997832 -29.7271624948935 pleio
17 163.00011 -29.5748962189012 pleio
18 163.002388 -29.5263498149467 pleio
19 163.004665 -29.4782783298801 pleio
20 163.006943 -29.4307101744898 pleio
21 163.009221 -29.3836741017997 pleio
22 163.011499 -29.3371996472852 pleio
23 163.013777 -29.2913166243572 pleio
24 163.016054 -29.2460201208225 pleio
25 163.018332 -29.201356607098 pleio
26 163.02061 -29.1574186767313 pleio
27 163.022888 -29.1142387501794 pleio
28 163.025166 -29.0727978252829 pleio
29 163.029526 -29.0333940433446 pleio
30 163.045161 -29.0110709797842 pleio
31 163.061794 -28.990067476747 pleio
32 163.078427 -28.6771111075032 pleio
33 163.09506 -28.2537749183542 pleio
34 163.111693 -27.9637931173376 pleio
35 163.125708 -27.8565946164202 pleio
36 163.137394 -26.4297574910835 pleio
37 163.14908 -25.681648962789 pleio
38 163.154021 -24.7445373088856 pleio
39 163.156127 -23.8105332055397 pleio
40 163.157556 -22.9024615287368 pleio
41 163.158891 -22.0450940111584 pleio
42 163.160225 -21.2630456696758 pleio
43 163.161559 -20.5783619239 pleio
44 163.162894 -20.0082795164315 pleio
45 163.164228 -19.5636135258699 pleio
46 163.165562 -19.2481074316884 pleio
47 163.166897 -19.0587821700718 pleio
48 163.26265 -17.9104761318281 pleio
49 163.413317 -15.6109973298557 pleio
50 163.495816 -13.4341627149523 pleio
51 163.507977 -13.0151226672592 pleio
52 163.520139 -12.8252015774864 pleio
53 163.582672 -12.7724509971937 pleio
54 164.022416 -10.4262090744573 pleio
55 164.027702 -10.6661790871782 pleio
56 164.032987 -11.147333619545 pleio
57 164.064248 -11.6909674860786 pleio
58 164.070405 -11.6890788720774 pleio
59 164.076561 -11.6873880140832 pleio
60 164.255184 -12.3879306591699 pleio
61 164.291807 -1.70250953131376 pleio
62 164.314068 -1.69945479068265 pleio
63 164.325529 -1.71521305861881 pleio
64 164.336991 -1.54066642556387 pleio
65 164.348452 -0.728048112041341 pleio
66 164.60536 -0.492392914179387 pleio
67 164.617986 -0.302100478094091 pleio
68 164.628884 -0.148593547672298 pleio
69 164.636687 -0.0428986483628455 pleio
70 164.648869 0 pleio
71 164.66892 -0.0128795051488163 pleio
72 164.758936 -0.164872036982285 pleio
73 165.053217 -1.38141221305089 pleio
74 165.121823 -2.11888331893732 pleio
75 165.132678 -2.21909711696286 pleio
76 165.143532 -5.18955058158546 pleio
77 165.154046 -7.31111620630658 pleio
78 165.15722 -8.03650016809446 pleio
79 165.160395 -8.89657615850955 pleio
80 165.163569 -9.86664384088037 pleio
81 165.195982 -10.4445707366434 pleio
82 165.223558 -10.6270826910353 pleio
83 165.251135 -10.7448534894045 pleio
84 165.276843 -10.6844235402836 pleio
85 165.283031 -10.6130442227237 pleio
86 165.290201 -10.7397285204209 pleio
87 165.297626 -13.9924444336604 pleio
88 165.445995 -16.7403846472969 pleio
89 165.451594 -16.7285193100346 pleio
90 165.457194 -16.7324749466777 pleio
91 165.462793 -16.7566792970394 pleio
92 165.468393 -16.7977804889208 pleio
93 165.473992 -16.8542156160421 pleio
94 165.479592 -16.9253745465104 pleio
95 165.485905 -19.9492488741523 pleio
96 165.495439 -20.0462275414389 pleio
97 165.565236 -20.0323239902808 pleio
98 165.56991 -19.9601670825567 pleio
99 165.574583 -19.9737559252007 pleio
100 165.581587 -20.1396761907477 pleio
101 165.605467 -20.2387344770355 pleio
102 165.629348 -20.3266315855286 pleio
103 165.653228 -20.4196453984594 pleio
104 165.677109 -20.476760101343 pleio
105 165.700989 -20.5027221549794 pleio
106 165.704891 -20.5432627412522 pleio
107 165.706625 -20.5827698796853 pleio
108 165.708359 -20.6209732314032 pleio
109 165.710093 -20.6576154903089 pleio
110 165.711827 -20.6924613006392 pleio
111 165.713561 -20.6506601295035 pleio
112 165.715295 -20.5848284359367 pleio
113 165.717029 -20.5097672585902 pleio
114 165.718763 -20.4220883860219 pleio
115 165.720497 -20.3206391769166 pleio
116 165.722231 -20.2072358760057 pleio
117 165.723965 -20.0867622644084 pleio
118 165.725699 -19.9811505506933 pleio
119 165.802549 -19.906752047089 pleio
120 165.85132 -19.8902130998283 pleio
121 165.858793 -19.907036159676 pleio
122 165.864624 -19.9649830744004 pleio
123 165.868565 -20.0824951023575 pleio
124 165.872506 -20.2609372705211 pleio
125 165.876447 -20.5003349508102 pleio
126 165.880388 -20.7992968451713 pleio
127 165.884329 -21.1451120495846 pleio
128 165.88827 -21.5512147760321 pleio
129 165.892211 -21.8685755635677 pleio
130 165.896152 -21.961959218729 pleio
131 165.900093 -22.0607823223468 pleio
132 165.912941 -22.1209048063277 pleio
133 165.925276 -22.1289556183518 pleio
134 165.925359 -22.1294147999666 pleio
135 165.925441 -22.1302531114406 pleio
136 165.930685 -22.1438375907703 pleio
137 166.172164 -22.1035341163845 pleio
138 166.181382 -21.9841836634565 pleio
139 166.1906 -21.8357545319956 pleio
140 166.324274 -21.8034555538043 pleio
141 166.325217 -21.8619399792298 pleio
142 166.32602 -21.9234765692249 pleio
143 166.326823 -21.9843842510635 pleio
144 166.327627 -22.0339642762318 pleio
145 166.32843 -22.0782960849319 pleio
146 166.377584 -22.0989896282005 pleio
147 166.382507 -22.0504032045826 pleio
148 166.38743 -22.0378746754937 pleio
149 166.394815 -22.0619949321066 pleio
150 166.403288 -22.1540886101841 pleio
151 166.407404 -22.2682228646632 pleio
152 166.411519 -22.315859309016 pleio
153 166.415634 -22.3727364346995 pleio
154 166.419069 -22.4382507412184 pleio
155 166.422503 -22.5115957533932 pleio
156 166.425938 -22.5917951558547 pleio
157 166.429372 -22.6777607405312 pleio
158 166.432807 -22.7683683276301 pleio
159 166.439999 -22.8624962923819 pleio
160 166.448156 -22.9588072018567 pleio
161 166.475596 -23.0465512434994 pleio
162 166.491355 -22.9398384513346 pleio
163 166.507114 -23.0073198621771 pleio
164 166.522873 -23.243296564068 pleio
165 166.537635 -23.3449356330631 pleio
166 166.55226 -23.3640693049276 pleio
167 166.566886 -23.2706321311807 pleio
168 166.581511 -23.2785257540518 pleio
169 166.592132 -23.1218747646499 pleio
170 166.599166 -22.9502913832218 pleio
171 166.606199 -22.8309965115693 pleio
172 166.613233 -22.7918175745096 pleio
173 166.62365 -23.3187306659649 pleio
174 166.754477 -24.4125910909866 pleio
175 166.783106 -24.4078810058727 pleio
176 166.802407 -24.4100006097985 pleio
177 166.805057 -24.4164067223141 pleio
178 166.807706 -24.4256974779079 pleio
179 166.811338 -24.432772222138 pleio
180 166.839967 -24.4350381254231 pleio
181 166.951357 -24.1296156200619 pleio
182 166.992184 -24.1372783777486 pleio
183 167.033011 -24.1269527188138 pleio
184 167.073838 -23.0090167530137 pleio
185 167.142758 -23.1935003437853 pleio
186 167.274124 -23.6064898014904 pleio
187 167.282638 -23.1270066526276 pleio
188 167.286179 -22.6885978635337 pleio
189 167.289719 -22.3025051186627 pleio
190 167.29326 -22.0491834865814 pleio
191 167.306473 -21.8168910499754 pleio
192 167.322761 -21.8018216425391 pleio
193 167.349466 -21.8153730611444 pleio
194 167.360748 -21.8180991800566 pleio
195 167.37203 -21.8200969498207 pleio
196 167.396998 -21.8171079760945 pleio
197 167.523201 -20.388307649818 pleio
198 167.545144 -20.0251157074359 pleio
199 167.556235 -19.9318768993014 pleio
200 167.567326 -20.0138877278999 pleio
201 167.647654 -19.9961418661502 pleio
202 167.755373 -20.0014335283737 pleio
203 167.788738 -20.0077005612691 pleio
204 167.822104 -20.0142950956798 pleio
205 167.836721 -20.0108145647417 pleio
206 167.845502 -20.0042349973609 pleio
207 167.854284 -19.9977350589474 pleio
208 167.858563 -19.9912544759867 pleio
209 167.860327 -19.9921262279574 pleio
210 167.862092 -20.0217685506119 pleio
211 167.863857 -20.0592273598991 pleio
212 167.865622 -20.1062783874684 pleio
213 167.86764 -20.1515619749903 pleio
214 167.871511 -20.1979471333453 pleio
215 167.876871 -20.2461771020177 pleio
216 167.882232 -20.2961707759512 pleio
217 167.887593 -20.3478454887473 pleio
218 167.913375 -20.3732323376049 pleio
219 167.920966 -20.3637837577786 pleio
220 167.928557 -20.3529968875626 pleio
221 168.002821 -20.352984925407 pleio
222 168.013929 -20.392996842538 pleio
223 168.020304 -20.4364729763948 pleio
224 168.023961 -20.4951428432843 pleio
225 168.02735 -20.5660653159816 pleio
226 168.030739 -20.6424873511082 pleio
227 168.034128 -20.871219185372 pleio
228 168.037518 -20.9269496481864 pleio
229 168.042103 -20.9646205323389 pleio
230 168.057523 -20.8319922910953 pleio
231 168.241031 -20.8227746378862 pleio
232 168.273712 -20.841830306627 pleio
233 168.276509 -20.8655992641899 pleio
234 168.279306 -20.8948848600683 pleio
235 168.282103 -20.9297585508485 pleio
236 168.2849 -20.9702701370288 pleio
237 168.287697 -21.0164520259976 pleio
238 168.291368 -21.0750651334903 pleio
239 168.295216 -21.161455124335 pleio
240 168.301388 -21.2768583106541 pleio
241 168.308464 -21.8372930013933 pleio
242 168.31554 -22.616442254125 pleio
243 168.322616 -23.492703814272 pleio
244 168.369835 -23.8166317897319 pleio
245 168.372164 -23.7907451576496 pleio
246 168.374493 -23.7648903177604 pleio
247 168.376821 -23.6980140805514 pleio
248 164.022416 -10.4032695753775 profile1
249 164.027702 -9.9377412640135 profile1
250 164.032987 -9.79998729587129 profile1
251 164.064248 -9.88341866799131 profile1
252 164.070405 -9.88689666805196 profile1
253 164.076561 -9.89041165709708 profile1
254 164.255184 -9.34250658679466 profile1
255 164.291807 1.62331137945929 profile1
256 164.314068 1.72896709747721 profile1
257 164.325529 1.74530736677801 profile1
258 164.336991 1.96275329031774 profile1
259 164.348452 2.79263024314463 profile1
260 164.60536 3.13788498655001 profile1
261 164.617986 3.12806594108881 profile1
262 164.628884 3.119875439343 profile1
263 164.636687 3.11564990998212 profile1
264 164.648869 3.11671338470843 profile1
265 164.66892 3.11968566748769 profile1
266 164.758936 3.12572403732283 profile1
267 165.053217 2.23452513730223 profile1
268 165.121823 1.54889194757668 profile1
269 165.132678 1.46147724243125 profile1
270 165.143532 -1.49434274801899 profile1
271 165.154046 -3.70241298926849 profile1
272 165.15722 -4.122650435875 profile1
273 165.160395 -4.62800954149945 profile1
274 165.163569 -5.1913662415036 profile1
275 165.195982 -5.3663157334522 profile1
276 165.223558 -5.46755761548285 profile1
277 165.251135 -5.56809123471795 profile1
278 165.276843 -5.44566797566183 profile1
279 165.283031 -5.34010136752248 profile1
280 162.797792 -20.9585709646441 profile1
281 162.802465 -20.9093387190793 profile1
282 162.807137 -20.8742569859934 profile1
283 162.891193 -20.6993517565394 profile1
284 162.899169 -21.6411042448922 profile1
285 162.907146 -22.4997260844524 profile1
286 162.915122 -22.7507017140198 profile1
287 162.923098 -22.7580668351651 profile1
288 162.931074 -22.7614793148383 profile1
289 162.93905 -22.7637411714794 profile1
290 162.97044 -22.2725080465698 profile1
291 162.976744 -22.2632878953769 profile1
292 162.983048 -22.2800163184149 profile1
293 162.989352 -22.0299615842151 profile1
294 162.995537 -21.7301875669077 profile1
295 162.997832 -21.2937993296085 profile1
296 163.00011 -21.2229515040724 profile1
297 163.002388 -21.2170643696564 profile1
298 163.004665 -21.2121724365467 profile1
299 163.006943 -21.208251785503 profile1
300 163.009221 -21.205275487402 profile1
301 163.011499 -21.2032133424164 profile1
302 163.013777 -21.2020325791127 profile1
303 163.016054 -21.2012645346058 profile1
304 163.018332 -21.2007592981714 profile1
305 163.02061 -21.2010627457622 profile1
306 163.022888 -21.2021316341875 profile1
307 163.025166 -21.2045883529531 profile1
308 163.029526 -21.2085449224291 profile1
309 163.045161 -21.2263366377431 profile1
310 163.061794 -21.2429593235368 profile1
311 163.078427 -21.0034646372244 profile1
312 163.09506 -20.678132861426 profile1
313 163.111693 -20.4771137082399 profile1
314 163.125708 -20.4254383582563 profile1
315 163.137394 -20.184470583246 profile1
316 163.14908 -19.6913046193569 profile1
317 163.154021 -18.9842292696487 profile1
318 163.156127 -18.266766439791 profile1
319 163.157556 -17.559390081716 profile1
320 163.158891 -16.8847550921315 profile1
321 163.160225 -16.2656762274217 profile1
322 163.161559 -15.7227805669265 profile1
323 163.162894 -15.2722951328751 profile1
324 163.164228 -14.924443659634 profile1
325 163.165562 -14.6827770178633 profile1
326 163.166897 -14.5445884790526 profile1
327 163.26265 -14.5011583905597 profile1
328 163.413317 -14.4645341587913 profile1
329 163.495816 -12.9974036676529 profile1
330 163.507977 -12.7395864794688 profile1
331 163.520139 -12.6640275466177 profile1
332 163.582672 -12.638077130066 profile1
333 165.290201 -5.44365819147861 profile1
334 165.297626 -8.71794393306168 profile1
335 165.445995 -11.4523341001714 profile1
336 165.451594 -11.4023783885445 profile1
337 165.457194 -11.3626527875562 profile1
338 165.462793 -11.331058160109 profile1
339 165.468393 -11.3085328644566 profile1
340 165.473992 -11.2956307036785 profile1
341 165.479592 -11.2923787905609 profile1
342 165.485905 -10.8188722226941 profile1
343 165.495439 -10.8531583543757 profile1
344 165.565236 -10.8659796209019 profile1
345 165.56991 -10.8632232199106 profile1
346 165.574583 -10.8752241655394 profile1
347 165.581587 -10.9050576207329 profile1
348 165.605467 -10.9356431969037 profile1
349 165.629348 -10.9690936977269 profile1
350 165.653228 -11.0032068897087 profile1
351 165.677109 -11.0238428552803 profile1
352 165.700989 -11.0215967247441 profile1
353 165.704891 -11.0143786818292 profile1
354 165.706625 -11.0073788318363 profile1
355 165.708359 -11.0007112259333 profile1
356 165.710093 -10.9944897245023 profile1
357 165.711827 -10.9888266468252 profile1
358 165.713561 -10.9852318298012 profile1
359 165.715295 -10.9766006263713 profile1
360 165.717029 -10.9586096044802 profile1
361 165.718763 -10.9283364111535 profile1
362 165.720497 -10.8845561938479 profile1
363 165.722231 -10.8285661389262 profile1
364 165.723965 -10.7648019964855 profile1
365 165.725699 -10.7234319357121 profile1
366 165.802549 -10.6868856915653 profile1
367 165.85132 -10.6616880414894 profile1
368 165.858793 -10.6477494075778 profile1
369 165.864624 -10.6539065156968 profile1
370 165.868565 -10.7128761776234 profile1
371 165.872506 -10.8261598307527 profile1
372 165.876447 -10.9939604240345 profile1
373 165.880388 -11.2151032271522 profile1
374 165.884329 -11.4797937877923 profile1
375 165.88827 -11.793470490069 profile1
376 165.892211 -12.008515972977 profile1
377 165.896152 -12.0178155600552 profile1
378 165.900093 -12.0318930058667 profile1
379 165.912941 -12.0423905950129 profile1
380 165.925276 -12.0435420234272 profile1
381 165.925359 -12.0426248234396 profile1
382 165.925441 -12.0419118058116 profile1
383 165.930685 -12.0468431822728 profile1
384 166.172164 -12.0336137961461 profile1
385 166.181382 -12.0030612111323 profile1
386 166.1906 -11.9727903230244 profile1
387 166.324274 -12.0071782480147 profile1
388 166.325217 -12.066243404725 profile1
389 166.32602 -12.1272253022793 profile1
390 166.326823 -12.1842083460872 profile1
391 166.327627 -12.2152969350548 profile1
392 166.32843 -12.2313767129977 profile1
393 166.377584 -12.230476389275 profile1
394 166.382507 -12.1914508431762 profile1
395 166.38743 -12.1895585674332 profile1
396 166.394815 -12.2253672406791 profile1
397 166.403288 -12.3311757823689 profile1
398 166.407404 -12.4585644001644 profile1
399 166.411519 -12.4991579968727 profile1
400 166.415634 -12.5447646493829 profile1
401 166.419069 -12.5947776125564 profile1
402 166.422503 -12.6484252890544 profile1
403 166.425938 -12.7048071189846 profile1
404 166.429372 -12.7629522901122 profile1
405 166.432807 -12.8218919724149 profile1
406 166.439999 -12.8807148652556 profile1
407 166.448156 -12.9384965220996 profile1
408 166.475596 -12.9982585777149 profile1
409 166.491355 -12.8937733113506 profile1
410 166.507114 -12.9624721277722 profile1
411 166.522873 -13.1987863930376 profile1
412 166.537635 -13.290003425778 profile1
413 166.55226 -13.3010522398007 profile1
414 166.566886 -13.1336488810445 profile1
415 166.581511 -13.1356079302535 profile1
416 166.592132 -13.0115703801682 profile1
417 166.599166 -12.8700039509307 profile1
418 166.606199 -12.7673056386667 profile1
419 166.613233 -12.7381404335089 profile1
420 166.62365 -13.2497463814208 profile1
421 166.754477 -13.8194834107233 profile1
422 166.783106 -13.7565072420381 profile1
423 166.802407 -13.6994002831353 profile1
424 166.805057 -13.6461414247246 profile1
425 166.807706 -13.5957827305548 profile1
426 166.811338 -13.5444864938175 profile1
427 166.839967 -13.5124444457971 profile1
428 166.951357 -13.2404692915786 profile1
429 166.992184 -13.2448157066453 profile1
430 167.033011 -13.232607596482 profile1
431 167.073838 -12.5228063095659 profile1
432 167.142758 -12.3897322920836 profile1
433 167.274124 -12.6896962580313 profile1
434 167.282638 -12.3308017677185 profile1
435 167.286179 -12.000448759305 profile1
436 167.289719 -11.7050270098606 profile1
437 167.29326 -11.5147122995121 profile1
438 167.306473 -11.3419923521837 profile1
439 167.322761 -11.3229811230051 profile1
440 167.349466 -11.3304982491193 profile1
441 167.360748 -11.3345259356834 profile1
442 167.37203 -11.3382572932484 profile1
443 167.396998 -11.3375138982407 profile1
444 167.523201 -9.95779810026391 profile1
445 167.545144 -9.59358968493764 profile1
446 167.556235 -9.46155125965757 profile1
447 167.567326 -9.4965971424306 profile1
448 167.647654 -9.49817319366687 profile1
449 167.755373 -9.50389427033205 profile1
450 167.788738 -9.50955197576737 profile1
451 167.822104 -9.51553089643239 profile1
452 167.836721 -9.52152406757922 profile1
453 167.845502 -9.52777115435492 profile1
454 167.854284 -9.53433624256047 profile1
455 167.858563 -9.54115727171903 profile1
456 167.860327 -9.55028406621179 profile1
457 167.862092 -9.56740412693732 profile1
458 167.863857 -9.58458496133654 profile1
459 167.865622 -9.60160038183314 profile1
460 167.86764 -9.60763963584585 profile1
461 167.871511 -9.61106020921364 profile1
462 167.876871 -9.61434792735711 profile1
463 167.882232 -9.61749605370759 profile1
464 167.887593 -9.62050057548831 profile1
465 167.913375 -9.61769017115807 profile1
466 167.920966 -9.60641539558912 profile1
467 167.928557 -9.59392158510235 profile1
468 168.002821 -9.58555435220442 profile1
469 168.013929 -9.59254514171332 profile1
470 168.020304 -9.59940508784207 profile1
471 168.023961 -9.60925076364002 profile1
472 168.02735 -9.62141657044731 profile1
473 168.030739 -9.66911475196275 profile1
474 168.034128 -10.0077984056538 profile1
475 168.037518 -10.0098729478334 profile1
476 168.042103 -10.0068074233005 profile1
477 168.057523 -9.88942717067669 profile1
478 168.241031 -9.86146218863052 profile1
479 168.273712 -9.8847191829881 profile1
480 168.276509 -9.91248798891853 profile1
481 168.279306 -9.94549127928979 profile1
482 168.282103 -9.98377752985247 profile1
483 168.2849 -10.0273764060245 profile1
484 168.287697 -10.076303246718 profile1
485 168.291368 -10.1233818312071 profile1
486 168.295216 -10.1763790997173 profile1
487 168.301388 -10.2440916992909 profile1
488 168.308464 -10.6119166926797 profile1
489 168.31554 -10.9775626298157 profile1
490 168.322616 -11.2599799555274 profile1
491 168.369835 -11.3195828423128 profile1
492 168.372164 -11.2930917345304 profile1
493 168.374493 -11.2667959920898 profile1
494 168.376821 -11.1982009908765 profile1
495 162.797792 -6.56605412097156 profile2
496 162.802465 -6.54861263281428 profile2
497 162.807137 -6.55504016769427 profile2
498 162.891193 -6.34253104146246 profile2
499 162.899169 -6.16143587525393 profile2
500 162.907146 -6.26589163999749 profile2
501 162.915122 -6.31401220570181 profile2
502 162.923098 -6.27643256556449 profile2
503 162.931074 -6.23681612560207 profile2
504 162.93905 -6.19703002157921 profile2
505 162.97044 -6.19481515147528 profile2
506 162.976744 -6.19812856820151 profile2
507 162.983048 -6.17017764062625 profile2
508 162.989352 -5.86491654635419 profile2
509 162.995537 -5.81176621634247 profile2
510 162.997832 -5.43421600863317 profile2
511 163.00011 -5.35781897048743 profile2
512 163.002388 -5.3165177621539 profile2
513 163.004665 -5.27456182889721 profile2
514 163.006943 -5.23183795703622 profile2
515 163.009221 -5.18862667469915 profile2
516 163.011499 -5.14498711156318 profile2
517 163.013777 -5.10098136523766 profile2
518 163.016054 -5.05706083253206 profile2
519 163.018332 -5.01341453873762 profile2
520 163.02061 -4.96960457717341 profile2
521 163.022888 -4.92570733974778 profile2
522 163.025166 -4.88204403120346 profile2
523 163.029526 -4.83879140554628 profile2
524 163.045161 -4.79753171777171 profile2
525 163.061794 -4.75865969416669 profile2
526 163.078427 -4.70096078114568 profile2
527 163.09506 -4.62771178345636 profile2
528 163.111693 -4.5601754377308 profile2
529 163.125708 -4.52299688051064 profile2
530 163.137394 -3.22976364135377 profile2
531 163.14908 -2.83376177239849 profile2
532 163.154021 -2.60978967535143 profile2
533 163.156127 -2.3984516251709 profile2
534 163.157556 -2.20183362210366 profile2
535 163.158891 -2.02184960333621 profile2
536 163.160225 -1.8601845128461 profile2
537 163.161559 -1.71824036188144 profile2
538 163.162894 -1.59710361501993 profile2
539 163.164228 -1.49751472151117 profile2
540 163.165562 -1.4198593675581 profile2
541 163.166897 -1.36407869909067 profile2
542 163.26265 -0.246577462642487 profile2
543 163.413317 2.03840256228828 profile2
544 163.495816 2.81494747595764 profile2
545 163.507977 2.9833677120675 profile2
546 163.520139 3.10481852697624 profile2
547 163.582672 3.13788498655001 profile2
548 164.022416 3.09066916154268 profile2
549 164.027702 2.37342510698494 profile2
550 164.032987 1.75912439271628 profile2
551 164.064248 1.30946169295637 profile2
552 164.070405 1.31529699030371 profile2
553 164.076561 1.32097798708758 profile2
554 164.255184 0.105947982811539 profile2
555 164.291807 -0.167530714060979 profile2
556 164.314068 -0.270685133383756 profile2
557 164.325529 -0.302121484409955 profile2
558 164.336991 -0.344791934690182 profile2
559 164.348452 -0.37239395479879 profile2
560 164.60536 -0.492392914179387 profile2
561 164.617986 -0.292062424303452 profile2
562 164.628884 -0.129059826900873 profile2
563 164.636687 -0.0172383915354283 profile2
564 164.648869 0.0259281066796158 profile2
565 164.66892 0.00968228570214876 profile2
566 164.758936 -0.14624670495117 profile2
567 165.053217 -0.453354880864421 profile2
568 165.121823 -0.497175031076407 profile2
569 165.132678 -0.509312400262903 profile2
570 165.143532 -0.519872140104439 profile2
571 165.154046 -0.441331727544474 profile2
572 165.15722 -0.739846719087706 profile2
573 165.160395 -1.0832874968116 profile2
574 165.163569 -1.47546295397818 profile2
575 165.195982 -1.86663196761583 profile2
576 165.223558 -1.94528308622097 profile2
577 165.251135 -1.96140938148661 profile2
578 165.276843 -2.01954357329353 profile2
579 165.283031 -2.04924813351852 profile2
580 165.290201 -2.08291632204133 profile2
581 165.297626 -2.07680804130898 profile2
582 165.445995 -2.1053959413153 profile2
583 165.451594 -2.14734624913546 profile2
584 165.457194 -2.19485187358163 profile2
585 165.462793 -2.25549552984682 profile2
586 165.468393 -2.32422867774023 profile2
587 165.473992 -2.39864109561713 profile2
588 165.479592 -2.47806986300578 profile2
589 165.485905 -5.93068063803361 profile2
590 165.495439 -5.99463479890386 profile2
591 165.565236 -5.970398092747 profile2
592 165.56991 -5.9044584086351 profile2
593 165.574583 -5.90521522039854 profile2
594 165.581587 -6.03759342637032 profile2
595 165.605467 -6.10730605343234 profile2
596 165.629348 -6.16315911716088 profile2
597 165.653228 -6.22334453037505 profile2
598 165.677109 -6.26047990487015 profile2
599 165.700989 -6.28837714210828 profile2
600 165.704891 -6.33531637623531 profile2
601 165.706625 -6.38092759507013 profile2
602 165.708359 -6.42482497183181 profile2
603 165.710093 -6.46663727806839 profile2
604 165.711827 -6.50601827523116 profile2
605 165.713561 -6.46630997247785 profile2
606 165.715295 -6.40688586052259 profile2
607 165.717029 -6.34671923550699 profile2
608 165.718763 -6.28517245081679 profile2
609 165.720497 -6.22220413264042 profile2
610 165.722231 -6.15833263512804 profile2
611 165.723965 -6.09419057379504 profile2
612 165.725699 -6.02360385696557 profile2
613 165.802549 -5.98130207449752 profile2
614 165.85132 -5.98842116878753 profile2
615 165.858793 -6.01899186191255 profile2
616 165.864624 -6.07124842673984 profile2
617 165.868565 -6.13025821583923 profile2
618 165.872506 -6.19581882937551 profile2
619 165.876447 -6.26767844733292 profile2
620 165.880388 -6.34554161892531 profile2
621 165.884329 -6.42509601880625 profile2
622 165.88827 -6.5150356314483 profile2
623 165.892211 -6.61376611357346 profile2
624 165.896152 -6.69358060227013 profile2
625 165.900093 -6.77359928657625 profile2
626 165.912941 -6.8209024621425 profile2
627 165.925276 -6.82812721838796 profile2
628 165.925359 -6.82984840769923 profile2
629 165.925441 -6.83174108767546 profile2
630 165.930685 -6.84071080583141 profile2
631 166.172164 -6.81878461661141 profile2
632 166.181382 -6.74179941613495 profile2
633 166.1906 -6.63422941480507 profile2
634 166.324274 -6.57033940522946 profile2
635 166.325217 -6.57183706308985 profile2
636 166.32602 -6.57488631482299 profile2
637 166.326823 -6.58111389892111 profile2
638 166.327627 -6.59995319240552 profile2
639 166.32843 -6.62722386546687 profile2
640 166.377584 -6.64692253798499 profile2
641 166.382507 -6.63299235562326 profile2
642 166.38743 -6.61798504036827 profile2
643 166.394815 -6.60198077766639 profile2
644 166.403288 -6.58833899462943 profile2
645 166.407404 -6.57656406468477 profile2
646 166.411519 -6.58689836663371 profile2
647 166.415634 -6.60109481022111 profile2
648 166.419069 -6.61914478979566 profile2
649 166.422503 -6.64100977389821 profile2
650 166.425938 -6.66661925311217 profile2
651 166.429372 -6.69586993484897 profile2
652 166.432807 -6.72862839667675 profile2
653 166.439999 -6.76471200368034 profile2
654 166.448156 -6.80373742290209 profile2
655 166.475596 -6.83099005166276 profile2
656 166.491355 -6.83271025517485 profile2
657 166.507114 -6.83847428155217 profile2
658 166.522873 -6.84558503700169 profile2
659 166.537635 -6.86290801377695 profile2
660 166.55226 -6.87116979801152 profile2
661 166.566886 -6.94953467434223 profile2
662 166.581511 -6.95622991340111 profile2
663 166.592132 -6.92932605953022 profile2
664 166.599166 -6.90242711678083 profile2
665 166.606199 -6.88592606886446 profile2
666 166.613233 -6.87780271779622 profile2
667 166.62365 -6.89072339970983 profile2
668 166.754477 -7.4194338404502 profile2
669 166.783106 -7.48130785554181 profile2
670 166.802407 -7.54317379437103 profile2
671 166.805057 -7.60470519247437 profile2
672 166.807706 -7.66558225326455 profile2
673 166.811338 -7.72513223944977 profile2
674 166.839967 -7.76058988744102 profile2
675 166.951357 -7.7276212456561 profile2
676 166.992184 -7.73100777695344 profile2
677 167.033011 -7.73522172206982 profile2
678 167.073838 -7.41106829421817 profile2
679 167.142758 -7.75145385883594 profile2
680 167.274124 -7.86671769635795 profile2
681 167.282638 -7.75133867984457 profile2
682 167.286179 -7.64836517557278 profile2
683 167.289719 -7.56236936295428 profile2
684 167.29326 -7.50110265560814 profile2
685 167.306473 -7.4458327627098 profile2
686 167.322761 -7.44995020705474 profile2
687 167.349466 -7.45553668544081 profile2
688 167.360748 -7.45396159574205 profile2
689 167.37203 -7.45197055678325 profile2
690 167.396998 -7.44955790499134 profile2
691 167.523201 -7.42786915104847 profile2
692 167.545144 -7.42198307348131 profile2
693 167.556235 -7.4461237549512 profile2
694 167.567326 -7.48241287877599 profile2
695 167.647654 -7.46703424833272 profile2
696 167.755373 -7.4665200904094 profile2
697 167.788738 -7.46710398773376 profile2
698 167.822104 -7.46769274018934 profile2
699 167.836721 -7.45806181589557 profile2
700 167.845502 -7.44500615549018 profile2
701 167.854284 -7.43167515546932 profile2
702 167.858563 -7.41806396634994 profile2
703 167.860327 -7.40942534106213 profile2
704 167.862092 -7.42132504618772 profile2
705 167.863857 -7.44119742109164 profile2
706 167.865622 -7.47119179192318 profile2
707 167.86764 -7.51051490240652 profile2
708 167.871511 -7.55349607273037 profile2
709 167.876871 -7.59834477385847 profile2
710 167.882232 -7.64498319914552 profile2
711 167.887593 -7.69332920739541 profile2
712 167.913375 -7.72143182780058 profile2
713 167.920966 -7.72377869101994 profile2
714 167.928557 -7.72609828425604 profile2
715 168.002821 -7.73499497054298 profile2
716 168.013929 -7.76821656845656 profile2
717 168.020304 -7.80476259440669 profile2
718 168.023961 -7.85317144266671 profile2
719 168.02735 -7.91106480206105 profile2
720 168.030739 -7.93631182125021 profile2
721 168.034128 -7.79278214093971 profile2
722 168.037518 -7.8448992526884 profile2
723 168.042103 -7.88444872951356 profile2
724 168.057523 -7.87085913608532 profile2
725 168.241031 -7.89165081964131 profile2
726 168.273712 -7.88642725303228 profile2
727 168.276509 -7.88113888173963 profile2
728 168.279306 -7.87600453201557 profile2
729 168.282103 -7.87105286923236 profile2
730 168.2849 -7.86631043038435 profile2
731 168.287697 -7.86180116396547 profile2
732 168.291368 -7.87570587769542 profile2
733 168.295216 -7.91116283036161 profile2
734 168.301388 -7.95926811461601 profile2
735 168.308464 -8.12908262432972 profile2
736 168.31554 -8.50212571743969 profile2
737 168.322616 -9.04261736759307 profile2
738 168.369835 -9.28414917868261 profile2
739 168.372164 -9.2843640182124 profile2
740 168.374493 -9.28435890604234 profile2
741 168.376821 -9.28629872097743 profile2
