marker_position lod trace
1 40.751751 -7.86686607260649 pleio
2 40.852649 -7.59356528735597 pleio
3 40.963726 -7.59048909309081 pleio
4 41.071368 -7.60207212236869 pleio
5 41.130258 -7.61255542497983 pleio
6 41.189147 -7.62295185568341 pleio
7 41.248037 -7.63324833308672 pleio
8 41.306927 -7.64330855697414 pleio
9 41.376781 -7.65018529478499 pleio
10 41.466542 -7.65201992684613 pleio
11 41.467199 -7.65419080089172 pleio
12 41.467856 -7.65680024341194 pleio
13 41.535355 -7.64541855400439 pleio
14 41.812857 -7.16064764209964 pleio
15 42.090359 -7.1710405753192 pleio
16 42.192627 -7.18762921512009 pleio
17 42.292082 -7.20287362572961 pleio
18 42.391537 -7.22042183713662 pleio
19 42.490992 -7.24373381456302 pleio
20 42.590447 -7.26703632769715 pleio
21 42.689901 -7.29057220511661 pleio
22 42.789356 -7.3142949226138 pleio
23 42.929723 -7.33818679506419 pleio
24 43.030511 -7.35887479329053 pleio
25 43.09059 -7.37996596252312 pleio
26 43.150669 -7.40491770296723 pleio
27 43.210748 -7.43397351500173 pleio
28 43.265979 -7.46699139621552 pleio
29 43.296031 -7.49814083377162 pleio
30 43.336485 -7.09595571631126 pleio
31 43.376939 -7.12220642208758 pleio
32 43.399199 -6.91092213333042 pleio
33 43.400566 -6.37165202155606 pleio
34 43.401932 -6.2285089673541 pleio
35 43.416832 -6.0200516564733 pleio
36 43.545216 -5.79934782666797 pleio
37 43.659927 -5.82274594900518 pleio
38 43.662301 -5.84447381064467 pleio
39 43.664677 -5.86626291695409 pleio
40 43.66789 -5.88415346537415 pleio
41 43.746502 -5.52253943078711 pleio
42 43.811623 -5.28719071183883 pleio
43 43.828159 -5.34835819935156 pleio
44 43.836311 -5.42013176605163 pleio
45 43.838406 -5.46315606851678 pleio
46 43.840501 -5.32503969141369 pleio
47 43.844466 -5.16881248659781 pleio
48 43.861003 -5.01169043922057 pleio
49 43.901546 -4.89420048061776 pleio
50 43.980158 -4.59438706761728 pleio
51 44.020771 -4.05915450777373 pleio
52 44.053303 -3.97520224469266 pleio
53 44.085836 -4.02013910084537 pleio
54 44.138903 -4.02775521881634 pleio
55 44.294495 -4.23009980466444 pleio
56 44.317834 -4.24554855137052 pleio
57 44.341174 -4.29312827984854 pleio
58 44.364954 -4.31028921047835 pleio
59 44.431929 -4.027687824234 pleio
60 44.438774 -3.91604295972494 pleio
61 44.445619 -3.87009008272475 pleio
62 44.482294 -3.91229741364888 pleio
63 44.551043 -3.87717598852022 pleio
64 44.564207 -3.78628221350731 pleio
65 44.568298 -3.70181442546464 pleio
66 44.572388 -3.62497625394072 pleio
67 44.576479 -3.5560723566133 pleio
68 44.58057 -3.49640799880571 pleio
69 44.584661 -3.47020120968205 pleio
70 44.588908 -3.47524852757558 pleio
71 44.596324 -3.4904114177626 pleio
72 44.603741 -3.51679047337044 pleio
73 44.608283 -3.55508117429822 pleio
74 44.609389 -3.6068360368618 pleio
75 44.610566 -3.67179261691304 pleio
76 44.612126 -3.74952116926832 pleio
77 44.618941 -3.83943547678606 pleio
78 44.625756 -3.94080907342444 pleio
79 44.632571 -3.98215690665814 pleio
80 44.721343 -3.96408954118598 pleio
81 44.725576 -3.86790416887361 pleio
82 44.729808 -3.7883014188745 pleio
83 44.761322 -3.73895490953137 pleio
84 44.780832 -3.72561553749364 pleio
85 44.800342 -3.30435287645716 pleio
86 44.819852 -2.78730896298531 pleio
87 44.838742 -2.71970787064868 pleio
88 44.856652 -2.71832592234143 pleio
89 44.867332 -2.72269064488532 pleio
90 44.874623 -2.73248495765801 pleio
91 44.881915 -2.74772367746599 pleio
92 44.889206 -2.76838290332434 pleio
93 44.896497 -2.74822310878259 pleio
94 44.940291 -1.97065498430405 pleio
95 44.995858 -1.73545009656066 pleio
96 45.051425 -1.48298316499346 pleio
97 45.101619 -1.23924053547848 pleio
98 45.106404 -1.00700751616818 pleio
99 45.111189 -0.794272958910987 pleio
100 45.144068 -0.620005004114699 pleio
101 45.165 -0.505770580554502 pleio
102 45.174292 -0.395395194625964 pleio
103 45.183584 -0.288773596779295 pleio
104 45.206863 -0.215278046049687 pleio
105 45.270542 -0.18408556670014 pleio
106 45.33422 0 pleio
107 45.420117 -0.996840729692608 pleio
108 45.434499 -0.979325967184929 pleio
109 45.438006 -0.998702709429171 pleio
110 45.441513 -1.00500388783761 pleio
111 45.445019 -0.94981034805063 pleio
112 45.448526 -0.894894738030885 pleio
113 45.452033 -0.840379659735724 pleio
114 45.455539 -0.844340154121374 pleio
115 45.458985 -0.751940870316163 pleio
116 45.460636 -0.681720424129419 pleio
117 45.462287 -0.630499081589033 pleio
118 45.463938 -0.594847793862909 pleio
119 45.465589 -0.568297342957674 pleio
120 45.46724 -0.54344616195795 pleio
121 45.470001 -0.520315018977671 pleio
122 45.474942 -0.498918847777405 pleio
123 45.479882 -0.479274760010171 pleio
124 45.484823 -0.461390783300166 pleio
125 45.489764 -0.44527234383017 pleio
126 45.494704 -0.430919662311036 pleio
127 45.499645 -0.414958691510084 pleio
128 45.504585 -0.374881478638844 pleio
129 45.622192 -0.361580784363638 pleio
130 45.689416 -0.376412602725772 pleio
131 45.705169 -0.464516268182296 pleio
132 45.720922 -0.798142734505706 pleio
133 46.0005425 -0.901322000416778 pleio
134 46.280163 -1.2604848823763 pleio
135 46.288948 -1.36730738366745 pleio
136 46.297732 -1.41349890256837 pleio
137 46.306516 -1.40541429213466 pleio
138 46.315301 -1.39884366238838 pleio
139 46.32335 -1.31102091102822 pleio
140 46.326762 -1.18151647313965 pleio
141 46.330173 -1.26010461283526 pleio
142 46.333584 -1.42740194271415 pleio
143 46.336995 -1.5394532595938 pleio
144 46.341532 -1.65813493358446 pleio
145 46.350316 -1.78197370886312 pleio
146 46.358463 -1.88451166939524 pleio
147 46.360127 -1.92045260167829 pleio
148 46.36179 -1.95969952312821 pleio
149 46.363103 -2.00221418950989 pleio
150 46.364052 -2.04795228420352 pleio
151 46.364976 -2.09686374121566 pleio
152 46.365522 -2.1488928831276 pleio
153 46.366069 -2.20397858587654 pleio
154 46.366615 -2.26205507605773 pleio
155 46.367161 -2.32304942463975 pleio
156 46.367707 -2.38688661775707 pleio
157 46.368253 -2.45348558795787 pleio
158 46.368799 -2.51904887449321 pleio
159 46.485003 -3.6790759543939 pleio
160 46.557864 -3.75944403757847 pleio
161 46.610522 -3.80895188079306 pleio
162 46.616448 -3.81456474562048 pleio
163 46.622375 -3.82116844374064 pleio
164 46.628301 -3.82877561826449 pleio
165 46.687297 -3.83739599142214 pleio
166 46.730117 -3.85819494044011 pleio
167 46.732363 -3.91046621904637 pleio
168 46.73461 -3.97793168028274 pleio
169 46.736857 -4.06110504581439 pleio
170 46.739103 -4.15977721653844 pleio
171 46.74135 -4.26027130585012 pleio
172 46.750658 -4.27599039888442 pleio
173 46.815826 -4.29598958545109 pleio
174 46.828517 -4.90017068229377 pleio
175 46.833526 -5.19846053706544 pleio
176 46.838536 -5.25433724533688 pleio
177 46.843545 -5.32350666359792 pleio
178 46.848554 -5.40447301671556 pleio
179 46.853564 -5.4953132271746 pleio
180 46.921126 -5.59395345511532 pleio
181 47.021298 -5.6164860923014 pleio
182 47.023709 -5.72670898518485 pleio
183 47.02612 -5.84804193553729 pleio
184 47.035721 -5.88437373935077 pleio
185 47.160161 -6.03375799808068 pleio
186 47.295389 -6.14918343701989 pleio
187 47.430616 -6.16053706499037 pleio
188 47.565843 -6.17401123939474 pleio
189 47.70107 -6.20307406000243 pleio
190 47.836298 -6.46459381029299 pleio
191 47.971525 -6.73394514138031 pleio
192 48.106752 -6.75210530739811 pleio
193 48.24198 -6.76813920059083 pleio
194 48.377207 -6.78389263548175 pleio
195 48.474506 -6.79998281880927 pleio
196 48.553159 -6.81634152677891 pleio
197 48.631813 -6.83277041346462 pleio
198 48.717003 -6.84923456952562 pleio
199 48.805261 -6.80840751680841 pleio
200 48.89352 -6.76033522670066 pleio
201 48.982344 -6.72828391980914 pleio
202 49.13026 -6.83892270646109 pleio
203 49.161395 -6.81114208581257 pleio
204 49.168603 -6.7127143822011 pleio
205 49.175812 -6.66059854750701 pleio
206 49.276939 -6.58015779700829 pleio
207 49.413086 -8.00368472045285 pleio
208 49.549232 -7.66140103309746 pleio
209 49.611939 -7.69885024722242 pleio
210 49.614662 -7.77799130343567 pleio
211 49.617384 -7.87119465840713 pleio
212 49.620107 -7.90173829001106 pleio
213 49.62283 -7.93390138872383 pleio
214 49.625553 -7.96758439896911 pleio
215 49.628276 -8.00268588236728 pleio
216 49.638989 -8.03100883077531 pleio
217 49.65723 -8.04529213966193 pleio
218 49.660035 -8.05165330114485 pleio
219 49.66284 -8.0593199103618 pleio
220 49.665644 -8.06833399147906 pleio
221 49.668449 -8.0787374125706 pleio
222 49.671254 -8.09057079703123 pleio
223 49.674058 -8.10387240681278 pleio
224 49.695383 -8.11899537156572 pleio
225 49.798204 -8.117781882186 pleio
226 49.807433 -8.11521668232019 pleio
227 49.816662 -8.11209130923917 pleio
228 49.911484 -8.76923092548486 pleio
229 50.08976 -9.1370597989623 pleio
230 50.121095 -9.15403925574877 pleio
231 50.152431 -9.17293857806556 pleio
232 50.173971 -9.19352377345532 pleio
233 50.177001 -9.21580105671211 pleio
234 50.180031 -9.15556557774679 pleio
235 50.183061 -9.16152091902542 pleio
236 50.18609 -9.15547283274839 pleio
237 50.18912 -9.15398473887453 pleio
238 50.19215 -9.16836036383411 pleio
239 50.295327 -9.57673856897262 pleio
240 50.302108 -9.57138462357833 pleio
241 50.308889 -9.56537648552641 pleio
242 50.311001 -9.55883260557919 pleio
243 40.751751 -3.28186047026561 profile1
244 40.852649 -3.04421563388375 profile1
245 40.963726 -2.95622098117321 profile1
246 41.071368 -2.96967567025194 profile1
247 41.130258 -2.98199343312694 profile1
248 41.189147 -2.99415791993761 profile1
249 41.248037 -3.00615289800923 profile1
250 41.306927 -3.01790403005461 profile1
251 41.376781 -3.02699210430501 profile1
252 41.466542 -3.02844673573113 profile1
253 41.467199 -3.03015073644755 profile1
254 41.467856 -3.03164033696136 profile1
255 41.535355 -3.01103318002451 profile1
256 41.812857 -2.32912159540522 profile1
257 42.090359 -2.33305953544889 profile1
258 42.192627 -2.3516190757713 profile1
259 42.292082 -2.37781364334545 profile1
260 42.391537 -2.40270322501608 profile1
261 42.490992 -2.42768277874393 profile1
262 42.590447 -2.45655574063716 profile1
263 42.689901 -2.48600256460324 profile1
264 42.789356 -2.51544219202819 profile1
265 42.929723 -2.54484829523578 profile1
266 43.030511 -2.56643244362689 profile1
267 43.09059 -2.58334515087237 profile1
268 43.150669 -2.60187131500953 profile1
269 43.210748 -2.62239943342995 profile1
270 43.265979 -2.64484755128631 profile1
271 43.296031 -2.65890978546968 profile1
272 43.336485 -2.10622807025071 profile1
273 43.376939 -2.12014649528471 profile1
274 43.399199 -2.12034844075105 profile1
275 43.400566 -1.86857737137329 profile1
276 43.401932 -1.65756740522211 profile1
277 43.416832 -1.38794447634746 profile1
278 43.545216 -1.19416496339373 profile1
279 43.659927 -1.21261218939788 profile1
280 43.662301 -1.23164960498177 profile1
281 43.664677 -1.250584108486 profile1
282 43.66789 -1.2682891687376 profile1
283 43.746502 -0.972674878827724 profile1
284 43.811623 -0.79025535126194 profile1
285 43.828159 -0.837734146967632 profile1
286 43.836311 -0.892734448922792 profile1
287 43.838406 -0.946540933887415 profile1
288 43.840501 -0.970108765126523 profile1
289 43.844466 -0.997596499534956 profile1
290 43.861003 -1.03035828331848 profile1
291 43.901546 -1.06587614955185 profile1
292 43.980158 -1.11239886558984 profile1
293 44.020771 -1.18187026587559 profile1
294 44.053303 -1.2582099017814 profile1
295 44.085836 -1.32839221829422 profile1
296 44.138903 -1.35439630979083 profile1
297 44.294495 -1.51491582458938 profile1
298 44.317834 -1.52937388862112 profile1
299 44.341174 -1.5338266739794 profile1
300 44.364954 -1.53847969408864 profile1
301 44.431929 -1.6915688737473 profile1
302 44.438774 -1.63263889481782 profile1
303 44.445619 -1.58669568545257 profile1
304 44.482294 -1.56192148303383 profile1
305 44.551043 -1.5145706337253 profile1
306 44.564207 -1.4834666237146 profile1
307 44.568298 -1.45502456582255 profile1
308 44.572388 -1.42925185189984 profile1
309 44.576479 -1.40618551202565 profile1
310 44.58057 -1.38581197085741 profile1
311 44.584661 -1.3963618796808 profile1
312 44.588908 -1.44323546359878 profile1
313 44.596324 -1.49467804581169 profile1
314 44.603741 -1.55224453661733 profile1
315 44.608283 -1.61564683599488 profile1
316 44.609389 -1.68453506630448 profile1
317 44.610566 -1.75854955549149 profile1
318 44.612126 -1.83728997275563 profile1
319 44.618941 -1.92032170506094 profile1
320 44.625756 -2.00718290179734 profile1
321 44.632571 -2.03264804089702 profile1
322 44.721343 -2.04413925009536 profile1
323 44.725576 -2.04898430671051 profile1
324 44.729808 -2.05514453098577 profile1
325 44.761322 -2.06120516546946 profile1
326 44.780832 -2.06415553960397 profile1
327 44.800342 -1.92683219408248 profile1
328 44.819852 -1.69266326204648 profile1
329 44.838742 -1.57486990078471 profile1
330 44.856652 -1.57710521700638 profile1
331 44.867332 -1.5834783838252 profile1
332 44.874623 -1.5937848598361 profile1
333 44.881915 -1.6080118134154 profile1
334 44.889206 -1.62610477932193 profile1
335 44.896497 -1.62691502994525 profile1
336 44.940291 -1.08766546104305 profile1
337 44.995858 -0.846474209291458 profile1
338 45.051425 -0.632351981419664 profile1
339 45.101619 -0.428664088557697 profile1
340 45.106404 -0.236483253182696 profile1
341 45.111189 -0.0590325566029061 profile1
342 45.144068 0.12796528349108 profile1
343 45.165 0.278631035295413 profile1
344 45.174292 0.427245904334523 profile1
345 45.183584 0.573424944330543 profile1
346 45.206863 0.680369362059121 profile1
347 45.270542 0.852060842938034 profile1
348 45.33422 0.890232905423041 profile1
349 45.420117 -0.0548901899054872 profile1
350 45.434499 -0.124444450664367 profile1
351 45.438006 -0.227301141146647 profile1
352 45.441513 -0.301535468220774 profile1
353 45.445019 -0.295234704488233 profile1
354 45.448526 -0.28828975537993 profile1
355 45.452033 -0.280725575532977 profile1
356 45.455539 -0.278433419409937 profile1
357 45.458985 -0.262988836376755 profile1
358 45.460636 -0.254962763849485 profile1
359 45.462287 -0.245500089935066 profile1
360 45.463938 -0.25297017923134 profile1
361 45.465589 -0.269471159626389 profile1
362 45.46724 -0.285990361893109 profile1
363 45.470001 -0.302491566092313 profile1
364 45.474942 -0.318938185444548 profile1
365 45.479882 -0.335298526567632 profile1
366 45.484823 -0.351538908012445 profile1
367 45.489764 -0.367627897250737 profile1
368 45.494704 -0.383534807110644 profile1
369 45.499645 -0.396473727979235 profile1
370 45.504585 -0.374881478638844 profile1
371 45.622192 -0.316799161520098 profile1
372 45.689416 -0.170896999122295 profile1
373 45.705169 -0.219334496151086 profile1
374 45.720922 -0.405878866446173 profile1
375 46.0005425 -0.458859093597588 profile1
376 46.280163 -0.794257546889517 profile1
377 46.288948 -0.800777237204373 profile1
378 46.297732 -0.804262758901013 profile1
379 46.306516 -0.795783879215255 profile1
380 46.315301 -0.788829146104539 profile1
381 46.32335 -0.757465684539276 profile1
382 46.326762 -0.722871634744629 profile1
383 46.330173 -0.78988616395532 profile1
384 46.333584 -0.886986045097056 profile1
385 46.336995 -0.944943578046999 profile1
386 46.341532 -1.01522812732112 profile1
387 46.350316 -1.09582515695554 profile1
388 46.358463 -1.16126139650892 profile1
389 46.360127 -1.16476735486778 profile1
390 46.36179 -1.16913387540454 profile1
391 46.363103 -1.17433820914002 profile1
392 46.364052 -1.18035708176645 profile1
393 46.364976 -1.18716665918528 profile1
394 46.365522 -1.19474267361429 profile1
395 46.366069 -1.20306054978326 profile1
396 46.366615 -1.21209551488695 profile1
397 46.367161 -1.22182277971667 profile1
398 46.367707 -1.23221759158048 profile1
399 46.368253 -1.2432553494134 profile1
400 46.368799 -1.25366939237791 profile1
401 46.485003 -1.25755195564118 profile1
402 46.557864 -1.27190131481531 profile1
403 46.610522 -1.30590271522236 profile1
404 46.616448 -1.3057950483719 profile1
405 46.622375 -1.30637092814353 profile1
406 46.628301 -1.30765105155656 profile1
407 46.687297 -1.30965276760778 profile1
408 46.730117 -1.30704462030857 profile1
409 46.732363 -1.30230282037771 profile1
410 46.73461 -1.30806271014112 profile1
411 46.736857 -1.3246604785644 profile1
412 46.739103 -1.35210680463055 profile1
413 46.74135 -1.38569538561118 profile1
414 46.750658 -1.39259623140561 profile1
415 46.815826 -1.39714863703688 profile1
416 46.828517 -1.86868137691579 profile1
417 46.833526 -2.0883496862862 profile1
418 46.838536 -2.09312904819061 profile1
419 46.843545 -2.100448526632 profile1
420 46.848554 -2.1103062451568 profile1
421 46.853564 -2.12264910975893 profile1
422 46.921126 -2.13735959576977 profile1
423 47.021298 -2.13246915736533 profile1
424 47.023709 -2.17904509825047 profile1
425 47.02612 -2.23664335007253 profile1
426 47.035721 -2.23824959239467 profile1
427 47.160161 -2.24807345919306 profile1
428 47.295389 -2.29644252783589 profile1
429 47.430616 -2.29657243375016 profile1
430 47.565843 -2.29687441373095 profile1
431 47.70107 -2.31072613987324 profile1
432 47.836298 -2.34436173323432 profile1
433 47.971525 -2.36564403259761 profile1
434 48.106752 -2.36935624930149 profile1
435 48.24198 -2.37309259616588 profile1
436 48.377207 -2.3756835177228 profile1
437 48.474506 -2.37855492181097 profile1
438 48.553159 -2.3816983314068 profile1
439 48.631813 -2.38479073962087 profile1
440 48.717003 -2.38782507153036 profile1
441 48.805261 -2.37739413751556 profile1
442 48.89352 -2.39330828561656 profile1
443 48.982344 -2.4089857052819 profile1
444 49.13026 -2.47858774763463 profile1
445 49.161395 -2.45937157097579 profile1
446 49.168603 -2.38953198249823 profile1
447 49.175812 -2.3397026912942 profile1
448 49.276939 -2.29681759653135 profile1
449 49.413086 -3.43827227764147 profile1
450 49.549232 -2.86260073489065 profile1
451 49.611939 -2.93453542185393 profile1
452 49.614662 -3.05755466030711 profile1
453 49.617384 -3.18253991964307 profile1
454 49.620107 -3.21305048481274 profile1
455 49.62283 -3.24447157279624 profile1
456 49.625553 -3.27671215932979 profile1
457 49.628276 -3.30967910355196 profile1
458 49.638989 -3.33622526380448 profile1
459 49.65723 -3.35230892069045 profile1
460 49.660035 -3.36581067466178 profile1
461 49.66284 -3.38046544220071 profile1
462 49.665644 -3.39629043722809 profile1
463 49.668449 -3.41330352131026 profile1
464 49.671254 -3.43152252940214 profile1
465 49.674058 -3.45096452897466 profile1
466 49.695383 -3.47172847411678 profile1
467 49.798204 -3.47481899951745 profile1
468 49.807433 -3.47638440191647 profile1
469 49.816662 -3.47765396081834 profile1
470 49.911484 -3.85939678836267 profile1
471 50.08976 -4.05440670340587 profile1
472 50.121095 -4.05087224182751 profile1
473 50.152431 -4.04759740661083 profile1
474 50.173971 -4.04436577987958 profile1
475 50.177001 -4.04130034721917 profile1
476 50.180031 -3.90063690155902 profile1
477 50.183061 -3.8794345178137 profile1
478 50.18609 -3.87820966969509 profile1
479 50.18912 -3.87822305346547 profile1
480 50.19215 -3.87737002183035 profile1
481 50.295327 -4.26697323260102 profile1
482 50.302108 -4.25262420214237 profile1
483 50.308889 -4.23765521814736 profile1
484 50.311001 -4.22216416792327 profile1
485 40.751751 -3.60750905422572 profile2
486 40.852649 -3.56574160794294 profile2
487 40.963726 -3.65457731390953 profile2
488 41.071368 -3.65379838883997 profile2
489 41.130258 -3.65304527425805 profile2
490 41.189147 -3.65237534317548 profile2
491 41.248037 -3.65179008491231 profile2
492 41.306927 -3.65122469332973 profile2
493 41.376781 -3.64999856697117 profile2
494 41.466542 -3.65068241188929 profile2
495 41.467199 -3.65146855741411 profile2
496 41.467856 -3.65289546189051 profile2
497 41.535355 -3.66232232124746 profile2
498 41.812857 -3.86176241515657 profile2
499 42.090359 -3.86861481367928 profile2
500 42.192627 -3.8677730477789 profile2
501 42.292082 -3.85870030315925 profile2
502 42.391537 -3.85305302321734 profile2
503 42.490992 -3.8527584150535 profile2
504 42.590447 -3.84882284944654 profile2
505 42.689901 -3.84461183484946 profile2
506 42.789356 -3.84064446919461 profile2
507 42.929723 -3.83691738953565 profile2
508 43.030511 -3.83590916880006 profile2
509 43.09059 -3.83880598935022 profile2
510 43.150669 -3.84430824208503 profile2
511 43.210748 -3.85229676505981 profile2
512 43.265979 -3.86271898520115 profile2
513 43.296031 -3.88008768404827 profile2
514 43.336485 -4.03360905678867 profile2
515 43.376939 -4.04765648870147 profile2
516 43.399199 -3.8442523365872 profile2
517 43.400566 -3.55419164055892 profile2
518 43.401932 -3.61215574300673 profile2
519 43.416832 -3.67199417753421 profile2
520 43.545216 -3.64908905190457 profile2
521 43.659927 -3.65535479595007 profile2
522 43.662301 -3.65917973881325 profile2
523 43.664677 -3.66317122019377 profile2
524 43.66789 -3.66407424634425 profile2
525 43.746502 -3.58844742193197 profile2
526 43.811623 -3.53262204719708 profile2
527 43.828159 -3.54951701149754 profile2
528 43.836311 -3.56888291632327 profile2
529 43.838406 -3.56095594725005 profile2
530 43.840501 -3.40610965049721 profile2
531 43.844466 -3.22909168130617 profile2
532 43.861003 -3.04500215231566 profile2
533 43.901546 -2.89591518711665 profile2
534 43.980158 -2.55217429516779 profile2
535 44.020771 -1.95253714748464 profile2
536 44.053303 -1.79795271538649 profile2
537 44.085836 -1.77830301621282 profile2
538 44.138903 -1.76405512199605 profile2
539 44.294495 -1.80144996032439 profile2
540 44.317834 -1.80323594405458 profile2
541 44.341174 -1.84682483810587 profile2
542 44.364954 -1.86326156351853 profile2
543 44.431929 -1.41746781652361 profile2
544 44.438774 -1.36510783849566 profile2
545 44.445619 -1.36502094167191 profile2
546 44.482294 -1.43568440988145 profile2
547 44.551043 -1.45278290528562 profile2
548 44.564207 -1.39382813490869 profile2
549 44.568298 -1.33877477555253 profile2
550 44.572388 -1.28883793477957 profile2
551 44.576479 -1.24426781004885 profile2
552 44.58057 -1.20639980325601 profile2
553 44.584661 -1.17070118537875 profile2
554 44.588908 -1.1292476012228 profile2
555 44.596324 -1.093531753484 profile2
556 44.603741 -1.06304636210895 profile2
557 44.608283 -1.03877881223032 profile2
558 44.609389 -1.02269214406451 profile2
559 44.610566 -1.0148690743197 profile2
560 44.612126 -1.01526401613925 profile2
561 44.618941 -1.02370812044715 profile2
562 44.625756 -1.0399190073267 profile2
563 44.632571 -1.05633844111886 profile2
564 44.721343 -1.02739716387155 profile2
565 44.725576 -0.927423599436175 profile2
566 44.729808 -0.842587866425899 profile2
567 44.761322 -0.787708261063706 profile2
568 44.780832 -0.771322576614801 profile2
569 44.800342 -0.493901754465414 profile2
570 44.819852 -0.217897843896229 profile2
571 44.838742 -0.268639132317131 profile2
572 44.856652 -0.264284958059208 profile2
573 44.867332 -0.261504949006529 profile2
574 44.874623 -0.260189704362207 profile2
575 44.881915 -0.260367327509715 profile2
576 44.889206 -0.262070501022241 profile2
577 44.896497 -0.239079913822831 profile2
578 44.940291 0.00640164279669957 profile2
579 44.995858 0.00227281893514301 profile2
580 45.051425 0.0416888058201413 profile2
581 45.101619 0.0822850926430355 profile2
582 45.106404 0.122571192135833 profile2
583 45.111189 0.157866233151053 profile2
584 45.144068 0.144628217235541 profile2
585 45.165 0.106989465888684 profile2
586 45.174292 0.0674699459934228 profile2
587 45.183584 0.026563145614171 profile2
588 45.206863 -0.00795787026734633 profile2
589 45.270542 -0.147868856147103 profile2
590 45.33422 0 profile2
591 45.420117 -0.0468824301561526 profile2
592 45.434499 0.039988626239603 profile2
593 45.438006 0.122751662308035 profile2
594 45.441513 0.189831301658981 profile2
595 45.445019 0.238258590231622 profile2
596 45.448526 0.285771848208746 profile2
597 45.452033 0.332272094793523 profile2
598 45.455539 0.3276053394614 profile2
599 45.458985 0.403002268874571 profile2
600 45.460636 0.463853981993367 profile2
601 45.462287 0.505173177166625 profile2
602 45.463938 0.547964298995621 profile2
603 45.465589 0.59078985980476 profile2
604 45.46724 0.631990969815528 profile2
605 45.470001 0.671510304590281 profile2
606 45.474942 0.709295993511105 profile2
607 45.479882 0.74529880642889 profile2
608 45.484823 0.77947661975415 profile2
609 45.489764 0.811792120658128 profile2
610 45.494704 0.842213926509994 profile2
611 45.499645 0.87132882111939 profile2
612 45.504585 0.890232905423041 profile2
613 45.622192 0.847810329359751 profile2
614 45.689416 0.691700216541032 profile2
615 45.705169 0.651021071789467 profile2
616 45.720922 0.50843493569256 profile2
617 46.0005425 0.465192059963815 profile2
618 46.280163 0.427435403888044 profile2
619 46.288948 0.326347794347485 profile2
620 46.297732 0.283255507509341 profile2
621 46.306516 0.281257592987363 profile2
622 46.315301 0.279452368324527 profile2
623 46.32335 0.334737010962718 profile2
624 46.326762 0.425030588287956 profile2
625 46.330173 0.406896501686186 profile2
626 46.333584 0.332643518382462 profile2
627 46.336995 0.280418637720146 profile2
628 46.341532 0.232932043491061 profile2
629 46.350316 0.189579746891371 profile2
630 46.358463 0.151631752635301 profile2
631 46.360127 0.118613205036207 profile2
632 46.36179 0.0831501596251836 profile2
633 46.363103 0.0452576457875001 profile2
634 46.364052 0.00495619338919052 profile2
635 46.364976 -0.0377285144311934 profile2
636 46.365522 -0.0827656501060308 profile2
637 46.366069 -0.130119276700183 profile2
638 46.366615 -0.17974903845685 profile2
639 46.367161 -0.231607427212105 profile2
640 46.367707 -0.285644889049623 profile2
641 46.368253 -0.341805629842093 profile2
642 46.368799 -0.39758515858147 profile2
643 46.485003 -1.56325339811209 profile2
644 46.557864 -1.63002438605764 profile2
645 46.610522 -1.64639952626127 profile2
646 46.616448 -1.6522288882899 profile2
647 46.622375 -1.65834296249365 profile2
648 46.628301 -1.66473126036256 profile2
649 46.687297 -1.67138364981731 profile2
650 46.730117 -1.69514972845632 profile2
651 46.732363 -1.75340079537901 profile2
652 46.73461 -1.81669520826082 profile2
653 46.736857 -1.88518759972743 profile2
654 46.739103 -1.95863669067003 profile2
655 46.74135 -2.02767267599639 profile2
656 46.750658 -2.03611954404665 profile2
657 46.815826 -2.05091702922721 profile2
658 46.828517 -2.18820711185095 profile2
659 46.833526 -2.26838940911311 profile2
660 46.838536 -2.31704814543958 profile2
661 46.843545 -2.37577924909939 profile2
662 46.848554 -2.44313996727838 profile2
663 46.853564 -2.51734129734539 profile2
664 46.921126 -2.59652620969397 profile2
665 47.021298 -2.61810877441121 profile2
666 47.023709 -2.68338309604259 profile2
667 47.02612 -2.74989841547991 profile2
668 47.035721 -2.78411988189837 profile2
669 47.160161 -2.91843572531959 profile2
670 47.295389 -2.98362913837305 profile2
671 47.430616 -2.99316234352236 profile2
672 47.565843 -3.0056400429222 profile2
673 47.70107 -3.01993676720933 profile2
674 47.836298 -3.24785915262455 profile2
675 47.971525 -3.4959856447237 profile2
676 48.106752 -3.50969226826753 profile2
677 48.24198 -3.52113173554169 profile2
678 48.377207 -3.53346585792553 profile2
679 48.474506 -3.54583938186992 profile2
680 48.553159 -3.55819140306411 profile2
681 48.631813 -3.57065332749463 profile2
682 48.717003 -3.58319987208715 profile2
683 48.805261 -3.55348880881958 profile2
684 48.89352 -3.49192456367294 profile2
685 48.982344 -3.44520519118826 profile2
686 49.13026 -3.49141313362187 profile2
687 49.161395 -3.48189156868501 profile2
688 49.168603 -3.44654309118221 profile2
689 49.175812 -3.4342097532801 profile2
690 49.276939 -3.39828887351896 profile2
691 49.413086 -3.70904822875565 profile2
692 49.549232 -3.93302785502188 profile2
693 49.611939 -3.90514858258914 profile2
694 49.614662 -3.87072540040716 profile2
695 49.617384 -3.84678029263838 profile2
696 49.620107 -3.84536558034819 profile2
697 49.62283 -3.84459741658181 profile2
698 49.625553 -3.8444725668063 profile2
699 49.628276 -3.84498804135283 profile2
700 49.638989 -3.84493196594935 profile2
701 49.65723 -3.84174029730918 profile2
702 49.660035 -3.83413111599777 profile2
703 49.66284 -3.82669716944032 profile2
704 49.665644 -3.81946657198757 profile2
705 49.668449 -3.81246663901873 profile2
706 49.671254 -3.80572339613666 profile2
707 49.674058 -3.79926112924847 profile2
708 49.695383 -3.79333111224788 profile2
709 49.798204 -3.78885239891973 profile2
710 49.807433 -3.78465901045282 profile2
711 49.816662 -3.78017360113948 profile2
712 49.911484 -4.06103866894844 profile2
713 50.08976 -4.19244024691796 profile2
714 50.121095 -4.21244652135962 profile2
715 50.152431 -4.23410825128565 profile2
716 50.173971 -4.25741871145402 profile2
717 50.177001 -4.2822487758439 profile2
718 50.180031 -4.37367281603089 profile2
719 50.183061 -4.40645223296517 profile2
720 50.18609 -4.40186383487458 profile2
721 50.18912 -4.40058579146256 profile2
722 50.19215 -4.41578304332647 profile2
723 50.295327 -4.43749298987289 profile2
724 50.302108 -4.44773208177862 profile2
725 50.308889 -4.45791876904524 profile2
726 50.311001 -4.46806359686019 profile2
