marker_position lod trace
1 142.490795 -21.079736968328 pleio
2 142.517426 -20.9444180438913 pleio
3 142.560149 -20.8112629899017 pleio
4 142.602873 -20.6770896433597 pleio
5 142.64402 -20.5416796648296 pleio
6 142.685103 -20.5360938184722 pleio
7 142.726186 -20.4538518191094 pleio
8 142.767269 -20.3161041112005 pleio
9 142.808353 -20.1707266955659 pleio
10 142.849436 -20.0053524484711 pleio
11 142.876943 -19.843914772174 pleio
12 142.880371 -19.6866707652639 pleio
13 142.883799 -19.5342139328429 pleio
14 142.904956 -19.3872897507097 pleio
15 142.989329 -19.3550559403859 pleio
16 143.073701 -19.2555449270662 pleio
17 143.155273 -19.153038417251 pleio
18 143.159416 -19.1071801693736 pleio
19 143.163559 -19.0451194032861 pleio
20 143.167702 -18.9244626378408 pleio
21 143.171846 -18.801756663998 pleio
22 143.175989 -18.6792258931937 pleio
23 143.180132 -18.5577041693077 pleio
24 143.240265 -18.3762538160608 pleio
25 143.324863 -17.8618142871293 pleio
26 143.409462 -17.3733137874778 pleio
27 143.484637 -17.3196516496196 pleio
28 143.487347 -17.2481141848877 pleio
29 143.490056 -17.0910699709181 pleio
30 143.492766 -16.9444073739814 pleio
31 143.495555 -16.8086028616523 pleio
32 143.498344 -16.6840401091241 pleio
33 143.501132 -16.5789123397114 pleio
34 143.521072 -16.468088557657 pleio
35 143.53778 -16.3616949803677 pleio
36 143.554489 -16.2676983903386 pleio
37 143.570345 -16.1819405381135 pleio
38 143.571477 -16.1063964457609 pleio
39 143.572611 -16.0441295745802 pleio
40 143.574439 -15.9981446630215 pleio
41 143.699438 -16.3451402210084 pleio
42 143.824436 -15.9976912492828 pleio
43 143.915168 -15.9350766154362 pleio
44 143.920616 -15.8854685401449 pleio
45 143.926063 -15.8320958338275 pleio
46 143.93182 -15.7107803525922 pleio
47 143.935901 -15.4388126450895 pleio
48 143.939982 -15.2062773797526 pleio
49 143.944917 -15.0195107944778 pleio
50 143.975668 -14.8837404659646 pleio
51 144.013221 -14.8399575424886 pleio
52 144.051716 -14.8180881328188 pleio
53 144.090211 -14.8179911672666 pleio
54 144.128706 -14.8075262811441 pleio
55 144.167202 -14.796333614894 pleio
56 144.176428 -14.7850206507531 pleio
57 144.180816 -14.7741863875207 pleio
58 144.185205 -14.76570174088 pleio
59 144.348163 -14.270311028328 pleio
60 144.361337 -14.0252456235612 pleio
61 144.363468 -13.5928394558826 pleio
62 144.365599 -13.2094242963155 pleio
63 144.367577 -12.8311979557516 pleio
64 144.375504 -12.4437119837571 pleio
65 144.385418 -12.1488155519171 pleio
66 144.395332 -11.9531112152423 pleio
67 144.407236 -11.8560339065828 pleio
68 144.411293 -11.7855407338745 pleio
69 144.415349 -11.7260590212589 pleio
70 144.419405 -11.6776577199385 pleio
71 144.423461 -11.6403195841351 pleio
72 144.427517 -11.4629103974398 pleio
73 144.431573 -11.2818954678068 pleio
74 144.437408 -11.1529411431621 pleio
75 144.440911 -11.1263630594897 pleio
76 144.442944 -11.1047829557096 pleio
77 144.444976 -11.0156936198947 pleio
78 144.447008 -10.8763911506452 pleio
79 144.44904 -10.7501127743429 pleio
80 144.454745 -10.6407521205496 pleio
81 144.498681 -10.5417718471384 pleio
82 144.558267 -10.460407975699 pleio
83 144.587405 -10.3513806764316 pleio
84 144.587686 -10.2267234806492 pleio
85 144.587968 -10.1189741641647 pleio
86 144.617027 -10.0327760956379 pleio
87 144.705848 -9.59522549238283 pleio
88 144.716797 -9.38049113815761 pleio
89 144.727745 -9.10550150883433 pleio
90 144.897381 -9.13773634593631 pleio
91 144.903395 -9.25016061874429 pleio
92 144.909409 -9.37717530691577 pleio
93 144.916914 -9.51809480179281 pleio
94 144.947844 -9.6345468859879 pleio
95 144.978774 -9.7534613624052 pleio
96 145.106694 -9.44789864709195 pleio
97 145.224788 -9.46227693424084 pleio
98 145.342881 -9.21134597453325 pleio
99 145.729503 -8.50305107169457 pleio
100 145.916546 -8.56339396920684 pleio
101 146.10359 -8.51789085668297 pleio
102 146.240909 -8.42070654355952 pleio
103 146.283615 -8.71592926572823 pleio
104 146.304543 -8.64048289841433 pleio
105 146.314537 -8.57360556932217 pleio
106 146.319976 -8.51589437522846 pleio
107 146.322338 -8.46786783992201 pleio
108 146.3247 -8.42995491421943 pleio
109 146.327062 -8.40247228786894 pleio
110 146.329424 -8.38560910501315 pleio
111 146.331786 -8.3794290539508 pleio
112 146.334148 -8.38385727191946 pleio
113 146.33651 -8.95457686576355 pleio
114 146.643419 -9.4544029655688 pleio
115 146.654632 -9.37735012913029 pleio
116 146.665844 -9.30498521206841 pleio
117 146.677056 -9.19285765532002 pleio
118 146.688269 -8.8057785055897 pleio
119 146.69133 -8.4633534516477 pleio
120 146.694026 -8.30371984203743 pleio
121 146.696722 -8.37302563081849 pleio
122 146.699418 -8.68009301627817 pleio
123 146.702114 -9.18678937474914 pleio
124 146.70481 -9.21611437332225 pleio
125 146.707507 -9.10887338255148 pleio
126 146.710838 -9.01468849921165 pleio
127 146.716274 -8.93407448526426 pleio
128 146.72171 -8.86737625647846 pleio
129 146.727146 -8.81476398493121 pleio
130 146.734615 -8.78217603675565 pleio
131 146.80381 -8.78948372777277 pleio
132 146.862885 -8.66914338966464 pleio
133 146.863965 -8.56931178802095 pleio
134 146.865044 -8.6448886636411 pleio
135 146.87452 -8.89162902874269 pleio
136 146.889753 -9.18787347839977 pleio
137 146.904986 -9.27404859980757 pleio
138 147.064187 -9.05913887192029 pleio
139 147.069549 -9.31140071721741 pleio
140 147.074911 -9.39851747227189 pleio
141 147.080273 -9.25958119508495 pleio
142 147.089309 -9.19729160983064 pleio
143 147.114764 -9.19764963391775 pleio
144 147.137425 -9.21022238744688 pleio
145 147.157965 -9.21951204163966 pleio
146 147.178504 -9.2214969001955 pleio
147 147.221814 -7.78265052184283 pleio
148 147.253583 -6.82658528629875 pleio
149 147.272554 -6.65690024459568 pleio
150 147.275576 -6.45813531585848 pleio
151 147.278599 -6.34056882642718 pleio
152 147.281622 -6.29965671541208 pleio
153 147.284644 -6.31337001733952 pleio
154 147.286194 -6.37991564341014 pleio
155 147.286753 -6.49638041178219 pleio
156 147.287312 -6.65900363625841 pleio
157 147.287872 -6.86345997122372 pleio
158 147.290648 -7.05716148031394 pleio
159 147.299484 -7.24545112849455 pleio
160 147.327447 -6.97258873457643 pleio
161 147.35561 -6.76105832567249 pleio
162 147.383773 -5.78384233663795 pleio
163 147.397845 -5.67404127577483 pleio
164 147.402328 -5.56842754362664 pleio
165 147.406811 -5.46715720110985 pleio
166 147.411546 -5.37057698647085 pleio
167 147.442387 -5.27981580911363 pleio
168 147.535843 -5.25070807283595 pleio
169 147.551736 -4.93251062200813 pleio
170 147.555599 -4.70123998074272 pleio
171 147.559461 -4.50158908105506 pleio
172 147.563362 -4.32652149306604 pleio
173 147.583398 -4.15281864921293 pleio
174 147.602453 -4.11409531407267 pleio
175 147.621507 -4.05184268313336 pleio
176 147.682611 -4.04546460088669 pleio
177 147.68996 -4.01800651053226 pleio
178 147.695588 -3.93776888226591 pleio
179 147.701215 -3.87364966009337 pleio
180 147.706843 -3.39591806868819 pleio
181 147.719435 -3.30768842301227 pleio
182 147.737975 -3.30173028285825 pleio
183 147.751499 -3.19019654568938 pleio
184 147.760277 -3.04165018533232 pleio
185 147.769056 -2.92391687859979 pleio
186 147.777834 -2.83042472164218 pleio
187 147.786613 -2.52385950770444 pleio
188 147.795391 -2.14655890252418 pleio
189 147.816836 -1.37835954993977 pleio
190 147.850698 -0.888756199191608 pleio
191 147.88456 -0.569379006688167 pleio
192 147.914702 0 pleio
193 147.91491 -0.0345449384796603 pleio
194 147.915116 -0.0993236589783621 pleio
195 147.915322 -0.195741522755149 pleio
196 147.915527 -0.324628644782111 pleio
197 147.915733 -0.486119342452446 pleio
198 147.916803 -0.67247243892242 pleio
199 147.923623 -0.762705927557484 pleio
200 147.930444 -0.864478220804083 pleio
201 147.937264 -0.970165906887849 pleio
202 147.944084 -1.16330691032495 pleio
203 147.949324 -1.45429827117557 pleio
204 147.953121 -2.13613985604933 pleio
205 147.956917 -3.25097261947082 pleio
206 147.960714 -4.59388607261904 pleio
207 147.964511 -6.09392386719444 pleio
208 147.968307 -7.24271316504615 pleio
209 147.973733 -8.05419132935759 pleio
210 147.982072 -8.27598941801526 pleio
211 147.982175 -8.39436307649972 pleio
212 147.982278 -8.52713144944125 pleio
213 147.986316 -8.69097148045155 pleio
214 147.986987 -8.96688523953643 pleio
215 147.987657 -9.32764642826952 pleio
216 147.988327 -9.77334977462957 pleio
217 147.988998 -10.2998588570969 pleio
218 147.989668 -10.7879099097752 pleio
219 148.006053 -10.8889230680894 pleio
220 148.013144 -11.0338957661624 pleio
221 148.020236 -11.201777172723 pleio
222 148.027327 -11.3925873372522 pleio
223 148.033269 -11.6060396420135 pleio
224 148.037078 -11.8414923772382 pleio
225 148.040918 -11.8991555874381 pleio
226 148.046494 -12.4524088186111 pleio
227 148.05207 -13.4786358557816 pleio
228 148.180347 -14.5590737078798 pleio
229 148.183086 -14.5889722990718 pleio
230 148.185825 -14.6279015840214 pleio
231 148.188563 -14.679124877538 pleio
232 148.191302 -14.943728564372 pleio
233 148.194041 -15.2859544654581 pleio
234 148.19678 -15.5450580914155 pleio
235 148.200032 -15.5722722402684 pleio
236 148.204884 -15.6157459959675 pleio
237 148.213021 -15.6841083326057 pleio
238 148.213171 -15.8562541424403 pleio
239 148.213321 -16.1133778292037 pleio
240 148.326473 -16.4188363725673 pleio
241 148.333368 -16.4267340447529 pleio
242 148.340263 -16.3191635510555 pleio
243 148.347157 -16.2274282071707 pleio
244 148.354052 -16.1534455656833 pleio
245 148.362946 -16.0900436358424 pleio
246 148.380016 -16.052121063046 pleio
247 148.403283 -16.0735041062652 pleio
248 148.42655 -16.0976512496277 pleio
249 148.430037 -16.1492364234798 pleio
250 148.4319 -16.2065351543198 pleio
251 148.433763 -16.2695081520759 pleio
252 148.435626 -16.3412549454968 pleio
253 148.437489 -16.4800853816276 pleio
254 148.439352 -16.6318998425285 pleio
255 148.441214 -16.855265681615 pleio
256 148.443077 -17.1681203173969 pleio
257 148.44494 -17.5498656846648 pleio
258 148.446803 -17.9708805676209 pleio
259 148.453459 -18.237206621122 pleio
260 148.477993 -18.3049530042683 pleio
261 148.493526 -18.344921875753 pleio
262 148.493644 -18.3876371106565 pleio
263 148.493762 -18.4354111753168 pleio
264 148.502187 -18.3083702057824 pleio
265 148.624196 -18.3598174299579 pleio
266 148.648833 -18.6945433282023 pleio
267 148.673469 -19.9890610968086 pleio
268 148.812084 -20.599965945691 pleio
269 148.815025 -20.6290878003416 pleio
270 143.409462 -15.2344689546822 profile1
271 143.484637 -15.2404150221253 profile1
272 143.487347 -15.2813542015659 profile1
273 143.490056 -15.2415505697377 profile1
274 143.492766 -15.2086979891356 profile1
275 143.495555 -15.1826240049581 profile1
276 143.498344 -15.163100135602 profile1
277 143.501132 -15.1559625898216 profile1
278 143.521072 -15.1302903456235 profile1
279 143.53778 -15.1027767504007 profile1
280 143.554489 -15.0741077928803 profile1
281 143.570345 -15.0456994222672 profile1
282 143.571477 -15.0239429072656 profile1
283 143.920616 -14.8204835260423 profile1
284 143.926063 -14.8012755567807 profile1
285 143.93182 -14.7141797834532 profile1
286 143.935901 -14.5239327334472 profile1
287 143.939982 -14.355745550501 profile1
288 143.944917 -14.213322887606 profile1
289 143.975668 -14.1002615713833 profile1
290 144.013221 -14.1014436828471 profile1
291 144.051716 -14.1222245685563 profile1
292 144.090211 -14.1283500154915 profile1
293 144.128706 -14.1183574817019 profile1
294 144.167202 -14.107491457473 profile1
295 144.176428 -14.0963732238343 profile1
296 144.180816 -14.0855957365689 profile1
297 144.185205 -14.0772774927208 profile1
298 144.348163 -14.0110879534132 profile1
299 144.361337 -13.8228856682051 profile1
300 144.363468 -13.2553798756481 profile1
301 144.365599 -12.6679568429352 profile1
302 144.367577 -12.2121399530488 profile1
303 144.375504 -11.838396519462 profile1
304 144.385418 -11.5379294798853 profile1
305 144.395332 -11.3177854690712 profile1
306 144.407236 -11.234761629805 profile1
307 144.411293 -11.2064334960145 profile1
308 144.415349 -11.1864541344219 profile1
309 144.419405 -11.1749203415452 profile1
310 144.423461 -11.1718575079266 profile1
311 144.427517 -11.029418815029 profile1
312 144.431573 -10.8801932039242 profile1
313 144.437408 -10.7807645603997 profile1
314 144.440911 -10.7966615177781 profile1
315 144.442944 -10.8153528156271 profile1
316 144.444976 -10.7772905164495 profile1
317 144.447008 -10.6963701562331 profile1
318 144.44904 -10.62432504881 profile1
319 144.454745 -10.537391168554 profile1
320 144.498681 -10.4585065585083 profile1
321 144.558267 -10.3945917105195 profile1
322 144.587405 -10.2997472825305 profile1
323 144.587686 -10.191741656772 profile1
324 144.587968 -10.0922381755801 profile1
325 144.617027 -10.0103070359328 profile1
326 144.705848 -9.59522549238283 profile1
327 144.716797 -9.34542392177322 profile1
328 144.727745 -9.02078716173767 profile1
329 144.897381 -8.99601576914232 profile1
330 144.903395 -9.04785068768009 profile1
331 144.909409 -9.11243695330914 profile1
332 144.916914 -9.1893223318641 profile1
333 144.947844 -9.24622412835503 profile1
334 144.978774 -9.30489885463784 profile1
335 145.106694 -9.14256294218635 profile1
336 145.224788 -8.88291521225674 profile1
337 145.342881 -8.70118471515666 profile1
338 145.729503 -7.73203166641869 profile1
339 145.916546 -7.77791385167492 profile1
340 146.10359 -7.74380669529503 profile1
341 146.240909 -7.65416692237365 profile1
342 146.283615 -7.60396615520847 profile1
343 146.304543 -7.55883987615189 profile1
344 146.314537 -7.51566458902489 profile1
345 146.319976 -7.47486776280773 profile1
346 146.322338 -7.43690463894921 profile1
347 146.3247 -7.40224680904546 profile1
348 146.327062 -7.37136212214281 profile1
349 146.329424 -7.34469421399778 profile1
350 146.331786 -7.32265164818089 profile1
351 146.334148 -7.30558616507464 profile1
352 146.33651 -7.2901365140007 profile1
353 146.643419 -7.35259822467477 profile1
354 146.654632 -7.30528232071382 profile1
355 146.665844 -7.26069300708362 profile1
356 146.677056 -7.21862225047094 profile1
357 146.688269 -6.95191633970114 profile1
358 146.69133 -6.62759249852761 profile1
359 146.694026 -6.46430330891608 profile1
360 146.696722 -6.50922621412738 profile1
361 146.699418 -6.77471019937054 profile1
362 146.702114 -7.22904205082382 profile1
363 146.70481 -7.26143219057422 profile1
364 146.707507 -7.16806901650948 profile1
365 146.710838 -7.08515881030302 profile1
366 146.716274 -7.01314388349049 profile1
367 146.72171 -6.95232378711321 profile1
368 146.727146 -6.90285212926002 profile1
369 146.734615 -6.87147373428108 profile1
370 146.80381 -6.8719313861705 profile1
371 146.862885 -6.6977641714384 profile1
372 146.863965 -6.53862755117041 profile1
373 146.865044 -6.55963347639602 profile1
374 146.87452 -6.75341818885143 profile1
375 146.889753 -7.00812879137268 profile1
376 146.904986 -7.10778980080271 profile1
377 147.064187 -6.93161977492421 profile1
378 147.069549 -7.18356168303005 profile1
379 147.074911 -7.20898770153164 profile1
380 147.080273 -6.94713925680852 profile1
381 147.089309 -6.76529704204361 profile1
382 147.114764 -6.67247466608453 profile1
383 147.137425 -6.66384575419222 profile1
384 147.157965 -6.67345035134742 profile1
385 147.178504 -6.68305907093438 profile1
386 147.221814 -5.1192944620497 profile1
387 147.253583 -3.98064198801764 profile1
388 147.272554 -3.85056067124378 profile1
389 147.275576 -3.69994358272368 profile1
390 147.278599 -3.62392158653506 profile1
391 147.281622 -3.58348732543715 profile1
392 147.284644 -3.59502612795485 profile1
393 147.286194 -3.65675303870049 profile1
394 147.286753 -3.7658470509428 profile1
395 147.287312 -3.91872049501832 profile1
396 147.287872 -4.11128937606043 profile1
397 147.290648 -4.29696865472421 profile1
398 147.299484 -4.4780607151864 profile1
399 147.327447 -4.50537827956105 profile1
400 147.35561 -4.30796001227371 profile1
401 147.383773 -3.68793414303995 profile1
402 147.397845 -3.57081571617823 profile1
403 147.402328 -3.45738272459826 profile1
404 147.406811 -3.34807590287336 profile1
405 147.411546 -3.24316380366741 profile1
406 147.442387 -3.14404536211645 profile1
407 147.535843 -3.11199109828504 profile1
408 147.551736 -2.88909619624481 profile1
409 147.555599 -2.7061116012143 profile1
410 147.559461 -2.62351220131252 profile1
411 147.563362 -2.57401225116888 profile1
412 147.583398 -2.35170465691694 profile1
413 147.602453 -2.31004217041326 profile1
414 147.621507 -2.24396740266068 profile1
415 147.682611 -2.23791966695488 profile1
416 147.68996 -2.21171073536549 profile1
417 147.695588 -2.12559419577446 profile1
418 147.701215 -2.05565859021528 profile1
419 147.706843 -1.55430711694166 profile1
420 147.719435 -1.44504591153015 profile1
421 147.737975 -1.42748566656916 profile1
422 147.751499 -1.3197182655175 profile1
423 147.760277 -1.16921118784321 profile1
424 147.769056 -1.04669417515915 profile1
425 147.777834 -0.948659767499498 profile1
426 147.786613 -0.833936875706454 profile1
427 147.795391 -0.318624467545022 profile1
428 147.816836 0.380475911167513 profile1
429 147.850698 0.842126256659178 profile1
430 147.88456 1.12394363367141 profile1
431 147.914702 1.64604162291727 profile1
432 147.91491 1.58733921329147 profile1
433 147.915116 1.49943089315829 profile1
434 147.915322 1.38175642861399 profile1
435 147.915527 1.2343566197561 profile1
436 147.915733 1.05792201370337 profile1
437 147.916803 0.861807115947184 profile1
438 147.923623 0.778521510893059 profile1
439 147.930444 0.698091744542249 profile1
440 147.937264 0.61476618067648 profile1
441 147.944084 0.386397653512054 profile1
442 147.949324 0.0410527639072575 profile1
443 147.953121 -0.693102313356785 profile1
444 147.956917 -1.84577935110405 profile1
445 147.960714 -3.20689059122114 profile1
446 147.964511 -4.7031117858249 profile1
447 142.490795 -18.4687135387805 profile1
448 142.517426 -18.3633555838878 profile1
449 142.560149 -18.2549036602637 profile1
450 142.602873 -18.1463408102588 profile1
451 142.64402 -18.037582266871 profile1
452 142.685103 -18.059190263641 profile1
453 142.726186 -17.9992803584878 profile1
454 142.767269 -17.8891250890053 profile1
455 142.808353 -17.7828368215634 profile1
456 142.849436 -17.6878614027662 profile1
457 142.876943 -17.5958636524332 profile1
458 142.880371 -17.5066137632104 profile1
459 142.883799 -17.4203365448742 profile1
460 142.904956 -17.3353956748093 profile1
461 142.989329 -17.2489071465358 profile1
462 143.073701 -17.1752531353661 profile1
463 143.155273 -17.0870670430619 profile1
464 143.159416 -16.9983911979196 profile1
465 143.163559 -16.8934496368409 profile1
466 143.167702 -16.7891065571267 profile1
467 143.171846 -16.6840332399865 profile1
468 143.175989 -16.5797388163487 profile1
469 143.180132 -16.4768807682408 profile1
470 143.240265 -16.3015503732555 profile1
471 143.324863 -15.8525803997795 profile1
472 143.572611 -15.0124902078804 profile1
473 143.574439 -15.0133826137789 profile1
474 143.699438 -15.4095417420188 profile1
475 143.824436 -15.0005078311791 profile1
476 143.915168 -14.8366624511402 profile1
477 147.968307 -5.81746715943035 profile1
478 147.973733 -6.58465645097744 profile1
479 147.982072 -6.80689426506425 profile1
480 147.982175 -6.94910572132479 profile1
481 147.982278 -7.10227299100197 profile1
482 147.986316 -7.3039428442696 profile1
483 147.986987 -7.67035637629077 profile1
484 147.987657 -8.09235638124163 profile1
485 147.988327 -8.56621628486096 profile1
486 147.988998 -9.08661391673311 profile1
487 147.989668 -9.5396816088022 profile1
488 148.006053 -9.60219746886394 profile1
489 148.013144 -9.72987518934637 profile1
490 148.020236 -9.87443769181395 profile1
491 148.027327 -10.035419381108 profile1
492 148.033269 -10.2121917111402 profile1
493 148.037078 -10.4039618431347 profile1
494 148.040918 -10.4875944735866 profile1
495 148.046494 -10.9597641385511 profile1
496 148.05207 -11.8971669395139 profile1
497 148.180347 -12.9093991839791 profile1
498 148.183086 -12.9562142632642 profile1
499 148.185825 -13.0072135612821 profile1
500 148.188563 -13.0657224553849 profile1
501 148.191302 -13.3213596252579 profile1
502 148.194041 -13.6341692698009 profile1
503 148.19678 -13.8699584254762 profile1
504 148.200032 -13.9097265885046 profile1
505 148.204884 -13.9639258432844 profile1
506 148.213021 -14.029941112575 profile1
507 148.213171 -14.1193528250454 profile1
508 148.213321 -14.2787177408448 profile1
509 148.326473 -14.481091853224 profile1
510 148.333368 -14.4304737721123 profile1
511 148.340263 -14.3831482679153 profile1
512 148.347157 -14.3259723225089 profile1
513 148.354052 -14.2331717860135 profile1
514 148.362946 -14.1500325931363 profile1
515 148.380016 -14.1026539769256 profile1
516 148.403283 -14.1174398026666 profile1
517 148.42655 -14.131285002594 profile1
518 148.430037 -14.1652864595689 profile1
519 148.4319 -14.2067782370905 profile1
520 148.433763 -14.2557947953971 profile1
521 148.435626 -14.2687945454729 profile1
522 148.437489 -14.2859083358868 profile1
523 148.439352 -14.4031668224389 profile1
524 148.441214 -14.6252515470814 profile1
525 148.443077 -14.9260978864563 profile1
526 148.44494 -15.2879438108268 profile1
527 148.446803 -15.6850187957367 profile1
528 148.453459 -15.945559453063 profile1
529 148.477993 -16.0238708218608 profile1
530 148.493526 -16.0697455285462 profile1
531 148.493644 -16.1174133507448 profile1
532 148.493762 -16.169271518786 profile1
533 148.502187 -16.0969257192719 profile1
534 148.624196 -16.2507935025254 profile1
535 148.648833 -16.4832440232761 profile1
536 148.673469 -17.1921353095713 profile1
537 148.812084 -17.8802486896848 profile1
538 148.815025 -17.8817089202096 profile1
539 142.490795 -1.62056764526742 profile2
540 142.517426 -1.58323704625069 profile2
541 142.560149 -1.54833804988403 profile2
542 142.602873 -1.51253143916704 profile2
543 142.64402 -1.47563763769773 profile2
544 142.685103 -1.44710224261099 profile2
545 142.726186 -1.41338993437665 profile2
546 142.767269 -1.37565439948173 profile2
547 142.808353 -1.32443594765917 profile2
548 142.849436 -1.23603985672809 profile2
549 142.876943 -1.14920064814032 profile2
550 142.880371 -1.06449320877826 profile2
551 142.883799 -0.982408830580065 profile2
552 142.904956 -0.906023697083849 profile2
553 142.989329 -0.905597561478669 profile2
554 143.073701 -0.869588082877284 profile2
555 143.155273 -0.832615673197387 profile2
556 143.159416 -0.846791609315142 profile2
557 143.163559 -0.875083555975683 profile2
558 143.167702 -0.855756150301721 profile2
559 143.171846 -0.835109790336183 profile2
560 143.175989 -0.81346260948398 profile2
561 143.180132 -0.790818312718123 profile2
562 143.240265 -0.775421524657448 profile2
563 143.324863 -0.73839351652094 profile2
564 143.409462 -0.819052481225988 profile2
565 143.484637 -0.761903162290015 profile2
566 143.487347 -0.662874783040135 profile2
567 143.490056 -0.557998425973126 profile2
568 143.492766 -0.456732085540418 profile2
569 143.495555 -0.35960269895953 profile2
570 143.498344 -0.267099251349101 profile2
571 143.501132 -0.181221357953912 profile2
572 143.521072 -0.112018910170942 profile2
573 143.53778 -0.053137535552775 profile2
574 143.554489 0.0216340294637495 profile2
575 143.570345 0.105247512466438 profile2
576 143.571477 0.187982800434053 profile2
577 143.572611 0.268679216713551 profile2
578 143.574439 0.345691344159145 profile2
579 143.699438 0.429863835900399 profile2
580 143.824436 0.452774705654635 profile2
581 143.915168 0.373970701263017 profile2
582 143.920616 0.406150610586521 profile2
583 143.926063 0.435991425188815 profile2
584 143.93182 0.483334021155969 profile2
585 143.935901 0.581999682927964 profile2
586 143.939982 0.660900461766519 profile2
587 143.944917 0.717536950702814 profile2
588 143.975668 0.750619444280173 profile2
589 144.013221 0.779288509299156 profile2
590 144.051716 0.805782646729174 profile2
591 144.090211 0.812087392052649 profile2
592 144.128706 0.814021483335246 profile2
593 144.167202 0.815872554277788 profile2
594 144.176428 0.817598433916607 profile2
595 144.180816 0.819152950310814 profile2
596 144.185205 0.820764022766838 profile2
597 144.348163 1.21468964444834 profile2
598 144.361337 1.30526225071741 profile2
599 144.363468 1.18683595893169 profile2
600 144.365599 0.984018461747974 profile2
601 144.367577 0.958017228008689 profile2
602 144.375504 1.04457101116857 profile2
603 144.385418 1.1015320636078 profile2
604 144.395332 1.12631821336954 profile2
605 144.407236 1.14748982516251 profile2
606 144.411293 1.17820469702351 profile2
607 144.415349 1.2068812739633 profile2
608 144.419405 1.23352761701261 profile2
609 144.423461 1.2581581612189 profile2
610 144.427517 1.28418429111536 profile2
611 144.431573 1.30952998466066 profile2
612 144.437408 1.33448208770132 profile2
613 144.440911 1.3693435975561 profile2
614 144.442944 1.40202437255919 profile2
615 144.444976 1.44954655488308 profile2
616 144.447008 1.50701189845041 profile2
617 144.44904 1.5592664893874 profile2
618 144.454745 1.58514624455991 profile2
619 144.498681 1.60742682406047 profile2
620 144.558267 1.62363846492488 profile2
621 144.587405 1.62152439914578 profile2
622 144.587686 1.61907097968265 profile2
623 144.587968 1.61411757730517 profile2
624 144.617027 1.61101632311372 profile2
625 144.705848 1.64604162291727 profile2
626 144.716797 1.62131171281504 profile2
627 144.727745 1.57227785400135 profile2
628 144.897381 1.52532792036491 profile2
629 144.903395 1.4746558557764 profile2
630 144.909409 1.41865262930584 profile2
631 144.916914 1.35756510075121 profile2
632 144.947844 1.30101113063661 profile2
633 144.978774 1.24259899554862 profile2
634 145.106694 1.39225866495067 profile2
635 145.224788 1.14468406441944 profile2
636 145.342881 1.21849915819697 profile2
637 145.729503 0.97223653144194 profile2
638 145.916546 0.898549227603249 profile2
639 146.10359 0.897526147942353 profile2
640 146.240909 0.886411332802504 profile2
641 146.283615 0.585399210099765 profile2
642 146.304543 0.615143298462978 profile2
643 146.314537 0.638535248066315 profile2
644 146.319976 0.655348705705866 profile2
645 146.322338 0.665457104999793 profile2
646 146.3247 0.668837768634045 profile2
647 146.327062 0.665577937854817 profile2
648 146.329424 0.655873023150405 profile2
649 146.331786 0.640017049022301 profile2
650 146.334148 0.61839502723688 profile2
651 146.33651 0.0179920430193811 profile2
652 146.643419 -0.494570262515647 profile2
653 146.654632 -0.482447391243873 profile2
654 146.665844 -0.47128605427015 profile2
655 146.677056 -0.421010609373011 profile2
656 146.688269 -0.246405815705709 profile2
657 146.69133 -0.137478057866562 profile2
658 146.694026 -0.0883406047694644 profile2
659 146.696722 -0.110896418842596 profile2
660 146.699418 -0.204059693817665 profile2
661 146.702114 -0.351411719917526 profile2
662 146.70481 -0.380428688426591 profile2
663 146.707507 -0.378824117435216 profile2
664 146.710838 -0.381943690660235 profile2
665 146.716274 -0.389789764488475 profile2
666 146.72171 -0.402301821139651 profile2
667 146.727146 -0.419358181219222 profile2
668 146.734615 -0.435388191497293 profile2
669 146.80381 -0.450186756633175 profile2
670 146.862885 -0.486843310322857 profile2
671 146.863965 -0.545981095036463 profile2
672 146.865044 -0.63325226765632 profile2
673 146.87452 -0.746477257184484 profile2
674 146.889753 -0.848069476837685 profile2
675 146.904986 -0.852706696907293 profile2
676 147.064187 -0.868498617166656 profile2
677 147.069549 -0.904456610647183 profile2
678 147.074911 -0.942446136618967 profile2
679 147.080273 -1.01310153026739 profile2
680 147.089309 -1.090606961637 profile2
681 147.114764 -1.1512985467572 profile2
682 147.137425 -1.16737898873051 profile2
683 147.157965 -1.15382681823338 profile2
684 147.178504 -1.11552791937218 profile2
685 147.221814 -1.24722461836028 profile2
686 147.253583 -1.40603766999579 profile2
687 147.272554 -1.33439999280458 profile2
688 147.275576 -1.2359352836051 profile2
689 147.278599 -1.14832111273957 profile2
690 147.281622 -1.10601874678206 profile2
691 147.284644 -1.07131777244053 profile2
692 147.286194 -1.0449206862028 profile2
693 147.286753 -1.0272970207795 profile2
694 147.287312 -1.01865656656786 profile2
695 147.287872 -1.01893899920108 profile2
696 147.290648 -1.02641025348215 profile2
697 147.299484 -1.04279321870717 profile2
698 147.327447 -0.643803332978577 profile2
699 147.35561 -0.639601230616279 profile2
700 147.383773 -0.384376838261082 profile2
701 147.397845 -0.397653851914488 profile2
702 147.402328 -0.412027328771152 profile2
703 147.406811 -0.427235607465769 profile2
704 147.411546 -0.443309962122221 profile2
705 147.442387 -0.459945455467164 profile2
706 147.535843 -0.464906844771241 profile2
707 147.551736 -0.30181355900745 profile2
708 147.555599 -0.173970840275528 profile2
709 147.559461 -0.00460545085051575 profile2
710 147.563362 0.161041846804802 profile2
711 147.583398 0.100608834769176 profile2
712 147.602453 0.116358545252309 profile2
713 147.621507 0.139104973994237 profile2
714 147.682611 0.14264232797767 profile2
715 147.68996 0.144145854146122 profile2
716 147.695588 0.140640734817208 profile2
717 147.701215 0.136537505728949 profile2
718 147.706843 0.126610066261668 profile2
719 147.719435 0.112663820659735 profile2
720 147.737975 0.104308847005711 profile2
721 147.751499 0.106107360981089 profile2
722 147.760277 0.103041492301334 profile2
723 147.769056 0.0966668143838802 profile2
724 147.777834 0.0892934441377972 profile2
725 147.786613 0.305869886478784 profile2
726 147.795391 0.117210716303996 profile2
727 147.816836 0.104400891949254 profile2
728 147.850698 0.0467339111348591 profile2
729 147.88456 -0.0208139752050149 profile2
730 147.914702 0 profile2
731 147.91491 0.0335940494984801 profile2
732 147.915116 0.0656501815370089 profile2
733 147.915322 0.0951430193647756 profile2
734 147.915527 0.121127877412977 profile2
735 147.915733 0.142823188522072 profile2
736 147.916803 0.158447080344161 profile2
737 147.923623 0.152188732264216 profile2
738 147.930444 0.132051734405114 profile2
739 147.937264 0.110747522422599 profile2
740 147.944084 0.139224430984133 profile2
741 147.949324 0.176733713118406 profile2
742 147.953121 0.21294535711614 profile2
743 147.956917 0.248020228280036 profile2
744 147.960714 0.278202350790982 profile2
745 147.964511 0.30214844146349 profile2
746 147.968307 0.294507585341214 profile2
747 147.973733 0.262522635001579 profile2
748 147.982072 0.22655909969417 profile2
749 147.982175 0.222886177545924 profile2
750 147.982278 0.216461636896635 profile2
751 147.986316 0.231307720195827 profile2
752 147.986987 0.310636410720499 profile2
753 147.987657 0.363267530441238 profile2
754 147.988327 0.385287714056152 profile2
755 147.988998 0.375657088383928 profile2
756 147.989668 0.338145754861516 profile2
757 148.006053 0.291311190817082 profile2
758 148.013144 0.265173338026248 profile2
759 148.020236 0.230761328387131 profile2
760 148.027327 0.187718160859972 profile2
761 148.033269 0.135909951412601 profile2
762 148.037078 0.0754653209977131 profile2
763 148.040918 0.119345008285256 profile2
764 148.046494 0.00614828196176052 profile2
765 148.05207 -0.089835069847363 profile2
766 148.180347 -0.142003920595296 profile2
767 148.183086 -0.118381331831491 profile2
768 148.185825 -0.0994673162584462 profile2
769 148.188563 -0.0849806658629133 profile2
770 148.191302 -0.0665862749050062 profile2
771 148.194041 -0.0554858332369648 profile2
772 148.19678 -0.0458935964995071 profile2
773 148.200032 -0.0320807473261811 profile2
774 148.204884 -0.0212946389560169 profile2
775 148.213021 -0.0242591601240049 profile2
776 148.213171 -0.111513948271491 profile2
777 148.213321 -0.219975276395259 profile2
778 148.326473 -0.330225777380782 profile2
779 148.333368 -0.336238482324011 profile2
780 148.340263 -0.246137879755737 profile2
781 148.347157 -0.187746862325695 profile2
782 148.354052 -0.193982968341349 profile2
783 148.362946 -0.202430035075675 profile2
784 148.380016 -0.2019331441632 profile2
785 148.403283 -0.204292178706605 profile2
786 148.42655 -0.212739234059287 profile2
787 148.430037 -0.232654563097343 profile2
788 148.4319 -0.251148142368487 profile2
789 148.433763 -0.26811714139024 profile2
790 148.435626 -0.330110987774236 profile2
791 148.437489 -0.450211947445679 profile2
792 148.439352 -0.443384545920179 profile2
793 148.441214 -0.386720305612612 profile2
794 148.443077 -0.333586239482178 profile2
795 148.44494 -0.28464969564335 profile2
796 148.446803 -0.240618976950619 profile2
797 148.453459 -0.211565630778954 profile2
798 148.477993 -0.202144799673314 profile2
799 148.493526 -0.196180943490566 profile2
800 148.493644 -0.191247633703469 profile2
801 148.493762 -0.187613923731651 profile2
802 148.502187 -0.0817676081592455 profile2
803 148.624196 0.0566956076682912 profile2
804 148.648833 -0.126571956938986 profile2
805 148.673469 -0.952948331497353 profile2
806 148.812084 -0.835994438169617 profile2
807 148.815025 -0.852663688273969 profile2
