marker_position lod trace
1 162.797792 -36.4403523273051 pleio
2 162.802465 -36.1513458287597 pleio
3 162.807137 -35.9147309097539 pleio
4 162.891193 -35.2017692626362 pleio
5 162.899169 -34.2523957098474 pleio
6 162.907146 -33.8982145196539 pleio
7 162.915122 -33.8137997926688 pleio
8 162.923098 -33.7594381111519 pleio
9 162.931074 -33.7261209881814 pleio
10 162.93905 -33.7091221459896 pleio
11 162.97044 -33.6651953955393 pleio
12 162.976744 -33.6369013038532 pleio
13 162.983048 -33.5818319832935 pleio
14 162.989352 -33.0431893715768 pleio
15 162.995537 -32.3780673398191 pleio
16 162.997832 -31.932520948629 pleio
17 163.00011 -31.8368082482653 pleio
18 163.002388 -31.7497897781381 pleio
19 163.004665 -31.6642782227837 pleio
20 163.006943 -31.580378906858 pleio
21 163.009221 -31.4981966069175 pleio
22 163.011499 -31.417832268313 pleio
23 163.013777 -31.3393890118799 pleio
24 163.016054 -31.2581929632737 pleio
25 163.018332 -31.1728907379066 pleio
26 163.02061 -31.0899720168489 pleio
27 163.022888 -31.0095240660477 pleio
28 163.025166 -30.9324563633279 pleio
29 163.029526 -30.8590476571595 pleio
30 163.045161 -30.8018802452913 pleio
31 163.061794 -30.7342717347933 pleio
32 163.078427 -30.3309600059206 pleio
33 163.09506 -29.8621594004862 pleio
34 163.111693 -29.5756729029736 pleio
35 163.125708 -29.5568578740628 pleio
36 163.137394 -29.7681593557874 pleio
37 163.14908 -28.9868945537543 pleio
38 163.154021 -28.473605059232 pleio
39 163.156127 -28.0234370534973 pleio
40 163.157556 -27.6478408536969 pleio
41 163.158891 -27.3561915629569 pleio
42 163.160225 -27.1547364359336 pleio
43 163.161559 -27.0458345876513 pleio
44 163.162894 -27.0276806504847 pleio
45 163.164228 -27.09458837619 pleio
46 163.165562 -27.2377825974892 pleio
47 163.166897 -27.4467728291974 pleio
48 163.26265 -27.5848338731864 pleio
49 163.413317 -26.9989243797432 pleio
50 163.495816 -23.8078732423646 pleio
51 163.507977 -21.8555217755659 pleio
52 163.520139 -20.3914876919614 pleio
53 163.582672 -19.5593564189969 pleio
54 164.022416 -7.57005349951067 pleio
55 164.027702 -6.23786931786056 pleio
56 164.032987 -6.09690162261622 pleio
57 164.064248 -6.02264252174366 pleio
58 164.070405 -6.0215059238931 pleio
59 164.076561 -6.02062309845562 pleio
60 164.255184 -5.95355645599687 pleio
61 164.291807 -1.04684834754883 pleio
62 164.314068 -1.42327911270884 pleio
63 164.325529 -1.55158230584485 pleio
64 164.336991 -1.56421755629436 pleio
65 164.348452 -1.35241448336963 pleio
66 164.60536 -1.63969343597197 pleio
67 164.617986 -1.37208866420376 pleio
68 164.628884 -1.17863213215394 pleio
69 164.636687 -1.05281126650477 pleio
70 164.648869 -0.978125210199702 pleio
71 164.66892 -0.985256724772521 pleio
72 164.758936 -1.11247693795213 pleio
73 165.053217 0 pleio
74 165.121823 -0.216147857490286 pleio
75 165.132678 -0.231444127695617 pleio
76 165.143532 -0.421528066741628 pleio
77 165.154046 -0.0472394355176272 pleio
78 165.15722 -0.172487135732655 pleio
79 165.160395 -0.446220709277671 pleio
80 165.163569 -1.06273413369295 pleio
81 165.195982 -1.24382209266297 pleio
82 165.223558 -1.29530861722719 pleio
83 165.251135 -1.34206224390709 pleio
84 165.276843 -0.862475236858 pleio
85 165.283031 -0.932027721202228 pleio
86 165.290201 -1.78801240201153 pleio
87 165.297626 -7.47411062801082 pleio
88 165.445995 -11.755492499748 pleio
89 165.451594 -11.9987795773102 pleio
90 165.457194 -12.3275076907457 pleio
91 165.462793 -12.5355160903502 pleio
92 165.468393 -12.7182972888342 pleio
93 165.473992 -12.9224534497842 pleio
94 165.479592 -13.1472556854173 pleio
95 165.485905 -13.7046440471715 pleio
96 165.495439 -13.8328491404137 pleio
97 165.565236 -13.8593058516977 pleio
98 165.56991 -13.7993369859657 pleio
99 165.574583 -13.8210498684759 pleio
100 165.581587 -13.8414239072623 pleio
101 165.605467 -13.8574172564361 pleio
102 165.629348 -13.8675753613404 pleio
103 165.653228 -13.8782298790263 pleio
104 165.677109 -13.8863164369963 pleio
105 165.700989 -13.9045550874446 pleio
106 165.704891 -13.9311535279363 pleio
107 165.706625 -13.9646698497392 pleio
108 165.708359 -14.0050235162298 pleio
109 165.710093 -14.0520687792258 pleio
110 165.711827 -14.1056018991283 pleio
111 165.713561 -14.1281807104928 pleio
112 165.715295 -14.2253906039161 pleio
113 165.717029 -14.4218111985169 pleio
114 165.718763 -14.721004679911 pleio
115 165.720497 -15.1214552530167 pleio
116 165.722231 -15.614988450338 pleio
117 165.723965 -16.1799200406571 pleio
118 165.725699 -16.5587083007803 pleio
119 165.802549 -16.624653138805 pleio
120 165.85132 -16.6338757789858 pleio
121 165.858793 -16.6354302898593 pleio
122 165.864624 -16.6993372223658 pleio
123 165.868565 -16.813716894544 pleio
124 165.872506 -16.9792416486865 pleio
125 165.876447 -17.1954585868875 pleio
126 165.880388 -17.4607467301816 pleio
127 165.884329 -17.8579436441474 pleio
128 165.88827 -18.3191452311893 pleio
129 165.892211 -18.7000600420504 pleio
130 165.896152 -18.8932865995206 pleio
131 165.900093 -19.0913749588233 pleio
132 165.912941 -19.2598784470177 pleio
133 165.925276 -19.4016236281464 pleio
134 165.925359 -19.5497473627197 pleio
135 165.925441 -19.7026686083094 pleio
136 165.930685 -19.8587416666173 pleio
137 166.172164 -20.0294081447325 pleio
138 166.181382 -20.4429982990633 pleio
139 166.1906 -21.1690183969717 pleio
140 166.324274 -21.9283120824134 pleio
141 166.325217 -22.4223128365556 pleio
142 166.32602 -23.1645837863508 pleio
143 166.326823 -24.1163284227064 pleio
144 166.327627 -24.5799223345076 pleio
145 166.32843 -24.6312112831383 pleio
146 166.377584 -24.66932870261 pleio
147 166.382507 -24.6515835551616 pleio
148 166.38743 -24.6691198854131 pleio
149 166.394815 -24.7223341488861 pleio
150 166.403288 -25.0372113400914 pleio
151 166.407404 -25.5248852031069 pleio
152 166.411519 -25.6270485380475 pleio
153 166.415634 -25.7682257718457 pleio
154 166.419069 -25.9493792080193 pleio
155 166.422503 -26.1709174237255 pleio
156 166.425938 -26.4325446654491 pleio
157 166.429372 -26.7331569348905 pleio
158 166.432807 -27.0708000118566 pleio
159 166.439999 -27.4426972483521 pleio
160 166.448156 -27.8452954694248 pleio
161 166.475596 -28.1477757208006 pleio
162 166.491355 -27.7721864328677 pleio
163 166.507114 -27.7494699387814 pleio
164 166.522873 -27.8770552224805 pleio
165 166.537635 -27.9020327579325 pleio
166 166.55226 -27.9349969744462 pleio
167 166.566886 -28.5804744914747 pleio
168 166.581511 -28.6822193575577 pleio
169 166.592132 -28.7129330249907 pleio
170 166.599166 -29.0113246777433 pleio
171 166.606199 -29.4260076985953 pleio
172 166.613233 -29.4586957375713 pleio
173 166.62365 -29.7886623010095 pleio
174 166.754477 -30.2614758155109 pleio
175 166.783106 -30.2672621417537 pleio
176 166.802407 -30.3780685637824 pleio
177 166.805057 -30.5583504992052 pleio
178 166.807706 -30.7782166552656 pleio
179 166.811338 -30.8934050920658 pleio
180 166.839967 -30.9316296818345 pleio
181 166.951357 -30.9261399330468 pleio
182 166.992184 -30.936792187858 pleio
183 167.033011 -31.1858016288411 pleio
184 167.073838 -29.7364347516167 pleio
185 167.142758 -30.1120661249784 pleio
186 167.274124 -30.3802017571454 pleio
187 167.282638 -30.2041748464468 pleio
188 167.286179 -30.1446710183376 pleio
189 167.289719 -30.2048420611332 pleio
190 167.29326 -30.3305080488937 pleio
191 167.306473 -30.5334070811242 pleio
192 167.322761 -30.6530622805884 pleio
193 167.349466 -30.6892885268457 pleio
194 167.360748 -30.664127016191 pleio
195 167.37203 -30.6414607495451 pleio
196 167.396998 -30.6202914800632 pleio
197 167.523201 -30.6868028993767 pleio
198 167.545144 -30.812648702994 pleio
199 167.556235 -31.0943310015262 pleio
200 167.567326 -31.4675386383958 pleio
201 167.647654 -32.5364665556536 pleio
202 167.755373 -32.5323030484326 pleio
203 167.788738 -32.5122744315742 pleio
204 167.822104 -32.4919694570909 pleio
205 167.836721 -32.4952964655135 pleio
206 167.845502 -32.5157656538994 pleio
207 167.854284 -32.5472688185357 pleio
208 167.858563 -32.5896390062776 pleio
209 167.860327 -32.644041127184 pleio
210 167.862092 -32.7139746123098 pleio
211 167.863857 -32.7486647424495 pleio
212 167.865622 -32.7297049178918 pleio
213 167.86764 -32.7218559280987 pleio
214 167.871511 -32.7211122586826 pleio
215 167.876871 -32.7262504110534 pleio
216 167.882232 -32.7372428383952 pleio
217 167.887593 -32.7540337511186 pleio
218 167.913375 -32.759267904454 pleio
219 167.920966 -32.7648275950449 pleio
220 167.928557 -32.7789325941946 pleio
221 168.002821 -32.7902345346502 pleio
222 168.013929 -32.796661085382 pleio
223 168.020304 -32.8108655246659 pleio
224 168.023961 -32.8890292848673 pleio
225 168.02735 -33.0380147609804 pleio
226 168.030739 -33.1185898506074 pleio
227 168.034128 -33.4823683677102 pleio
228 168.037518 -33.5335914669455 pleio
229 168.042103 -33.5782095447271 pleio
230 168.057523 -33.6267031643783 pleio
231 168.241031 -33.841694421165 pleio
232 168.273712 -33.75974668263 pleio
233 168.276509 -33.6858899699945 pleio
234 168.279306 -33.6260979650633 pleio
235 168.282103 -33.5809926932051 pleio
236 168.2849 -33.5511002085127 pleio
237 168.287697 -33.5368405545253 pleio
238 168.291368 -33.5654111512017 pleio
239 168.295216 -33.6266384665467 pleio
240 168.301388 -33.7002132680893 pleio
241 168.308464 -33.4459615790815 pleio
242 168.31554 -33.2712983611966 pleio
243 168.322616 -33.2159975881001 pleio
244 168.369835 -33.2455281579887 pleio
245 168.372164 -33.2703359139119 pleio
246 168.374493 -33.2952820434778 pleio
247 168.376821 -33.3405659496182 pleio
248 162.797792 -8.56867650532983 profile1
249 162.802465 -8.41461040095545 profile1
250 162.807137 -8.28339614022575 profile1
251 162.891193 -7.925512721395 profile1
252 162.899169 -7.37361002042773 profile1
253 162.907146 -7.17866490844155 profile1
254 162.915122 -6.93125564536721 profile1
255 162.923098 -6.85684654187482 profile1
256 162.931074 -6.8011991068905 profile1
257 162.93905 -6.76094565308755 profile1
258 162.97044 -6.75015568516838 profile1
259 162.976744 -6.73172750153634 profile1
260 162.983048 -6.68457098702695 profile1
261 162.989352 -6.48788811527336 profile1
262 162.995537 -6.2391660976261 profile1
263 162.997832 -6.05603511372093 profile1
264 163.00011 -6.03284236353238 profile1
265 163.002388 -5.98833242147629 profile1
266 163.004665 -5.94411132724511 profile1
267 163.006943 -5.90022873957427 profile1
268 163.009221 -5.85673569303735 profile1
269 163.011499 -5.81368479921948 profile1
270 163.013777 -5.77112941521803 profile1
271 163.016054 -5.72452297806951 profile1
272 163.018332 -5.67251833648026 profile1
273 163.02061 -5.62133400178687 profile1
274 163.022888 -5.57102401690006 profile1
275 163.025166 -5.52174974848142 profile1
276 163.029526 -5.4736049057708 profile1
277 163.045161 -5.42319460859697 profile1
278 163.061794 -5.36179391608811 profile1
279 163.078427 -5.18564336211082 profile1
280 163.09506 -4.9818517618788 profile1
281 163.111693 -4.8052814743709 profile1
282 163.125708 -4.71928206222952 profile1
283 163.137394 -4.49427498653065 profile1
284 163.14908 -4.20138560016371 profile1
285 163.154021 -3.9706281290075 profile1
286 163.156127 -3.7693809950935 profile1
287 163.157556 -3.60293774098531 profile1
288 163.158891 -3.47544445118385 profile1
289 163.160225 -3.38938817377608 profile1
290 163.161559 -3.34525592309836 profile1
291 163.162894 -3.34146406977976 profile1
292 163.164228 -3.37457665850052 profile1
293 163.165562 -3.43977693257003 profile1
294 163.166897 -3.5315912187571 profile1
295 163.26265 -3.61181996162567 profile1
296 163.413317 -3.23443822013479 profile1
297 163.495816 -1.3610802512362 profile1
298 163.507977 0.196213828027366 profile1
299 163.520139 1.46140302999908 profile1
300 163.582672 2.29772709057117 profile1
301 164.022416 5.12217571644809 profile1
302 164.027702 5.34884296076063 profile1
303 164.032987 5.49460506663872 profile1
304 164.064248 5.61449563109968 profile1
305 164.070405 5.61496765563148 profile1
306 164.076561 5.61526885447282 profile1
307 164.255184 5.51430180562518 profile1
308 164.291807 3.32062827815074 profile1
309 164.314068 2.73939068751421 profile1
310 164.325529 2.5876008771097 profile1
311 164.336991 2.4572919320728 profile1
312 164.348452 2.35052781537666 profile1
313 164.60536 2.08700964420334 profile1
314 164.617986 2.27388592245187 profile1
315 164.628884 2.41658061115035 profile1
316 164.636687 2.50834419233294 profile1
317 164.648869 2.5477645086731 profile1
318 164.66892 2.51823126514529 profile1
319 164.758936 2.26134363600965 profile1
320 165.053217 0.00310004307135011 profile1
321 165.121823 -0.213203041149621 profile1
322 165.132678 -0.231444127695617 profile1
323 165.143532 -0.14618782194581 profile1
324 165.154046 0.267445028137297 profile1
325 165.15722 0.200133775655415 profile1
326 165.160395 -0.0827951189084171 profile1
327 165.163569 -0.555156988719595 profile1
328 165.195982 -0.672581685835626 profile1
329 165.223558 -0.728312302348258 profile1
330 165.251135 -0.781129674231228 profile1
331 165.276843 -0.312561800114716 profile1
332 165.283031 0.0601994890124028 profile1
333 165.290201 0.09069933546029 profile1
334 165.297626 -0.289694445174963 profile1
335 165.445995 -0.53006915022626 profile1
336 165.451594 -0.723681948137204 profile1
337 165.457194 -0.983591600293109 profile1
338 165.462793 -1.11801645609485 profile1
339 165.468393 -1.21835347087867 profile1
340 165.473992 -1.32788535658052 profile1
341 165.479592 -1.44572708484662 profile1
342 165.485905 -1.28912470470882 profile1
343 165.495439 -1.37376381039215 profile1
344 165.565236 -1.4004322743955 profile1
345 165.56991 -1.3253898493581 profile1
346 165.574583 -1.31120989404877 profile1
347 165.581587 -1.29299544058919 profile1
348 165.605467 -1.31227858690289 profile1
349 165.629348 -1.32452755009825 profile1
350 165.653228 -1.33703115276252 profile1
351 165.677109 -1.34684482748429 profile1
352 165.700989 -1.37156642306926 profile1
353 165.704891 -1.40206514113297 profile1
354 165.706625 -1.43682119632822 profile1
355 165.708359 -1.47571515706303 profile1
356 165.710093 -1.51858709633745 profile1
357 165.711827 -1.5652431863452 profile1
358 165.713561 -1.59026436974848 profile1
359 165.715295 -1.67334327308549 profile1
360 165.717029 -1.8360875400559 profile1
361 165.718763 -2.08453494562694 profile1
362 165.720497 -2.41917530608366 profile1
363 165.722231 -2.83277279206122 profile1
364 165.723965 -3.30418310656058 profile1
365 165.725699 -3.59542791807912 profile1
366 165.802549 -3.68461971152948 profile1
367 165.85132 -3.71545343239315 profile1
368 165.858793 -3.72255577501233 profile1
369 165.864624 -3.75241958804833 profile1
370 165.868565 -3.79406503573157 profile1
371 165.872506 -3.84795230072514 profile1
372 165.876447 -3.91431395105537 profile1
373 165.880388 -3.99312236440662 profile1
374 165.884329 -4.1413932886847 profile1
375 165.88827 -4.31573553490049 profile1
376 165.892211 -4.49973737206158 profile1
377 165.896152 -4.66975464767255 profile1
378 165.900093 -4.84423009293697 profile1
379 165.912941 -4.99308878331505 profile1
380 165.925276 -5.1187591552673 profile1
381 165.925359 -5.25109355042074 profile1
382 165.925441 -5.3886756152444 profile1
383 165.930685 -5.52674992208704 profile1
384 166.172164 -5.67098191228916 profile1
385 166.181382 -5.99885901436358 profile1
386 166.1906 -6.58798807018555 profile1
387 166.324274 -7.13700936942618 profile1
388 166.325217 -7.21362168131822 profile1
389 166.32602 -7.36654950539482 profile1
390 166.326823 -7.58722508500171 profile1
391 166.327627 -7.71889458438883 profile1
392 166.32843 -7.76354712096492 profile1
393 166.377584 -7.78959639046473 profile1
394 166.382507 -7.73015947105516 profile1
395 166.38743 -7.67433212396963 profile1
396 166.394815 -7.62255639540043 profile1
397 166.403288 -7.55868034979652 profile1
398 166.407404 -7.51457105784786 profile1
399 166.411519 -7.44558265322636 profile1
400 166.415634 -7.39072148839512 profile1
401 166.419069 -7.35165114589278 profile1
402 166.422503 -7.33005056232614 profile1
403 166.425938 -7.32748158938503 profile1
404 166.429372 -7.3452403899292 profile1
405 166.432807 -7.38421502509899 profile1
406 166.439999 -7.4447703986153 profile1
407 166.448156 -7.52666276292301 profile1
408 166.475596 -7.60228233234318 profile1
409 166.491355 -7.61793419608144 profile1
410 166.507114 -7.66324301327801 profile1
411 166.522873 -7.70242858635303 profile1
412 166.537635 -7.71221302735932 profile1
413 166.55226 -7.73417448524645 profile1
414 166.566886 -8.32611825429955 profile1
415 166.581511 -8.34812679896272 profile1
416 166.592132 -8.18843763443754 profile1
417 166.599166 -8.1683671682715 profile1
418 166.606199 -8.27435984087568 profile1
419 166.613233 -8.25053061847349 profile1
420 166.62365 -8.26143125505756 profile1
421 166.754477 -8.25965462224051 profile1
422 166.783106 -8.26805953920216 profile1
423 166.802407 -8.30091176803421 profile1
424 166.805057 -8.34858456536281 profile1
425 166.807706 -8.40459050698907 profile1
426 166.811338 -8.44523735353038 profile1
427 166.839967 -8.47324469202448 profile1
428 166.951357 -8.4033542010288 profile1
429 166.992184 -8.41813189923277 profile1
430 167.033011 -8.63272692106938 profile1
431 167.073838 -8.59969731907283 profile1
432 167.142758 -8.93544602339289 profile1
433 167.274124 -9.17792768221622 profile1
434 167.282638 -9.24801932632275 profile1
435 167.286179 -9.3589436038158 profile1
436 167.289719 -9.50892709092635 profile1
437 167.29326 -9.68530011817231 profile1
438 167.306473 -9.77931293423686 profile1
439 167.322761 -9.88351623407199 profile1
440 167.349466 -9.92775843018729 profile1
441 167.360748 -9.90923029341451 profile1
442 167.37203 -9.89329233726628 profile1
443 167.396998 -9.87977343981045 profile1
444 167.523201 -9.7948754504916 profile1
445 167.545144 -10.0135319177042 profile1
446 167.556235 -10.4061345120186 profile1
447 167.567326 -10.8140444209236 profile1
448 167.647654 -11.2776990805391 profile1
449 167.755373 -11.27787865824 profile1
450 167.788738 -11.2671011864311 profile1
451 167.822104 -11.2564490652179 profile1
452 167.836721 -11.2703540133951 profile1
453 167.845502 -11.2987288453928 profile1
454 167.854284 -11.3349137617123 profile1
455 167.858563 -11.378852967386 profile1
456 167.860327 -11.4318077293965 profile1
457 167.862092 -11.49742287623 profile1
458 167.863857 -11.5383163244363 profile1
459 167.865622 -11.5393093515737 profile1
460 167.86764 -11.5407722532345 profile1
461 167.871511 -11.543120054657 profile1
462 167.876871 -11.546461530592 profile1
463 167.882232 -11.5508003945907 profile1
464 167.887593 -11.5561421955611 profile1
465 167.913375 -11.5552928753148 profile1
466 167.920966 -11.5564638610244 profile1
467 167.928557 -11.5622373565825 profile1
468 168.002821 -11.5661332300915 profile1
469 168.013929 -11.5652375909266 profile1
470 168.020304 -11.5675094547185 profile1
471 168.023961 -11.6078862681873 profile1
472 168.02735 -11.6860562262489 profile1
473 168.030739 -11.7001783230917 profile1
474 168.034128 -11.6118182252092 profile1
475 168.037518 -11.6327159943938 profile1
476 168.042103 -11.6518223955281 profile1
477 168.057523 -11.7307807157181 profile1
478 168.241031 -11.8954048891025 profile1
479 168.273712 -11.8894093364253 profile1
480 168.276509 -11.8908710391896 profile1
481 168.279306 -11.8982220614842 profile1
482 168.282103 -11.9115425274476 profile1
483 168.2849 -11.9308629279629 profile1
484 168.287697 -11.9561670284993 profile1
485 168.291368 -12.0002536336038 profile1
486 168.295216 -12.0645299060916 profile1
487 168.301388 -12.1391821543682 profile1
488 168.308464 -12.1048502849224 profile1
489 168.31554 -12.0951416053362 profile1
490 168.322616 -12.119076162006 profile1
491 168.369835 -12.1494685657927 profile1
492 168.372164 -12.1686561316529 profile1
493 168.374493 -12.1879711591544 profile1
494 168.376821 -12.2077297410012 profile1
495 162.797792 -21.8365290269837 profile2
496 162.802465 -21.6548836934731 profile2
497 162.807137 -21.5111223939384 profile2
498 162.891193 -21.1105797473155 profile2
499 162.899169 -20.9269601913375 profile2
500 162.907146 -20.8776167755786 profile2
501 162.915122 -21.0419862150167 profile2
502 162.923098 -21.0666747235015 profile2
503 162.931074 -21.0969508575685 profile2
504 162.93905 -21.1318347718194 profile2
505 162.97044 -21.1091256710404 profile2
506 162.976744 -21.0996784273392 profile2
507 162.983048 -21.0897289218651 profile2
508 162.989352 -20.7695591008292 profile2
509 162.995537 -20.3540483887307 profile2
510 162.997832 -20.1168944285348 profile2
511 163.00011 -20.0481963374875 profile2
512 163.002388 -20.0048579415086 profile2
513 163.004665 -19.9626566433363 profile2
514 163.006943 -19.9216530215196 profile2
515 163.009221 -19.8819056765061 profile2
516 163.011499 -19.8434679954787 profile2
517 163.013777 -19.8063944840414 profile2
518 163.016054 -19.7705545938589 profile2
519 163.018332 -19.7359411530957 profile2
520 163.02061 -19.7028383179596 profile2
521 163.022888 -19.6712828492228 profile2
522 163.025166 -19.6420595906021 profile2
523 163.029526 -19.6153712720861 profile2
524 163.045161 -19.6075614536446 profile2
525 163.061794 -19.6012143230729 profile2
526 163.078427 -19.3895485732076 profile2
527 163.09506 -19.1428121136018 profile2
528 163.111693 -19.0409373873348 profile2
529 163.125708 -19.1108482864574 profile2
530 163.137394 -19.6533102636255 profile2
531 163.14908 -19.2837846502136 profile2
532 163.154021 -19.0105020384078 profile2
533 163.156127 -18.7679329075016 profile2
534 163.157556 -18.5631532120012 profile2
535 163.158891 -18.4024571257569 profile2
536 163.160225 -18.2906863449379 profile2
537 163.161559 -18.2306628688568 profile2
538 163.162894 -18.2228785127268 profile2
539 163.164228 -18.2654366349735 profile2
540 163.165562 -18.3543600007179 profile2
541 163.166897 -18.4842875696003 profile2
542 163.26265 -18.5583127383783 profile2
543 163.413317 -18.3197179540811 profile2
544 163.495816 -16.8234475812863 profile2
545 163.507977 -16.298481468233 profile2
546 163.520139 -16.0382866570591 profile2
547 163.582672 -16.0405204072814 profile2
548 164.022416 -6.9543377333911 profile2
549 164.027702 -5.98387290216894 profile2
550 164.032987 -5.9786119756621 profile2
551 164.064248 -6.02225141584575 profile2
552 164.070405 -6.02138768409448 profile2
553 164.076561 -6.02062309845562 profile2
554 164.255184 -5.83037453677852 profile2
555 164.291807 1.3385964862587 profile2
556 164.314068 1.52594645313819 profile2
557 164.325529 1.54222667148791 profile2
558 164.336991 1.66172976609708 profile2
559 164.348452 2.0000455252547 profile2
560 164.60536 1.97977508902177 profile2
561 164.617986 2.05681253666093 profile2
562 164.628884 2.10671576753166 profile2
563 164.636687 2.14375607908987 profile2
564 164.648869 2.18651693227255 profile2
565 164.66892 2.21011480267788 profile2
566 164.758936 2.3362226520632 profile2
567 165.053217 5.61526885447282 profile2
568 165.121823 5.60851590878944 profile2
569 165.132678 5.61052537016951 profile2
570 165.143532 5.3959228463511 profile2
571 165.154046 5.34908193563713 profile2
572 165.15722 5.27805655298879 profile2
573 165.160395 5.25838508988005 profile2
574 165.163569 5.08346699776838 profile2
575 165.195982 5.01972377182302 profile2
576 165.223558 5.02123046508372 profile2
577 165.251135 5.02402899214593 profile2
578 165.276843 5.04480388069827 profile2
579 165.283031 4.573481081823 profile2
580 165.290201 3.70908238462174 profile2
581 165.297626 -1.30228788591262 profile2
582 165.445995 -5.09472014359582 profile2
583 165.451594 -5.15003876291543 profile2
584 165.457194 -5.2324193121948 profile2
585 165.462793 -5.30611245993881 profile2
586 165.468393 -5.38407912062718 profile2
587 165.473992 -5.47431542879539 profile2
588 165.479592 -5.57691698175939 profile2
589 165.485905 -6.30315066872373 profile2
590 165.495439 -6.35445600205183 profile2
591 165.565236 -6.35949287782723 profile2
592 165.56991 -6.37208900260685 profile2
593 165.574583 -6.40188186225266 profile2
594 165.581587 -6.4080111407153 profile2
595 165.605467 -6.40870534083087 profile2
596 165.629348 -6.4082842335746 profile2
597 165.653228 -6.40830291274315 profile2
598 165.677109 -6.40803430710138 profile2
599 165.700989 -6.40173141951813 profile2
600 165.704891 -6.39830205056427 profile2
601 165.706625 -6.39777621593714 profile2
602 165.708359 -6.40019299023249 profile2
603 165.710093 -6.40556308089058 profile2
604 165.711827 -6.41386984435591 profile2
605 165.713561 -6.43291385339308 profile2
606 165.715295 -6.47923497085037 profile2
607 165.717029 -6.55076193199915 profile2
608 165.718763 -6.64344875380341 profile2
609 165.720497 -6.75254908173098 profile2
610 165.722231 -6.87350057859477 profile2
611 165.723965 -7.00080437490569 profile2
612 165.725699 -7.07435280259343 profile2
613 165.802549 -7.0508491161905 profile2
614 165.85132 -7.02906450435243 profile2
615 165.858793 -7.02400974946396 profile2
616 165.864624 -7.05934236908254 profile2
617 165.868565 -7.13176054344451 profile2
618 165.872506 -7.24144174054052 profile2
619 165.876447 -7.38773175187888 profile2
620 165.880388 -7.56913719611605 profile2
621 165.884329 -7.80716028076464 profile2
622 165.88827 -8.08195015771649 profile2
623 165.892211 -8.27598576549727 profile2
624 165.896152 -8.30982185172904 profile2
625 165.900093 -8.34437041509004 profile2
626 165.912941 -8.37623089674171 profile2
627 165.925276 -8.4052834757281 profile2
628 165.925359 -8.43408578788295 profile2
629 165.925441 -8.46214714350661 profile2
630 165.930685 -8.4920120543915 profile2
631 166.172164 -8.51652318764474 profile2
632 166.181382 -8.59602232514032 profile2
633 166.1906 -8.73799753106686 profile2
634 166.324274 -8.9659005480025 profile2
635 166.325217 -9.36642174708946 profile2
636 166.32602 -9.90899770509407 profile2
637 166.326823 -10.5657630770298 profile2
638 166.327627 -10.8614284036126 profile2
639 166.32843 -10.8699443878988 profile2
640 166.377584 -10.8895657460897 profile2
641 166.382507 -10.956870266587 profile2
642 166.38743 -11.0534022279624 profile2
643 166.394815 -11.1789223660723 profile2
644 166.403288 -11.5337644691248 profile2
645 166.407404 -12.017146155992 profile2
646 166.411519 -12.1790785874886 profile2
647 166.415634 -12.3636861111681 profile2
648 166.419069 -12.5704430976766 profile2
649 166.422503 -12.7982296331489 profile2
650 166.425938 -13.0453010667374 profile2
651 166.429372 -13.309326827387 profile2
652 166.432807 -13.5874925026813 profile2
653 166.439999 -13.8766512352952 profile2
654 166.448156 -14.1734660072105 profile2
655 166.475596 -14.3824465775831 profile2
656 166.491355 -13.968756920639 profile2
657 166.507114 -13.8510057380811 profile2
658 166.522873 -13.8847925376962 profile2
659 166.537635 -13.8659585756123 profile2
660 166.55226 -13.8734896698353 profile2
661 166.566886 -13.8494127532136 profile2
662 166.581511 -13.9284608766779 profile2
663 166.592132 -14.0919644905628 profile2
664 166.599166 -14.3380483526733 profile2
665 166.606199 -14.5647430075677 profile2
666 166.613233 -14.613966850325 profile2
667 166.62365 -14.9302241836182 profile2
668 166.754477 -15.4090344846346 profile2
669 166.783106 -15.4076253922505 profile2
670 166.802407 -15.4837510352272 profile2
671 166.805057 -15.6098430100833 profile2
672 166.807706 -15.7629803184451 profile2
673 166.811338 -15.8331118244554 profile2
674 166.839967 -15.8444189189004 profile2
675 166.951357 -15.9051205300286 profile2
676 166.992184 -15.9015802077552 profile2
677 167.033011 -15.8910309316878 profile2
678 167.073838 -14.459120611249 profile2
679 167.142758 -14.5018838067936 profile2
680 167.274124 -14.5184249654094 profile2
681 167.282638 -14.2651808706855 profile2
682 167.286179 -14.0797600953318 profile2
683 167.289719 -13.9674593547119 profile2
684 167.29326 -13.8956695969962 profile2
685 167.306473 -13.9796102948626 profile2
686 167.322761 -13.9916698520664 profile2
687 167.349466 -13.9854246465445 profile2
688 167.360748 -13.9809941124125 profile2
689 167.37203 -13.9765718958024 profile2
690 167.396998 -13.9714191585845 profile2
691 167.523201 -14.1820308949941 profile2
692 167.545144 -14.1189145717443 profile2
693 167.556235 -14.0422827977277 profile2
694 167.567326 -14.0075641046768 profile2
695 167.647654 -14.4974152643584 profile2
696 167.755373 -14.4949256137539 profile2
697 167.788738 -14.4882192658434 profile2
698 167.822104 -14.4811484025922 profile2
699 167.836721 -14.4768786409254 profile2
700 167.845502 -14.475198834512 profile2
701 167.854284 -14.4753295535996 profile2
702 167.858563 -14.4771675638376 profile2
703 167.860327 -14.480777950442 profile2
704 167.862092 -14.4865183882624 profile2
705 167.863857 -14.4830705212416 profile2
706 167.865622 -14.4686709651439 profile2
707 167.86764 -14.4626996963998 profile2
708 167.871511 -14.4619152841882 profile2
709 167.876871 -14.4653256323373 profile2
710 167.882232 -14.472888299976 profile2
711 167.887593 -14.4845345465417 profile2
712 167.913375 -14.4905346956822 profile2
713 167.920966 -14.4937347242606 profile2
714 167.928557 -14.5002120192152 profile2
715 168.002821 -14.505292836481 profile2
716 168.013929 -14.5082688655099 profile2
717 168.020304 -14.5149967691742 profile2
718 168.023961 -14.5457577215112 profile2
719 168.02735 -14.6042808342653 profile2
720 168.030739 -14.6722424973113 profile2
721 168.034128 -15.1141345693495 profile2
722 168.037518 -15.135168412449 profile2
723 168.042103 -15.1529842850435 profile2
724 168.057523 -15.1111928975469 profile2
725 168.241031 -15.1516158745782 profile2
726 168.273712 -15.084604144219 profile2
727 168.276509 -15.0171571512737 profile2
728 168.279306 -14.9561161146833 profile2
729 168.282103 -14.9019630902928 profile2
730 168.2849 -14.8551477475679 profile2
731 168.287697 -14.8160762079748 profile2
732 168.291368 -14.7991774688853 profile2
733 168.295216 -14.793278109802 profile2
734 168.301388 -14.7892176836449 profile2
735 168.308464 -14.6039026041473 profile2
736 168.31554 -14.4663121452322 profile2
737 168.322616 -14.4031519980744 profile2
738 168.369835 -14.404086465667 profile2
739 168.372164 -14.4080947391874 profile2
740 168.374493 -14.4121817866522 profile2
741 168.376821 -14.4338981017399 profile2
