marker_position lod trace
1 162.797792 -19.2489668066062 pleio
2 162.802465 -18.9829678694593 pleio
3 162.807137 -18.7529065815749 pleio
4 162.891193 -18.6148113336538 pleio
5 162.899169 -18.0747797300427 pleio
6 162.907146 -17.8340064357634 pleio
7 162.915122 -17.7935304552431 pleio
8 162.923098 -17.6464680505111 pleio
9 162.931074 -17.5166007193741 pleio
10 162.93905 -17.4050749655016 pleio
11 162.97044 -17.3548516206507 pleio
12 162.976744 -17.2869637949311 pleio
13 162.983048 -17.2146614463762 pleio
14 162.989352 -17.0904148718654 pleio
15 162.995537 -16.7289140060144 pleio
16 162.997832 -17.6679367893785 pleio
17 163.00011 -17.8770640168735 pleio
18 163.002388 -17.8091731289363 pleio
19 163.004665 -17.742512499918 pleio
20 163.006943 -17.6771290840558 pleio
21 163.009221 -17.6130675637577 pleio
22 163.011499 -17.5503781767161 pleio
23 163.013777 -17.4891149251415 pleio
24 163.016054 -17.4254187969283 pleio
25 163.018332 -17.3581295349334 pleio
26 163.02061 -17.2925635612828 pleio
27 163.022888 -17.2287924185067 pleio
28 163.025166 -17.1664586648928 pleio
29 163.029526 -17.1054692930156 pleio
30 163.045161 -17.0427725555748 pleio
31 163.061794 -16.9795954199836 pleio
32 163.078427 -16.8393399491754 pleio
33 163.09506 -16.6796292607368 pleio
34 163.111693 -16.5485406111915 pleio
35 163.125708 -16.3763799606308 pleio
36 163.137394 -13.9519490703562 pleio
37 163.14908 -12.4318060065368 pleio
38 163.154021 -12.2629937364084 pleio
39 163.156127 -12.1233179893986 pleio
40 163.157556 -12.0140729409295 pleio
41 163.158891 -11.9362780532696 pleio
42 163.160225 -11.8906547277511 pleio
43 163.161559 -11.8775955896506 pleio
44 163.162894 -11.8971472943374 pleio
45 163.164228 -11.9489815141117 pleio
46 163.165562 -12.0323988686287 pleio
47 163.166897 -12.1452966500937 pleio
48 163.26265 -11.2295724887086 pleio
49 163.413317 -8.16298485127733 pleio
50 163.495816 -6.66627925200342 pleio
51 163.507977 -6.10935701439324 pleio
52 163.520139 -5.78922394883113 pleio
53 163.582672 -5.69126926910266 pleio
54 164.022416 -5.8045745343474 pleio
55 164.027702 -5.92869429985449 pleio
56 164.032987 -5.77409322572947 pleio
57 164.064248 -5.89248587610088 pleio
58 164.070405 -5.82619473605653 pleio
59 164.076561 -5.76063340669943 pleio
60 164.255184 -2.50675564846653 pleio
61 164.291807 -1.33182776200468 pleio
62 164.314068 -0.964827707774374 pleio
63 164.325529 -0.6854778147656 pleio
64 164.336991 -0.444503179869388 pleio
65 164.348452 -0.300904735130495 pleio
66 164.60536 -0.322237246817581 pleio
67 164.617986 -0.165210121394479 pleio
68 164.628884 -0.0596927976226911 pleio
69 164.636687 -0.0158799950352875 pleio
70 164.648869 -0.0295619454639089 pleio
71 164.66892 -0.0430899940703909 pleio
72 164.758936 -0.566658905947582 pleio
73 165.053217 -0.466590091621109 pleio
74 165.121823 -0.460845528547815 pleio
75 165.132678 -0.418806256860986 pleio
76 165.143532 -0.367112062155657 pleio
77 165.154046 0 pleio
78 165.15722 -0.386707137784489 pleio
79 165.160395 -1.0184540192768 pleio
80 165.163569 -1.89357116597491 pleio
81 165.195982 -2.73141043152884 pleio
82 165.223558 -2.94548069618611 pleio
83 165.251135 -3.09597280819102 pleio
84 165.276843 -2.90511342093898 pleio
85 165.283031 -2.9921923266348 pleio
86 165.290201 -2.84086211244393 pleio
87 165.297626 -3.16977322073694 pleio
88 165.445995 -4.12514368135419 pleio
89 165.451594 -4.12496389932103 pleio
90 165.457194 -4.14684589768556 pleio
91 165.462793 -4.19041397775675 pleio
92 165.468393 -4.2415618266575 pleio
93 165.473992 -4.29848518857431 pleio
94 165.479592 -4.36083004056517 pleio
95 165.485905 -4.75157849070513 pleio
96 165.495439 -4.8379928810824 pleio
97 165.565236 -4.73819444208001 pleio
98 165.56991 -4.63395153250732 pleio
99 165.574583 -4.7325476512685 pleio
100 165.581587 -4.75090500265462 pleio
101 165.605467 -4.86424144676746 pleio
102 165.629348 -5.00755194995176 pleio
103 165.653228 -5.18020151367555 pleio
104 165.677109 -5.30175199232947 pleio
105 165.700989 -5.32594343571508 pleio
106 165.704891 -5.37196230901743 pleio
107 165.706625 -5.42903522766136 pleio
108 165.708359 -5.49704141361343 pleio
109 165.710093 -5.57575074789634 pleio
110 165.711827 -5.66483050063277 pleio
111 165.713561 -5.64289798633183 pleio
112 165.715295 -5.72150211576615 pleio
113 165.717029 -5.96804357212052 pleio
114 165.718763 -6.39532993985244 pleio
115 165.720497 -6.99677853600356 pleio
116 165.722231 -7.74318876529133 pleio
117 165.723965 -8.57991712889317 pleio
118 165.725699 -9.20201647808352 pleio
119 165.802549 -9.59379721968429 pleio
120 165.85132 -9.77450290486973 pleio
121 165.858793 -9.71873604501746 pleio
122 165.864624 -9.59583819211416 pleio
123 165.868565 -9.49634016940861 pleio
124 165.872506 -9.42156985473159 pleio
125 165.876447 -9.37269605990707 pleio
126 165.880388 -9.35070323097101 pleio
127 165.884329 -9.23908793775222 pleio
128 165.88827 -9.15363557949655 pleio
129 165.892211 -9.10100803296341 pleio
130 165.896152 -9.03838252402489 pleio
131 165.900093 -8.99629743825234 pleio
132 165.912941 -8.98747815838625 pleio
133 165.925276 -8.9942929650261 pleio
134 165.925359 -9.00514406643382 pleio
135 165.925441 -9.02399665346939 pleio
136 165.930685 -8.82622208701074 pleio
137 166.172164 -8.58023093431963 pleio
138 166.181382 -8.87384022172432 pleio
139 166.1906 -10.1862851167824 pleio
140 166.324274 -11.6091825884492 pleio
141 166.325217 -11.71656550945 pleio
142 166.32602 -11.8291860588003 pleio
143 166.326823 -11.9459611867321 pleio
144 166.327627 -11.9905958909658 pleio
145 166.32843 -11.9913418339719 pleio
146 166.377584 -12.0045162282787 pleio
147 166.382507 -12.0383579175862 pleio
148 166.38743 -12.0714293441636 pleio
149 166.394815 -12.1032295855986 pleio
150 166.403288 -12.1990424233477 pleio
151 166.407404 -12.267652245664 pleio
152 166.411519 -12.092807352864 pleio
153 166.415634 -11.940026276097 pleio
154 166.419069 -11.812171817242 pleio
155 166.422503 -11.7119735569706 pleio
156 166.425938 -11.6418096439485 pleio
157 166.429372 -11.6034856068605 pleio
158 166.432807 -11.5980459046525 pleio
159 166.439999 -11.6258053030644 pleio
160 166.448156 -11.6873740048671 pleio
161 166.475596 -11.7341812559529 pleio
162 166.491355 -11.4956350879708 pleio
163 166.507114 -11.2917177357128 pleio
164 166.522873 -11.1084379142745 pleio
165 166.537635 -11.0104349111183 pleio
166 166.55226 -11.0030318657965 pleio
167 166.566886 -10.5852764232875 pleio
168 166.581511 -10.5742608279584 pleio
169 166.592132 -10.7110190469656 pleio
170 166.599166 -11.0341594095412 pleio
171 166.606199 -11.3548000365138 pleio
172 166.613233 -11.2184642650539 pleio
173 166.62365 -11.1456529371416 pleio
174 166.754477 -12.3868350819288 pleio
175 166.783106 -12.3523188028082 pleio
176 166.802407 -12.3667477004557 pleio
177 166.805057 -12.4221845370908 pleio
178 166.807706 -12.5131187862 pleio
179 166.811338 -12.6201035600741 pleio
180 166.839967 -12.6910213974489 pleio
181 166.951357 -12.7242505363139 pleio
182 166.992184 -12.7380293260738 pleio
183 167.033011 -12.8540362726779 pleio
184 167.073838 -13.6552636691553 pleio
185 167.142758 -13.2349558793534 pleio
186 167.274124 -13.4016101940284 pleio
187 167.282638 -13.1948621409069 pleio
188 167.286179 -13.1297251969554 pleio
189 167.289719 -13.2128739390415 pleio
190 167.29326 -13.3874378342048 pleio
191 167.306473 -13.6312492846115 pleio
192 167.322761 -13.780946331268 pleio
193 167.349466 -13.8535924322722 pleio
194 167.360748 -13.8845241701587 pleio
195 167.37203 -13.9180459047536 pleio
196 167.396998 -13.9535266690402 pleio
197 167.523201 -13.9182694148529 pleio
198 167.545144 -13.9467487832 pleio
199 167.556235 -13.9996261784901 pleio
200 167.567326 -14.0664482093795 pleio
201 167.647654 -14.2586284522649 pleio
202 167.755373 -14.3126014051077 pleio
203 167.788738 -14.3940531131736 pleio
204 167.822104 -14.4770901643615 pleio
205 167.836721 -14.5665808749121 pleio
206 167.845502 -14.6595017923908 pleio
207 167.854284 -14.7542813423501 pleio
208 167.858563 -14.8508108523758 pleio
209 167.860327 -14.9398698845689 pleio
210 167.862092 -14.9988505540636 pleio
211 167.863857 -15.0597147465021 pleio
212 167.865622 -15.120426988441 pleio
213 167.86764 -15.1758706980916 pleio
214 167.871511 -15.2388482112856 pleio
215 167.876871 -15.312342542657 pleio
216 167.882232 -15.3962598682444 pleio
217 167.887593 -15.4904746237476 pleio
218 167.913375 -15.5867152036873 pleio
219 167.920966 -15.6327729610826 pleio
220 167.928557 -15.6598566070335 pleio
221 168.002821 -15.6893856769067 pleio
222 168.013929 -15.7303798092903 pleio
223 168.020304 -15.7819473660674 pleio
224 168.023961 -15.8535019541764 pleio
225 168.02735 -15.9426710747585 pleio
226 168.030739 -15.8958450719369 pleio
227 168.034128 -15.3099297513333 pleio
228 168.037518 -15.4216221370403 pleio
229 168.042103 -15.5201240777508 pleio
230 168.057523 -15.8824048999838 pleio
231 168.241031 -15.9091004580131 pleio
232 168.273712 -15.9396333241374 pleio
233 168.276509 -15.9706753035808 pleio
234 168.279306 -16.0053746761314 pleio
235 168.282103 -16.0437040444796 pleio
236 168.2849 -16.0856278164936 pleio
237 168.287697 -16.1310938306575 pleio
238 168.291368 -16.1550266001528 pleio
239 168.295216 -16.2571581686696 pleio
240 168.301388 -16.4338745585808 pleio
241 168.308464 -16.9702727111577 pleio
242 168.31554 -18.4401142309488 pleio
243 168.322616 -20.7730850624705 pleio
244 168.369835 -21.8844213905354 pleio
245 168.372164 -21.9293948858762 pleio
246 168.374493 -21.9748981738878 pleio
247 168.376821 -22.0472525761472 pleio
248 162.797792 -6.84520883564062 profile1
249 162.802465 -6.70058720370437 profile1
250 162.807137 -6.59043739792236 profile1
251 162.891193 -6.45100991835799 profile1
252 162.899169 -6.02416691566635 profile1
253 162.907146 -5.86886783513883 profile1
254 162.915122 -5.87008666498838 profile1
255 162.923098 -5.76823304644528 profile1
256 162.931074 -5.68365085561674 profile1
257 162.93905 -5.61815742826932 profile1
258 162.97044 -5.6063743474285 profile1
259 162.976744 -5.54055913894624 profile1
260 162.983048 -5.46981148564705 profile1
261 162.989352 -5.3304028425846 profile1
262 162.995537 -5.11033611109363 profile1
263 162.997832 -5.73062544686478 profile1
264 163.00011 -5.86729006369675 profile1
265 163.002388 -5.80078872757731 profile1
266 163.004665 -5.7360438682051 profile1
267 163.006943 -5.67312694006494 profile1
268 163.009221 -5.61210697199761 profile1
269 163.011499 -5.55305553357872 profile1
270 163.013777 -5.49604621901903 profile1
271 163.016054 -5.43679952493722 profile1
272 163.018332 -5.37405568197961 profile1
273 163.02061 -5.31372966894374 profile1
274 163.022888 -5.25590206079904 profile1
275 163.025166 -5.20031686184024 profile1
276 163.029526 -5.14691188474034 profile1
277 163.045161 -5.09458506566272 profile1
278 163.061794 -5.04341388327066 profile1
279 163.078427 -4.96404153799117 profile1
280 163.09506 -4.8920266580101 profile1
281 163.111693 -4.84438708475977 profile1
282 163.125708 -4.74204447043966 profile1
283 163.137394 -3.06968465136554 profile1
284 163.14908 -2.24172287564281 profile1
285 163.154021 -2.06917811120721 profile1
286 163.156127 -1.92209464721892 profile1
287 163.157556 -1.80183866488544 profile1
288 163.158891 -1.70957844923727 profile1
289 163.160225 -1.64623305643224 profile1
290 163.161559 -1.61243010488257 profile1
291 163.162894 -1.6084485002415 profile1
292 163.164228 -1.63418277667761 profile1
293 163.165562 -1.6891226159641 profile1
294 163.166897 -1.77149012118332 profile1
295 163.26265 -1.7051944364323 profile1
296 163.413317 -1.29138876711149 profile1
297 163.495816 -0.284789074329713 profile1
298 163.507977 0.0525450219742885 profile1
299 163.520139 0.188435942426293 profile1
300 163.582672 0.228259447670267 profile1
301 164.022416 0.348378141315648 profile1
302 164.027702 0.0766405232311153 profile1
303 164.032987 0.263472726991641 profile1
304 164.064248 0.383901647212636 profile1
305 164.070405 0.443928573501872 profile1
306 164.076561 0.503300706752583 profile1
307 164.255184 3.10777950362144 profile1
308 164.291807 3.55062018686299 profile1
309 164.314068 3.59286345818591 profile1
310 164.325529 3.66148975919685 profile1
311 164.336991 3.71362229006511 profile1
312 164.348452 3.74236784583236 profile1
313 164.60536 3.72250665554414 profile1
314 164.617986 3.85541196002434 profile1
315 164.628884 3.9582593490419 profile1
316 164.636687 4.02145882281517 profile1
317 164.648869 4.0355403396877 profile1
318 164.66892 4.06986976950108 profile1
319 164.758936 3.80377052869864 profile1
320 165.053217 4.04397880412956 profile1
321 165.121823 4.03539333817857 profile1
322 165.132678 4.01260458906678 profile1
323 165.143532 3.98558283668242 profile1
324 165.154046 3.79177452101427 profile1
325 165.15722 3.32519096630428 profile1
326 165.160395 2.66523658634021 profile1
327 165.163569 1.78951840071511 profile1
328 165.195982 0.956836766989236 profile1
329 165.223558 0.731582545710303 profile1
330 165.251135 0.56479593595542 profile1
331 165.276843 0.777401905671597 profile1
332 165.283031 0.69371223570118 profile1
333 165.290201 0.766570920303978 profile1
334 165.297626 -0.0138082687446266 profile1
335 165.445995 -0.969879587947225 profile1
336 165.451594 -0.936412570319529 profile1
337 165.457194 -0.92120437111892 profile1
338 165.462793 -0.917257444078022 profile1
339 165.468393 -0.915564876660796 profile1
340 165.473992 -0.916505081948612 profile1
341 165.479592 -0.920233638516088 profile1
342 165.485905 -1.23356113996932 profile1
343 165.495439 -1.25728949372922 profile1
344 165.565236 -1.25033532622534 profile1
345 165.56991 -1.27073503194129 profile1
346 165.574583 -1.43179204525464 profile1
347 165.581587 -1.54760962605075 profile1
348 165.605467 -1.6833256998296 profile1
349 165.629348 -1.82910196038681 profile1
350 165.653228 -1.98589475097906 profile1
351 165.677109 -2.08845636472527 profile1
352 165.700989 -2.11707004033601 profile1
353 165.704891 -2.17757098766804 profile1
354 165.706625 -2.24754572038908 profile1
355 165.708359 -2.32685443539225 profile1
356 165.710093 -2.41526116700797 profile1
357 165.711827 -2.51243883809529 profile1
358 165.713561 -2.65353075663821 profile1
359 165.715295 -2.917793111248 profile1
360 165.717029 -3.33286001631444 profile1
361 165.718763 -3.91569106739041 profile1
362 165.720497 -4.66449161758176 profile1
363 165.722231 -5.55384649730669 profile1
364 165.723965 -6.52968397313351 profile1
365 165.725699 -7.2567029740385 profile1
366 165.802549 -7.68908218026381 profile1
367 165.85132 -7.88744204364721 profile1
368 165.858793 -7.90557593488735 profile1
369 165.864624 -7.8606847361531 profile1
370 165.868565 -7.82306267652207 profile1
371 165.872506 -7.7934248176034 profile1
372 165.876447 -7.77246368964232 profile1
373 165.880388 -7.76083748421239 profile1
374 165.884329 -7.70796879480837 profile1
375 165.88827 -7.66254419500735 profile1
376 165.892211 -7.6272383954353 profile1
377 165.896152 -7.60237413962331 profile1
378 165.900093 -7.59050680066979 profile1
379 165.912941 -7.58377106672527 profile1
380 165.925276 -7.58257621109694 profile1
381 165.925359 -7.5893448121797 profile1
382 165.925441 -7.6043997326545 profile1
383 165.930685 -7.39905239962007 profile1
384 166.172164 -7.25342326924538 profile1
385 166.181382 -7.73963653420197 profile1
386 166.1906 -9.18778849405069 profile1
387 166.324274 -10.6580478620478 profile1
388 166.325217 -10.7284157566019 profile1
389 166.32602 -10.7985140974852 profile1
390 166.326823 -10.870225115324 profile1
391 166.327627 -10.9000357234686 profile1
392 166.32843 -10.9035914799106 profile1
393 166.377584 -10.9039853059676 profile1
394 166.382507 -10.8848725498488 profile1
395 166.38743 -10.8687485099605 profile1
396 166.394815 -10.8556800909025 profile1
397 166.403288 -10.8679853496927 profile1
398 166.407404 -10.8667728302188 profile1
399 166.411519 -10.7150407815199 profile1
400 166.415634 -10.5824034951072 profile1
401 166.419069 -10.4719536317515 profile1
402 166.422503 -10.3864763490204 profile1
403 166.425938 -10.32819375565 profile1
404 166.429372 -10.2985271191841 profile1
405 166.432807 -10.2979207753041 profile1
406 166.439999 -10.3259178486796 profile1
407 166.448156 -10.3822665617946 profile1
408 166.475596 -10.4408824119147 profile1
409 166.491355 -10.3405527839798 profile1
410 166.507114 -10.2658008871809 profile1
411 166.522873 -10.2048203232751 profile1
412 166.537635 -10.2040195294228 profile1
413 166.55226 -10.201415111984 profile1
414 166.566886 -9.85055490344556 profile1
415 166.581511 -9.84834908006913 profile1
416 166.592132 -9.98428282357754 profile1
417 166.599166 -10.2995604511504 profile1
418 166.606199 -10.6080296896647 profile1
419 166.613233 -10.4530015175284 profile1
420 166.62365 -10.4566017467252 profile1
421 166.754477 -10.5624925511165 profile1
422 166.783106 -10.5687292659598 profile1
423 166.802407 -10.5948165093701 profile1
424 166.805057 -10.6408449300473 profile1
425 166.807706 -10.7064438472975 profile1
426 166.811338 -10.7886017325123 profile1
427 166.839967 -10.8458721711175 profile1
428 166.951357 -10.8022598838542 profile1
429 166.992184 -10.8179572115602 profile1
430 167.033011 -10.8445776277922 profile1
431 167.073838 -11.8273424050573 profile1
432 167.142758 -12.3315454891198 profile1
433 167.274124 -12.7097172711946 profile1
434 167.282638 -12.8285798669152 profile1
435 167.286179 -12.9803238294032 profile1
436 167.289719 -13.1607962464645 profile1
437 167.29326 -13.3422896096083 profile1
438 167.306473 -13.4931715669142 profile1
439 167.322761 -13.6086938316788 profile1
440 167.349466 -13.6773943770824 profile1
441 167.360748 -13.7085168696703 profile1
442 167.37203 -13.741040117842 profile1
443 167.396998 -13.774605481314 profile1
444 167.523201 -13.8156517005294 profile1
445 167.545144 -13.8927376918469 profile1
446 167.556235 -13.9857410552989 profile1
447 167.567326 -14.0664482093795 profile1
448 167.647654 -14.2586284522649 profile1
449 167.755373 -14.3063961215705 profile1
450 167.788738 -14.3731404969757 profile1
451 167.822104 -14.4410088623992 profile1
452 167.836721 -14.5091011564232 profile1
453 167.845502 -14.5782545338158 profile1
454 167.854284 -14.6487273529682 profile1
455 167.858563 -14.7205030522269 profile1
456 167.860327 -14.7937129496447 profile1
457 167.862092 -14.8694972267714 profile1
458 167.863857 -14.9464079048145 profile1
459 167.865622 -15.0236714214703 profile1
460 167.86764 -15.0934786315484 profile1
461 167.871511 -15.1643719998236 profile1
462 167.876871 -15.2385061675175 profile1
463 167.882232 -15.3158618990997 profile1
464 167.887593 -15.3964114001296 profile1
465 167.913375 -15.4724758298967 profile1
466 167.920966 -15.5128150195745 profile1
467 167.928557 -15.5411056638438 profile1
468 168.002821 -15.5793869126208 profile1
469 168.013929 -15.6507979394216 profile1
470 168.020304 -15.7264773501216 profile1
471 168.023961 -15.816233164305 profile1
472 168.31554 -16.9445697242453 profile1
473 168.322616 -17.7115413343103 profile1
474 168.369835 -18.0926865631212 profile1
475 168.372164 -18.1433844372979 profile1
476 168.374493 -18.1943680053577 profile1
477 168.376821 -18.2511376412257 profile1
478 168.02735 -15.9169671039361 profile1
479 168.030739 -15.8958450719369 profile1
480 168.034128 -15.1062168885925 profile1
481 168.037518 -15.2019973260843 profile1
482 168.042103 -15.2853373646478 profile1
483 168.057523 -15.398362561412 profile1
484 168.241031 -15.4410332963222 profile1
485 168.273712 -15.4734336410972 profile1
486 168.276509 -15.5063014129617 profile1
487 168.279306 -15.5421203347864 profile1
488 168.282103 -15.5808462024797 profile1
489 168.2849 -15.6224289917642 profile1
490 168.287697 -15.6668022742176 profile1
491 168.291368 -15.8187403108001 profile1
492 168.295216 -16.0135694367863 profile1
493 168.301388 -16.2167270844151 profile1
494 168.308464 -16.4363098923139 profile1
495 162.797792 -9.97594119214934 profile2
496 162.802465 -9.87302411275959 profile2
497 162.807137 -9.77471602598997 profile2
498 162.891193 -9.7914594963914 profile2
499 162.899169 -9.63991547939595 profile2
500 162.907146 -9.54835336281529 profile2
501 162.915122 -9.51374294208078 profile2
502 162.923098 -9.47461278877302 profile2
503 162.931074 -9.43742427331058 profile2
504 162.93905 -9.40120699265781 profile2
505 162.97044 -9.38279059533904 profile2
506 162.976744 -9.37925408189545 profile2
507 162.983048 -9.37853503112774 profile2
508 162.989352 -9.40423384829722 profile2
509 162.995537 -9.28910358987945 profile2
510 162.997832 -9.4950044071432 profile2
511 163.00011 -9.54858981710458 profile2
512 163.002388 -9.54824750829006 profile2
513 163.004665 -9.54736351206989 profile2
514 163.006943 -9.54591608621004 profile2
515 163.009221 -9.5438832218887 profile2
516 163.011499 -9.54124573501688 profile2
517 163.013777 -9.53798603576715 profile2
518 163.016054 -9.5341911231749 profile2
519 163.018332 -9.52984349155962 profile2
520 163.02061 -9.52478875462783 profile2
521 163.022888 -9.51901943795968 profile2
522 163.025166 -9.51244582321344 profile2
523 163.029526 -9.50504199089359 profile2
524 163.045161 -9.49479849765062 profile2
525 163.061794 -9.48251970115637 profile2
526 163.078427 -9.41422287140406 profile2
527 163.09506 -9.31605418817521 profile2
528 163.111693 -9.22372367681176 profile2
529 163.125708 -9.15585522362263 profile2
530 163.137394 -8.08977786162819 profile2
531 163.14908 -7.13438027718392 profile2
532 163.154021 -7.1120640943312 profile2
533 163.156127 -7.09522352841695 profile2
534 163.157556 -7.08407051909824 profile2
535 163.158891 -7.07870187979479 profile2
536 163.160225 -7.07911955930594 profile2
537 163.161559 -7.08523876004095 profile2
538 163.162894 -7.09692504638428 profile2
539 163.164228 -7.11400344489388 profile2
540 163.165562 -7.13628564010746 profile2
541 163.166897 -7.16343044518317 profile2
542 163.26265 -6.24894244162846 profile2
543 163.413317 -3.44258592384712 profile2
544 163.495816 -2.83420183878541 profile2
545 163.507977 -2.57795941970631 profile2
546 163.520139 -2.36192698562274 profile2
547 163.582672 -2.28209596649996 profile2
548 164.022416 -2.54990617239279 profile2
549 164.027702 -2.37835174223412 profile2
550 164.032987 -2.40855522605668 profile2
551 164.064248 -2.65405084803084 profile2
552 164.070405 -2.64807642494291 profile2
553 164.076561 -2.64215014202989 profile2
554 164.255184 -1.7614696229069 profile2
555 164.291807 -0.874189805222854 profile2
556 164.314068 -0.508473023432031 profile2
557 164.325529 -0.262790113238694 profile2
558 164.336991 -0.0539789229519428 profile2
559 164.348452 0.0553633423866775 profile2
560 164.60536 0.0516000323129998 profile2
561 164.617986 0.0824415316476338 profile2
562 164.628884 0.086435946539632 profile2
563 164.636687 0.0622837965772187 profile2
564 164.648869 0.0253962746558542 profile2
565 164.66892 -0.0133820580505467 profile2
566 164.758936 -0.268770873806254 profile2
567 165.053217 -0.466590091621109 profile2
568 165.121823 -0.452753134204636 profile2
569 165.132678 -0.390418965312882 profile2
570 165.143532 -0.314472721744328 profile2
571 165.154046 0.212487630737959 profile2
572 165.15722 0.267684870006321 profile2
573 165.160395 0.246074778267492 profile2
574 165.163569 0.161398236523773 profile2
575 165.195982 0.0592334062153891 profile2
576 165.223558 0.0496085008452688 profile2
577 165.251135 0.0623893685426163 profile2
578 165.276843 0.0504768237796385 profile2
579 165.283031 0.0519167316537423 profile2
580 165.290201 0.110553906244502 profile2
581 165.297626 0.52253158253493 profile2
582 165.445995 0.589176376585812 profile2
583 165.451594 0.561183242102932 profile2
584 165.457194 0.528656062274561 profile2
585 165.462793 0.486872278404653 profile2
586 165.468393 0.440383513016363 profile2
587 165.473992 0.390957358465643 profile2
588 165.479592 0.339076459057157 profile2
589 165.485905 0.175772473041435 profile2
590 165.495439 0.118185959481164 profile2
591 165.565236 0.217569965874444 profile2
592 165.56991 0.323457441546195 profile2
593 165.574583 0.338425553747355 profile2
594 165.581587 0.428186349644476 profile2
595 165.605467 0.442922052828166 profile2
596 165.629348 0.438714626410038 profile2
597 165.653228 0.41679269195845 profile2
598 165.677109 0.394196001554669 profile2
599 165.700989 0.397323153590761 profile2
600 165.704891 0.410762938737371 profile2
601 165.706625 0.423183603442067 profile2
602 165.708359 0.434555209654902 profile2
603 165.710093 0.444857176478657 profile2
604 165.711827 0.454076305322022 profile2
605 165.713561 0.626165986934775 profile2
606 165.715295 0.824047553079325 profile2
607 165.717029 1.00558651033935 profile2
608 165.718763 1.17384650504654 profile2
609 165.720497 1.3321975765484 profile2
610 165.722231 1.48312767640849 profile2
611 165.723965 1.62622721469494 profile2
612 165.725699 1.72363142904552 profile2
613 165.802549 1.75830814625708 profile2
614 165.85132 1.77715752808628 profile2
615 165.858793 1.86012526733192 profile2
616 165.864624 1.95735102877444 profile2
617 165.868565 2.037856652203 profile2
618 165.872506 2.10094108474308 profile2
619 165.876447 2.14603726231082 profile2
620 165.880388 2.17272700231398 profile2
621 165.884329 2.24721139807684 profile2
622 165.88827 2.30018741976266 profile2
623 165.892211 2.32652207388977 profile2
624 165.896152 2.36247478228636 profile2
625 165.900093 2.38616831170434 profile2
626 165.912941 2.38589328633646 profile2
627 165.925276 2.38070203908684 profile2
628 165.925359 2.37924124126356 profile2
629 165.925441 2.37789365716202 profile2
630 165.930685 2.37528112332207 profile2
631 166.172164 2.4677575118679 profile2
632 166.181382 2.63775543414374 profile2
633 166.1906 2.75673403632134 profile2
634 166.324274 2.78610857719006 profile2
635 166.325217 2.74468712661418 profile2
636 166.32602 2.69990882465754 profile2
637 166.326823 2.65495960043526 profile2
638 166.327627 2.63756657589058 profile2
639 166.32843 2.63434953815885 profile2
640 166.377584 2.61591847745563 profile2
641 166.382507 2.5607612343395 profile2
642 166.38743 2.50923082058707 profile2
643 166.394815 2.46191374893536 profile2
644 166.403288 2.38577517846316 profile2
645 166.407404 2.32767295193377 profile2
646 166.411519 2.36380406026927 profile2
647 166.415634 2.39499814622815 profile2
648 166.419069 2.42114117841807 profile2
649 166.422503 2.44197172849083 profile2
650 166.425938 2.45707945127425 profile2
651 166.429372 2.46592387157945 profile2
652 166.432807 2.46787490840244 profile2
653 166.439999 2.46227074546346 profile2
654 166.448156 2.44848959728611 profile2
655 166.475596 2.45193750856969 profile2
656 166.491355 2.58335093291691 profile2
657 166.507114 2.71189606477583 profile2
658 166.522873 2.83668600694353 profile2
659 166.537635 2.93504734894642 profile2
660 166.55226 2.94106749765547 profile2
661 166.566886 3.01794326818563 profile2
662 166.581511 3.02668658789687 profile2
663 166.592132 3.02446462282599 profile2
664 166.599166 3.01611239507816 profile2
665 166.606199 3.00533573400318 profile2
666 166.613233 2.99065315397037 profile2
667 166.62365 3.06241283112876 profile2
668 166.754477 1.88782177472914 profile2
669 166.783106 1.93787143118448 profile2
670 166.802407 1.95758528376488 profile2
671 166.805057 1.95504161912981 profile2
672 166.807706 1.93526859882614 profile2
673 166.811338 1.91330526379508 profile2
674 166.839967 1.8998268739728 profile2
675 166.951357 1.83881633398722 profile2
676 166.992184 1.84178519119947 profile2
677 167.033011 1.77128696033401 profile2
678 167.073838 1.96467171638386 profile2
679 167.142758 2.78146106587333 profile2
680 167.274124 2.95222246607631 profile2
681 167.282638 3.36363408163809 profile2
682 167.286179 3.6715233446832 profile2
683 167.289719 3.86252609528733 profile2
684 167.29326 3.96007086695824 profile2
685 167.306473 3.95162631669485 profile2
686 167.322761 3.93175260912092 profile2
687 167.349466 3.92870207858798 profile2
688 167.360748 3.93004076429597 profile2
689 167.37203 3.93009062237218 profile2
690 167.396998 3.9291328772938 profile2
691 167.523201 4.00363805219758 profile2
692 167.545144 4.04276189652211 profile2
693 167.556235 4.06780831354478 profile2
694 167.567326 4.06986976950108 profile2
695 167.647654 4.06671368022474 profile2
696 167.755373 4.06159276596315 profile2
697 167.788738 4.04955328836916 profile2
698 167.822104 4.03725546004721 profile2
699 167.836721 4.0193263358052 profile2
700 167.845502 3.99931587709871 profile2
701 167.854284 3.97891239567624 profile2
702 167.858563 3.9581699863169 profile2
703 167.860327 3.9458831900526 profile2
704 167.862092 3.96367455089904 profile2
705 167.863857 3.98016173501561 profile2
706 167.865622 3.99668546642053 profile2
707 167.86764 4.00886982407082 profile2
708 167.871511 4.01327963395901 profile2
709 167.876871 4.0094282339657 profile2
710 167.882232 3.997404671255 profile2
711 167.887593 3.9773246888192 profile2
712 167.913375 3.95549067776567 profile2
713 167.920966 3.95081759732308 profile2
714 167.928557 3.95134993818716 profile2
715 168.002821 3.95900496069019 profile2
716 168.013929 3.98591484170104 profile2
717 168.020304 4.00493798771504 profile2
718 168.023961 4.01663746656474 profile2
719 168.02735 4.02067537072938 profile2
720 168.030739 4.03472048241049 profile2
721 168.034128 3.69915721346728 profile2
722 168.037518 3.67434006173351 profile2
723 168.042103 3.65155172513367 profile2
724 168.057523 3.38730557609592 profile2
725 168.241031 3.39011822191556 profile2
726 168.273712 3.38905482123711 profile2
727 168.276509 3.38813221153357 profile2
728 168.279306 3.38668870739135 profile2
729 168.282103 3.3847123723054 profile2
730 168.2849 3.38219296665739 profile2
731 168.287697 3.37912050524738 profile2
732 168.291368 3.48923987209389 profile2
733 168.295216 3.55320681133594 profile2
734 168.301388 3.54695733753771 profile2
735 168.308464 3.11194691589575 profile2
736 168.31554 1.88116114101849 profile2
737 168.322616 -0.0523381075961296 profile2
738 168.369835 -0.937794216187166 profile2
739 168.372164 -0.932388451863859 profile2
740 168.374493 -0.927192623828873 profile2
741 168.376821 -0.941673331386208 profile2
