marker_position lod trace
1 162.797792 -25.4472104474686 pleio
2 162.802465 -25.379014688453 pleio
3 162.807137 -25.2756431671152 pleio
4 162.891193 -25.6647560211997 pleio
5 162.899169 -25.6838563950678 pleio
6 162.907146 -26.4527894655086 pleio
7 162.915122 -27.3005795480245 pleio
8 162.923098 -27.3783773574281 pleio
9 162.931074 -27.4469322723677 pleio
10 162.93905 -27.5140206868917 pleio
11 162.97044 -27.2250684275871 pleio
12 162.976744 -27.2807629766389 pleio
13 162.983048 -27.2764527815259 pleio
14 162.989352 -26.8741370364523 pleio
15 162.995537 -26.8014252305467 pleio
16 162.997832 -27.5671121874412 pleio
17 163.00011 -27.7755623504195 pleio
18 163.002388 -27.7620159740971 pleio
19 163.004665 -27.748285490467 pleio
20 163.006943 -27.7343796851246 pleio
21 163.009221 -27.7203088809828 pleio
22 163.011499 -27.7060864480375 pleio
23 163.013777 -27.6917284242379 pleio
24 163.016054 -27.6813765126429 pleio
25 163.018332 -27.6763908673506 pleio
26 163.02061 -27.6713073507009 pleio
27 163.022888 -27.666148853071 pleio
28 163.025166 -27.6604114568031 pleio
29 163.029526 -27.6539306771911 pleio
30 163.045161 -27.6491460573221 pleio
31 163.061794 -27.6545818495961 pleio
32 163.078427 -27.4944590185431 pleio
33 163.09506 -27.1933636611414 pleio
34 163.111693 -26.9173379135077 pleio
35 163.125708 -26.788119057238 pleio
36 163.137394 -25.6523121078549 pleio
37 163.14908 -24.2545277718135 pleio
38 163.154021 -23.8367146324821 pleio
39 163.156127 -23.4097153758203 pleio
40 163.157556 -22.9769526434637 pleio
41 163.158891 -22.5436985604894 pleio
42 163.160225 -22.1170056729237 pleio
43 163.161559 -21.7052838432641 pleio
44 163.162894 -21.317625500777 pleio
45 163.164228 -20.9629275914876 pleio
46 163.165562 -20.6490452999324 pleio
47 163.166897 -20.3815929108308 pleio
48 163.26265 -19.9015219547089 pleio
49 163.413317 -19.1147656222193 pleio
50 163.495816 -18.7692826220237 pleio
51 163.507977 -18.2579600257871 pleio
52 163.520139 -17.8751175462218 pleio
53 163.582672 -17.3928107040553 pleio
54 164.022416 -15.337510518241 pleio
55 164.027702 -13.2073617992411 pleio
56 164.032987 -12.5168417151002 pleio
57 164.064248 -12.131423628816 pleio
58 164.070405 -12.1216576818244 pleio
59 164.076561 -12.1119492767653 pleio
60 164.255184 -11.2175316181269 pleio
61 164.291807 -7.75195655143741 pleio
62 164.314068 -7.54538534712745 pleio
63 164.325529 -7.29916250889744 pleio
64 164.336991 -7.07322520963204 pleio
65 164.348452 -6.73168193206973 pleio
66 164.60536 -6.49492033360238 pleio
67 164.617986 -6.20344622000665 pleio
68 164.628884 -5.95677214904308 pleio
69 164.636687 -5.75738271148466 pleio
70 164.648869 -5.63097873336469 pleio
71 164.66892 -5.62878380255046 pleio
72 164.758936 -5.62543821043163 pleio
73 165.053217 -0.0922363384437342 pleio
74 165.121823 -0.203572339378265 pleio
75 165.132678 -0.168362034417988 pleio
76 165.143532 0 pleio
77 165.154046 -0.0362747479177264 pleio
78 165.15722 -0.134536033803848 pleio
79 165.160395 -0.379591205730976 pleio
80 165.163569 -0.93137016912147 pleio
81 165.195982 -1.08538776185379 pleio
82 165.223558 -1.10378578894768 pleio
83 165.251135 -1.12301793772513 pleio
84 165.276843 -1.81658274355913 pleio
85 165.283031 -2.92287038207217 pleio
86 165.290201 -3.49067930006039 pleio
87 165.297626 -6.14895094474807 pleio
88 165.445995 -7.86521557952536 pleio
89 165.451594 -7.94306310684677 pleio
90 165.457194 -8.04665138994607 pleio
91 165.462793 -8.11368277130301 pleio
92 165.468393 -8.17181471812428 pleio
93 165.473992 -8.23487078232603 pleio
94 165.479592 -8.30250604242759 pleio
95 165.485905 -11.4153529107281 pleio
96 165.495439 -11.4934734012228 pleio
97 165.565236 -11.7022041887447 pleio
98 165.56991 -12.0514926336363 pleio
99 165.574583 -12.5039439202891 pleio
100 165.581587 -13.3095428064419 pleio
101 165.605467 -13.3497580815918 pleio
102 165.629348 -13.3715734161811 pleio
103 165.653228 -13.3960712879937 pleio
104 165.677109 -13.4160070792124 pleio
105 165.700989 -13.4319798538295 pleio
106 165.704891 -13.4502161487126 pleio
107 165.706625 -13.4706808235717 pleio
108 165.708359 -13.4933937897459 pleio
109 165.710093 -13.5183580026979 pleio
110 165.711827 -13.5455611382255 pleio
111 165.713561 -13.7149651389429 pleio
112 165.715295 -13.9652886558815 pleio
113 165.717029 -14.2604545645804 pleio
114 165.718763 -14.5900719566196 pleio
115 165.720497 -14.9391290014664 pleio
116 165.722231 -15.2908867562559 pleio
117 165.723965 -15.6297223689209 pleio
118 165.725699 -15.9012267972794 pleio
119 165.802549 -15.9328690704102 pleio
120 165.85132 -15.941470621949 pleio
121 165.858793 -16.025120729035 pleio
122 165.864624 -16.151370195807 pleio
123 165.868565 -16.287060912372 pleio
124 165.872506 -16.4316841887239 pleio
125 165.876447 -16.584538387912 pleio
126 165.880388 -16.7447398169724 pleio
127 165.884329 -16.9201025945061 pleio
128 165.88827 -17.1023215736422 pleio
129 165.892211 -17.256363849644 pleio
130 165.896152 -17.3650240591562 pleio
131 165.900093 -17.4736140993156 pleio
132 165.912941 -17.5376369412036 pleio
133 165.925276 -17.5606257533133 pleio
134 165.925359 -17.5827437338612 pleio
135 165.925441 -17.6029625025816 pleio
136 165.930685 -17.6376348764176 pleio
137 166.172164 -17.76267316401 pleio
138 166.181382 -18.0126787681504 pleio
139 166.1906 -18.2620428354292 pleio
140 166.324274 -18.3829512629435 pleio
141 166.325217 -18.5445989005773 pleio
142 166.32602 -18.9230202439422 pleio
143 166.326823 -19.4906006894243 pleio
144 166.327627 -19.7463633655462 pleio
145 166.32843 -19.709238751275 pleio
146 166.377584 -19.679483076541 pleio
147 166.382507 -19.6733607624227 pleio
148 166.38743 -19.6773667544678 pleio
149 166.394815 -19.6918268850926 pleio
150 166.403288 -19.6543434141584 pleio
151 166.407404 -19.744054584063 pleio
152 166.411519 -19.9887178443309 pleio
153 166.415634 -20.2626828623599 pleio
154 166.419069 -20.5626779897327 pleio
155 166.422503 -20.8845660644575 pleio
156 166.425938 -21.2235053980298 pleio
157 166.429372 -21.5742214128534 pleio
158 166.432807 -21.9313337245265 pleio
159 166.439999 -22.2897033318336 pleio
160 166.448156 -22.6447371691993 pleio
161 166.475596 -22.8775660954368 pleio
162 166.491355 -22.7502652175233 pleio
163 166.507114 -22.7577414515548 pleio
164 166.522873 -22.7928089944023 pleio
165 166.537635 -22.803152214621 pleio
166 166.55226 -22.8081480669939 pleio
167 166.566886 -23.0645666587087 pleio
168 166.581511 -23.1970280088 pleio
169 166.592132 -23.2137356628694 pleio
170 166.599166 -23.3600543573919 pleio
171 166.606199 -23.5836635653065 pleio
172 166.613233 -23.6892490998011 pleio
173 166.62365 -23.8884992340322 pleio
174 166.754477 -24.1289164626635 pleio
175 166.783106 -24.2017713896259 pleio
176 166.802407 -24.2318781783961 pleio
177 166.805057 -24.2624997847355 pleio
178 166.807706 -24.3075864407387 pleio
179 166.811338 -24.3554334265609 pleio
180 166.839967 -24.3788192759571 pleio
181 166.951357 -24.2744537454516 pleio
182 166.992184 -24.2691766195165 pleio
183 167.033011 -24.4943925635694 pleio
184 167.073838 -24.451117021624 pleio
185 167.142758 -24.4617883151496 pleio
186 167.274124 -24.4682683898803 pleio
187 167.282638 -24.6249587655993 pleio
188 167.286179 -24.831501401646 pleio
189 167.289719 -25.0870087484841 pleio
190 167.29326 -25.3851395388629 pleio
191 167.306473 -25.4817177020764 pleio
192 167.322761 -25.5359284066801 pleio
193 167.349466 -25.5612437127749 pleio
194 167.360748 -25.5706009125547 pleio
195 167.37203 -25.5802167793805 pleio
196 167.396998 -25.59060769923 pleio
197 167.523201 -25.9134242822509 pleio
198 167.545144 -26.3245847059413 pleio
199 167.556235 -26.9643905697725 pleio
200 167.567326 -27.5325811683256 pleio
201 167.647654 -27.6051591211235 pleio
202 167.755373 -27.6116252017007 pleio
203 167.788738 -27.6192038761351 pleio
204 167.822104 -27.6264784049969 pleio
205 167.836721 -27.5886079422291 pleio
206 167.845502 -27.5432951176274 pleio
207 167.854284 -27.5055791259176 pleio
208 167.858563 -27.4756082744962 pleio
209 167.860327 -27.4576093067063 pleio
210 167.862092 -27.4636348766291 pleio
211 167.863857 -27.4954973820087 pleio
212 167.865622 -27.5559739181738 pleio
213 167.86764 -27.6214542989955 pleio
214 167.871511 -27.6910573625008 pleio
215 167.876871 -27.7644101828824 pleio
216 167.882232 -27.8413855462772 pleio
217 167.887593 -27.9218382247768 pleio
218 167.913375 -27.9673728512926 pleio
219 167.920966 -27.9692447754227 pleio
220 167.928557 -27.9718111161754 pleio
221 168.002821 -27.9824032279437 pleio
222 168.013929 -28.0236592068833 pleio
223 168.020304 -28.0715607414305 pleio
224 168.023961 -28.1955516627749 pleio
225 168.02735 -28.3913702213896 pleio
226 168.030739 -28.6137967719679 pleio
227 168.034128 -29.4549382373235 pleio
228 168.037518 -29.5288911252844 pleio
229 168.042103 -29.5853986382951 pleio
230 168.057523 -29.5922647438422 pleio
231 168.241031 -29.6216122862941 pleio
232 168.273712 -29.5732186066573 pleio
233 168.276509 -29.5347245669346 pleio
234 168.279306 -29.5056159730853 pleio
235 168.282103 -29.4860765535174 pleio
236 168.2849 -29.4762098789046 pleio
237 168.287697 -29.4760432172829 pleio
238 168.291368 -29.5074365235958 pleio
239 168.295216 -29.5563879986041 pleio
240 168.301388 -29.6059032022113 pleio
241 168.308464 -29.3802602482301 pleio
242 168.31554 -29.2051057654912 pleio
243 168.322616 -29.1013343866218 pleio
244 168.369835 -29.081719999424 pleio
245 168.372164 -29.0838560048859 pleio
246 168.374493 -29.0861205451663 pleio
247 168.376821 -29.1001323951277 pleio
248 165.053217 0.0182774330154136 profile1
249 165.121823 0.170346046820019 profile1
250 165.132678 0.239587683810587 profile1
251 165.143532 0.30662005093783 profile1
252 165.154046 0.484202643883918 profile1
253 165.15722 0.410568346905808 profile1
254 165.160395 0.304705324855175 profile1
255 165.163569 0.132149370718308 profile1
256 165.195982 0.101296081343335 profile1
257 165.223558 0.145091871942757 profile1
258 165.251135 0.192870384078093 profile1
259 165.276843 0.220364875916926 profile1
260 165.283031 0.356430577117651 profile1
261 165.290201 0.0936813308819521 profile1
262 165.297626 -0.543305634412441 profile1
263 165.445995 -1.05945209217474 profile1
264 165.451594 -1.09060923030517 profile1
265 165.457194 -1.12622202894921 profile1
266 165.462793 -1.15933854350126 profile1
267 165.468393 -1.1951446255587 profile1
268 165.473992 -1.23507778530943 profile1
269 165.479592 -1.2786833000782 profile1
270 165.485905 -2.82226732577032 profile1
271 165.495439 -2.85871447093985 profile1
272 165.565236 -3.00941114328776 profile1
273 165.56991 -3.28689773698876 profile1
274 165.574583 -3.67162500928988 profile1
275 165.581587 -4.47065468438295 profile1
276 165.605467 -4.48661130511498 profile1
277 165.629348 -4.50629306994436 profile1
278 165.653228 -4.52659807848931 profile1
279 165.677109 -4.54060768516565 profile1
280 165.700989 -4.55121173939236 profile1
281 165.704891 -4.55946250569206 profile1
282 165.706625 -4.5663819721604 profile1
283 165.708359 -4.57191737450536 profile1
284 165.710093 -4.57603897166437 profile1
285 165.711827 -4.57873925485062 profile1
286 165.713561 -4.6302464272082 profile1
287 165.715295 -4.70669966808997 profile1
288 165.717029 -4.79621327263101 profile1
289 165.718763 -4.89801022656371 profile1
290 165.720497 -5.01106292432966 profile1
291 165.722231 -5.13421772934331 profile1
292 165.723965 -5.26676163993846 profile1
293 165.725699 -5.41874780596575 profile1
294 165.802549 -5.43823760012947 profile1
295 165.85132 -5.44501882549106 profile1
296 165.858793 -5.45592418750254 profile1
297 165.864624 -5.48419843659741 profile1
298 165.868565 -5.51913615391656 profile1
299 165.872506 -5.56043380381211 profile1
300 165.876447 -5.60762756470182 profile1
301 165.880388 -5.66010723433037 profile1
302 165.884329 -5.72756683812492 profile1
303 162.797792 -12.1871820139431 profile1
304 162.802465 -12.2191033750838 profile1
305 162.807137 -12.2501881010663 profile1
306 162.891193 -12.6557174237425 profile1
307 162.899169 -12.3464889725855 profile1
308 162.907146 -13.0122588878735 profile1
309 162.915122 -13.8239739920636 profile1
310 162.923098 -13.8892335423623 profile1
311 162.931074 -13.9407666278071 profile1
312 162.93905 -13.9867204884909 profile1
313 162.97044 -13.6845887898306 profile1
314 162.976744 -13.6990649418563 profile1
315 162.983048 -13.7005914555174 profile1
316 162.989352 -13.345241498927 profile1
317 162.995537 -13.2371436934622 profile1
318 162.997832 -13.3240540023439 profile1
319 163.00011 -13.3912430449953 profile1
320 163.002388 -13.3940181835384 profile1
321 163.004665 -13.3969071780223 profile1
322 163.006943 -13.3999016267274 profile1
323 163.009221 -13.4029903502731 profile1
324 163.011499 -13.4061621327415 profile1
325 163.013777 -13.4094066272786 profile1
326 163.016054 -13.416534503952 profile1
327 163.018332 -13.4286989868923 profile1
328 163.02061 -13.4407740182841 profile1
329 163.022888 -13.4527453714453 profile1
330 163.025166 -13.4644551482373 profile1
331 163.029526 -13.4758367421744 profile1
332 163.045161 -13.4882174069509 profile1
333 163.061794 -13.5115886692414 profile1
334 163.078427 -13.4891415399384 profile1
335 163.09506 -13.4131398793692 profile1
336 163.111693 -13.369550579308 profile1
337 163.125708 -13.4002925957272 profile1
338 163.137394 -13.0441288943148 profile1
339 163.14908 -12.1217230497106 profile1
340 163.154021 -11.8971227683552 profile1
341 163.156127 -11.6909999312266 profile1
342 163.157556 -11.5054743491828 profile1
343 163.158891 -11.3424033015336 profile1
344 163.160225 -11.2033262509349 profile1
345 163.161559 -11.0893990888507 profile1
346 163.162894 -11.0013654805286 profile1
347 163.164228 -10.9395138152862 profile1
348 163.165562 -10.9036876733105 profile1
349 163.166897 -10.892859290541 profile1
350 163.26265 -10.7074749984183 profile1
351 163.413317 -10.3155974524475 profile1
352 163.495816 -10.6102518415366 profile1
353 163.507977 -10.6604012475436 profile1
354 163.520139 -10.8113071316956 profile1
355 163.582672 -10.7806722226077 profile1
356 164.022416 -9.66849499451697 profile1
357 164.027702 -8.15744757739115 profile1
358 164.032987 -7.84000329003066 profile1
359 164.064248 -7.70096296360823 profile1
360 164.070405 -7.69712118707844 profile1
361 164.076561 -7.69326602877178 profile1
362 164.255184 -7.06891069194463 profile1
363 164.291807 -6.48062118139955 profile1
364 164.314068 -6.70463173810768 profile1
365 164.325529 -6.71879486253472 profile1
366 164.336991 -6.70822300212466 profile1
367 164.348452 -6.53163851595182 profile1
368 164.60536 -6.39490692287036 profile1
369 164.617986 -6.1066357450509 profile1
370 164.628884 -5.86299506470671 profile1
371 164.636687 -5.66583060159586 profile1
372 164.648869 -5.54003904287793 profile1
373 164.66892 -5.54759398731029 profile1
374 164.758936 -5.59474389444576 profile1
375 165.88827 -5.79977714168929 profile1
376 165.892211 -5.84534991276523 profile1
377 165.896152 -5.86177018425405 profile1
378 165.900093 -5.88265487095645 profile1
379 165.912941 -5.89019116307044 profile1
380 165.925276 -5.88586009358 profile1
381 165.925359 -5.88243657774111 profile1
382 165.925441 -5.87876217465955 profile1
383 165.930685 -5.88588681729396 profile1
384 166.172164 -5.91352165655968 profile1
385 166.181382 -5.96056519972043 profile1
386 166.1906 -5.98664447602313 profile1
387 166.324274 -5.95430521765529 profile1
388 166.325217 -6.15787789048036 profile1
389 166.32602 -6.54738565952709 profile1
390 166.326823 -7.09200533650153 profile1
391 166.327627 -7.35081033812333 profile1
392 166.32843 -7.34897599768567 profile1
393 166.377584 -7.33882838967922 profile1
394 166.382507 -7.3014862155599 profile1
395 166.38743 -7.27260630133862 profile1
396 166.394815 -7.25262299402229 profile1
397 166.403288 -7.27044064728276 profile1
398 166.407404 -7.40086226165923 profile1
399 166.411519 -7.46374139218876 profile1
400 166.415634 -7.54209079466896 profile1
401 166.419069 -7.63544416827818 profile1
402 166.422503 -7.743268823817 profile1
403 166.425938 -7.86497003642339 profile1
404 166.429372 -7.99990072483329 profile1
405 166.432807 -8.14736023611027 profile1
406 166.439999 -8.30658472677616 profile1
407 166.448156 -8.47670008661105 profile1
408 166.475596 -8.60209302922317 profile1
409 166.491355 -8.60503662094747 profile1
410 166.507114 -8.74066856895459 profile1
411 166.522873 -8.88157666874629 profile1
412 166.537635 -8.90863269486942 profile1
413 166.55226 -8.91701869634398 profile1
414 166.566886 -9.09542459334532 profile1
415 166.581511 -9.18582722315259 profile1
416 166.592132 -9.15984797670644 profile1
417 166.599166 -9.22710324147372 profile1
418 166.606199 -9.34394543760154 profile1
419 166.613233 -9.33993910791223 profile1
420 166.62365 -9.45670999904124 profile1
421 166.754477 -9.70185504648564 profile1
422 166.783106 -9.71483391721015 profile1
423 166.802407 -9.71525877764725 profile1
424 166.805057 -9.73246528872144 profile1
425 166.807706 -9.77365703091573 profile1
426 166.811338 -9.80317956388759 profile1
427 166.839967 -9.81383970872884 profile1
428 166.951357 -9.75553916876033 profile1
429 166.992184 -9.75370153272234 profile1
430 167.033011 -9.92873698601091 profile1
431 167.073838 -9.41166536365805 profile1
432 167.142758 -9.40586952130926 profile1
433 167.274124 -9.38059143463807 profile1
434 167.282638 -9.57482163802039 profile1
435 167.286179 -9.8031622291885 profile1
436 167.289719 -10.0639133136064 profile1
437 167.29326 -10.3497117231062 profile1
438 167.306473 -10.4572947860977 profile1
439 167.322761 -10.51550603085 profile1
440 167.349466 -10.5388200591025 profile1
441 167.360748 -10.5418669158336 profile1
442 167.37203 -10.5450046815918 profile1
443 167.396998 -10.5481586290792 profile1
444 167.523201 -10.5385337675778 profile1
445 167.545144 -10.7717312299618 profile1
446 167.556235 -11.1100033263017 profile1
447 167.567326 -11.4324409163643 profile1
448 167.647654 -11.3645062581403 profile1
449 167.755373 -11.3658707146789 profile1
450 167.788738 -11.3694142488592 profile1
451 167.822104 -11.37296350939 profile1
452 167.836721 -11.3226933665924 profile1
453 167.845502 -11.261122825022 profile1
454 167.854284 -11.2058984909257 profile1
455 167.858563 -11.1571617281947 profile1
456 167.860327 -11.1178865511443 profile1
457 167.862092 -11.0964863108809 profile1
458 167.863857 -11.1067505234306 profile1
459 167.865622 -11.1546022545665 profile1
460 167.86764 -11.2076862921066 profile1
461 167.871511 -11.2649247552591 profile1
462 167.876871 -11.3259385027268 profile1
463 167.882232 -11.3906147792773 profile1
464 167.887593 -11.4588200151293 profile1
465 167.913375 -11.4987363632224 profile1
466 167.920966 -11.498603495144 profile1
467 167.928557 -11.4972230894515 profile1
468 168.002821 -11.5029058556016 profile1
469 168.013929 -11.5362763576226 profile1
470 168.020304 -11.5763193128144 profile1
471 168.023961 -11.6880357244811 profile1
472 168.02735 -11.8672056712788 profile1
473 168.030739 -12.0687344243243 profile1
474 168.034128 -12.8877303128646 profile1
475 168.037518 -12.9566874892854 profile1
476 168.042103 -13.00866448235 profile1
477 168.057523 -12.9765520840947 profile1
478 168.241031 -12.9931822047341 profile1
479 168.273712 -12.9647053153465 profile1
480 168.276509 -12.9467348366969 profile1
481 168.279306 -12.9371972739052 profile1
482 168.282103 -12.93626506723 profile1
483 168.2849 -12.9440359224918 profile1
484 168.287697 -12.9605377188967 profile1
485 168.291368 -12.9863651134008 profile1
486 168.295216 -13.0246619862973 profile1
487 168.301388 -13.0662559630269 profile1
488 168.308464 -12.9566045903174 profile1
489 168.31554 -12.8833406651831 profile1
490 168.322616 -12.8374853873135 profile1
491 168.369835 -12.8193299539303 profile1
492 168.372164 -12.8131242566598 profile1
493 168.374493 -12.8069689455172 profile1
494 168.376821 -12.7903913665203 profile1
495 162.797792 -13.1647544162179 profile2
496 162.802465 -13.0879423725296 profile2
497 162.807137 -12.9767912923949 profile2
498 162.891193 -12.9757280570461 profile2
499 162.899169 -13.2546895528113 profile2
500 162.907146 -13.2740961830772 profile2
501 162.915122 -13.2749062481309 profile2
502 162.923098 -13.2963041437511 profile2
503 162.931074 -13.3218650379366 profile2
504 162.93905 -13.3514396739469 profile2
505 162.97044 -13.3755019148671 profile2
506 162.976744 -13.4176063672526 profile2
507 162.983048 -13.4106024162553 profile2
508 162.989352 -13.3686497294668 profile2
509 162.995537 -13.4011740213019 profile2
510 162.997832 -14.0654540045813 profile2
511 163.00011 -14.2012378031846 profile2
512 163.002388 -14.1837865090827 profile2
513 163.004665 -14.1660126779343 profile2
514 163.006943 -14.1479371605613 profile2
515 163.009221 -14.1295850949092 profile2
516 163.011499 -14.1109846987693 profile2
517 163.013777 -14.0921662729769 profile2
518 163.016054 -14.0731934423496 profile2
519 163.018332 -14.0541681185211 profile2
520 163.02061 -14.0351092424324 profile2
521 163.022888 -14.016057535106 profile2
522 163.025166 -13.9966609891806 profile2
523 163.029526 -13.9768208230111 profile2
524 163.045161 -13.9577333950737 profile2
525 163.061794 -13.9378633585667 profile2
526 163.078427 -13.7965820597867 profile2
527 163.09506 -13.5644621183432 profile2
528 163.111693 -13.3210889801576 profile2
529 163.125708 -13.1529184282066 profile2
530 163.137394 -12.2743861905026 profile2
531 163.14908 -11.7230821461967 profile2
532 163.154021 -11.5377382847402 profile2
533 163.156127 -11.3266820702159 profile2
534 163.157556 -11.0909517043092 profile2
535 163.158891 -10.8335603168112 profile2
536 163.160225 -10.5595095548037 profile2
537 163.161559 -10.2754778544455 profile2
538 163.162894 -9.9892322920978 profile2
539 163.164228 -9.70885111690637 profile2
540 163.165562 -9.44191506760881 profile2
541 163.166897 -9.19477721746627 profile2
542 163.26265 -8.88241567627035 profile2
543 163.413317 -8.45352125734488 profile2
544 163.495816 -7.69158070807442 profile2
545 163.507977 -7.11762524404295 profile2
546 163.520139 -6.58822908611201 profile2
547 163.582672 -6.14834505022352 profile2
548 164.022416 -5.21177461675003 profile2
549 164.027702 -4.65822955259354 profile2
550 164.032987 -4.32657810895332 profile2
551 164.064248 -4.09917987208366 profile2
552 164.070405 -4.09220817040309 profile2
553 164.076561 -4.08531189976396 profile2
554 164.255184 -3.68402884170411 profile2
555 164.291807 -0.667681678021157 profile2
556 164.314068 -0.265231033931944 profile2
557 164.325529 -0.0185279520581209 profile2
558 164.336991 0.183190283051333 profile2
559 164.348452 0.335434613163433 profile2
560 164.60536 0.4235847535286 profile2
561 164.617986 0.424023018229015 profile2
562 164.628884 0.424716579596689 profile2
563 164.636687 0.424932621626795 profile2
564 164.648869 0.424165255229042 profile2
565 164.66892 0.434174609651447 profile2
566 164.758936 0.484202643883918 profile2
567 165.053217 0.366007775704601 profile2
568 165.121823 0.108930352920209 profile2
569 165.132678 0.0751079504313741 profile2
570 165.143532 0.174120219826141 profile2
571 165.154046 -0.0362747479177264 profile2
572 165.15722 -0.0509315789363882 profile2
573 165.160395 -0.173373997431476 profile2
574 165.163569 -0.529161384103458 profile2
575 165.195982 -0.644760445534324 profile2
576 165.223558 -0.702598106890069 profile2
577 165.251135 -0.764628847160556 profile2
578 165.276843 -1.48803427532863 profile2
579 165.283031 -2.73526496925184 profile2
580 165.290201 -3.03369668777187 profile2
581 165.297626 -5.10277899401925 profile2
582 165.445995 -6.35545397666981 profile2
583 165.451594 -6.40760612730895 profile2
584 165.457194 -6.48239822347019 profile2
585 165.462793 -6.52057934380294 profile2
586 165.468393 -6.54658164655672 profile2
587 165.473992 -6.57364813547419 profile2
588 165.479592 -6.60184167468237 profile2
589 165.485905 -8.39017676103174 profile2
590 165.495439 -8.4355233588015 profile2
591 165.565236 -8.4948009753485 profile2
592 165.56991 -8.56465744481511 profile2
593 165.574583 -8.63071818150038 profile2
594 165.581587 -8.65621080774939 profile2
595 165.605467 -8.68218290440955 profile2
596 165.629348 -8.68573914628251 profile2
597 165.653228 -8.691546271705 profile2
598 165.677109 -8.69888755366663 profile2
599 165.700989 -8.70662246136903 profile2
600 165.704891 -8.71995826206953 profile2
601 165.706625 -8.73671853442936 profile2
602 165.708359 -8.75694281356393 profile2
603 165.710093 -8.78062999284947 profile2
604 165.711827 -8.80774188259123 profile2
605 165.713561 -8.93991335668768 profile2
606 165.715295 -9.13439568791254 profile2
607 165.717029 -9.36348235474097 profile2
608 165.718763 -9.61585715986126 profile2
609 165.720497 -9.87518501385012 profile2
610 165.722231 -10.1234074778621 profile2
611 165.723965 -10.3438296819548 profile2
612 165.725699 -10.4768990039311 profile2
613 165.802549 -10.5000786755369 profile2
614 165.85132 -10.5063158864625 profile2
615 165.858793 -10.5811239193926 profile2
616 165.864624 -10.6832005177871 profile2
617 165.868565 -10.7886176110636 profile2
618 165.872506 -10.8971244840266 profile2
619 165.876447 -11.0084290689414 profile2
620 165.880388 -11.1221973237046 profile2
621 165.884329 -11.2389080560078 profile2
622 165.88827 -11.3579376145671 profile2
623 165.892211 -11.4738724207268 profile2
624 165.896152 -11.5708208990766 profile2
625 165.900093 -11.6630341438513 profile2
626 165.912941 -11.7216947303186 profile2
627 165.925276 -11.7492324756022 profile2
628 165.925359 -11.7749214802463 profile2
629 165.925441 -11.7987936818236 profile2
630 165.930685 -11.8248299543284 profile2
631 166.172164 -11.9210174735507 profile2
632 166.181382 -12.1239692119137 profile2
633 166.1906 -12.3497121476342 profile2
634 166.324274 -12.5121484037967 profile2
635 166.325217 -12.4392254397911 profile2
636 166.32602 -12.3787980319646 profile2
637 166.326823 -12.3395471848357 profile2
638 166.327627 -12.3086528659072 profile2
639 166.32843 -12.2743863479322 profile2
640 166.377584 -12.2568780617244 profile2
641 166.382507 -12.2946587866921 profile2
642 166.38743 -12.3342526046714 profile2
643 166.394815 -12.3755086856633 profile2
644 166.403288 -12.3374493414919 profile2
645 166.407404 -12.306821744267 profile2
646 166.411519 -12.4918814695573 profile2
647 166.415634 -12.6897963612723 profile2
648 166.419069 -12.897737272456 profile2
649 166.422503 -13.1120913850235 profile2
650 166.425938 -13.328622672658 profile2
651 166.429372 -13.5427365055742 profile2
652 166.432807 -13.7498086634796 profile2
653 166.439999 -13.9455398861384 profile2
654 166.448156 -14.1263015582768 profile2
655 166.475596 -14.2296457871218 profile2
656 166.491355 -14.0671557739497 profile2
657 166.507114 -13.9214847437753 profile2
658 166.522873 -13.8020716070579 profile2
659 166.537635 -13.7827081307975 profile2
660 166.55226 -13.7781739896626 profile2
661 166.566886 -13.8272681532126 profile2
662 166.581511 -13.8626273753534 profile2
663 166.592132 -13.8952081766412 profile2
664 166.599166 -13.9551525861027 profile2
665 166.606199 -14.0411647795026 profile2
666 166.613233 -14.1418010930574 profile2
667 166.62365 -14.2278430359313 profile2
668 166.754477 -14.2504061930456 profile2
669 166.783106 -14.3107322219399 profile2
670 166.802407 -14.3404055342795 profile2
671 166.805057 -14.3516534143321 profile2
672 166.807706 -14.3509394057539 profile2
673 166.811338 -14.3651443234428 profile2
674 166.839967 -14.3753932601551 profile2
675 166.951357 -14.3277747976082 profile2
676 166.992184 -14.3241432678884 profile2
677 167.033011 -14.3604717164365 profile2
678 167.073838 -14.8863458038055 profile2
679 167.142758 -14.9163055333937 profile2
680 167.274124 -14.9511298645556 profile2
681 167.282638 -14.9083223577187 profile2
682 167.286179 -14.8812761955629 profile2
683 167.289719 -14.8709492875805 profile2
684 167.29326 -14.8791791169357 profile2
685 167.306473 -14.876577708678 profile2
686 167.322761 -14.8698469369041 profile2
687 167.349466 -14.868540832331 profile2
688 167.360748 -14.8737937953043 profile2
689 167.37203 -14.8790252095624 profile2
690 167.396998 -14.8848261177447 profile2
691 167.523201 -15.2200042690201 profile2
692 167.545144 -15.3695061834108 profile2
693 167.556235 -15.6211236451482 profile2
694 167.567326 -15.8181743450003 profile2
695 167.647654 -15.9148784885336 profile2
696 167.755373 -15.9193474867466 profile2
697 167.788738 -15.9226257666529 profile2
698 167.822104 -15.9255404843409 profile2
699 167.836721 -15.9366408958305 profile2
700 167.845502 -15.9506625828893 profile2
701 167.854284 -15.9650305359726 profile2
702 167.858563 -15.9797560489457 profile2
703 167.860327 -15.9960871238774 profile2
704 167.862092 -16.0176738926593 profile2
705 167.863857 -16.0354435240068 profile2
706 167.865622 -16.0476053038492 profile2
707 167.86764 -16.0590935252111 profile2
708 167.871511 -16.0703780242441 profile2
709 167.876871 -16.0815283842164 profile2
710 167.882232 -16.0925247414899 profile2
711 167.887593 -16.1033507555673 profile2
712 167.913375 -16.1075298183976 profile2
713 167.920966 -16.108936471594 profile2
714 167.928557 -16.1126346914087 profile2
715 168.002821 -16.1167204308845 profile2
716 168.013929 -16.1219153888499 profile2
717 168.020304 -16.1271832861701 profile2
718 168.023961 -16.1397490347272 profile2
719 168.02735 -16.1580557944402 profile2
720 168.030739 -16.1801937266417 profile2
721 168.034128 -16.1886507703892 profile2
722 168.037518 -16.1914906710686 profile2
723 168.042103 -16.1944954034879 profile2
724 168.057523 -16.2254134086418 profile2
725 168.241031 -16.2304018620153 profile2
726 168.273712 -16.2087056231915 profile2
727 168.276509 -16.1859588099291 profile2
728 168.279306 -16.1638076615665 profile2
729 168.282103 -16.1422798052547 profile2
730 168.2849 -16.1214003221468 profile2
731 168.287697 -16.1011901909011 profile2
732 168.291368 -16.1048332061992 profile2
733 168.295216 -16.1135859382861 profile2
734 168.301388 -16.1196077869052 profile2
735 168.308464 -16.017079857883 profile2
736 168.31554 -15.9333708121014 profile2
737 168.322616 -15.8964847580942 profile2
738 168.369835 -15.9031419088803 profile2
739 168.372164 -15.9112035854215 profile2
740 168.374493 -15.9193437245842 profile2
741 168.376821 -15.9493307474174 profile2
