marker_position lod trace
1 67.606765 -3.67733175647486 pleio
2 67.613251 -3.6732626291909 pleio
3 67.619736 -3.66931406785835 pleio
4 67.626222 -3.66548699613654 pleio
5 67.641347 -3.66178223835549 pleio
6 67.654855 -3.65819230033332 pleio
7 67.658769 -3.65458802019377 pleio
8 67.662682 -3.6511645094095 pleio
9 67.666596 -3.64789412841588 pleio
10 67.679986 -3.64475477639636 pleio
11 67.708923 -3.64085287489427 pleio
12 67.715069 -3.63757025173931 pleio
13 67.721215 -3.63379048320618 pleio
14 67.746869 -3.6280818863858 pleio
15 67.778018 -3.62527706741882 pleio
16 67.809168 -3.61491548031108 pleio
17 67.895218 -3.45689970437472 pleio
18 67.900561 -3.26430775173302 pleio
19 67.905905 -3.11358029037849 pleio
20 67.911248 -3.00564446989934 pleio
21 67.920171 -2.92382966512697 pleio
22 67.929072 -2.85557372656211 pleio
23 67.937973 -2.83632042512796 pleio
24 67.946874 -2.86523544737138 pleio
25 67.962131 -2.90361340178975 pleio
26 68.103338 -2.92599894025188 pleio
27 68.122257 -2.93785466500057 pleio
28 68.141177 -2.91995824849394 pleio
29 68.410128 -2.9206945466743 pleio
30 68.415239 -2.94318559845906 pleio
31 68.42035 -2.9687221738394 pleio
32 68.640199 -2.86597220955 pleio
33 68.652056 -2.7020883396705 pleio
34 68.656091 -2.59581273143121 pleio
35 68.660126 -2.55066528835801 pleio
36 68.664161 -2.56824604287516 pleio
37 68.685197 -2.63893189613978 pleio
38 68.806919 -2.68913018844646 pleio
39 68.816104 -2.69147972375137 pleio
40 68.825289 -2.69377742300752 pleio
41 68.885575 -2.67822804784304 pleio
42 68.886394 -2.64655178581574 pleio
43 68.887213 -2.61453469548958 pleio
44 68.888033 -2.58224570643053 pleio
45 68.888852 -2.54975371614879 pleio
46 68.889671 -2.51712795244899 pleio
47 68.89049 -2.5488326863572 pleio
48 68.89131 -2.57821535078449 pleio
49 68.892129 -2.59760203795965 pleio
50 68.987403 -2.4590266739137 pleio
51 69.064645 -2.0208637566641 pleio
52 69.131341 -2.32398382691965 pleio
53 69.198036 -2.34060338480457 pleio
54 69.214855 -2.37464128342917 pleio
55 69.21825 -2.40911804881792 pleio
56 69.221446 -2.44383443575361 pleio
57 69.224642 -2.47851548089508 pleio
58 69.227838 -2.5129213001004 pleio
59 69.231034 -2.21921527495181 pleio
60 69.23423 -2.17694863850364 pleio
61 69.237426 -2.18650863256727 pleio
62 69.240621 -2.19582167309688 pleio
63 69.244859 -2.20492604012188 pleio
64 69.252696 -2.21393319619304 pleio
65 69.260534 -2.2243575768062 pleio
66 69.416362 -1.17449296729142 pleio
67 69.484146 0 pleio
68 69.505599 -0.00659752817832416 pleio
69 69.508945 -0.0152559198031446 pleio
70 69.512291 -0.0246051723340061 pleio
71 69.515636 -0.0345985661365554 pleio
72 69.542556 -0.0747593310894076 pleio
73 69.592546 -0.697594298613665 pleio
74 69.66328 -0.788718480774288 pleio
75 69.721392 -0.779179351119974 pleio
76 69.724456 -0.765229855577348 pleio
77 69.727519 -0.75120048952137 pleio
78 69.733033 -0.737106738840909 pleio
79 69.768364 -0.667424944681127 pleio
80 69.782339 -0.574917098773086 pleio
81 69.796313 -0.669139912260999 pleio
82 69.810287 -7.07544794920384 pleio
83 69.829176 -10.4266185932882 pleio
84 69.837051 -10.4163133225307 pleio
85 69.844926 -10.3835044712173 pleio
86 69.869428 -10.3390913378344 pleio
87 69.876397 -10.2879558482874 pleio
88 69.876657 -10.2349479552255 pleio
89 69.876917 -10.186381318043 pleio
90 69.924127 -10.0650993536982 pleio
91 69.978753 -10.0834899916302 pleio
92 70.033378 -10.1771603757207 pleio
93 70.042973 -10.2745818512916 pleio
94 70.043703 -10.374311723303 pleio
95 70.044434 -10.4755051724363 pleio
96 70.087246 -10.5620422934425 pleio
97 70.141872 -10.6214814572594 pleio
98 70.196497 -10.5140863264938 pleio
99 70.400832 -10.5607134478869 pleio
100 70.421006 -10.5931620367126 pleio
101 70.441181 -10.620401368077 pleio
102 70.60917 -10.6362219045944 pleio
103 70.612702 -10.5892372956676 pleio
104 70.616235 -10.4919653164202 pleio
105 70.661194 -10.487822217677 pleio
106 70.728481 -10.5346682841611 pleio
107 70.750402 -10.5772375340657 pleio
108 70.772323 -10.6301540960197 pleio
109 70.779053 -10.684779444863 pleio
110 70.782062 -10.7313327264842 pleio
111 70.785072 -10.7794732742781 pleio
112 71.12066 -10.6413659741733 pleio
113 71.198629 -10.6729100250715 pleio
114 71.276599 -10.7041221189061 pleio
115 71.354568 -10.8680795828533 pleio
116 71.418821 -10.9499292259283 pleio
117 71.422464 -11.0643067345645 pleio
118 71.425934 -11.2351135157089 pleio
119 71.429405 -11.2956829121795 pleio
120 71.432875 -11.279542988995 pleio
121 71.436346 -11.2690743653621 pleio
122 71.439817 -11.264446333642 pleio
123 71.443287 -11.2657947609042 pleio
124 71.449172 -11.2767812096857 pleio
125 71.46043 -11.2974365710539 pleio
126 71.475844 -11.3178550618937 pleio
127 71.510771 -11.3375750742028 pleio
128 71.658293 -11.3566949737647 pleio
129 71.675712 -11.3779762125812 pleio
130 71.693132 -11.4021714096211 pleio
131 71.782692 -11.4091053942076 pleio
132 71.793079 -11.5492453635512 pleio
133 71.803404 -11.5416184302413 pleio
134 71.813729 -11.4203736857983 pleio
135 71.824055 -11.4865514313105 pleio
136 71.83438 -11.4626589302069 pleio
137 71.859513 -11.3641887597931 pleio
138 71.937774 -10.939038704246 pleio
139 71.945079 -11.0333015002153 pleio
140 71.952385 -11.03150717172 pleio
141 71.98473 -11.0145823616909 pleio
142 72.012709 -11.017230236946 pleio
143 72.040688 -11.0064005407625 pleio
144 72.210521 -11.0662216250447 pleio
145 72.314268 -11.6212467829103 pleio
146 72.366456 -11.6088728961043 pleio
147 72.411367 -11.610926175331 pleio
148 72.450663 -11.611523230582 pleio
149 72.471305 -11.5949419402211 pleio
150 72.491946 -11.560203265719 pleio
151 72.512588 -11.5855244287576 pleio
152 72.601385 -11.6600386998181 pleio
153 72.621813 -11.6782961729704 pleio
154 72.642242 -11.8393767256915 pleio
155 72.66267 -12.0147083329199 pleio
156 72.771429 -12.0942766843786 pleio
157 72.883243 -12.1243264900939 pleio
158 72.898448 -12.209998376906 pleio
159 72.913654 -12.3063113755957 pleio
160 72.928859 -12.4115490923847 pleio
161 72.944065 -12.5274446428025 pleio
162 72.95927 -12.5542641763404 pleio
163 72.974476 -12.5168365928298 pleio
164 72.989681 -13.4557674354388 pleio
165 72.996574 -13.5993699413057 pleio
166 72.9996 -13.6152083924315 pleio
167 73.002626 -13.6012746449482 pleio
168 73.005652 -13.5990858758653 pleio
169 73.012925 -13.6048552997049 pleio
170 73.023956 -13.6157666644964 pleio
171 73.034987 -13.6284830513363 pleio
172 73.046018 -13.6514570253613 pleio
173 73.057049 -13.6835253836038 pleio
174 73.06808 -13.7234693799421 pleio
175 73.079353 -13.7525757776157 pleio
176 73.111862 -13.2690874064608 pleio
177 73.146945 -13.2479179345382 pleio
178 73.171837 -13.2930154481369 pleio
179 73.196729 -13.4484845219246 pleio
180 73.629401 -13.453925340939 pleio
181 74.062073 -13.4722251518407 pleio
182 74.066223 -13.4809895326627 pleio
183 74.070373 -13.490428282543 pleio
184 74.074523 -13.5005252453521 pleio
185 74.078673 -13.5112598416182 pleio
186 74.082823 -13.4440635449774 pleio
187 74.3761735 -13.4951895179521 pleio
188 74.669524 -13.5336205413328 pleio
189 74.672012 -13.656921042222 pleio
190 74.674499 -13.8012674675331 pleio
191 74.716248 -13.9594586628921 pleio
192 74.724515 -14.1262422992785 pleio
193 74.732783 -14.2712325177321 pleio
194 75.0995546666667 -12.8859820797377 pleio
195 75.4663263333333 -12.8641120025705 pleio
196 75.833098 -12.9009545239406 pleio
197 75.863363 -12.874617601759 pleio
198 75.875899 -12.8571638765296 pleio
199 75.888435 -12.8381957618861 pleio
200 75.900971 -12.8311879293287 pleio
201 75.903257 -12.882385569091 pleio
202 75.904489 -12.8748785198573 pleio
203 75.905721 -12.8365190425857 pleio
204 75.917304 -12.8049344385159 pleio
205 76.287653 -12.796151438185 pleio
206 76.288899 -12.7842225163438 pleio
207 76.290145 -12.7729874737467 pleio
208 76.397032 -12.7318375341481 pleio
209 76.403847 -12.6589229744851 pleio
210 76.410663 -12.5614113988264 pleio
211 76.607927 -12.6071611669352 pleio
212 76.623625 -12.3279193410343 pleio
213 76.633554 -11.974631422877 pleio
214 76.643483 -11.6185923467986 pleio
215 76.653411 -11.2700903849739 pleio
216 76.66334 -10.9393622290467 pleio
217 76.700004 -10.7462773260646 pleio
218 67.606765 -2.58509247533759 profile1
219 67.613251 -2.57974618173913 profile1
220 67.619736 -2.57444497212716 profile1
221 67.626222 -2.56919017056261 profile1
222 67.641347 -2.56398245733588 profile1
223 67.654855 -2.55883079964012 profile1
224 67.658769 -2.55390897836222 profile1
225 67.662682 -2.54922639022928 profile1
226 67.666596 -2.54467788157751 profile1
227 67.679986 -2.54017668774171 profile1
228 67.708923 -2.479711794826 profile1
229 67.715069 -2.41141225117578 profile1
230 67.721215 -2.3406467042796 profile1
231 67.746869 -2.27289153156255 profile1
232 67.778018 -2.26609899851765 profile1
233 67.809168 -2.25511173169505 profile1
234 67.895218 -2.12333421421302 profile1
235 67.900561 -1.95616070338707 profile1
236 67.905905 -1.81510384117779 profile1
237 67.911248 -1.7008065854512 profile1
238 67.920171 -1.59759089768705 profile1
239 67.929072 -1.49159419381684 profile1
240 67.937973 -1.41565336725978 profile1
241 67.946874 -1.36983671277667 profile1
242 67.962131 -1.37213406364849 profile1
243 68.103338 -1.37756462935588 profile1
244 68.122257 -1.38226122775007 profile1
245 68.141177 -1.38220629734047 profile1
246 68.410128 -1.40632145212603 profile1
247 68.415239 -1.39319394921631 profile1
248 68.42035 -1.38212025142264 profile1
249 68.640199 -1.29105610521179 profile1
250 68.652056 -1.15683188950344 profile1
251 68.656091 -1.05204330571504 profile1
252 68.660126 -0.980048038075871 profile1
253 68.664161 -0.943133401601665 profile1
254 68.685197 -0.934356072330508 profile1
255 68.806919 -0.943822578353586 profile1
256 68.816104 -0.946131354661957 profile1
257 68.825289 -0.948398793290014 profile1
258 68.885575 -0.940662978325722 profile1
259 68.886394 -0.923956607416733 profile1
260 68.887213 -0.907133636554515 profile1
261 68.888033 -0.890229398735162 profile1
262 68.888852 -0.873276825508343 profile1
263 68.889671 -0.856306971103231 profile1
264 68.89049 -0.859655559785567 profile1
265 68.89131 -0.857508531155537 profile1
266 68.892129 -0.846329113063961 profile1
267 68.987403 -0.912421739731323 profile1
268 69.064645 -1.14432045963142 profile1
269 69.131341 -1.52674082347156 profile1
270 69.198036 -1.55279816156669 profile1
271 69.214855 -1.59629452864002 profile1
272 69.21825 -1.64040632886701 profile1
273 69.221446 -1.68484960286948 profile1
274 69.224642 -1.72923174375676 profile1
275 69.227838 -1.77317888935913 profile1
276 69.231034 -1.88173271754037 profile1
277 69.23423 -1.94038464347405 profile1
278 69.237426 -1.95035959328668 profile1
279 69.240621 -1.96009885900996 profile1
280 69.244859 -1.96964447854657 profile1
281 69.252696 -1.97875114836542 profile1
282 69.260534 -1.98909570610016 profile1
283 69.416362 -1.17449296729142 profile1
284 69.484146 0 profile1
285 69.505599 -0.00473597448369795 profile1
286 69.508945 -0.0111003673072538 profile1
287 69.512291 -0.0176514174442312 profile1
288 69.515636 -0.0243433802082447 profile1
289 69.542556 -0.0456159773954455 profile1
290 69.592546 -0.0148397381747058 profile1
291 69.66328 -0.0202749603865696 profile1
292 69.721392 -0.006150130011088 profile1
293 69.724456 0.00482959883000752 profile1
294 69.727519 0.0159373419936982 profile1
295 69.733033 0.0271719213452755 profile1
296 69.768364 -0.00799241666136114 profile1
297 69.782339 -0.0824088938838186 profile1
298 69.796313 -0.460161747882672 profile1
299 69.810287 -5.83017543967075 profile1
300 69.829176 -8.15485248179723 profile1
301 69.837051 -8.15335679580668 profile1
302 69.844926 -8.12368307964141 profile1
303 69.869428 -8.08325249332863 profile1
304 69.876397 -8.04578026614616 profile1
305 69.876657 -8.00365212098016 profile1
306 69.876917 -7.96283229032868 profile1
307 69.924127 -7.63281772492248 profile1
308 69.978753 -7.34586307454542 profile1
309 70.033378 -7.38032912809629 profile1
310 70.042973 -7.41788834230505 profile1
311 70.043703 -7.45719603134591 profile1
312 70.044434 -7.49784433425151 profile1
313 70.087246 -7.52826707997631 profile1
314 70.141872 -7.53933890930093 profile1
315 70.196497 -7.40496479693147 profile1
316 70.400832 -7.40772329743963 profile1
317 70.421006 -7.40069977921275 profile1
318 70.441181 -7.38933455239321 profile1
319 70.60917 -7.3707709895249 profile1
320 70.612702 -7.30687597159219 profile1
321 70.616235 -7.18283621793912 profile1
322 70.661194 -7.14198891708259 profile1
323 70.728481 -7.1596907341007 profile1
324 70.750402 -7.17486875158328 profile1
325 70.772323 -7.18251755848883 profile1
326 70.779053 -7.18567358078519 profile1
327 70.782062 -7.18850810026614 profile1
328 70.785072 -7.19597228782129 profile1
329 71.12066 -7.21800178650547 profile1
330 71.198629 -7.24668675928378 profile1
331 71.276599 -7.27530315101296 profile1
332 71.354568 -7.66078825199835 profile1
333 71.418821 -7.72899859535801 profile1
334 71.422464 -7.93662772003971 profile1
335 71.425934 -8.2150415182445 profile1
336 71.429405 -8.37076226812206 profile1
337 71.432875 -8.44494383350158 profile1
338 71.436346 -8.52246199644302 profile1
339 71.439817 -8.60319913463473 profile1
340 71.443287 -8.68701806115279 profile1
341 71.449172 -8.75487802535538 profile1
342 71.46043 -8.78135525857739 profile1
343 71.475844 -8.80735492128633 profile1
344 71.510771 -8.83277869202502 profile1
345 71.658293 -8.85839042709792 profile1
346 71.675712 -8.88698951130159 profile1
347 71.693132 -8.91811332730056 profile1
348 71.782692 -8.71021360717859 profile1
349 71.793079 -8.76866130763378 profile1
350 71.803404 -8.66041774469709 profile1
351 71.813729 -8.50933939238161 profile1
352 71.824055 -8.44575668773865 profile1
353 71.83438 -8.39127758243155 profile1
354 71.859513 -8.34567895481472 profile1
355 71.937774 -8.04405123136868 profile1
356 71.945079 -8.07230082399173 profile1
357 71.952385 -8.0607991838597 profile1
358 71.98473 -8.04966972894909 profile1
359 72.012709 -8.06479255917299 profile1
360 72.040688 -8.06432616819917 profile1
361 72.210521 -8.0326627923516 profile1
362 72.314268 -8.11890161148703 profile1
363 72.366456 -8.11673015557204 profile1
364 72.411367 -8.11931570571875 profile1
365 72.450663 -8.12158936339984 profile1
366 72.471305 -8.11492712577673 profile1
367 72.491946 -8.30722806916864 profile1
368 72.512588 -8.66345397188394 profile1
369 72.601385 -8.72696067014664 profile1
370 72.621813 -8.68988152114415 profile1
371 72.642242 -8.78185109969276 profile1
372 72.66267 -8.88064630351559 profile1
373 72.771429 -8.91501381478674 profile1
374 72.883243 -8.93698592872643 profile1
375 72.898448 -8.99774015140628 profile1
376 72.913654 -9.06324629011673 profile1
377 72.928859 -9.13224427158239 profile1
378 72.944065 -9.20773366105882 profile1
379 72.95927 -9.1555956929956 profile1
380 72.974476 -8.7422698522536 profile1
381 72.989681 -9.01164983703945 profile1
382 72.996574 -9.09553370404615 profile1
383 72.9996 -9.19091478147427 profile1
384 73.002626 -9.24208477561774 profile1
385 73.005652 -9.26404469183812 profile1
386 73.012925 -9.28856437672097 profile1
387 73.023956 -9.31492071227706 profile1
388 73.034987 -9.34213825175178 profile1
389 73.046018 -9.34223380846512 profile1
390 73.057049 -9.34032151184306 profile1
391 73.06808 -9.34203395290043 profile1
392 73.079353 -9.34844328255869 profile1
393 73.111862 -9.5631331745776 profile1
394 73.146945 -9.65795639544238 profile1
395 73.171837 -9.74283801240351 profile1
396 73.196729 -9.83866543213058 profile1
397 73.629401 -9.83267822512758 profile1
398 74.062073 -9.85379190903103 profile1
399 74.066223 -9.86169348434897 profile1
400 74.070373 -9.87006278035148 profile1
401 74.074523 -9.87888951813297 profile1
402 74.078673 -9.88816084865117 profile1
403 74.082823 -9.85996444449554 profile1
404 74.3761735 -9.89431656954064 profile1
405 74.669524 -9.93845579479316 profile1
406 74.672012 -10.0900405747502 profile1
407 74.674499 -10.2463811339592 profile1
408 74.716248 -10.4013626071573 profile1
409 74.724515 -10.5507933778201 profile1
410 74.732783 -10.7543963782585 profile1
411 75.0995546666667 -8.67044535347324 profile1
412 75.4663263333333 -8.6459548260956 profile1
413 75.833098 -8.72493166099345 profile1
414 75.863363 -8.73343017643148 profile1
415 75.875899 -8.74684741964063 profile1
416 75.888435 -8.66496852558569 profile1
417 75.900971 -8.40241306589523 profile1
418 75.903257 -8.18161233171371 profile1
419 75.904489 -8.13145265241238 profile1
420 75.905721 -8.13845679521073 profile1
421 75.917304 -8.15493163920002 profile1
422 76.287653 -8.15631923455104 profile1
423 76.288899 -8.14455625074871 profile1
424 76.290145 -8.13381874374537 profile1
425 76.397032 -8.09389535061296 profile1
426 76.403847 -8.02174296596363 profile1
427 76.410663 -7.97932253818623 profile1
428 76.607927 -8.03300518316505 profile1
429 76.623625 -7.98092206841574 profile1
430 76.633554 -7.79945115263788 profile1
431 76.643483 -7.62192145264306 profile1
432 76.653411 -7.45665658501839 profile1
433 76.66334 -7.31159499305737 profile1
434 76.700004 -7.25282094699098 profile1
435 67.606765 -1.93606435221387 profile2
436 67.613251 -1.93633518550553 profile2
437 67.619736 -1.93671383596153 profile2
438 67.626222 -1.93720006520767 profile2
439 67.641347 -1.93779407189602 profile2
440 67.654855 -1.93847801295041 profile2
441 67.658769 -1.93892123799494 profile2
442 67.662682 -1.93934298115274 profile2
443 67.666596 -1.93981850746636 profile2
444 67.679986 -1.94041032063415 profile2
445 67.708923 -1.98811772106666 profile2
446 67.715069 -2.04304330610794 profile2
447 67.721215 -2.09971349166925 profile2
448 67.746869 -2.15035247470923 profile2
449 67.778018 -2.15346570191457 profile2
450 67.809168 -2.153376429078 profile2
451 67.895218 -2.10481837209991 profile2
452 67.900561 -2.04912480758457 profile2
453 67.905905 -2.01400584555121 profile2
454 67.911248 -2.00002703916088 profile2
455 67.920171 -1.99783971528792 profile2
456 67.929072 -2.00223845457608 profile2
457 67.937973 -2.03390588532204 profile2
458 67.946874 -2.09209633415354 profile2
459 67.962131 -2.12024057892917 profile2
460 68.103338 -2.1329109487829 profile2
461 68.122257 -2.13777142293193 profile2
462 68.141177 -2.11804936651416 profile2
463 68.410128 -2.09296418928443 profile2
464 68.415239 -2.14338373780388 profile2
465 68.42035 -2.19561802137513 profile2
466 68.640199 -2.17381474170122 profile2
467 68.652056 -2.12339284528023 profile2
468 68.656091 -2.1116583062429 profile2
469 68.660126 -2.13904532676496 profile2
470 68.664161 -2.20482274713815 profile2
471 68.685197 -2.30754415195329 profile2
472 68.806919 -2.36187817382011 profile2
473 68.816104 -2.36208834931259 profile2
474 68.825289 -2.3622856764416 profile2
475 68.885575 -2.35311684856116 profile2
476 68.886394 -2.33526328454593 profile2
477 68.887213 -2.31695949994033 profile2
478 68.888033 -2.29824889887823 profile2
479 68.888852 -2.27917822270427 profile2
480 68.889671 -2.25979737722724 profile2
481 68.89049 -2.28131683033929 profile2
482 68.89131 -2.30345980021489 profile2
483 68.892129 -2.32227611255474 profile2
484 68.987403 -2.12293923039676 profile2
485 69.064645 -1.27790553588097 profile2
486 69.131341 -0.969193773848641 profile2
487 69.198036 -0.963937379686082 profile2
488 69.214855 -0.959826633654544 profile2
489 69.21825 -0.955058685255613 profile2
490 69.221446 -0.949631180843041 profile2
491 69.224642 -0.943583112705263 profile2
492 69.227838 -0.936986228611381 profile2
493 69.231034 -0.488645906479812 profile2
494 69.23423 -0.383081720561611 profile2
495 69.237426 -0.383151213667307 profile2
496 69.240621 -0.383173080627432 profile2
497 69.244859 -0.383143492955272 profile2
498 69.252696 -0.383431242343205 profile2
499 69.260534 -0.384004187080723 profile2
500 69.416362 -0.0264924362795421 profile2
501 69.484146 0.0271719213452755 profile2
502 69.505599 0.0250812181992006 profile2
503 69.508945 0.0224289672653859 profile2
504 69.512291 0.0193756995426074 profile2
505 69.515636 0.015923962912477 profile2
506 69.542556 -0.000784590996310049 profile2
507 69.592546 -0.655889485249327 profile2
508 69.66328 -0.740638043677944 profile2
509 69.721392 -0.745686257529782 profile2
510 69.724456 -0.742839678961715 profile2
511 69.727519 -0.739975449664332 profile2
512 69.733033 -0.737106738840909 profile2
513 69.768364 -0.63486838190789 profile2
514 69.782339 -0.476463417491721 profile2
515 69.796313 -0.212921081131733 profile2
516 69.810287 -2.55002652210495 profile2
517 69.829176 -4.26107544536514 profile2
518 69.837051 -4.24649268638036 profile2
519 69.844926 -4.23647031917162 profile2
520 69.869428 -4.22639949983867 profile2
521 69.876397 -4.20750395084741 profile2
522 69.876657 -4.19257734598228 profile2
523 69.876917 -4.18251985676126 profile2
524 69.924127 -4.40093374004794 profile2
525 69.978753 -4.73235336087283 profile2
526 70.033378 -4.79112866034803 profile2
527 70.042973 -4.84969617846223 profile2
528 70.043703 -4.90786880395838 profile2
529 70.044434 -4.96516339734606 profile2
530 70.087246 -5.01774912537129 profile2
531 70.141872 -5.06343101308794 profile2
532 70.196497 -5.09027917809078 profile2
533 70.400832 -5.13199080614843 profile2
534 70.421006 -5.16988073525237 profile2
535 70.441181 -5.20656343410891 profile2
536 70.60917 -5.2385549302394 profile2
537 70.612702 -5.25136862194466 profile2
538 70.616235 -5.27056109238798 profile2
539 70.661194 -5.30226512752168 profile2
540 70.728481 -5.32819405619089 profile2
541 70.750402 -5.3514413965275 profile2
542 70.772323 -5.39264089503252 profile2
543 70.779053 -5.44017381565333 profile2
544 70.782062 -5.47991708029446 profile2
545 70.785072 -5.51582099959857 profile2
546 71.12066 -5.36385676736584 profile2
547 71.198629 -5.36664966186968 profile2
548 71.276599 -5.36913140315532 profile2
549 71.354568 -5.14994323606539 profile2
550 71.418821 -5.13843301129436 profile2
551 71.422464 -5.01508902145075 profile2
552 71.425934 -4.87764705706542 profile2
553 71.429405 -4.77414456985809 profile2
554 71.432875 -4.68788913662242 profile2
555 71.436346 -4.60555418596416 profile2
556 71.439817 -4.52738839718704 profile2
557 71.443287 -4.45361478351434 profile2
558 71.449172 -4.40360333741625 profile2
559 71.46043 -4.39792379749933 profile2
560 71.475844 -4.39263105440801 profile2
561 71.510771 -4.38732818787441 profile2
562 71.658293 -4.38122779560864 profile2
563 71.675712 -4.37402631154374 profile2
564 71.693132 -4.36716318868636 profile2
565 71.782692 -4.67559047412217 profile2
566 71.793079 -4.7758083718179 profile2
567 71.803404 -4.91627481105707 profile2
568 71.813729 -4.96951634421297 profile2
569 71.824055 -5.14920709773353 profile2
570 71.83438 -5.20424439781399 profile2
571 71.859513 -5.1581178622065 profile2
572 71.937774 -5.0030069396472 profile2
573 71.945079 -5.05908371898651 profile2
574 71.952385 -5.06630478046822 profile2
575 71.98473 -5.05828735517635 profile2
576 72.012709 -5.04808085169312 profile2
577 72.040688 -5.03859937305114 profile2
578 72.210521 -5.07955507645321 profile2
579 72.314268 -5.59120429308518 profile2
580 72.366456 -5.57964382341901 profile2
581 72.411367 -5.57879391791158 profile2
582 72.450663 -5.57650083207481 profile2
583 72.471305 -5.56485861731009 profile2
584 72.491946 -5.3336513152589 profile2
585 72.512588 -5.00868367718266 profile2
586 72.601385 -5.02115738391194 profile2
587 72.621813 -5.09268692003414 profile2
588 72.642242 -5.16846641617993 profile2
589 72.66267 -5.25411453688648 profile2
590 72.771429 -5.34456322032095 profile2
591 72.883243 -5.35537848914664 profile2
592 72.898448 -5.38429930152105 profile2
593 72.913654 -5.42119694807306 profile2
594 72.928859 -5.46575448344802 profile2
595 72.944065 -5.515950930044 profile2
596 72.95927 -5.62193918497939 profile2
597 72.974476 -6.11662150831147 profile2
598 72.989681 -6.96866145222531 profile2
599 72.996574 -7.04197510495591 profile2
600 72.9996 -6.99017616965833 profile2
601 73.002626 -6.94888943264311 profile2
602 73.005652 -6.93319264346782 profile2
603 73.012925 -6.92131199150814 profile2
604 73.023956 -6.91215853902143 profile2
605 73.034987 -6.90418075873536 profile2
606 73.046018 -6.93932790414882 profile2
607 73.057049 -6.98706142994696 profile2
608 73.06808 -7.03943992856382 profile2
609 73.079353 -7.0749391554149 profile2
610 73.111862 -6.40277638646018 profile2
611 73.146945 -6.28200165259757 profile2
612 73.171837 -6.25711042090703 profile2
613 73.196729 -6.32545000647764 profile2
614 73.629401 -6.33431710008633 profile2
615 74.062073 -6.3335578920919 profile2
616 74.066223 -6.33359082116963 profile2
617 74.070373 -6.33376293448225 profile2
618 74.074523 -6.33406859987099 profile2
619 74.078673 -6.33450050751777 profile2
620 74.082823 -6.2925413664039 profile2
621 74.3761735 -6.30880978014565 profile2
622 74.669524 -6.30295880509098 profile2
623 74.672012 -6.2677858341618 profile2
624 74.674499 -6.25225134697368 profile2
625 74.716248 -6.25544984909968 profile2
626 74.724515 -6.27653248620898 profile2
627 74.732783 -6.24562665901919 profile2
628 75.0995546666667 -7.21212492083607 profile2
629 75.4663263333333 -7.20701510786281 profile2
630 75.833098 -7.18886381320831 profile2
631 75.863363 -7.16281851888827 profile2
632 75.875899 -7.14268706413873 profile2
633 75.888435 -7.21804097268464 profile2
634 75.900971 -7.49106655789984 profile2
635 75.903257 -7.78684699029575 profile2
636 75.904489 -7.84174082698869 profile2
637 75.905721 -7.80374129861023 profile2
638 75.917304 -7.76367972152052 profile2
639 76.287653 -7.75418597275947 profile2
640 76.288899 -7.75241088843304 profile2
641 76.290145 -7.75043631050694 profile2
642 76.397032 -7.75293514612055 profile2
643 76.403847 -7.76027434437395 profile2
644 76.410663 -7.71513391185062 profile2
645 76.607927 -7.72726569864506 profile2
646 76.623625 -7.51558953050449 profile2
647 76.633554 -7.35544486778841 profile2
648 76.643483 -7.18607397609861 profile2
649 76.653411 -7.00905560609236 profile2
650 76.66334 -6.826514592055 profile2
651 76.700004 -6.69342992186597 profile2
