marker_position lod trace
1 67.606765 -2.95314847833103 pleio
2 67.613251 -2.93480454196708 pleio
3 67.619736 -2.91657274616636 pleio
4 67.626222 -2.89845642714711 pleio
5 67.641347 -2.88045641704318 pleio
6 67.654855 -2.86256746720955 pleio
7 67.658769 -2.8446839237038 pleio
8 67.662682 -2.82707674309275 pleio
9 67.666596 -2.80966144295961 pleio
10 67.679986 -2.79236758285472 pleio
11 67.708923 -2.71336693071011 pleio
12 67.715069 -2.62503978768398 pleio
13 67.721215 -2.53302462120013 pleio
14 67.746869 -2.44629114139858 pleio
15 67.778018 -2.42666255992813 pleio
16 67.809168 -2.40513234316864 pleio
17 67.895218 -2.27083057225135 pleio
18 67.900561 -2.10938446116676 pleio
19 67.905905 -1.98359313692533 pleio
20 67.911248 -1.89419876639051 pleio
21 67.920171 -1.80818976950767 pleio
22 67.929072 -1.6949801214779 pleio
23 67.937973 -1.62149197025832 pleio
24 67.946874 -1.58744013981587 pleio
25 67.962131 -1.62493993475712 pleio
26 68.103338 -1.64441924416094 pleio
27 68.122257 -1.64713958834253 pleio
28 68.141177 -1.6878755819932 pleio
29 68.410128 -1.74593582078255 pleio
30 68.415239 -1.74129889120464 pleio
31 68.42035 -1.73854047939999 pleio
32 68.640199 -1.56007722424705 pleio
33 68.652056 -1.26890624750878 pleio
34 68.656091 -1.0169036049711 pleio
35 68.660126 -0.808706324322023 pleio
36 68.664161 -0.647809081821214 pleio
37 68.685197 -0.513121662319612 pleio
38 68.806919 -0.468278865226776 pleio
39 68.816104 -0.463102774348381 pleio
40 68.825289 -0.457919422328982 pleio
41 68.885575 -0.450342938153637 pleio
42 68.886394 -0.440512964851921 pleio
43 68.887213 -0.430648909179334 pleio
44 68.888033 -0.420772739041344 pleio
45 68.888852 -0.410906081700569 pleio
46 68.889671 -0.401069427219113 pleio
47 68.89049 -0.463189694820588 pleio
48 68.89131 -0.525356986224099 pleio
49 68.892129 -0.577672297101244 pleio
50 68.987403 -0.582058858582449 pleio
51 69.064645 -0.586570864043565 pleio
52 69.131341 -1.164878528018 pleio
53 69.198036 -1.1901659020073 pleio
54 69.214855 -1.23499560322465 pleio
55 69.21825 -1.28492874235109 pleio
56 69.221446 -1.33987973099478 pleio
57 69.224642 -1.39949252558038 pleio
58 69.227838 -1.46324825979017 pleio
59 69.231034 -1.45974278426494 pleio
60 69.23423 -1.5151986730567 pleio
61 69.237426 -1.51878299027231 pleio
62 69.240621 -1.52227922712813 pleio
63 69.244859 -1.52573098152332 pleio
64 69.252696 -1.52892420132724 pleio
65 69.260534 -1.53020885551535 pleio
66 69.416362 -0.773793920137343 pleio
67 69.484146 0 pleio
68 69.505599 -0.0123162846609822 pleio
69 69.508945 -0.0341550725816788 pleio
70 69.512291 -0.0542497690432083 pleio
71 69.515636 -0.0723919672154948 pleio
72 69.542556 -0.104902203715951 pleio
73 69.592546 -0.57427053127023 pleio
74 69.66328 -0.585999406573987 pleio
75 69.721392 -0.588420256304455 pleio
76 69.724456 -0.592381553679175 pleio
77 69.727519 -0.596356844592357 pleio
78 69.733033 -0.600332734312101 pleio
79 69.768364 -0.561490277698136 pleio
80 69.782339 -0.519249446371737 pleio
81 69.796313 -0.592082405278142 pleio
82 69.810287 -5.28747048325386 pleio
83 69.829176 -8.31202290107972 pleio
84 69.837051 -8.30777422443085 pleio
85 69.844926 -8.31495297266587 pleio
86 69.869428 -8.31115869603246 pleio
87 69.876397 -8.30499402817795 pleio
88 69.876657 -8.29448585631939 pleio
89 69.876917 -8.28404843617093 pleio
90 69.924127 -8.01657209892364 pleio
91 69.978753 -7.81684718094977 pleio
92 70.033378 -7.82471228734473 pleio
93 70.042973 -7.83148098103033 pleio
94 70.043703 -7.8369088100154 pleio
95 70.044434 -7.84095869605851 pleio
96 70.087246 -7.83877552283889 pleio
97 70.141872 -7.82768198064465 pleio
98 70.196497 -7.66823173921057 pleio
99 70.400832 -7.65074772749214 pleio
100 70.421006 -7.62516376108568 pleio
101 70.441181 -7.5942631738833 pleio
102 70.60917 -7.55526834264127 pleio
103 70.612702 -7.47265290954636 pleio
104 70.616235 -7.31776303832515 pleio
105 70.661194 -7.26864526636895 pleio
106 70.728481 -7.26444229593473 pleio
107 70.750402 -7.25043003889068 pleio
108 70.772323 -7.25075413483251 pleio
109 70.779053 -7.25458402374883 pleio
110 70.782062 -7.25289994370823 pleio
111 70.785072 -7.2534428608764 pleio
112 71.12066 -7.10940350583976 pleio
113 71.198629 -7.14053911443795 pleio
114 71.276599 -7.17150347600497 pleio
115 71.354568 -7.33541978684322 pleio
116 71.418821 -7.37345312389646 pleio
117 71.422464 -7.55120287591026 pleio
118 71.425934 -7.81136262330504 pleio
119 71.429405 -7.93350893069085 pleio
120 71.432875 -7.96203527473199 pleio
121 71.436346 -7.99648187082758 pleio
122 71.439817 -8.03685004485491 pleio
123 71.443287 -8.08311281643066 pleio
124 71.449172 -8.12823533437817 pleio
125 71.46043 -8.15989421630447 pleio
126 71.475844 -8.19158947568576 pleio
127 71.510771 -8.22331025323893 pleio
128 71.658293 -8.25297564829434 pleio
129 71.675712 -8.28094185249048 pleio
130 71.693132 -8.311697369428 pleio
131 71.782692 -8.51094917819103 pleio
132 71.793079 -8.67879670563513 pleio
133 71.803404 -8.47067672991317 pleio
134 71.813729 -8.15186531879825 pleio
135 71.824055 -8.06090626664457 pleio
136 71.83438 -8.03844055591643 pleio
137 71.859513 -7.97900780950967 pleio
138 71.937774 -7.64069739583196 pleio
139 71.945079 -7.79017363238981 pleio
140 71.952385 -7.82530867606627 pleio
141 71.98473 -7.81364333885054 pleio
142 72.012709 -7.85543164377595 pleio
143 72.040688 -7.86985424020108 pleio
144 72.210521 -7.6658941455694 pleio
145 72.314268 -7.94208952901555 pleio
146 72.366456 -7.89506916161944 pleio
147 72.411367 -7.92317502875445 pleio
148 72.450663 -7.95590408505904 pleio
149 72.471305 -8.00637314796909 pleio
150 72.491946 -8.12675424048755 pleio
151 72.512588 -8.38152615078426 pleio
152 72.601385 -8.4263508542817 pleio
153 72.621813 -8.39851317881486 pleio
154 72.642242 -8.51232683700959 pleio
155 72.66267 -8.63935201472073 pleio
156 72.771429 -9.05443443062856 pleio
157 72.883243 -9.08859979259159 pleio
158 72.898448 -9.19642964720881 pleio
159 72.913654 -9.31463003501423 pleio
160 72.928859 -9.44216471964784 pleio
161 72.944065 -9.57965532394474 pleio
162 72.95927 -9.51155918485738 pleio
163 72.974476 -9.10067230449433 pleio
164 72.989681 -9.41349826422664 pleio
165 72.996574 -9.54926183915912 pleio
166 72.9996 -9.65588233583163 pleio
167 73.002626 -9.70597242428914 pleio
168 73.005652 -9.72380032259745 pleio
169 73.012925 -9.75125959738117 pleio
170 73.023956 -9.78459362804206 pleio
171 73.034987 -9.81985849352206 pleio
172 73.046018 -9.85702888528757 pleio
173 73.057049 -9.90251656827233 pleio
174 73.06808 -9.9564376124179 pleio
175 73.079353 -10.0095199864545 pleio
176 73.111862 -10.2512816573051 pleio
177 73.146945 -10.4794523064946 pleio
178 73.171837 -10.6911943376188 pleio
179 73.196729 -10.9779117857754 pleio
180 73.629401 -11.0253187035471 pleio
181 74.062073 -11.0310822588784 pleio
182 74.066223 -11.0513803985453 pleio
183 74.070373 -11.0723055783338 pleio
184 74.074523 -11.0938279975505 pleio
185 74.078673 -11.1159130580559 pleio
186 74.082823 -11.1463930962029 pleio
187 74.3761735 -11.1627824583664 pleio
188 74.669524 -11.2256599434237 pleio
189 74.672012 -11.3275679538935 pleio
190 74.674499 -11.4506806790014 pleio
191 74.716248 -11.5895293719147 pleio
192 74.724515 -11.7401831375774 pleio
193 74.732783 -11.9877882480654 pleio
194 75.0995546666667 -11.6103381192237 pleio
195 75.4663263333333 -11.5668184322194 pleio
196 75.833098 -11.6420073022852 pleio
197 75.863363 -11.5973796789986 pleio
198 75.875899 -11.5544878843659 pleio
199 75.888435 -11.4613895578953 pleio
200 75.900971 -11.2951195198164 pleio
201 75.903257 -11.2102984059659 pleio
202 75.904489 -11.1762855098147 pleio
203 75.905721 -11.1491654849698 pleio
204 75.917304 -11.1317054364191 pleio
205 76.287653 -11.1062304006119 pleio
206 76.288899 -11.0726920148765 pleio
207 76.290145 -11.0428140542104 pleio
208 76.397032 -10.9948239565658 pleio
209 76.403847 -10.9332553573143 pleio
210 76.410663 -10.8813975439245 pleio
211 76.607927 -10.9082682375076 pleio
212 76.623625 -10.7483539958924 pleio
213 76.633554 -10.4900478240799 pleio
214 76.643483 -10.2389221540807 pleio
215 76.653411 -10.0048420037397 pleio
216 76.66334 -9.7971766270351 pleio
217 76.700004 -9.70067165303303 pleio
218 67.606765 -1.83431061182585 profile1
219 67.613251 -1.82982279981727 profile1
220 67.619736 -1.82538120972862 profile1
221 67.626222 -1.82098700180009 profile1
222 67.641347 -1.81664083102604 profile1
223 67.654855 -1.81235414465845 profile1
224 67.658769 -1.80834730492741 profile1
225 67.662682 -1.80455317064514 profile1
226 67.666596 -1.80088121049205 profile1
227 67.679986 -1.79725694690191 profile1
228 67.708923 -1.73960593746142 profile1
229 67.715069 -1.6723169929887 profile1
230 67.721215 -1.60036412423797 profile1
231 67.746869 -1.53044080384141 profile1
232 67.778018 -1.52441205839258 profile1
233 67.809168 -1.51530142564309 profile1
234 67.895218 -1.3912552916578 profile1
235 67.900561 -1.23406145581238 profile1
236 67.905905 -1.10400314098406 profile1
237 67.911248 -1.00162727262911 profile1
238 67.920171 -0.919525209173777 profile1
239 67.929072 -0.852491667291248 profile1
240 67.937973 -0.816841663814044 profile1
241 67.946874 -0.812305624195261 profile1
242 67.962131 -0.821226788605542 profile1
243 68.103338 -0.827689658906656 profile1
244 68.122257 -0.83318673398033 profile1
245 68.141177 -0.833942007136056 profile1
246 68.410128 -0.860353276770294 profile1
247 68.415239 -0.838890467948595 profile1
248 68.42035 -0.820236074195061 profile1
249 68.640199 -0.728672039576311 profile1
250 68.652056 -0.598866082516026 profile1
251 68.656091 -0.500338167766498 profile1
252 68.660126 -0.436585844927539 profile1
253 68.664161 -0.409919202006809 profile1
254 68.685197 -0.410038880522023 profile1
255 68.806919 -0.42297373145467 profile1
256 68.816104 -0.425087003344693 profile1
257 68.825289 -0.427157524906611 profile1
258 68.885575 -0.421825706754339 profile1
259 68.886394 -0.409951075512353 profile1
260 68.887213 -0.398106645538743 profile1
261 68.888033 -0.386312099953054 profile1
262 68.888852 -0.374584313814813 profile1
263 68.889671 -0.362937908386504 profile1
264 68.89049 -0.371015167698955 profile1
265 68.89131 -0.373451624899711 profile1
266 68.892129 -0.366579212256772 profile1
267 68.987403 -0.448243889395776 profile1
268 69.064645 -0.586570864043565 profile1
269 69.131341 -1.11899518609622 profile1
270 69.198036 -1.14477165759301 profile1
271 69.214855 -1.1843456605184 profile1
272 69.21825 -1.22461997279754 profile1
273 69.221446 -1.26542495694661 profile1
274 69.224642 -1.30647320336412 profile1
275 69.227838 -1.3474847566098 profile1
276 69.231034 -1.43258117960326 profile1
277 69.23423 -1.48111832920513 profile1
278 69.237426 -1.49033481755215 profile1
279 69.240621 -1.4993256669061 profile1
280 69.244859 -1.5081375059001 profile1
281 69.252696 -1.51659513959673 profile1
282 69.260534 -1.52612566432879 profile1
283 69.416362 -0.686780354713454 profile1
284 69.484146 0.519436675174709 profile1
285 69.505599 0.515415921632106 profile1
286 69.508945 0.510714953733833 profile1
287 69.512291 0.505792395625675 profile1
288 69.515636 0.500674414237171 profile1
289 69.542556 0.47505020762074 profile1
290 69.592546 0.434423269037348 profile1
291 69.66328 0.443925186550618 profile1
292 69.721392 0.454644170430512 profile1
293 69.724456 0.462891774449364 profile1
294 69.727519 0.471260598120102 profile1
295 69.733033 0.479751367423153 profile1
296 69.768364 0.458316234161986 profile1
297 69.782339 0.407810552769364 profile1
298 69.796313 0.062483400493143 profile1
299 69.810287 -5.15666352838404 profile1
300 69.829176 -7.47572731242666 profile1
301 69.837051 -7.47915222984907 profile1
302 69.844926 -7.45710769407793 profile1
303 69.869428 -7.42367867981981 profile1
304 69.876397 -7.39365788583017 profile1
305 69.876657 -7.35868074241334 profile1
306 69.876917 -7.32348743583808 profile1
307 69.924127 -7.0093998502436 profile1
308 69.978753 -6.73574786270765 profile1
309 70.033378 -6.76679352323367 profile1
310 70.042973 -6.80090969014498 profile1
311 70.043703 -6.83682085068939 profile1
312 70.044434 -6.87418063642374 profile1
313 70.087246 -6.90233767138448 profile1
314 70.141872 -6.91272499730969 profile1
315 70.196497 -6.77518899852102 profile1
316 70.400832 -6.7755255203491 profile1
317 70.421006 -6.7643725178792 profile1
318 70.441181 -6.74908227693738 profile1
319 70.60917 -6.72842023822464 profile1
320 70.612702 -6.67072287536249 profile1
321 70.616235 -6.56277018241014 profile1
322 70.661194 -6.52929507211396 profile1
323 70.728481 -6.54508852146279 profile1
324 70.750402 -6.55871035116678 profile1
325 70.772323 -6.56316388116158 profile1
326 70.779053 -6.56238948619044 profile1
327 70.782062 -6.56172681524728 profile1
328 70.785072 -6.56651938802364 profile1
329 71.12066 -6.60740933121007 profile1
330 71.198629 -6.63497634831106 profile1
331 71.276599 -6.66248512636227 profile1
332 71.354568 -7.05119879192204 profile1
333 71.418821 -7.16102882370045 profile1
334 71.422464 -7.37546261052282 profile1
335 71.425934 -7.64942311575259 profile1
336 71.429405 -7.79465845839426 profile1
337 71.432875 -7.857185026776 profile1
338 71.436346 -7.92342534170715 profile1
339 71.439817 -7.99331187958706 profile1
340 71.443287 -8.06675492907221 profile1
341 71.449172 -8.12823533437817 profile1
342 71.46043 -8.15616355676079 profile1
343 71.475844 -8.18346492988015 profile1
344 71.510771 -8.21005013760766 profile1
345 71.658293 -8.23801601417084 profile1
346 71.675712 -8.27079529714317 profile1
347 71.693132 -8.30569337311126 profile1
348 71.782692 -8.0802133675533 profile1
349 71.793079 -8.11956910858066 profile1
350 71.803404 -8.0165169778282 profile1
351 71.813729 -7.8875593603763 profile1
352 71.824055 -7.84858110980134 profile1
353 71.83438 -7.79165185170351 profile1
354 71.859513 -7.7404327875923 profile1
355 71.937774 -7.39997571753805 profile1
356 71.945079 -7.41841764923409 profile1
357 71.952385 -7.41093827212158 profile1
358 71.98473 -7.40632071920163 profile1
359 72.012709 -7.43450419717462 profile1
360 72.040688 -7.44328174037117 profile1
361 72.210521 -7.42456613881298 profile1
362 72.314268 -7.48987454195095 profile1
363 72.366456 -7.48256572247081 profile1
364 72.411367 -7.48434533814703 profile1
365 72.450663 -7.48574995691088 profile1
366 72.471305 -7.47830611676125 profile1
367 72.491946 -7.64688949350563 profile1
368 72.512588 -7.97251708460644 profile1
369 72.601385 -8.04070341145948 profile1
370 72.621813 -8.01651575652228 profile1
371 72.642242 -8.12330751090024 profile1
372 72.66267 -8.23725703705806 profile1
373 72.771429 -8.26927116448264 profile1
374 72.883243 -8.29458821663355 profile1
375 72.898448 -8.36309378280863 profile1
376 72.913654 -8.43683697771954 profile1
377 72.928859 -8.51453657303433 profile1
378 72.944065 -8.59897486266602 profile1
379 72.95927 -8.57125437374809 profile1
380 72.974476 -8.25515761472925 profile1
381 72.989681 -8.63814468379807 profile1
382 72.996574 -8.72924699617642 profile1
383 72.9996 -8.80696597687171 profile1
384 73.002626 -8.83948641986764 profile1
385 73.005652 -8.85699699671549 profile1
386 73.012925 -8.8780559237198 profile1
387 73.023956 -8.90136220252098 profile1
388 73.034987 -8.92545432426009 profile1
389 73.046018 -8.92425583606197 profile1
390 73.057049 -8.92150049644365 profile1
391 73.06808 -8.92248748873116 profile1
392 73.079353 -8.92714582130624 profile1
393 73.111862 -8.96461576393252 profile1
394 73.146945 -9.05933336630448 profile1
395 73.171837 -9.15425744034113 profile1
396 73.196729 -9.27196160424523 profile1
397 73.629401 -9.27274804824111 profile1
398 74.062073 -9.28928339975649 profile1
399 74.066223 -9.29570563157685 profile1
400 74.070373 -9.30248321877759 profile1
401 74.074523 -9.30960960324239 profile1
402 74.078673 -9.3170767076178 profile1
403 74.082823 -9.30328017055672 profile1
404 74.3761735 -9.33078589605579 profile1
405 74.669524 -9.37874877553746 profile1
406 74.672012 -9.5209248437211 profile1
407 74.674499 -9.66924838529082 profile1
408 74.716248 -9.81785033818129 profile1
409 74.724515 -9.96274236826624 profile1
410 74.732783 -10.1358189847532 profile1
411 75.0995546666667 -8.16452606723297 profile1
412 75.4663263333333 -8.15031155559103 profile1
413 75.833098 -8.20212393570541 profile1
414 75.863363 -8.20477939405427 profile1
415 75.875899 -8.21272395665753 profile1
416 75.888435 -8.13744596643292 profile1
417 75.900971 -7.90961722249176 profile1
418 75.903257 -7.72957079143368 profile1
419 75.904489 -7.68075257358876 profile1
420 75.905721 -7.6740215833136 profile1
421 75.917304 -7.67715670247063 profile1
422 76.287653 -7.6781091881572 profile1
423 76.288899 -7.67038479933683 profile1
424 76.290145 -7.66337587042335 profile1
425 76.397032 -7.62166356979774 profile1
426 76.403847 -7.54451427561626 profile1
427 76.410663 -7.49151604386881 profile1
428 76.607927 -7.50856975714328 profile1
429 76.623625 -7.42670117917896 profile1
430 76.633554 -7.24884214634248 profile1
431 76.643483 -7.08054091056132 profile1
432 76.653411 -6.92946168420718 profile1
433 76.66334 -6.8025697572938 profile1
434 76.700004 -6.75732932103679 profile1
435 67.606765 -0.774896425370885 profile2
436 67.613251 -0.760861829278196 profile2
437 67.619736 -0.746906656348723 profile2
438 67.626222 -0.733033126403589 profile2
439 67.641347 -0.719241375414632 profile2
440 67.654855 -0.705514175782125 profile2
441 67.658769 -0.691515197895443 profile2
442 67.662682 -0.677590920412814 profile2
443 67.666596 -0.663748790234152 profile2
444 67.679986 -0.649994040321205 profile2
445 67.708923 -0.628658161304266 profile2
446 67.715069 -0.607376410251259 profile2
447 67.721215 -0.586810295969003 profile2
448 67.746869 -0.569362142565326 profile2
449 67.778018 -0.555737118073286 profile2
450 67.809168 -0.543341500101079 profile2
451 67.895218 -0.522308060016714 profile2
452 67.900561 -0.503095246180911 profile2
453 67.905905 -0.494806664005145 profile2
454 67.911248 -0.497729112604019 profile2
455 67.920171 -0.484184341563155 profile2
456 67.929072 -0.426867630393935 profile2
457 67.937973 -0.380739267164647 profile2
458 67.946874 -0.345810589401121 profile2
459 67.962131 -0.371563334922637 profile2
460 68.103338 -0.383215068884861 profile2
461 68.122257 -0.379872947217263 profile2
462 68.141177 -0.420469714214234 profile2
463 68.410128 -0.453537303726904 profile2
464 68.415239 -0.475594929241963 profile2
465 68.42035 -0.497007109678457 profile2
466 68.640199 -0.402411885258008 profile2
467 68.652056 -0.225759568457109 profile2
468 68.656091 -0.0606649015915336 profile2
469 68.660126 0.0914607224994042 profile2
470 68.664161 0.229265959738309 profile2
471 68.685197 0.364967000647803 profile2
472 68.806919 0.421950498258325 profile2
473 68.816104 0.429085996310667 profile2
474 68.825289 0.436187783162168 profile2
475 68.885575 0.438002980373267 profile2
476 68.886394 0.435304192308858 profile2
477 68.887213 0.432696329844364 profile2
478 68.888033 0.430179043502179 profile2
479 68.888852 0.427749519786851 profile2
480 68.889671 0.425403813810521 profile2
481 68.89049 0.365559454316651 profile2
482 68.89131 0.301831389142333 profile2
483 68.892129 0.241152250645486 profile2
484 68.987403 0.312629834784759 profile2
485 69.064645 0.513537193070349 profile2
486 69.131341 0.470890842927314 profile2
487 69.198036 0.471383741627219 profile2
488 69.214855 0.466663799607198 profile2
489 69.21825 0.457510640633012 profile2
490 69.221446 0.443819909107875 profile2
491 69.224642 0.425644911727371 profile2
492 69.227838 0.403212893395745 profile2
493 69.231034 0.499036237062531 profile2
494 69.23423 0.490103349851352 profile2
495 69.237426 0.495585462550252 profile2
496 69.240621 0.500937268841 profile2
497 69.244859 0.506160778231197 profile2
498 69.252696 0.511302383991629 profile2
499 69.260534 0.519436675174709 profile2
500 69.416362 0.462399698501384 profile2
501 69.484146 0 profile2
502 69.505599 -0.00839241578113858 profile2
503 69.508945 -0.025593156134416 profile2
504 69.512291 -0.0408779577832385 profile2
505 69.515636 -0.054057487182037 profile2
506 69.542556 -0.0612542358851709 profile2
507 69.592546 -0.528693543664769 profile2
508 69.66328 -0.549327800400699 profile2
509 69.721392 -0.562782798024573 profile2
510 69.724456 -0.575102317669712 profile2
511 69.727519 -0.587623489785711 profile2
512 69.733033 -0.600332734312101 profile2
513 69.768364 -0.541555948246908 profile2
514 69.782339 -0.453901178467811 profile2
515 69.796313 -0.19187057318342 profile2
516 69.810287 0.202897025228034 profile2
517 69.829176 -0.697315621618192 profile2
518 69.837051 -0.694748526328822 profile2
519 69.844926 -0.72969384762945 profile2
520 69.869428 -0.764807975902187 profile2
521 69.876397 -0.794067227838036 profile2
522 69.876657 -0.823604942931109 profile2
523 69.876917 -0.852443118167288 profile2
524 69.924127 -0.899592265257292 profile2
525 69.978753 -0.977270823490169 profile2
526 70.033378 -0.952114835683691 profile2
527 70.042973 -0.922547397668263 profile2
528 70.043703 -0.889584068378153 profile2
529 70.044434 -0.853542955142365 profile2
530 70.087246 -0.820148266442295 profile2
531 70.141872 -0.795317205121806 profile2
532 70.196497 -0.767853759909949 profile2
533 70.400832 -0.747375461884118 profile2
534 70.421006 -0.731111530971421 profile2
535 70.441181 -0.713591151128632 profile2
536 70.60917 -0.69330608858562 profile2
537 70.612702 -0.666084057459527 profile2
538 70.616235 -0.614602079283754 profile2
539 70.661194 -0.597665524364915 profile2
540 70.728481 -0.576073519718486 profile2
541 70.750402 -0.54690690143886 profile2
542 70.772323 -0.541185504849063 profile2
543 70.779053 -0.544372980078043 profile2
544 70.782062 -0.542229592400889 profile2
545 70.785072 -0.537270256328363 profile2
546 71.12066 -0.351223851342202 profile2
547 71.198629 -0.353465769257657 profile2
548 71.276599 -0.355550196697887 profile2
549 71.354568 -0.128975654792286 profile2
550 71.418821 -0.0512956887915014 profile2
551 71.422464 -0.00849039450045937 profile2
552 71.425934 0.00610832586961283 profile2
553 71.429405 0.028781411462781 profile2
554 71.432875 0.0634856678305211 profile2
555 71.436346 0.0953444926708627 profile2
556 71.439817 0.124295294894111 profile2
557 71.443287 0.150285208769283 profile2
558 71.449172 0.165681903484688 profile2
559 71.46043 0.162636182007363 profile2
560 71.475844 0.158893201298802 profile2
561 71.510771 0.154391453809943 profile2
562 71.658293 0.152951329537374 profile2
563 71.675712 0.157361863301935 profile2
564 71.693132 0.160967153545153 profile2
565 71.782692 -0.292508388893342 profile2
566 71.793079 -0.422911911256683 profile2
567 71.803404 -0.323464954315877 profile2
568 71.813729 -0.138920234133775 profile2
569 71.824055 -0.103853679332173 profile2
570 71.83438 -0.143453815759079 profile2
571 71.859513 -0.133110396845891 profile2
572 71.937774 -0.123780704779031 profile2
573 71.945079 -0.252288597428292 profile2
574 71.952385 -0.295877348078603 profile2
575 71.98473 -0.288973132924618 profile2
576 72.012709 -0.30728074400135 profile2
577 72.040688 -0.315528283175971 profile2
578 72.210521 -0.123625653660691 profile2
579 72.314268 -0.360995917280916 profile2
580 72.366456 -0.31913014218281 profile2
581 72.411367 -0.345289118083665 profile2
582 72.450663 -0.376960514892277 profile2
583 72.471305 -0.437495070858677 profile2
584 72.491946 -0.395461518242328 profile2
585 72.512588 -0.341525939029609 profile2
586 72.601385 -0.33464301579224 profile2
587 72.621813 -0.344998933876181 profile2
588 72.642242 -0.355758843388599 profile2
589 72.66267 -0.373870149110326 profile2
590 72.771429 -0.778768034896412 profile2
591 72.883243 -0.788728299175956 profile2
592 72.898448 -0.829927405154303 profile2
593 72.913654 -0.877411989827004 profile2
594 72.928859 -0.931470915223009 profile2
595 72.944065 -0.989675853108066 profile2
596 72.95927 -0.955709148634769 profile2
597 72.974476 -0.907840931835579 profile2
598 72.989681 -0.943190350781988 profile2
599 72.996574 -0.990847368037578 profile2
600 72.9996 -1.0188624127062 profile2
601 73.002626 -1.03571482295557 profile2
602 73.005652 -1.03683287511002 profile2
603 73.012925 -1.0441647654504 profile2
604 73.023956 -1.05534737451695 profile2
605 73.034987 -1.0679623496937 profile2
606 73.046018 -1.11097806689399 profile2
607 73.057049 -1.16511041793512 profile2
608 73.06808 -1.22463034107795 profile2
609 73.079353 -1.27895029559865 profile2
610 73.111862 -1.46582802061171 profile2
611 73.146945 -1.6063304661226 profile2
612 73.171837 -1.73265738333675 profile2
613 73.196729 -1.90505741211822 profile2
614 73.629401 -1.95502304088206 profile2
615 74.062073 -1.94164748068295 profile2
616 74.066223 -1.95498091951636 profile2
617 74.070373 -1.96861812437996 profile2
618 74.074523 -1.98253888400339 profile2
619 74.078673 -1.996719460971 profile2
620 74.082823 -2.04537068298644 profile2
621 74.3761735 -2.03239951259651 profile2
622 74.669524 -2.05032180694407 profile2
623 74.672012 -2.00760681492653 profile2
624 74.674499 -1.9825855127693 profile2
625 74.716248 -1.97562517585909 profile2
626 74.724515 -1.98674882522304 profile2
627 74.732783 -2.07617424483258 profile2
628 75.0995546666667 -3.78853299603556 profile2
629 75.4663263333333 -3.75810199067074 profile2
630 75.833098 -3.78601700999003 profile2
631 75.863363 -3.73971622759078 profile2
632 75.875899 -3.69049210413419 profile2
633 75.888435 -3.67520441223885 profile2
634 75.900971 -3.74357441682894 profile2
635 75.903257 -3.85171626381444 profile2
636 75.904489 -3.87100068131667 profile2
637 75.905721 -3.85117824848939 profile2
638 75.917304 -3.83147141854175 profile2
639 76.287653 -3.8040952894788 profile2
640 76.288899 -3.77782828352091 profile2
641 76.290145 -3.75464102049826 profile2
642 76.397032 -3.74555121690117 profile2
643 76.403847 -3.7578490523892 profile2
644 76.410663 -3.75854078029398 profile2
645 76.607927 -3.77370641894726 profile2
646 76.623625 -3.6994842993298 profile2
647 76.633554 -3.62853873903182 profile2
648 76.643483 -3.55789415235052 profile2
649 76.653411 -3.48947728994501 profile2
650 76.66334 -3.42527058482134 profile2
651 76.700004 -3.39455215105414 profile2
