marker_position lod trace
1 67.606765 -11.5921055903645 pleio
2 67.613251 -11.5930581999374 pleio
3 67.619736 -11.594041771533 pleio
4 67.626222 -11.5950560919876 pleio
5 67.641347 -11.5961007942071 pleio
6 67.654855 -11.5971581093058 pleio
7 67.658769 -11.5978954819294 pleio
8 67.662682 -11.5986414850732 pleio
9 67.666596 -11.5994101138253 pleio
10 67.679986 -11.6002122024211 pleio
11 67.708923 -11.6008721536831 pleio
12 67.715069 -11.6018544965047 pleio
13 67.721215 -11.6035371777678 pleio
14 67.746869 -11.5983457995415 pleio
15 67.778018 -11.5987318814127 pleio
16 67.809168 -11.6008768530264 pleio
17 67.895218 -11.5990935885378 pleio
18 67.900561 -11.600915041691 pleio
19 67.905905 -11.6137879589711 pleio
20 67.911248 -11.6384113765441 pleio
21 67.920171 -11.6701546184741 pleio
22 67.929072 -11.7100015854041 pleio
23 67.937973 -11.770038205495 pleio
24 67.946874 -11.8488787611314 pleio
25 67.962131 -11.912642778183 pleio
26 68.103338 -11.9349895693086 pleio
27 68.122257 -11.9289543702806 pleio
28 68.141177 -12.0457531937537 pleio
29 68.410128 -12.0928027777551 pleio
30 68.415239 -11.9707828407802 pleio
31 68.42035 -11.8454499015767 pleio
32 68.640199 -11.5959119343404 pleio
33 68.652056 -11.2674797241309 pleio
34 68.656091 -10.9558111004716 pleio
35 68.660126 -10.6667998021209 pleio
36 68.664161 -10.4058059036197 pleio
37 68.685197 -10.1843158537515 pleio
38 68.806919 -10.0971343812566 pleio
39 68.816104 -10.0977759161481 pleio
40 68.825289 -10.0984058752168 pleio
41 68.885575 -10.0924923247248 pleio
42 68.886394 -10.0813323708147 pleio
43 68.887213 -10.071057763914 pleio
44 68.888033 -10.061718829991 pleio
45 68.888852 -10.0533582965795 pleio
46 68.889671 -10.0460110788298 pleio
47 68.89049 -9.96897546280565 pleio
48 68.89131 -9.89947607779301 pleio
49 68.892129 -9.84613796864762 pleio
50 68.987403 -9.81094696447759 pleio
51 69.064645 -7.80635552626447 pleio
52 69.131341 -6.20586077514312 pleio
53 69.198036 -6.2002251652271 pleio
54 69.214855 -6.19461577259726 pleio
55 69.21825 -6.19067568884705 pleio
56 69.221446 -6.18828620313437 pleio
57 69.224642 -6.18732535304582 pleio
58 69.227838 -6.18766601869818 pleio
59 69.231034 -5.66425465719094 pleio
60 69.23423 -5.71329757374999 pleio
61 69.237426 -5.71242631019745 pleio
62 69.240621 -5.71155516044106 pleio
63 69.244859 -5.71067615593649 pleio
64 69.252696 -5.70983931690021 pleio
65 69.260534 -5.70759093506244 pleio
66 69.416362 -5.51784899387124 pleio
67 69.484146 -5.17870068787294 pleio
68 69.505599 -5.14727907634109 pleio
69 69.508945 -5.07886808613226 pleio
70 69.512291 -5.01734918045293 pleio
71 69.515636 -4.96338343745748 pleio
72 69.542556 -4.76426686639334 pleio
73 69.592546 -6.31785345449626 pleio
74 69.66328 -6.23997432807781 pleio
75 69.721392 -6.26657504314474 pleio
76 69.724456 -6.26971763699885 pleio
77 69.727519 -6.27251090588705 pleio
78 69.733033 -6.2749493874569 pleio
79 69.768364 -6.26935457331999 pleio
80 69.782339 -6.3207517758759 pleio
81 69.796313 -6.47362948907346 pleio
82 69.810287 -1.44384420719134 pleio
83 69.829176 -0.339607767126707 pleio
84 69.837051 -0.379078419734748 pleio
85 69.844926 -0.360632343608315 pleio
86 69.869428 -0.343716300224636 pleio
87 69.876397 -0.339535702610377 pleio
88 69.876657 -0.344247505363977 pleio
89 69.876917 -0.350408296147245 pleio
90 69.924127 -0.310256276943286 pleio
91 69.978753 -0.356982719934021 pleio
92 70.033378 -0.353231879727539 pleio
93 70.042973 -0.347821641619522 pleio
94 70.043703 -0.340418715741119 pleio
95 70.044434 -0.331051808430779 pleio
96 70.087246 -0.320992261212028 pleio
97 70.141872 -0.312292709996459 pleio
98 70.196497 -0.269546995937223 pleio
99 70.400832 -0.24370833246384 pleio
100 70.421006 -0.197808524137268 pleio
101 70.441181 -0.150878228268631 pleio
102 70.60917 -0.114891019563663 pleio
103 70.612702 -0.114967487478882 pleio
104 70.616235 -0.132071496674533 pleio
105 70.661194 -0.104541574647344 pleio
106 70.728481 -0.0903962519512158 pleio
107 70.750402 -0.0818436351188478 pleio
108 70.772323 -0.0611094881783713 pleio
109 70.779053 -0.0360674070702044 pleio
110 70.782062 -0.0159389815717331 pleio
111 70.785072 0 pleio
112 71.12066 -0.609207568137906 pleio
113 71.198629 -0.608561387147818 pleio
114 71.276599 -0.608642654499002 pleio
115 71.354568 -1.05199614124584 pleio
116 71.418821 -0.940386549077653 pleio
117 71.422464 -0.884346284204081 pleio
118 71.425934 -0.885746929107615 pleio
119 71.429405 -0.868570982136541 pleio
120 71.432875 -0.826496223701023 pleio
121 71.436346 -0.792598006263815 pleio
122 71.439817 -0.767191664983305 pleio
123 71.443287 -0.750540370467082 pleio
124 71.449172 -0.747870864997344 pleio
125 71.46043 -0.759494139505985 pleio
126 71.475844 -0.771193147683691 pleio
127 71.510771 -0.782889702722869 pleio
128 71.658293 -0.79223357101636 pleio
129 71.675712 -0.794465024793319 pleio
130 71.693132 -0.791643501199522 pleio
131 71.782692 -0.248268448941314 pleio
132 71.793079 -0.586777417217748 pleio
133 71.803404 -1.01163331288776 pleio
134 71.813729 -1.02596345789283 pleio
135 71.824055 -1.42525850707393 pleio
136 71.83438 -1.7888165293535 pleio
137 71.859513 -1.84446710717244 pleio
138 71.937774 -1.70862703361315 pleio
139 71.945079 -1.91556594984325 pleio
140 71.952385 -2.00541388275402 pleio
141 71.98473 -2.02866520006317 pleio
142 72.012709 -2.07762135576906 pleio
143 72.040688 -2.13194396662959 pleio
144 72.210521 -2.05672749564897 pleio
145 72.314268 -2.29706834407857 pleio
146 72.366456 -2.25290392363807 pleio
147 72.411367 -2.2685620982094 pleio
148 72.450663 -2.28200337795859 pleio
149 72.471305 -2.28325726480195 pleio
150 72.491946 -2.32990017707699 pleio
151 72.512588 -2.50713816012772 pleio
152 72.601385 -2.50139326354151 pleio
153 72.621813 -2.5887213339089 pleio
154 72.642242 -2.63425207711036 pleio
155 72.66267 -2.69442711402778 pleio
156 72.771429 -3.48267136763475 pleio
157 72.883243 -3.48168157500896 pleio
158 72.898448 -3.51193678644985 pleio
159 72.913654 -3.55345387609034 pleio
160 72.928859 -3.60596550007083 pleio
161 72.944065 -3.6710111680455 pleio
162 72.95927 -3.71407038732007 pleio
163 72.974476 -3.94701466579351 pleio
164 72.989681 -3.90875263983518 pleio
165 72.996574 -3.99758828550169 pleio
166 72.9996 -4.03368850813673 pleio
167 73.002626 -4.07104418461561 pleio
168 73.005652 -4.10857564535265 pleio
169 73.012925 -4.14330993670862 pleio
170 73.023956 -4.17792917017048 pleio
171 73.034987 -4.21545076422314 pleio
172 73.046018 -4.19679126688156 pleio
173 73.057049 -4.17674702444041 pleio
174 73.06808 -4.16747634667562 pleio
175 73.079353 -4.17821365259134 pleio
176 73.111862 -3.49954272530494 pleio
177 73.146945 -3.97832659700507 pleio
178 73.171837 -4.51908167874162 pleio
179 73.196729 -4.82348633108749 pleio
180 73.629401 -4.84494950441053 pleio
181 74.062073 -4.87047708019923 pleio
182 74.066223 -4.88808752266389 pleio
183 74.070373 -4.90596581492539 pleio
184 74.074523 -4.9240556634954 pleio
185 74.078673 -4.94229988771321 pleio
186 74.082823 -5.02378462510848 pleio
187 74.3761735 -5.00507923174925 pleio
188 74.669524 -5.0363902403344 pleio
189 74.672012 -4.96840319547881 pleio
190 74.674499 -4.93103000874163 pleio
191 74.716248 -4.92319111725541 pleio
192 74.724515 -4.94374150463899 pleio
193 74.732783 -5.3264484271063 pleio
194 75.0995546666667 -6.1222251930339 pleio
195 75.4663263333333 -6.03007596863193 pleio
196 75.833098 -6.21622849899994 pleio
197 75.863363 -6.22649093657749 pleio
198 75.875899 -6.25077062034241 pleio
199 75.888435 -6.22475182324122 pleio
200 75.900971 -6.12731816844266 pleio
201 75.903257 -6.10097737066123 pleio
202 75.904489 -6.11131771986492 pleio
203 75.905721 -6.14260936383639 pleio
204 75.917304 -6.20296826097975 pleio
205 76.287653 -6.22265521399044 pleio
206 76.288899 -6.22022109736141 pleio
207 76.290145 -6.21349041944635 pleio
208 76.397032 -6.20099442716701 pleio
209 76.403847 -6.19301346650972 pleio
210 76.410663 -6.20628345962133 pleio
211 76.607927 -6.3306395863128 pleio
212 76.623625 -6.20795688961389 pleio
213 76.633554 -6.19901620273459 pleio
214 76.643483 -6.2131315557966 pleio
215 76.653411 -6.2511477811235 pleio
216 76.66334 -6.313018180152 pleio
217 76.700004 -6.34220186805846 pleio
218 67.606765 -7.14243262743743 profile1
219 67.613251 -7.144338062622 profile1
220 67.619736 -7.1462849910498 profile1
221 67.626222 -7.14827309207903 profile1
222 67.641347 -7.15030230904848 profile1
223 67.654855 -7.15234065000344 profile1
224 67.658769 -7.15380387027474 profile1
225 67.662682 -7.15524124155951 profile1
226 67.666596 -7.15669098060502 profile1
227 67.679986 -7.15818415671556 profile1
228 67.708923 -7.14797342373021 profile1
229 67.715069 -7.13647501705491 profile1
230 67.721215 -7.12516499842712 profile1
231 67.746869 -7.1140386318246 profile1
232 67.778018 -7.11540110914326 profile1
233 67.809168 -7.11725762138934 profile1
234 67.895218 -7.13118221767002 profile1
235 67.900561 -7.15624122963631 profile1
236 67.905905 -7.18673225559701 profile1
237 67.911248 -7.22246518323461 profile1
238 67.920171 -7.25746448710844 profile1
239 67.929072 -7.28794289783441 profile1
240 67.937973 -7.3256373408131 profile1
241 67.946874 -7.3698949162111 profile1
242 67.962131 -7.37399306289495 profile1
243 68.103338 -7.36766864883203 profile1
244 68.122257 -7.35807232258922 profile1
245 68.141177 -7.37973681006818 profile1
246 68.410128 -7.40515567901718 profile1
247 68.415239 -7.42309225182759 profile1
248 68.42035 -7.4387649261967 profile1
249 68.640199 -7.34381549128563 profile1
250 68.652056 -7.17002719285597 profile1
251 68.656091 -7.00157755083686 profile1
252 68.660126 -6.84226351601742 profile1
253 68.664161 -6.695648970503 profile1
254 68.685197 -6.56372940872183 profile1
255 68.806919 -6.51065147338427 profile1
256 68.816104 -6.51033514250373 profile1
257 68.825289 -6.5100092681259 profile1
258 68.885575 -6.50562639818656 profile1
259 68.886394 -6.49840121454451 profile1
260 68.887213 -6.49229749956911 profile1
261 68.888033 -6.4873491565032 profile1
262 68.888852 -6.4835810430491 profile1
263 68.889671 -6.48100860141781 profile1
264 68.89049 -6.42234940571332 profile1
265 68.89131 -6.37122441589531 profile1
266 68.892129 -6.33444968474439 profile1
267 68.987403 -6.35632474028566 profile1
268 69.064645 -6.13449928495273 profile1
269 69.131341 -5.9199690680597 profile1
270 69.198036 -5.93654682194899 profile1
271 69.214855 -5.95473594276117 profile1
272 69.21825 -5.97546631023079 profile1
273 69.221446 -5.99855543322959 profile1
274 69.224642 -6.02378461418542 profile1
275 69.227838 -6.05090868092859 profile1
276 69.231034 -5.66425465719094 profile1
277 69.23423 -5.57314879695807 profile1
278 69.237426 -5.57229379627639 profile1
279 69.240621 -5.57143781961928 profile1
280 69.244859 -5.57058120957718 profile1
281 69.252696 -5.56958189319773 profile1
282 69.260534 -5.56826493968006 profile1
283 69.416362 -5.32918978290777 profile1
284 69.484146 -4.88617933495193 profile1
285 69.505599 -4.85971748191092 profile1
286 69.508945 -4.8003476016456 profile1
287 69.512291 -4.74506197714221 profile1
288 69.515636 -4.6945315730097 profile1
289 69.542556 -4.64952158805611 profile1
290 69.592546 -4.83110700228939 profile1
291 69.66328 -4.70241984615709 profile1
292 69.721392 -4.69464779413975 profile1
293 69.724456 -4.68708571433651 profile1
294 69.727519 -4.67946876013038 profile1
295 69.733033 -4.6718117749093 profile1
296 69.768364 -4.66775744020295 profile1
297 69.782339 -4.67064501087897 profile1
298 69.796313 -4.6475677765881 profile1
299 69.810287 0.551231682788185 profile1
300 69.829176 1.8133020392934 profile1
301 69.837051 1.79185523135333 profile1
302 69.844926 1.77953312375149 profile1
303 69.869428 1.76867692307136 profile1
304 69.876397 1.77142465883989 profile1
305 69.876657 1.76797974311023 profile1
306 69.876917 1.760526843931 profile1
307 69.924127 1.79346289560604 profile1
308 69.978753 1.73200532365791 profile1
309 70.033378 1.72936771744287 profile1
310 70.042973 1.72607426459127 profile1
311 70.043703 1.72233330358141 profile1
312 70.044434 1.71816195988296 profile1
313 70.087246 1.71361059799057 profile1
314 70.141872 1.70865463327974 profile1
315 70.196497 1.70771857417591 profile1
316 70.400832 1.7156218090783 profile1
317 70.421006 1.74000609198238 profile1
318 70.441181 1.76397929750767 profile1
319 70.60917 1.78138934021189 profile1
320 70.612702 1.78417474773258 profile1
321 70.616235 1.73970805105858 profile1
322 70.661194 1.7373123159101 profile1
323 70.728481 1.72871782758197 profile1
324 70.750402 1.71341333148321 profile1
325 70.772323 1.7065370628198 profile1
326 70.779053 1.7075243514043 profile1
327 70.782062 1.71466874766079 profile1
328 70.785072 1.72122896946136 profile1
329 71.12066 1.77623514921719 profile1
330 71.198629 1.77592599035507 profile1
331 71.276599 1.7749455928245 profile1
332 71.354568 1.32381849939183 profile1
333 71.418821 1.29498795430432 profile1
334 71.422464 1.38630816993039 profile1
335 71.425934 1.51161031558167 profile1
336 71.429405 1.5958945594772 profile1
337 71.432875 1.64792910870875 profile1
338 71.436346 1.6929131465457 profile1
339 71.439817 1.7305496199106 profile1
340 71.443287 1.76058558336128 profile1
341 71.449172 1.77582259394655 profile1
342 71.46043 1.77268451230593 profile1
343 71.475844 1.76882363497949 profile1
344 71.510771 1.76491175811343 profile1
345 71.658293 1.75966415914902 profile1
346 71.675712 1.75241430645974 profile1
347 71.693132 1.74491045561132 profile1
348 71.782692 2.20200245647306 profile1
349 71.793079 2.18782745078609 profile1
350 71.803404 2.04485948517614 profile1
351 71.813729 2.04253363697109 profile1
352 71.824055 2.07360191586954 profile1
353 71.83438 2.08830635426915 profile1
354 71.859513 2.12847594155878 profile1
355 71.937774 2.24542830148614 profile1
356 71.945079 2.03129141500925 profile1
357 71.952385 1.94195197413573 profile1
358 71.98473 1.92086644377564 profile1
359 72.012709 1.87890486725364 profile1
360 72.040688 1.82946546105763 profile1
361 72.210521 1.96261408772284 profile1
362 72.314268 1.81835019086207 profile1
363 72.366456 1.84117736734964 profile1
364 72.411367 1.82818067157143 profile1
365 72.450663 1.81862278098737 profile1
366 72.471305 1.82302610939135 profile1
367 72.491946 1.84727039447536 profile1
368 72.512588 1.7791621032514 profile1
369 72.601385 1.85438132906363 profile1
370 72.621813 1.86177780620682 profile1
371 72.642242 1.82593181880991 profile1
372 72.66267 1.77406737056953 profile1
373 72.771429 1.86578002784904 profile1
374 72.883243 1.85845767035313 profile1
375 72.898448 1.81807961484021 profile1
376 72.913654 1.76490628477839 profile1
377 72.928859 1.69916882010621 profile1
378 72.944065 1.61947621090122 profile1
379 72.95927 1.59149921111739 profile1
380 72.974476 1.43172320676601 profile1
381 72.989681 1.3490566065561 profile1
382 72.996574 1.19168606923212 profile1
383 72.9996 1.14742692043721 profile1
384 73.002626 1.10821159299218 profile1
385 73.005652 1.07755470664399 profile1
386 73.012925 1.04810392882909 profile1
387 73.023956 1.01851881134874 profile1
388 73.034987 0.987408351692928 profile1
389 73.046018 0.998459775532659 profile1
390 73.057049 1.00972131757307 profile1
391 73.06808 1.0121240986536 profile1
392 73.079353 0.997114521434785 profile1
393 73.111862 0.455798267615779 profile1
394 73.146945 0.104934013548603 profile1
395 73.171837 -0.205573629130509 profile1
396 73.196729 -0.403652204265991 profile1
397 73.629401 -0.437269050165885 profile1
398 74.062073 -0.434574581135753 profile1
399 74.066223 -0.4414415651967 profile1
400 74.070373 -0.448958358640667 profile1
401 74.074523 -0.457088512700105 profile1
402 74.078673 -0.465793136963255 profile1
403 74.082823 -0.577749974124592 profile1
404 74.3761735 -0.521829729451161 profile1
405 74.669524 -0.552860944700702 profile1
406 74.672012 -0.447685214815088 profile1
407 74.674499 -0.375990519933784 profile1
408 74.716248 -0.339170421516808 profile1
409 74.724515 -0.337567984787992 profile1
410 74.732783 -0.700228907614312 profile1
411 75.0995546666667 -1.51175438551788 profile1
412 75.4663263333333 -1.41735475371662 profile1
413 75.833098 -1.60003305580189 profile1
414 75.863363 -1.60430182166058 profile1
415 75.875899 -1.62381707487856 profile1
416 75.888435 -1.61154833823432 profile1
417 75.900971 -1.55502501431442 profile1
418 75.903257 -1.55370502331709 profile1
419 75.904489 -1.56892026334768 profile1
420 75.905721 -1.57957573726292 profile1
421 75.917304 -1.59350608335669 profile1
422 76.287653 -1.58273266685979 profile1
423 76.288899 -1.559361625683 profile1
424 76.290145 -1.53376568900697 profile1
425 76.397032 -1.51954731023071 profile1
426 76.403847 -1.52202752537329 profile1
427 76.410663 -1.53976247808813 profile1
428 76.607927 -1.3885697685443 profile1
429 76.623625 -1.14775982411071 profile1
430 76.633554 -1.07371013935453 profile1
431 76.643483 -1.00289461466221 profile1
432 76.653411 -0.936682918745489 profile1
433 76.66334 -0.876319708528374 profile1
434 76.700004 -0.744002769567904 profile1
435 67.606765 -2.11943823263684 profile2
436 67.613251 -2.11860328877425 profile2
437 67.619736 -2.11775826754696 profile2
438 67.626222 -2.11690326267055 profile2
439 67.641347 -2.11603794918618 profile2
440 67.654855 -2.11517674864031 profile2
441 67.658769 -2.11457446729195 profile2
442 67.662682 -2.11400160541004 profile2
443 67.666596 -2.11343694375116 profile2
444 67.679986 -2.11286276301099 profile2
445 67.708923 -2.1233097123056 profile2
446 67.715069 -2.13520334994611 profile2
447 67.721215 -2.14749137955953 profile2
448 67.746869 -2.15309870167051 profile2
449 67.778018 -2.15222949706397 profile2
450 67.809168 -2.15266037778086 profile2
451 67.895218 -2.13857538339485 profile2
452 67.900561 -2.11754320110223 profile2
453 67.905905 -2.10186907445425 profile2
454 67.911248 -2.09240451312412 profile2
455 67.920171 -2.09120697891178 profile2
456 67.929072 -2.10368940704187 profile2
457 67.937973 -2.12866415452119 profile2
458 67.946874 -2.16537018413716 profile2
459 67.962131 -2.2260944079021 profile2
460 68.103338 -2.25498329743818 profile2
461 68.122257 -2.25842441751663 profile2
462 68.141177 -2.35504560489424 profile2
463 68.410128 -2.37796786594656 profile2
464 68.415239 -2.23803212911654 profile2
465 68.42035 -2.09695854360262 profile2
466 68.640199 -1.94436494956119 profile2
467 68.652056 -1.79298278323942 profile2
468 68.656091 -1.65267170424625 profile2
469 68.660126 -1.52554308366443 profile2
470 68.664161 -1.41341989949773 profile2
471 68.685197 -1.32549623195816 profile2
472 68.806919 -1.29198248950063 profile2
473 68.816104 -1.29297641553668 profile2
474 68.825289 -1.29396875314527 profile2
475 68.885575 -1.29297410771493 profile2
476 68.886394 -1.29001056340798 profile2
477 68.887213 -1.28679640062412 profile2
478 68.888033 -1.28334352583103 profile2
479 68.888852 -1.2796655672224 profile2
480 68.889671 -1.27577811398385 profile2
481 68.89049 -1.26029007218061 profile2
482 68.89131 -1.24501766191239 profile2
483 68.892129 -1.23155897615594 profile2
484 68.987403 -1.18215094058752 profile2
485 69.064645 0.589298818914276 profile2
486 69.131341 1.97976023838353 profile2
487 69.198036 2.00166325911635 profile2
488 69.214855 2.02513105302741 profile2
489 69.21825 2.0495264381707 profile2
490 69.221446 2.0747887374243 profile2
491 69.224642 2.10082303305364 profile2
492 69.227838 2.1275120695806 profile2
493 69.231034 2.24542830148614 profile2
494 69.23423 2.10039598277994 profile2
495 69.237426 2.10050280059989 profile2
496 69.240621 2.1006104256071 profile2
497 69.244859 2.10072764054315 profile2
498 69.252696 2.10068140418966 profile2
499 69.260534 2.10182452260281 profile2
500 69.416362 2.0505228020099 profile2
501 69.484146 1.94804902326454 profile2
502 69.505599 1.95263866116547 profile2
503 69.508945 1.96083859649932 profile2
504 69.512291 1.96636530228331 profile2
505 69.515636 1.96923674522699 profile2
506 69.542556 2.1248296597436 profile2
507 69.592546 0.775533179557204 profile2
508 69.66328 0.723842809127715 profile2
509 69.721392 0.689815324751895 profile2
510 69.724456 0.67936673381307 profile2
511 69.727519 0.669208485985912 profile2
512 69.733033 0.659360541015392 profile2
513 69.768364 0.657467944061758 profile2
514 69.782339 0.604056119781721 profile2
515 69.796313 0.425131096286262 profile2
516 69.810287 0.236663298796094 profile2
517 69.829176 0.0808756119286811 profile2
518 69.837051 0.0639940680979191 profile2
519 69.844926 0.0942301783416985 profile2
520 69.869428 0.12151636864556 profile2
521 69.876397 0.122748184178468 profile2
522 69.876657 0.121472339292257 profile2
523 69.876917 0.122755828520557 profile2
524 69.924127 0.131648122599915 profile2
525 69.978753 0.148000155780429 profile2
526 70.033378 0.154263144201428 profile2
527 70.042973 0.162887832410435 profile2
528 70.043703 0.174002522404587 profile2
529 70.044434 0.187564101283018 profile2
530 70.087246 0.202299513995303 profile2
531 70.141872 0.216203669775912 profile2
532 70.196497 0.259860175214849 profile2
533 70.400832 0.278238530084467 profile2
534 70.421006 0.300373206415463 profile2
535 70.441181 0.323988534377213 profile2
536 70.60917 0.343159369180594 profile2
537 70.612702 0.340229269675118 profile2
538 70.616235 0.368032092136967 profile2
539 70.661194 0.397995349403909 profile2
540 70.728481 0.420920976016436 profile2
541 70.750402 0.444613908768846 profile2
542 70.772323 0.472353003453573 profile2
543 70.779053 0.496702780943651 profile2
544 70.782062 0.509965542150475 profile2
545 70.785072 0.519605778729289 profile2
546 71.12066 -0.145932903426005 profile2
547 71.198629 -0.144871441567219 profile2
548 71.276599 -0.143869059987999 profile2
549 71.354568 -0.137106912997625 profile2
550 71.418821 0.00449615362327495 profile2
551 71.422464 -0.0322679825209559 profile2
552 71.425934 -0.161317691440517 profile2
553 71.429405 -0.229919785921588 profile2
554 71.432875 -0.240714672949806 profile2
555 71.436346 -0.252493841327525 profile2
556 71.439817 -0.265274925183629 profile2
557 71.443287 -0.27906933091084 profile2
558 71.449172 -0.291963666568101 profile2
559 71.46043 -0.300847456253196 profile2
560 71.475844 -0.309065779159175 profile2
561 71.510771 -0.317223069858819 profile2
562 71.658293 -0.321920398443667 profile2
563 71.675712 -0.317857665622563 profile2
564 71.693132 -0.308417918886163 profile2
565 71.782692 -0.220113642220187 profile2
566 71.793079 -0.541601588224797 profile2
567 71.803404 -0.817846437927861 profile2
568 71.813729 -0.831277809342568 profile2
569 71.824055 -1.2575822697715 profile2
570 71.83438 -1.63065685656674 profile2
571 71.859513 -1.72621646973532 profile2
572 71.937774 -1.70862703361315 profile2
573 71.945079 -1.69703520233961 profile2
574 71.952385 -1.69593934919382 profile2
575 71.98473 -1.69759427279291 profile2
576 72.012709 -1.70301684882739 profile2
577 72.040688 -1.70634535560784 profile2
578 72.210521 -1.76930551489924 profile2
579 72.314268 -1.86447244774405 profile2
580 72.366456 -1.84331521441061 profile2
581 72.411367 -1.84605909043683 profile2
582 72.450663 -1.84992541361919 profile2
583 72.471305 -1.85532076999453 profile2
584 72.491946 -1.92236641078914 profile2
585 72.512588 -2.02531339950627 profile2
586 72.601385 -2.08942153211296 profile2
587 72.621813 -2.18284650462045 profile2
588 72.642242 -2.19264138168422 profile2
589 72.66267 -2.20120131238397 profile2
590 72.771429 -3.0779838804764 profile2
591 72.883243 -3.07020037560625 profile2
592 72.898448 -3.06158453492569 profile2
593 72.913654 -3.05139188471398 profile2
594 72.928859 -3.03954714268398 profile2
595 72.944065 -3.02619563715528 profile2
596 72.95927 -3.04062329479814 profile2
597 72.974476 -3.10710531100845 profile2
598 72.989681 -2.9272424851732 profile2
599 72.996574 -2.85771201013778 profile2
600 72.9996 -2.85034199519529 profile2
601 73.002626 -2.84850768735436 profile2
602 73.005652 -2.85411736349437 profile2
603 73.012925 -2.85822726743702 profile2
604 73.023956 -2.86212952685095 profile2
605 73.034987 -2.86739329324069 profile2
606 73.046018 -2.86011319632868 profile2
607 73.057049 -2.8518957119052 profile2
608 73.06808 -2.84554430377447 profile2
609 73.079353 -2.84119091971613 profile2
610 73.111862 -1.64687387364774 profile2
611 73.146945 -1.78099002069861 profile2
612 73.171837 -2.01272607239288 profile2
613 73.196729 -2.12647629063681 profile2
614 73.629401 -2.11432565111733 profile2
615 74.062073 -2.14267229426237 profile2
616 74.066223 -2.15278737938456 profile2
617 74.070373 -2.16252671313138 profile2
618 74.074523 -2.17187427731907 profile2
619 74.078673 -2.18081551776275 profile2
620 74.082823 -2.14627269218106 profile2
621 74.3761735 -2.1848299822404 profile2
622 74.669524 -2.18365109579888 profile2
623 74.672012 -2.22378803704361 profile2
624 74.674499 -2.26079333858596 profile2
625 74.716248 -2.29221423771033 profile2
626 74.724515 -2.31661500973603 profile2
627 74.732783 -2.330022845689 profile2
628 75.0995546666667 -2.30944966772278 profile2
629 75.4663263333333 -2.31401203019119 profile2
630 75.833098 -2.31332072376253 profile2
631 75.863363 -2.31934151809426 profile2
632 75.875899 -2.32381760460392 profile2
633 75.888435 -2.30701806815841 profile2
634 75.900971 -2.25760506867235 profile2
635 75.903257 -2.22425760453104 profile2
636 75.904489 -2.21513367717529 profile2
637 75.905721 -2.23333951978266 profile2
638 75.917304 -2.27788089142035 profile2
639 76.287653 -2.308457286508 profile2
640 76.288899 -2.33013393296595 profile2
641 76.290145 -2.34977100252059 profile2
642 76.397032 -2.35287839082886 profile2
643 76.403847 -2.34442993958005 profile2
644 76.410663 -2.34141152035466 profile2
645 76.607927 -2.61203288124721 profile2
646 76.623625 -2.7267392631217 profile2
647 76.633554 -2.79087809197047 profile2
648 76.643483 -2.87471284656915 profile2
649 76.653411 -2.97771237817585 profile2
650 76.66334 -3.09860509335101 profile2
651 76.700004 -3.26154691422693 profile2
