marker_position lod trace
1 67.606765 -32.1893600728921 pleio
2 67.613251 -32.1817460221561 pleio
3 67.619736 -32.1744968595341 pleio
4 67.626222 -32.1676137562188 pleio
5 67.641347 -32.1610968615181 pleio
6 67.654855 -32.1549859396132 pleio
7 67.658769 -32.1499811190516 pleio
8 67.662682 -32.1453555362286 pleio
9 67.666596 -32.1411040581825 pleio
10 67.679986 -32.1372234023673 pleio
11 67.708923 -32.1135436220517 pleio
12 67.715069 -32.111873627315 pleio
13 67.721215 -32.1349820333664 pleio
14 67.746869 -32.1847749799292 pleio
15 67.778018 -32.1845401668762 pleio
16 67.809168 -32.1754909484024 pleio
17 67.895218 -32.0012202230336 pleio
18 67.900561 -31.815242039699 pleio
19 67.905905 -31.7134027447423 pleio
20 67.911248 -31.6966785634751 pleio
21 67.920171 -31.7404124754803 pleio
22 67.929072 -31.8336984402688 pleio
23 67.937973 -32.0304658150505 pleio
24 67.946874 -32.3275423619291 pleio
25 67.962131 -32.4046964725624 pleio
26 68.103338 -32.4198711415825 pleio
27 68.122257 -32.4173824228236 pleio
28 68.141177 -32.4277039353064 pleio
29 68.410128 -32.3494931494082 pleio
30 68.415239 -31.9485025573222 pleio
31 68.42035 -31.5820814791801 pleio
32 68.640199 -31.0056438027117 pleio
33 68.652056 -30.3408334484304 pleio
34 68.656091 -29.8026036220527 pleio
35 68.660126 -29.4022139528156 pleio
36 68.664161 -29.1461215048769 pleio
37 68.685197 -29.0447754984862 pleio
38 68.806919 -29.039795351046 pleio
39 68.816104 -29.0349282128114 pleio
40 68.825289 -29.0300652652445 pleio
41 68.885575 -29.0211268041064 pleio
42 68.886394 -29.0088910243108 pleio
43 68.887213 -28.9971480777702 pleio
44 68.888033 -28.9859385537227 pleio
45 68.888852 -28.9753019617498 pleio
46 68.889671 -28.9652759362266 pleio
47 68.89049 -28.8430975057637 pleio
48 68.89131 -28.7250324449222 pleio
49 68.892129 -28.622285483607 pleio
50 68.987403 -27.7641962971705 pleio
51 69.064645 -23.6544776344803 pleio
52 69.131341 -21.7743445421257 pleio
53 69.198036 -21.7019644141529 pleio
54 69.214855 -21.6451653270196 pleio
55 69.21825 -21.5971791928955 pleio
56 69.221446 -21.5584948195429 pleio
57 69.224642 -21.5293292381381 pleio
58 69.227838 -21.509609071546 pleio
59 69.231034 -21.7147425887382 pleio
60 69.23423 -22.3302020515417 pleio
61 69.237426 -22.3368364125082 pleio
62 69.240621 -22.3437859041023 pleio
63 69.244859 -22.3510501249013 pleio
64 69.252696 -22.3566190753805 pleio
65 69.260534 -22.3607002985773 pleio
66 69.416362 -20.6994828054912 pleio
67 69.484146 -19.068062651654 pleio
68 69.505599 -19.0737454172076 pleio
69 69.508945 -19.0902928478083 pleio
70 69.512291 -19.1074341678685 pleio
71 69.515636 -19.1249530134209 pleio
72 69.542556 -19.3241417142849 pleio
73 69.592546 -18.4234627524802 pleio
74 69.66328 -18.4152588549616 pleio
75 69.721392 -18.4113927511159 pleio
76 69.724456 -18.4046120904659 pleio
77 69.727519 -18.399576687078 pleio
78 69.733033 -18.3963038156662 pleio
79 69.768364 -17.9820997297339 pleio
80 69.782339 -17.4586016336996 pleio
81 69.796313 -17.2325602590468 pleio
82 69.810287 -3.62468043175242 pleio
83 69.829176 -3.66468323492687 pleio
84 69.837051 -3.70843305104338 pleio
85 69.844926 -3.67248097933034 pleio
86 69.869428 -3.65126532858481 pleio
87 69.876397 -3.6683108199143 pleio
88 69.876657 -3.70605628437933 pleio
89 69.876917 -3.75821279697003 pleio
90 69.924127 -3.55979295927373 pleio
91 69.978753 -3.29024100700681 pleio
92 70.033378 -2.85662561136023 pleio
93 70.042973 -2.44342043786454 pleio
94 70.043703 -2.05782510015436 pleio
95 70.044434 -1.70515128458492 pleio
96 70.087246 -1.42833762139643 pleio
97 70.141872 -1.24026395864451 pleio
98 70.196497 -0.955291397631582 pleio
99 70.400832 -0.792757871527296 pleio
100 70.421006 -0.647786853638795 pleio
101 70.441181 -0.513047961472596 pleio
102 70.60917 -0.392430891903963 pleio
103 70.612702 -0.312657764299414 pleio
104 70.616235 -0.215640170849258 pleio
105 70.661194 -0.141335923237485 pleio
106 70.728481 -0.0681844962902068 pleio
107 70.750402 -0.0155822476653854 pleio
108 70.772323 0 pleio
109 70.779053 -0.00593696212637811 pleio
110 70.782062 -0.015083834973885 pleio
111 70.785072 -0.0374634049081529 pleio
112 71.12066 -0.261711703270705 pleio
113 71.198629 -0.272560634131336 pleio
114 71.276599 -0.284631006765482 pleio
115 71.354568 -1.2032014793716 pleio
116 71.418821 -1.72632717498613 pleio
117 71.422464 -2.76675982918468 pleio
118 71.425934 -4.30774081529923 pleio
119 71.429405 -5.02690713171128 pleio
120 71.432875 -5.15294976109557 pleio
121 71.436346 -5.30811930502131 pleio
122 71.439817 -5.49183431197998 pleio
123 71.443287 -5.70334064150284 pleio
124 71.449172 -5.86643773758989 pleio
125 71.46043 -5.87197820169736 pleio
126 71.475844 -5.87888579917348 pleio
127 71.510771 -5.8872953960682 pleio
128 71.658293 -5.89228490157164 pleio
129 71.675712 -5.91625910084023 pleio
130 71.693132 -5.98019623217899 pleio
131 71.782692 -7.39652722459199 pleio
132 71.793079 -7.06932633657352 pleio
133 71.803404 -7.20428306005444 pleio
134 71.813729 -7.08682902935635 pleio
135 71.824055 -8.53000176227036 pleio
136 71.83438 -9.60193436753571 pleio
137 71.859513 -9.77131298501437 pleio
138 71.937774 -10.2452018381038 pleio
139 71.945079 -10.8522034237756 pleio
140 71.952385 -11.0928456627309 pleio
141 71.98473 -11.1699789579233 pleio
142 72.012709 -11.3104034822551 pleio
143 72.040688 -11.4274758887009 pleio
144 72.210521 -12.2508769920586 pleio
145 72.314268 -14.4610722071049 pleio
146 72.366456 -14.412962654186 pleio
147 72.411367 -14.4274702284694 pleio
148 72.450663 -14.4350452247309 pleio
149 72.471305 -14.415029649027 pleio
150 72.491946 -14.5415928679311 pleio
151 72.512588 -15.1069114832444 pleio
152 72.601385 -15.3205351207985 pleio
153 72.621813 -15.5057839458159 pleio
154 72.642242 -15.6413241588848 pleio
155 72.66267 -15.812625175473 pleio
156 72.771429 -17.6588757454262 pleio
157 72.883243 -17.6610087723656 pleio
158 72.898448 -17.6504686742481 pleio
159 72.913654 -17.6691820602497 pleio
160 72.928859 -17.7181602009323 pleio
161 72.944065 -17.7919244250845 pleio
162 72.95927 -18.1535574904611 pleio
163 72.974476 -20.618713949758 pleio
164 72.989681 -26.2606381340456 pleio
165 72.996574 -26.780948201304 pleio
166 72.9996 -26.9046557048038 pleio
167 73.002626 -27.0225577518633 pleio
168 73.005652 -27.1572943462633 pleio
169 73.012925 -27.309385809125 pleio
170 73.023956 -27.4760427092922 pleio
171 73.034987 -27.6549818556757 pleio
172 73.046018 -27.8862970527163 pleio
173 73.057049 -28.1570638487311 pleio
174 73.06808 -28.4604115755216 pleio
175 73.079353 -28.7556423034768 pleio
176 73.111862 -28.6135152243777 pleio
177 73.146945 -29.4637028820901 pleio
178 73.171837 -30.9256171136917 pleio
179 73.196729 -31.6790150195619 pleio
180 73.629401 -31.7764004812036 pleio
181 74.062073 -31.8164575825254 pleio
182 74.066223 -31.8740078699723 pleio
183 74.070373 -31.9321716117014 pleio
184 74.074523 -31.9909368579422 pleio
185 74.078673 -32.0502949414824 pleio
186 74.082823 -32.2415897029522 pleio
187 74.3761735 -32.2003840566085 pleio
188 74.669524 -32.254929781733 pleio
189 74.672012 -32.0270432909404 pleio
190 74.674499 -31.8971584400676 pleio
191 74.716248 -31.867686257534 pleio
192 74.724515 -31.9374077124069 pleio
193 74.732783 -31.7761731448223 pleio
194 75.0995546666667 -39.6594644774292 pleio
195 75.4663263333333 -39.7822516606906 pleio
196 75.833098 -39.7077955288424 pleio
197 75.863363 -39.8009148837647 pleio
198 75.875899 -39.9019138596791 pleio
199 75.888435 -39.9252653658753 pleio
200 75.900971 -39.8952738540846 pleio
201 75.903257 -40.1276325967598 pleio
202 75.904489 -40.3376654654361 pleio
203 75.905721 -40.509967823176 pleio
204 75.917304 -40.7142964294768 pleio
205 76.287653 -40.7703789274132 pleio
206 76.288899 -40.7883932777959 pleio
207 76.290145 -40.8071367806823 pleio
208 76.397032 -40.7217780253654 pleio
209 76.403847 -40.5522698479553 pleio
210 76.410663 -40.4536755880356 pleio
211 76.607927 -39.8821360062491 pleio
212 76.623625 -39.6557608832828 pleio
213 76.633554 -39.8155128191815 pleio
214 76.643483 -40.0382416434309 pleio
215 76.653411 -40.3230972246919 pleio
216 76.66334 -40.6668266597468 pleio
217 76.700004 -41.2021398194334 pleio
218 67.606765 2.38397072130817 profile1
219 67.613251 2.385426727316 profile1
220 67.619736 2.386860843011 profile1
221 67.626222 2.38827315667933 profile1
222 67.641347 2.38966332303548 profile1
223 67.654855 2.39101783107074 profile1
224 67.658769 2.39208013692408 profile1
225 67.662682 2.39297815991941 profile1
226 67.666596 2.39378957428514 profile1
227 67.679986 2.39457785997775 profile1
228 67.708923 2.38594603912689 profile1
229 67.715069 2.37666373116853 profile1
230 67.721215 2.36791663473338 profile1
231 67.746869 2.35676143633333 profile1
232 67.778018 2.35759474894727 profile1
233 67.809168 2.3624108349559 profile1
234 67.895218 2.43176849947076 profile1
235 67.900561 2.50505535105237 profile1
236 67.905905 2.54631914240213 profile1
237 67.911248 2.55453454649578 profile1
238 67.920171 2.5149801777317 profile1
239 67.929072 2.41067842693765 profile1
240 67.937973 2.26945771183399 profile1
241 67.946874 2.09348108306841 profile1
242 67.962131 2.03126514738968 profile1
243 68.103338 2.01384043984652 profile1
244 68.122257 2.01667755374025 profile1
245 68.141177 1.95202034201043 profile1
246 68.410128 1.99147701805706 profile1
247 68.415239 2.44214887379208 profile1
248 68.42035 2.85280155628373 profile1
249 68.640199 3.36595757543086 profile1
250 68.652056 3.90964476873291 profile1
251 68.656091 4.35283536442396 profile1
252 68.660126 4.68424613871789 profile1
253 68.664161 4.89667153702635 profile1
254 68.685197 4.98175525479807 profile1
255 68.806919 4.98565255524604 profile1
256 68.816104 4.989289462438 profile1
257 68.825289 4.99291709886295 profile1
258 68.885575 4.99708028455149 profile1
259 68.886394 5.00157839792838 profile1
260 68.887213 5.00585573931936 profile1
261 68.888033 5.00990156883387 profile1
262 68.888852 5.01370529388291 profile1
263 68.889671 5.01725735335652 profile1
264 68.89049 5.00893437762439 profile1
265 68.89131 5.00075186259515 profile1
266 68.892129 4.99398469217175 profile1
267 68.987403 5.19495473078699 profile1
268 69.064645 6.81708808795168 profile1
269 69.131341 7.78415346958228 profile1
270 69.198036 7.78931579732583 profile1
271 69.214855 7.80395553953322 profile1
272 69.21825 7.81687867390391 profile1
273 69.221446 7.82760312848268 profile1
274 69.224642 7.83574038972104 profile1
275 69.227838 7.84099439333579 profile1
276 69.231034 6.69218376988007 profile1
277 69.23423 6.04925241801222 profile1
278 69.237426 6.04431956494409 profile1
279 69.240621 6.03918872408301 profile1
280 69.244859 6.03384125927487 profile1
281 69.252696 6.03022935237442 profile1
282 69.260534 6.03008470746897 profile1
283 69.416362 6.06307824544208 profile1
284 69.484146 6.08276683615391 profile1
285 69.505599 6.07607619621508 profile1
286 69.508945 6.05923319628938 profile1
287 69.512291 6.04197068343476 profile1
288 69.515636 6.02452267721694 profile1
289 69.542556 5.82857879557513 profile1
290 69.592546 5.17348681331665 profile1
291 69.66328 5.16334152335732 profile1
292 69.721392 5.14768392581841 profile1
293 69.724456 5.13908909271274 profile1
294 69.727519 5.12981966669317 profile1
295 69.733033 5.11988341870487 profile1
296 69.768364 5.14072930814245 profile1
297 69.782339 5.09918256308008 profile1
298 69.796313 4.87646024593026 profile1
299 69.810287 1.98503812277775 profile1
300 69.829176 1.17496270351607 profile1
301 69.837051 1.14713742731553 profile1
302 69.844926 1.13704728080552 profile1
303 69.869428 1.11830372685059 profile1
304 69.876397 1.06719436761769 profile1
305 69.876657 1.00315291527634 profile1
306 69.876917 0.933358278683881 profile1
307 69.924127 0.896942566660807 profile1
308 69.978753 0.892415854414836 profile1
309 70.033378 0.941088603608288 profile1
310 70.042973 0.984248159961481 profile1
311 70.043703 1.02050654396777 profile1
312 70.044434 1.04922889389896 profile1
313 70.087246 1.06590107987283 profile1
314 70.141872 1.0700186951891 profile1
315 70.196497 1.03719563657936 profile1
316 70.400832 1.03324577241812 profile1
317 70.421006 1.02761013594781 profile1
318 70.441181 1.02022247304196 profile1
319 70.60917 1.00953706243256 profile1
320 70.612702 0.983119461252851 profile1
321 70.616235 0.958969396982047 profile1
322 70.661194 0.926630704982094 profile1
323 70.728481 0.876585850136843 profile1
324 70.750402 0.81069421428276 profile1
325 70.772323 0.717960924786536 profile1
326 70.779053 0.607084783043582 profile1
327 70.782062 0.490683630217749 profile1
328 70.785072 0.379902634392811 profile1
329 71.12066 -0.261711703270705 profile1
330 71.198629 -0.270706524241444 profile1
331 71.276599 -0.280515166720322 profile1
332 71.354568 -0.519139060880788 profile1
333 71.418821 -0.471918814154361 profile1
334 71.422464 -0.725983291722589 profile1
335 71.425934 -1.15683307008935 profile1
336 71.429405 -1.3612618760405 profile1
337 71.432875 -1.39164725680315 profile1
338 71.436346 -1.42296289042463 profile1
339 71.439817 -1.45512113084617 profile1
340 71.443287 -1.48802814312552 profile1
341 71.449172 -1.51417183193272 profile1
342 71.46043 -1.52412261157931 profile1
343 71.475844 -1.5336328624023 profile1
344 71.510771 -1.54339390003724 profile1
345 71.658293 -1.54231810031294 profile1
346 71.675712 -1.52458232196641 profile1
347 71.693132 -1.51064670071813 profile1
348 71.782692 -3.09500982937247 profile1
349 71.793079 -3.21045006656111 profile1
350 71.803404 -3.51349308277974 profile1
351 71.813729 -3.50838515508653 profile1
352 71.824055 -4.15426846166844 profile1
353 71.83438 -4.65605832073317 profile1
354 71.859513 -4.70691800465915 profile1
355 71.937774 -4.70910146315376 profile1
356 71.945079 -4.72370602088987 profile1
357 71.952385 -4.72986738668915 profile1
358 71.98473 -4.75350617997117 profile1
359 72.012709 -4.85609760994826 profile1
360 72.040688 -4.91332343853335 profile1
361 72.210521 -5.30759165044947 profile1
362 72.314268 -5.94014836427027 profile1
363 72.366456 -5.82346503228558 profile1
364 72.411367 -5.80534654376453 profile1
365 72.450663 -5.7769725677861 profile1
366 72.471305 -5.69121132473945 profile1
367 72.491946 -5.60228393403807 profile1
368 72.512588 -5.51454943031335 profile1
369 72.601385 -5.38647705371703 profile1
370 72.621813 -5.35037549427466 profile1
371 72.642242 -5.35685919591834 profile1
372 72.66267 -5.36640803384436 profile1
373 72.771429 -6.56312673475611 profile1
374 72.883243 -6.55569383041056 profile1
375 72.898448 -6.52589361204203 profile1
376 72.913654 -6.49873832104672 profile1
377 72.928859 -6.47551704959219 profile1
378 72.944065 -6.45471615227626 profile1
379 72.95927 -6.44635332909852 profile1
380 72.974476 -6.5507983165935 profile1
381 72.989681 -7.2445975266609 profile1
382 72.996574 -7.37479114071325 profile1
383 72.9996 -7.38173953764059 profile1
384 73.002626 -7.37312918745505 profile1
385 73.005652 -7.38354625057044 profile1
386 73.012925 -7.39961116010449 profile1
387 73.023956 -7.41835056462137 profile1
388 73.034987 -7.43711649307289 profile1
389 73.046018 -7.45940695745158 profile1
390 73.057049 -7.48117211784511 profile1
391 73.06808 -7.50156916950436 profile1
392 73.079353 -7.5233391382957 profile1
393 73.111862 -7.48050511625516 profile1
394 73.146945 -7.62218331313808 profile1
395 73.171837 -7.79909399485004 profile1
396 73.196729 -7.71203171569694 profile1
397 73.629401 -7.7025965301488 profile1
398 74.062073 -7.70423254313339 profile1
399 74.066223 -7.70676919943493 profile1
400 74.070373 -7.70940471549756 profile1
401 74.074523 -7.71213594938792 profile1
402 74.078673 -7.71496185581563 profile1
403 74.082823 -7.7374805759149 profile1
404 74.3761735 -7.71973686540812 profile1
405 74.669524 -7.72522248971602 profile1
406 74.672012 -7.70545397856087 profile1
407 74.674499 -7.69291997756021 profile1
408 74.716248 -7.68826895392696 profile1
409 74.724515 -7.69104537893375 profile1
410 74.732783 -7.78815647475968 profile1
411 75.0995546666667 -8.23600794210619 profile1
412 75.4663263333333 -8.21216285486279 profile1
413 75.833098 -8.26278450000388 profile1
414 75.863363 -8.26582877133112 profile1
415 75.875899 -8.26960263581319 profile1
416 75.888435 -8.28891246633232 profile1
417 75.900971 -8.35573165872314 profile1
418 75.903257 -8.44976154359823 profile1
419 75.904489 -8.58089390490865 profile1
420 75.905721 -8.74850386982847 profile1
421 75.917304 -8.94720637151234 profile1
422 76.287653 -9.00552635043617 profile1
423 76.288899 -9.02063426252993 profile1
424 76.290145 -9.03421469860017 profile1
425 76.397032 -9.04684367844784 profile1
426 76.403847 -9.05264993945353 profile1
427 76.410663 -9.05161944701889 profile1
428 76.607927 -8.86827867668845 profile1
429 76.623625 -8.95625911748188 profile1
430 76.633554 -9.03033782372393 profile1
431 76.643483 -9.12258297425331 profile1
432 76.653411 -9.23254977401231 profile1
433 76.66334 -9.35927719012764 profile1
434 76.700004 -9.53207085568869 profile1
435 67.606765 -27.2820474802221 profile2
436 67.613251 -27.2766086732992 profile2
437 67.619736 -27.2714976030145 profile2
438 67.626222 -27.266715421248 profile2
439 67.641347 -27.2622619324092 profile2
440 67.654855 -27.2581610650216 profile2
441 67.658769 -27.2548163537507 profile2
442 67.662682 -27.2516568677278 profile2
443 67.666596 -27.2487628908155 profile2
444 67.679986 -27.246201160925 profile2
445 67.708923 -27.2122829210719 profile2
446 67.715069 -27.1999525854576 profile2
447 67.721215 -27.2134705584691 profile2
448 67.746869 -27.2515455503742 profile2
449 67.778018 -27.252576272355 profile2
450 67.809168 -27.2486737471383 profile2
451 67.895218 -27.1456366389391 profile2
452 67.900561 -27.0354598138054 profile2
453 67.905905 -26.9769618365715 profile2
454 67.911248 -26.9701607545863 profile2
455 67.920171 -26.9777635055426 profile2
456 67.929072 -26.9722686207179 profile2
457 67.937973 -27.0306562198149 profile2
458 67.946874 -27.1519955523015 profile2
459 67.962131 -27.1642647496518 profile2
460 68.103338 -27.1610916338405 profile2
461 68.122257 -27.161644388564 profile2
462 68.141177 -27.1090377424409 profile2
463 68.410128 -27.0623040778005 profile2
464 68.415239 -27.0770715813592 profile2
465 68.42035 -27.0844350682351 profile2
466 68.640199 -26.9844806146377 profile2
467 68.652056 -26.8237458101009 profile2
468 68.656091 -26.6846704395222 profile2
469 68.660126 -26.567950006329 profile2
470 68.664161 -26.4737474416926 profile2
471 68.685197 -26.4054720244421 profile2
472 68.806919 -26.3807865929636 profile2
473 68.816104 -26.3797470395165 profile2
474 68.825289 -26.3786987637572 profile2
475 68.885575 -26.3741105843202 profile2
476 68.886394 -26.3665470465321 profile2
477 68.887213 -26.3592355312625 profile2
478 68.888033 -26.3522047891696 profile2
479 68.888852 -26.3454827831115 profile2
480 68.889671 -26.3390967994402 profile2
481 68.89049 -26.2051948000562 profile2
482 68.89131 -26.0761470048528 profile2
483 68.892129 -25.9648154166808 profile2
484 68.987403 -25.3020367743811 profile2
485 69.064645 -22.7068889096988 profile2
486 69.131341 -21.7422731179639 profile2
487 69.198036 -21.6737051362057 profile2
488 69.214855 -21.6281229053648 profile2
489 69.21825 -21.5889099088542 profile2
490 69.221446 -21.5559510810542 profile2
491 69.224642 -21.5293292381381 profile2
492 69.227838 -21.5087331480465 profile2
493 69.231034 -20.5427432990501 profile2
494 69.23423 -20.5598185621935 profile2
495 69.237426 -20.5615678149768 profile2
496 69.240621 -20.5634209606065 profile2
497 69.244859 -20.5653600483272 profile2
498 69.252696 -20.5672125286984 profile2
499 69.260534 -20.570615008471 profile2
500 69.416362 -18.9582641541416 profile2
501 69.484146 -17.3219969972233 profile2
502 69.505599 -17.3210346063694 profile2
503 69.508945 -17.3209409775283 profile2
504 69.512291 -17.3209306150227 profile2
505 69.515636 -17.3210177963057 profile2
506 69.542556 -17.3230003175288 profile2
507 69.592546 -15.7389421286619 profile2
508 69.66328 -15.7265081607653 profile2
509 69.721392 -15.7075257678205 profile2
510 69.724456 -15.691681926406 profile2
511 69.727519 -15.6769443476215 profile2
512 69.733033 -15.6633372212959 profile2
513 69.768364 -15.2533757297867 profile2
514 69.782339 -14.6722610264543 profile2
515 69.796313 -14.2172120901252 profile2
516 69.810287 2.07458077064364 profile2
517 69.829176 3.02249256676617 profile2
518 69.837051 3.01121898627545 profile2
519 69.844926 3.05932652885861 profile2
520 69.869428 3.0999910113469 profile2
521 69.876397 3.13293961024236 profile2
522 69.876657 3.15701872925647 profile2
523 69.876917 3.1712539168597 profile2
524 69.924127 3.39792530352252 profile2
525 69.978753 3.68094059167817 profile2
526 70.033378 4.07439792007917 profile2
527 70.042973 4.450956728522 profile2
528 70.043703 4.80458275393489 profile2
529 70.044434 5.13046981356041 profile2
530 70.087246 5.39142160897378 profile2
531 70.141872 5.57738949928639 profile2
532 70.196497 5.89349807565819 profile2
533 70.400832 6.06088153170271 profile2
534 70.421006 6.2119157409031 profile2
535 70.441181 6.35389025287809 profile2
536 70.60917 6.48468912204775 profile2
537 70.612702 6.5905337574216 profile2
538 70.616235 6.7091338056828 profile2
539 70.661194 6.81352351424487 profile2
540 70.728481 6.93299927576417 profile2
541 70.750402 7.04609097338386 profile2
542 70.772323 7.14841120081111 profile2
543 70.779053 7.24739096591974 profile2
544 70.782062 7.34915538672692 profile2
545 70.785072 7.43161557725758 profile2
546 71.12066 7.84099439333579 profile2
547 71.198629 7.83927261576336 profile2
548 71.276599 7.83714406387219 profile2
549 71.354568 7.18994926680477 profile2
550 71.418821 6.61929376081695 profile2
551 71.422464 5.83175268460946 profile2
552 71.425934 4.70453449555811 profile2
553 71.429405 4.18338337794483 profile2
554 71.432875 4.09456886261491 profile2
555 71.436346 3.97869200791705 profile2
556 71.439817 3.83622415780798 profile2
557 71.443287 3.66779567971128 profile2
558 71.449172 3.53825236388133 profile2
559 71.46043 3.54191398873704 profile2
560 71.475844 3.54367907212347 profile2
561 71.510771 3.54413573371562 profile2
562 71.658293 3.53847715592399 profile2
563 71.675712 3.49769678948643 profile2
564 71.693132 3.41832985756508 profile2
565 71.782692 3.54168144004318 profile2
566 71.793079 3.97859784583893 profile2
567 71.803404 4.11956576126272 profile2
568 71.813729 4.22898076120253 profile2
569 71.824055 3.29654383790328 profile2
570 71.83438 2.65573385186106 profile2
571 71.859513 2.52967817497415 profile2
572 71.937774 2.0728555655689 profile2
573 71.945079 1.49040334252856 profile2
574 71.952385 1.25927086528751 profile2
575 71.98473 1.20485902286241 profile2
576 72.012709 1.16469775146322 profile2
577 72.040688 1.10303471651789 profile2
578 72.210521 0.628785086882056 profile2
579 72.314268 -0.911509984501499 profile2
580 72.366456 -0.980799856072144 profile2
581 72.411367 -1.01359059485732 profile2
582 72.450663 -1.04909799640307 profile2
583 72.471305 -1.1124144416459 profile2
584 72.491946 -1.31349754022136 profile2
585 72.512588 -1.93309931949411 profile2
586 72.601385 -2.26032871609069 profile2
587 72.621813 -2.47744545460481 profile2
588 72.642242 -2.6029534835755 profile2
589 72.66267 -2.75935701713052 profile2
590 72.771429 -3.47657591041839 profile2
591 72.883243 -3.48715741423627 profile2
592 72.898448 -3.50935705376951 profile2
593 72.913654 -3.55662612277901 profile2
594 72.928859 -3.62853490862324 profile2
595 72.944065 -3.7216272861538 profile2
596 72.95927 -4.09629114022361 profile2
597 72.974476 -6.45032469442599 profile2
598 72.989681 -11.5975684466175 profile2
599 72.996574 -12.0119836981196 profile2
600 72.9996 -12.1230089514 profile2
601 73.002626 -12.2463044217793 profile2
602 73.005652 -12.3649312753682 profile2
603 73.012925 -12.4947210469356 profile2
604 73.023956 -12.6360167566701 profile2
605 73.034987 -12.789360428174 profile2
606 73.046018 -12.9866329311735 profile2
607 73.057049 -13.2221779181268 profile2
608 73.06808 -13.4908971022161 profile2
609 73.079353 -13.7519107963129 profile2
610 73.111862 -13.7154025790894 profile2
611 73.146945 -14.4187253023502 profile2
612 73.171837 -15.7122282971051 profile2
613 73.196729 -16.5405508354908 profile2
614 73.629401 -16.6442398236793 profile2
615 74.062073 -16.6835580872589 profile2
616 74.066223 -16.7381650954813 profile2
617 74.070373 -16.7933582027064 profile2
618 74.074523 -16.8491279915094 profile2
619 74.078673 -16.9054664586918 profile2
620 74.082823 -17.075671313437 profile2
621 74.3761735 -17.0518325514689 profile2
622 74.669524 -17.104947291023 profile2
623 74.672012 -16.9153171508663 profile2
624 74.674499 -16.8121679507488 profile2
625 74.716248 -16.7971349505391 profile2
626 74.724515 -16.8695785544835 profile2
627 74.732783 -16.5842178170445 profile2
628 75.0995546666667 -23.8503425424041 profile2
629 75.4663263333333 -24.0041398318327 profile2
630 75.833098 -23.8623956170543 profile2
631 75.863363 -23.9532426778047 profile2
632 75.875899 -24.0503339720558 profile2
633 75.888435 -24.0505497225531 profile2
634 75.900971 -23.939848400032 profile2
635 75.903257 -24.0582306027208 profile2
636 75.904489 -24.1254133295855 profile2
637 75.905721 -24.1214300052102 profile2
638 75.917304 -24.1171320663061 profile2
639 76.287653 -24.1135902822869 profile2
640 76.288899 -24.1180552044201 profile2
641 76.290145 -24.124974259596 profile2
642 76.397032 -24.0254953040182 profile2
643 76.403847 -23.8461388197378 profile2
644 76.410663 -23.7434769767174 profile2
645 76.607927 -23.3234562755971 profile2
646 76.623625 -23.0019366227732 profile2
647 76.633554 -23.0914960751133 profile2
648 76.643483 -23.2247960359283 profile2
649 76.653411 -23.401082447388 profile2
650 76.66334 -23.6177654510443 profile2
651 76.700004 -23.9918323869119 profile2
