marker_position lod trace
1 67.606765 -10.0078520698982 pleio
2 67.613251 -9.99727136948186 pleio
3 67.619736 -9.98675777053862 pleio
4 67.626222 -9.97631305499693 pleio
5 67.641347 -9.9659362684501 pleio
6 67.654855 -9.9555928545381 pleio
7 67.658769 -9.9446195157624 pleio
8 67.662682 -9.93390089913899 pleio
9 67.666596 -9.92334062972838 pleio
10 67.679986 -9.91285922288369 pleio
11 67.708923 -9.88903520853365 pleio
12 67.715069 -9.87358288868929 pleio
13 67.721215 -9.86843131589118 pleio
14 67.746869 -9.86874629409291 pleio
15 67.778018 -9.85983959612619 pleio
16 67.809168 -9.85409480766469 pleio
17 67.895218 -9.75755386916019 pleio
18 67.900561 -9.61581079043544 pleio
19 67.905905 -9.49057371857534 pleio
20 67.911248 -9.38322176095874 pleio
21 67.920171 -9.30597557235301 pleio
22 67.929072 -9.26935718622993 pleio
23 67.937973 -9.25079337791886 pleio
24 67.946874 -9.24994989454026 pleio
25 67.962131 -9.28055353452845 pleio
26 68.103338 -9.29960045796716 pleio
27 68.122257 -9.30537777800252 pleio
28 68.141177 -9.30304121443481 pleio
29 68.410128 -9.26463890288915 pleio
30 68.415239 -9.29361522533936 pleio
31 68.42035 -9.34027852665315 pleio
32 68.640199 -9.35185997531465 pleio
33 68.652056 -9.3644414470095 pleio
34 68.656091 -9.42406096875408 pleio
35 68.660126 -9.52985138324649 pleio
36 68.664161 -9.67949485201193 pleio
37 68.685197 -9.86914826553143 pleio
38 68.806919 -9.9642490658958 pleio
39 68.816104 -9.96537980696975 pleio
40 68.825289 -9.96658172350079 pleio
41 68.885575 -9.97565991278413 pleio
42 68.886394 -9.99145396139011 pleio
43 68.887213 -10.0068896910218 pleio
44 68.888033 -10.0219340095711 pleio
45 68.888852 -10.0365544059458 pleio
46 68.889671 -10.0507194531089 pleio
47 68.89049 -10.1162960848071 pleio
48 68.89131 -10.1969108352038 pleio
49 68.892129 -10.2877611280325 pleio
50 68.987403 -10.3998685247964 pleio
51 69.064645 -9.29754170283943 pleio
52 69.131341 -8.07590155289407 pleio
53 69.198036 -8.06469432113649 pleio
54 69.214855 -8.03395513012944 pleio
55 69.21825 -8.00916488288536 pleio
56 69.221446 -7.99165980232627 pleio
57 69.224642 -7.9825335504057 pleio
58 69.227838 -7.98258079717866 pleio
59 69.231034 -7.76071598311167 pleio
60 69.23423 -7.74513283080277 pleio
61 69.237426 -7.75023146247874 pleio
62 69.240621 -7.75561968038456 pleio
63 69.244859 -7.76130301030836 pleio
64 69.252696 -7.76741819259951 pleio
65 69.260534 -7.77696494772366 pleio
66 69.416362 -7.52205091760382 pleio
67 69.484146 -7.50667086258159 pleio
68 69.505599 -7.49488830493462 pleio
69 69.508945 -7.46523848144766 pleio
70 69.512291 -7.43643225697728 pleio
71 69.515636 -7.40875013015233 pleio
72 69.542556 -7.20152923676816 pleio
73 69.592546 -5.29298312800344 pleio
74 69.66328 -5.08762210702172 pleio
75 69.721392 -5.07254836429895 pleio
76 69.724456 -5.0747433137237 pleio
77 69.727519 -5.07805518851725 pleio
78 69.733033 -5.08246572017351 pleio
79 69.768364 -4.7419454107734 pleio
80 69.782339 -4.25312746667573 pleio
81 69.796313 -3.8604487179323 pleio
82 69.810287 -0.214595865205059 pleio
83 69.829176 -0.194145104688207 pleio
84 69.837051 -0.228846254564226 pleio
85 69.844926 -0.237058941946662 pleio
86 69.869428 -0.24099914373727 pleio
87 69.876397 -0.236761888447581 pleio
88 69.876657 -0.243110053036777 pleio
89 69.876917 -0.247716112505172 pleio
90 69.924127 -0.112433907657933 pleio
91 69.978753 0 pleio
92 70.033378 -0.0660897355230411 pleio
93 70.042973 -0.13050238066297 pleio
94 70.043703 -0.192971679081813 pleio
95 70.044434 -0.252990705112977 pleio
96 70.087246 -0.308664280456358 pleio
97 70.141872 -0.361130189184714 pleio
98 70.196497 -0.454350873311113 pleio
99 70.400832 -0.471113125151525 pleio
100 70.421006 -0.444874263692649 pleio
101 70.441181 -0.420252585508026 pleio
102 70.60917 -0.414714932954099 pleio
103 70.612702 -0.503728778787009 pleio
104 70.616235 -0.642849648515299 pleio
105 70.661194 -0.703603431338147 pleio
106 70.728481 -0.697264983060107 pleio
107 70.750402 -0.69608919523009 pleio
108 70.772323 -0.682368794287003 pleio
109 70.779053 -0.663670529992464 pleio
110 70.782062 -0.650220867900171 pleio
111 70.785072 -0.645167974765311 pleio
112 71.12066 -0.774701670461641 pleio
113 71.198629 -0.771827626209111 pleio
114 71.276599 -0.769295046573478 pleio
115 71.354568 -0.663133993902718 pleio
116 71.418821 -0.958097928648203 pleio
117 71.422464 -1.25146800071122 pleio
118 71.425934 -1.654750771284 pleio
119 71.429405 -1.85002419633569 pleio
120 71.432875 -1.88449330353884 pleio
121 71.436346 -1.92624118901126 pleio
122 71.439817 -1.97519835845976 pleio
123 71.443287 -2.03125189574287 pleio
124 71.449172 -2.08479498254257 pleio
125 71.46043 -2.12030497653006 pleio
126 71.475844 -2.15615066229981 pleio
127 71.510771 -2.19290753817542 pleio
128 71.658293 -2.22479269388109 pleio
129 71.675712 -2.24768020928832 pleio
130 71.693132 -2.26761836279409 pleio
131 71.782692 -2.03490112738966 pleio
132 71.793079 -2.03552828232274 pleio
133 71.803404 -2.08338334121636 pleio
134 71.813729 -2.23060418180259 pleio
135 71.824055 -3.14234394214785 pleio
136 71.83438 -3.64221997949261 pleio
137 71.859513 -3.68907659737281 pleio
138 71.937774 -3.89328627485274 pleio
139 71.945079 -3.84935179383822 pleio
140 71.952385 -3.88489440170067 pleio
141 71.98473 -3.89627809264397 pleio
142 72.012709 -3.81455070566859 pleio
143 72.040688 -3.7304061062754 pleio
144 72.210521 -3.51920212490836 pleio
145 72.314268 -4.30391201107098 pleio
146 72.366456 -4.20749222781109 pleio
147 72.411367 -4.21136699610019 pleio
148 72.450663 -4.19937495947719 pleio
149 72.471305 -4.13375460055231 pleio
150 72.491946 -4.21379718412258 pleio
151 72.512588 -4.46201596613607 pleio
152 72.601385 -4.66694989732036 pleio
153 72.621813 -4.70006287293974 pleio
154 72.642242 -4.7499770469404 pleio
155 72.66267 -4.80580483553877 pleio
156 72.771429 -5.06078642780807 pleio
157 72.883243 -5.02534817385822 pleio
158 72.898448 -5.01378195317565 pleio
159 72.913654 -5.0074402159007 pleio
160 72.928859 -5.00641511558819 pleio
161 72.944065 -5.01151919078733 pleio
162 72.95927 -5.09099781444353 pleio
163 72.974476 -5.72635797268692 pleio
164 72.989681 -8.41591999987639 pleio
165 72.996574 -8.5590070330053 pleio
166 72.9996 -8.67861840251432 pleio
167 73.002626 -8.77031526440365 pleio
168 73.005652 -8.72536239066796 pleio
169 73.012925 -8.7112606650451 pleio
170 73.023956 -8.71474527557948 pleio
171 73.034987 -8.7221236657659 pleio
172 73.046018 -8.71888196721905 pleio
173 73.057049 -8.72297201768642 pleio
174 73.06808 -8.73753322260312 pleio
175 73.079353 -8.76124991360373 pleio
176 73.111862 -7.09600788984069 pleio
177 73.146945 -7.06212582512453 pleio
178 73.171837 -7.23490210721429 pleio
179 73.196729 -7.54139015564756 pleio
180 73.629401 -7.56971250201867 pleio
181 74.062073 -7.56878694986856 pleio
182 74.066223 -7.55876263003343 pleio
183 74.070373 -7.54862691900883 pleio
184 74.074523 -7.53841481680008 pleio
185 74.078673 -7.52816288946187 pleio
186 74.082823 -7.50250567862158 pleio
187 74.3761735 -7.5355360711545 pleio
188 74.669524 -7.62149560026787 pleio
189 74.672012 -7.68691348323049 pleio
190 74.674499 -7.78577587797795 pleio
191 74.716248 -7.90584964291097 pleio
192 74.724515 -8.0363364093332 pleio
193 74.732783 -7.99459165311886 pleio
194 75.0995546666667 -8.69277150486435 pleio
195 75.4663263333333 -8.76041829473266 pleio
196 75.833098 -8.61355332646751 pleio
197 75.863363 -8.59311512088792 pleio
198 75.875899 -8.57335784368525 pleio
199 75.888435 -8.5229392332763 pleio
200 75.900971 -8.47416805666945 pleio
201 75.903257 -8.54790565607961 pleio
202 75.904489 -8.64649617528075 pleio
203 75.905721 -8.77922248997313 pleio
204 75.917304 -8.96789299163087 pleio
205 76.287653 -9.00508834462363 pleio
206 76.288899 -8.99913034655068 pleio
207 76.290145 -8.99212910750403 pleio
208 76.397032 -8.9913265207266 pleio
209 76.403847 -9.01362676229109 pleio
210 76.410663 -8.99582398319507 pleio
211 76.607927 -9.16488469142107 pleio
212 76.623625 -8.9024378197161 pleio
213 76.633554 -8.7525083757728 pleio
214 76.643483 -8.65123398532281 pleio
215 76.653411 -8.6032703554048 pleio
216 76.66334 -8.61171154339196 pleio
217 76.700004 -8.65638340847889 pleio
218 67.606765 -6.61175152472601 profile1
219 67.613251 -6.60685663669604 profile1
220 67.619736 -6.60198524510443 profile1
221 67.626222 -6.59713837070338 profile1
222 67.641347 -6.59231529560743 profile1
223 67.654855 -6.58751368194744 profile1
224 67.658769 -6.582674763116 profile1
225 67.662682 -6.5780336415296 profile1
226 67.666596 -6.57349715508745 profile1
227 67.679986 -6.5689886714832 profile1
228 67.708923 -6.56862440855256 profile1
229 67.715069 -6.56702303356293 profile1
230 67.721215 -6.56386369771263 profile1
231 67.746869 -6.55527735934771 profile1
232 67.778018 -6.55043180244824 profile1
233 67.809168 -6.54602465119175 profile1
234 67.895218 -6.52556525167358 profile1
235 67.900561 -6.50607096141803 profile1
236 67.905905 -6.49957900952465 profile1
237 67.911248 -6.50628991678814 profile1
238 67.920171 -6.53770162590688 profile1
239 67.929072 -6.60515015597961 profile1
240 67.937973 -6.68517182426327 profile1
241 67.946874 -6.77655280716955 profile1
242 67.962131 -6.85003192153063 profile1
243 68.103338 -6.87771668886758 profile1
244 68.122257 -6.8755824388816 profile1
245 68.141177 -6.81184162516057 profile1
246 68.410128 -6.74485254954825 profile1
247 68.415239 -6.74867810453464 profile1
248 68.42035 -6.77229808479617 profile1
249 68.640199 -6.81303020906938 profile1
250 68.652056 -6.87814638129431 profile1
251 68.656091 -6.96902883587902 profile1
252 68.660126 -7.08537898803866 profile1
253 68.664161 -7.22609361957242 profile1
254 68.685197 -7.39212280692453 profile1
255 68.806919 -7.47539046876725 profile1
256 68.816104 -7.47669910870057 profile1
257 68.825289 -7.47805227651945 profile1
258 68.885575 -7.49442434698173 profile1
259 68.886394 -7.52379182254807 profile1
260 68.887213 -7.55268000554195 profile1
261 68.888033 -7.58101731058871 profile1
262 68.888852 -7.60873373262563 profile1
263 68.889671 -7.63576134897733 profile1
264 68.89049 -7.64512723754549 profile1
265 68.89131 -7.65230649310147 profile1
266 68.892129 -7.65887375994492 profile1
267 68.987403 -7.58671230783806 profile1
268 69.064645 -6.90389657408736 profile1
269 69.131341 -5.8852126149252 profile1
270 69.198036 -5.86494847259282 profile1
271 69.214855 -5.85438588728882 profile1
272 69.21825 -5.84585005220227 profile1
273 69.221446 -5.83991141328505 profile1
274 69.224642 -5.83699321770735 profile1
275 69.227838 -5.83737601791156 profile1
276 69.231034 -5.40021831263167 profile1
277 69.23423 -5.30452396340437 profile1
278 69.237426 -5.30195830523095 profile1
279 69.240621 -5.29954203117781 profile1
280 69.244859 -5.29729610610791 profile1
281 69.252696 -5.29560962237454 profile1
282 69.260534 -5.29506678810889 profile1
283 69.416362 -5.17651982739451 profile1
284 69.484146 -5.11483563272707 profile1
285 69.505599 -5.10992893882651 profile1
286 69.508945 -5.10090969799211 profile1
287 69.512291 -5.09222503030202 profile1
288 69.515636 -5.08391908196929 profile1
289 69.542556 -4.92596163685569 profile1
290 69.592546 -3.28625736322753 profile1
291 69.66328 -3.11906222274814 profile1
292 69.721392 -3.10960228196115 profile1
293 69.724456 -3.11054121827465 profile1
294 69.727519 -3.1121498947541 profile1
295 69.733033 -3.11440612055712 profile1
296 69.768364 -2.8275300388436 profile1
297 69.782339 -2.42189142839257 profile1
298 69.796313 -2.07414713461775 profile1
299 69.810287 -0.214595865205059 profile1
300 69.829176 0.163923473896941 profile1
301 69.837051 0.168100840780724 profile1
302 69.844926 0.148904203113917 profile1
303 69.869428 0.128231404303057 profile1
304 69.876397 0.122544683032174 profile1
305 69.876657 0.115921089881812 profile1
306 69.876917 0.106981274225405 profile1
307 69.924127 0.146238350929139 profile1
308 69.978753 0.192367788356298 profile1
309 70.033378 0.231740500230867 profile1
310 70.042973 0.271109363393631 profile1
311 70.043703 0.309875155633969 profile1
312 70.044434 0.347500083692097 profile1
313 70.087246 0.365783008710045 profile1
314 70.141872 0.351525994352579 profile1
315 70.196497 0.343729751261905 profile1
316 70.400832 0.346976889282256 profile1
317 70.421006 0.369779167669604 profile1
318 70.441181 0.392821864404773 profile1
319 70.60917 0.402395923154625 profile1
320 70.612702 0.340394270543576 profile1
321 70.616235 0.270399690564228 profile1
322 70.661194 0.201432545028539 profile1
323 70.728481 0.177017927360128 profile1
324 70.750402 0.135185085991682 profile1
325 70.772323 0.120196045455367 profile1
326 70.779053 0.121878095279213 profile1
327 70.782062 0.125744544344419 profile1
328 70.785072 0.127273238952436 profile1
329 71.12066 0.0925013787956921 profile1
330 71.198629 0.0909854373406452 profile1
331 71.276599 0.0896892469996571 profile1
332 71.354568 0.174957427283281 profile1
333 71.418821 -0.136303281792704 profile1
334 71.422464 -0.467743879080515 profile1
335 71.425934 -0.912674240522038 profile1
336 71.429405 -1.09743609782617 profile1
337 71.432875 -1.08934972679334 profile1
338 71.436346 -1.08579980246168 profile1
339 71.439817 -1.08681158394812 profile1
340 71.443287 -1.09237403520741 profile1
341 71.449172 -1.09763173676285 profile1
342 71.46043 -1.09382047821074 profile1
343 71.475844 -1.08946732476833 profile1
344 71.510771 -1.08533364167123 profile1
345 71.658293 -1.0932669908345 profile1
346 71.675712 -1.12232609974708 profile1
347 71.693132 -1.15149172235828 profile1
348 71.782692 -1.03506262084549 profile1
349 71.793079 -1.05229109562765 profile1
350 71.803404 -1.20114079532563 profile1
351 71.813729 -1.32133413620783 profile1
352 71.824055 -1.97359605310512 profile1
353 71.83438 -2.37448591011543 profile1
354 71.859513 -2.41532104144644 profile1
355 71.937774 -2.47853339557815 profile1
356 71.945079 -2.47720775330799 profile1
357 71.952385 -2.50402734879863 profile1
358 71.98473 -2.49919011618151 profile1
359 72.012709 -2.46805995847979 profile1
360 72.040688 -2.42730357302377 profile1
361 72.210521 -2.17274339081089 profile1
362 72.314268 -2.49829101117361 profile1
363 72.366456 -2.56946743616991 profile1
364 72.411367 -2.56712639270711 profile1
365 72.450663 -2.55900467171101 profile1
366 72.471305 -2.53764553960331 profile1
367 72.491946 -2.58741721837017 profile1
368 72.512588 -2.70890022991776 profile1
369 72.601385 -2.75588830564547 profile1
370 72.621813 -2.74203608721416 profile1
371 72.642242 -2.74741403814875 profile1
372 72.66267 -2.75532176136713 profile1
373 72.771429 -2.86674313909045 profile1
374 72.883243 -2.84526589115207 profile1
375 72.898448 -2.81588765988438 profile1
376 72.913654 -2.78845686598361 profile1
377 72.928859 -2.76334018668558 profile1
378 72.944065 -2.73993263853287 profile1
379 72.95927 -2.8161163142771 profile1
380 72.974476 -3.31957552971084 profile1
381 72.989681 -5.53024952580278 profile1
382 72.996574 -5.69537805869616 profile1
383 72.9996 -5.79425482127006 profile1
384 73.002626 -5.84478279459669 profile1
385 73.005652 -5.79959962637735 profile1
386 73.012925 -5.7801229991434 profile1
387 73.023956 -5.77376692691202 profile1
388 73.034987 -5.76765321368804 profile1
389 73.046018 -5.77087912786439 profile1
390 73.057049 -5.77685907528703 profile1
391 73.06808 -5.78392467329798 profile1
392 73.079353 -5.78554423049206 profile1
393 73.111862 -4.2169277951982 profile1
394 73.146945 -4.15132852544726 profile1
395 73.171837 -4.2121014068792 profile1
396 73.196729 -4.35327607898608 profile1
397 73.629401 -4.35192954432191 profile1
398 74.062073 -4.36412591323703 profile1
399 74.066223 -4.3601907743658 profile1
400 74.070373 -4.35626179397118 profile1
401 74.074523 -4.35235930207392 profile1
402 74.078673 -4.34850458497981 profile1
403 74.082823 -4.28419499635998 profile1
404 74.3761735 -4.34108963787982 profile1
405 74.669524 -4.41764891871724 profile1
406 74.672012 -4.54393309717749 profile1
407 74.674499 -4.68010680887231 profile1
408 74.716248 -4.81296446610211 profile1
409 74.724515 -4.9314321730687 profile1
410 74.732783 -4.81596749837595 profile1
411 75.0995546666667 -4.46390409202 profile1
412 75.4663263333333 -4.54468745974429 profile1
413 75.833098 -4.3905309831383 profile1
414 75.863363 -4.397381683765 profile1
415 75.875899 -4.40753745823229 profile1
416 75.888435 -4.40192112023843 profile1
417 75.900971 -4.4197472785725 profile1
418 75.903257 -4.53747048924558 profile1
419 75.904489 -4.67737826865619 profile1
420 75.905721 -4.85364768179669 profile1
421 75.917304 -5.08307557161297 profile1
422 76.287653 -5.11183090015934 profile1
423 76.288899 -5.07384034967835 profile1
424 76.290145 -5.03478934881123 profile1
425 76.397032 -5.01792134574062 profile1
426 76.403847 -5.02527408098119 profile1
427 76.410663 -4.99783732094155 profile1
428 76.607927 -5.28719584504638 profile1
429 76.623625 -5.15486481078847 profile1
430 76.633554 -5.03601999591963 profile1
431 76.643483 -4.95743392340795 profile1
432 76.653411 -4.92323960259727 profile1
433 76.66334 -4.93634297606688 profile1
434 76.700004 -4.92498388396292 profile1
435 67.606765 -2.94816820630703 profile2
436 67.613251 -2.9431459409106 profile2
437 67.619736 -2.93816025350947 profile2
438 67.626222 -2.93321180214773 profile2
439 67.641347 -2.92830043647643 profile2
440 67.654855 -2.92339271828692 profile2
441 67.658769 -2.9178645204671 profile2
442 67.662682 -2.91238570507888 profile2
443 67.666596 -2.90695285729657 profile2
444 67.679986 -2.90156304841418 profile2
445 67.708923 -2.87711014628334 profile2
446 67.715069 -2.86244613651488 profile2
447 67.721215 -2.85994064098963 profile2
448 67.746869 -2.86898779061572 profile2
449 67.778018 -2.86539673459392 profile2
450 67.809168 -2.86456030097164 profile2
451 67.895218 -2.78766924952806 profile2
452 67.900561 -2.66389819687277 profile2
453 67.905905 -2.54384272808759 profile2
454 67.911248 -2.42876458458972 profile2
455 67.920171 -2.31909964145698 profile2
456 67.929072 -2.21364552173873 profile2
457 67.937973 -2.11395392614355 profile2
458 67.946874 -2.0209053970615 profile2
459 67.962131 -1.97537818095426 profile2
460 68.103338 -1.96542977005981 profile2
461 68.122257 -1.97278281738373 profile2
462 68.141177 -2.02105614402814 profile2
463 68.410128 -2.04051701137763 profile2
464 68.415239 -2.060138190587 profile2
465 68.42035 -2.07683038839756 profile2
466 68.640199 -2.04203224426561 profile2
467 68.652056 -1.9824074253069 profile2
468 68.656091 -1.9411921979536 profile2
469 68.660126 -1.91791638735375 profile2
470 68.664161 -1.91158903117038 profile2
471 68.685197 -1.9172716931118 profile2
472 68.806919 -1.92034183941321 profile2
473 68.816104 -1.92004572452735 profile2
474 68.825289 -1.91977820004261 profile2
475 68.885575 -1.91257447832651 profile2
476 68.886394 -1.89926042600648 profile2
477 68.887213 -1.88604987433016 profile2
478 68.888033 -1.8729788815481 profile2
479 68.888852 -1.86008252103709 profile2
480 68.889671 -1.84739485516095 profile2
481 68.89049 -1.90556673240688 profile2
482 68.89131 -1.98146884101266 profile2
483 68.892129 -2.06858546964978 profile2
484 68.987403 -2.24762069228504 profile2
485 69.064645 -1.81882018085539 profile2
486 69.131341 -1.62045240802714 profile2
487 69.198036 -1.6274014188969 profile2
488 69.214855 -1.60319349184535 profile2
489 69.21825 -1.58364848652045 profile2
490 69.221446 -1.56961459816041 profile2
491 69.224642 -1.56182199816592 profile2
492 69.227838 -1.56081678560407 profile2
493 69.231034 -1.76459047053773 profile2
494 69.23423 -1.84528632522846 profile2
495 69.237426 -1.85284237229673 profile2
496 69.240621 -1.86057051006003 profile2
497 69.244859 -1.86845493402563 profile2
498 69.252696 -1.87623104343256 profile2
499 69.260534 -1.88627346614734 profile2
500 69.416362 -1.78087625948094 profile2
501 69.484146 -1.84837650737066 profile2
502 69.505599 -1.84116245188272 profile2
503 69.508945 -1.81967669651696 profile2
504 69.512291 -1.79883960379212 profile2
505 69.515636 -1.77889599608924 profile2
506 69.542556 -1.73601408473171 profile2
507 69.592546 -1.39622537555689 profile2
508 69.66328 -1.35977009221579 profile2
509 69.721392 -1.35381143279943 profile2
510 69.724456 -1.35487290409168 profile2
511 69.727519 -1.3564371147393 profile2
512 69.733033 -1.35850765969096 profile2
513 69.768364 -1.29220965433334 profile2
514 69.782339 -1.19279574754946 profile2
515 69.796313 -1.13867102962203 profile2
516 69.810287 0.402395923154625 profile2
517 69.829176 0.0447004127811949 profile2
518 69.837051 0.00621004079210716 profile2
519 69.844926 0.0166561587611166 profile2
520 69.869428 0.0320810414331595 profile2
521 69.876397 0.0403893983081893 profile2
522 69.876657 0.0387134051521616 profile2
523 69.876917 0.0408195301912604 profile2
524 69.924127 0.133408188740875 profile2
525 69.978753 0.201113737119636 profile2
526 70.033378 0.0964365392040605 profile2
527 70.042973 -0.00670604826232357 profile2
528 70.043703 -0.107416023546861 profile2
529 70.044434 -0.204632512166161 profile2
530 70.087246 -0.278322099150536 profile2
531 70.141872 -0.316513828188775 profile2
532 70.196497 -0.402201741764679 profile2
533 70.400832 -0.421393417652617 profile2
534 70.421006 -0.415927485117035 profile2
535 70.441181 -0.412247358043984 profile2
536 70.60917 -0.414714932954099 profile2
537 70.612702 -0.443631918981495 profile2
538 70.616235 -0.515577526152039 profile2
539 70.661194 -0.51157616891581 profile2
540 70.728481 -0.480612009204823 profile2
541 70.750402 -0.438043673127565 profile2
542 70.772323 -0.409344903120435 profile2
543 70.779053 -0.392358269843647 profile2
544 70.782062 -0.383405201116247 profile2
545 70.785072 -0.381054145031236 profile2
546 71.12066 -0.484188946764696 profile2
547 71.198629 -0.479388765848826 profile2
548 71.276599 -0.475146436255443 profile2
549 71.354568 -0.440969315094605 profile2
550 71.418821 -0.419893643683929 profile2
551 71.422464 -0.379423140667156 profile2
552 71.425934 -0.340722464497628 profile2
553 71.429405 -0.353113602669845 profile2
554 71.432875 -0.39446190053146 profile2
555 71.436346 -0.438329988429999 profile2
556 71.439817 -0.484631337393741 profile2
557 71.443287 -0.533273140661605 profile2
558 71.449172 -0.58042474728658 profile2
559 71.46043 -0.620632548785575 profile2
560 71.475844 -0.661744010149516 profile2
561 71.510771 -0.703639958443472 profile2
562 71.658293 -0.729009418573107 profile2
563 71.675712 -0.7250263377419 profile2
564 71.693132 -0.718204837915259 profile2
565 71.782692 -0.625996957166274 profile2
566 71.793079 -0.610716304161131 profile2
567 71.803404 -0.50810025736516 profile2
568 71.813729 -0.52709495058761 profile2
569 71.824055 -0.823422558500565 profile2
570 71.83438 -0.942356859033597 profile2
571 71.859513 -0.94921395000257 profile2
572 71.937774 -1.07996930945631 profile2
573 71.945079 -1.02838529807851 profile2
574 71.952385 -1.03687736389725 profile2
575 71.98473 -1.05417133445368 profile2
576 72.012709 -1.00106820111453 profile2
577 72.040688 -0.95530783757066 profile2
578 72.210521 -1.00280889289551 profile2
579 72.314268 -1.4158696205186 profile2
580 72.366456 -1.25575566782708 profile2
581 72.411367 -1.26190257654318 profile2
582 72.450663 -1.25773657464502 profile2
583 72.471305 -1.21234544035991 profile2
584 72.491946 -1.24232786006535 profile2
585 72.512588 -1.36451339975339 profile2
586 72.601385 -1.51892588725452 profile2
587 72.621813 -1.564151441752 profile2
588 72.642242 -1.6064703997712 profile2
589 72.66267 -1.65157046171782 profile2
590 72.771429 -1.8256129767815 profile2
591 72.883243 -1.81106856502885 profile2
592 72.898448 -1.82734719816226 profile2
593 72.913654 -1.84640528648447 profile2
594 72.928859 -1.86797080573953 profile2
595 72.944065 -1.89346753341573 profile2
596 72.95927 -1.89036403477883 profile2
597 72.974476 -1.99655416817047 profile2
598 72.989681 -2.47438625010024 profile2
599 72.996574 -2.45621425539174 profile2
600 72.9996 -2.48186156421316 profile2
601 73.002626 -2.52800627372066 profile2
602 73.005652 -2.52623796980126 profile2
603 73.012925 -2.53033126050135 profile2
604 73.023956 -2.53928912807095 profile2
605 73.034987 -2.55192760921228 profile2
606 73.046018 -2.54681527066962 profile2
607 73.057049 -2.54634037886606 profile2
608 73.06808 -2.55484540687695 profile2
609 73.079353 -2.57703303333248 profile2
610 73.111862 -2.44832392178648 profile2
611 73.146945 -2.48046387529507 profile2
612 73.171837 -2.58616949122452 profile2
613 73.196729 -2.74502196844989 profile2
614 73.629401 -2.77329614696036 profile2
615 74.062073 -2.76022088479936 profile2
616 74.066223 -2.75343793408413 profile2
617 74.070373 -2.74659531065659 profile2
618 74.074523 -2.73970942412131 profile2
619 74.078673 -2.73279650588475 profile2
620 74.082823 -2.76244659873567 profile2
621 74.3761735 -2.74122963479048 profile2
622 74.669524 -2.74722036776776 profile2
623 74.672012 -2.68987976691297 profile2
624 74.674499 -2.65511953575475 profile2
625 74.716248 -2.64378684860639 profile2
626 74.724515 -2.65595907166651 profile2
627 74.732783 -2.73220272932643 profile2
628 75.0995546666667 -3.76930649503503 profile2
629 75.4663263333333 -3.75061819392323 profile2
630 75.833098 -3.76672263751964 profile2
631 75.863363 -3.73750657866975 profile2
632 75.875899 -3.70502923351505 profile2
633 75.888435 -3.65903581662952 profile2
634 75.900971 -3.59237096572944 profile2
635 75.903257 -3.54384204706702 profile2
636 75.904489 -3.49546697168353 profile2
637 75.905721 -3.4437759168231 profile2
638 75.917304 -3.39347584043741 profile2
639 76.287653 -3.39944117446115 profile2
640 76.288899 -3.43166434510903 profile2
641 76.290145 -3.46414016619297 profile2
642 76.397032 -3.48159341202992 profile2
643 76.403847 -3.49958893839534 profile2
644 76.410663 -3.51231027500644 profile2
645 76.607927 -3.40512384308326 profile2
646 76.623625 -3.27549073963732 profile2
647 76.633554 -3.24176277396368 profile2
648 76.643483 -3.21514732550084 profile2
649 76.653411 -3.19611111385078 profile2
650 76.66334 -3.18481624991526 profile2
651 76.700004 -3.23712386272753 profile2
