marker_position lod trace
1 67.606765 -21.9626321194612 pleio
2 67.613251 -21.9562713097864 pleio
3 67.619736 -21.9502431969468 pleio
4 67.626222 -21.944548696279 pleio
5 67.641347 -21.9391889106077 pleio
6 67.654855 -21.9341455409207 pleio
7 67.658769 -21.9290721984428 pleio
8 67.662682 -21.9246538253659 pleio
9 67.666596 -21.9207139716186 pleio
10 67.679986 -21.9171076221897 pleio
11 67.708923 -21.9082782125254 pleio
12 67.715069 -21.8986828758689 pleio
13 67.721215 -21.8877901924256 pleio
14 67.746869 -21.8783704775058 pleio
15 67.778018 -21.8754078012181 pleio
16 67.809168 -21.872545405717 pleio
17 67.895218 -21.8432641864072 pleio
18 67.900561 -21.8254696315941 pleio
19 67.905905 -21.8395556616473 pleio
20 67.911248 -21.8857780596936 pleio
21 67.920171 -21.9239521812517 pleio
22 67.929072 -21.9245999363863 pleio
23 67.937973 -21.9713134906819 pleio
24 67.946874 -22.0630266438919 pleio
25 67.962131 -22.0932096313984 pleio
26 68.103338 -22.1008850752163 pleio
27 68.122257 -22.1020154048497 pleio
28 68.141177 -22.1324690907384 pleio
29 68.410128 -22.2057723357197 pleio
30 68.415239 -22.3094563041349 pleio
31 68.42035 -22.4140127259664 pleio
32 68.640199 -22.203187869266 pleio
33 68.652056 -21.8069939623085 pleio
34 68.656091 -21.4774698020686 pleio
35 68.660126 -21.2238405383276 pleio
36 68.664161 -21.0528952135941 pleio
37 68.685197 -20.9837078553833 pleio
38 68.806919 -20.9787504926161 pleio
39 68.816104 -20.9735762783628 pleio
40 68.825289 -20.9684457923094 pleio
41 68.885575 -20.9618149161806 pleio
42 68.886394 -20.9535182124613 pleio
43 68.887213 -20.9449532889052 pleio
44 68.888033 -20.936151026862 pleio
45 68.888852 -20.9271450157215 pleio
46 68.889671 -20.9179661930277 pleio
47 68.89049 -20.9879311174999 pleio
48 68.89131 -21.0986633123439 pleio
49 68.892129 -21.2401682728167 pleio
50 68.987403 -20.4669711257256 pleio
51 69.064645 -19.3619085301433 pleio
52 69.131341 -19.2451649219734 pleio
53 69.198036 -19.2148217389157 pleio
54 69.214855 -19.1902789917624 pleio
55 69.21825 -19.1876358986305 pleio
56 69.221446 -19.2076232086165 pleio
57 69.224642 -19.250296787672 pleio
58 69.227838 -19.3149731204495 pleio
59 69.231034 -19.3238526404369 pleio
60 69.23423 -19.3744375676609 pleio
61 69.237426 -19.3538757702789 pleio
62 69.240621 -19.3338112813619 pleio
63 69.244859 -19.314241441948 pleio
64 69.252696 -19.2948687279451 pleio
65 69.260534 -19.2651077497933 pleio
66 69.416362 -18.1716854797772 pleio
67 69.484146 -16.9390784922623 pleio
68 69.505599 -16.9188102187974 pleio
69 69.508945 -16.8735229540054 pleio
70 69.512291 -16.8285720980125 pleio
71 69.515636 -16.7845085277127 pleio
72 69.542556 -16.8049084448199 pleio
73 69.592546 -16.8791997525895 pleio
74 69.66328 -16.6958838572061 pleio
75 69.721392 -16.7170839249806 pleio
76 69.724456 -16.7438437033133 pleio
77 69.727519 -16.7718481222423 pleio
78 69.733033 -16.8010643266843 pleio
79 69.768364 -16.8397806208172 pleio
80 69.782339 -16.8909015661841 pleio
81 69.796313 -16.7434335487251 pleio
82 69.810287 -2.19798011068093 pleio
83 69.829176 -1.01195271455819 pleio
84 69.837051 -1.05869561530786 pleio
85 69.844926 -1.06881344676021 pleio
86 69.869428 -1.06705382780572 pleio
87 69.876397 -1.03917357122336 pleio
88 69.876657 -1.01786188857639 pleio
89 69.876917 -0.997674970136475 pleio
90 69.924127 -0.419224358713821 pleio
91 69.978753 0 pleio
92 70.033378 -0.0157325004954488 pleio
93 70.042973 -0.0336548432547825 pleio
94 70.043703 -0.0528458568026494 pleio
95 70.044434 -0.0731721058139469 pleio
96 70.087246 -0.0945129413147359 pleio
97 70.141872 -0.11767205452805 pleio
98 70.196497 -0.143645336283067 pleio
99 70.400832 -0.178077573473725 pleio
100 70.421006 -0.22179676093232 pleio
101 70.441181 -0.261892181531186 pleio
102 70.60917 -0.29021269690452 pleio
103 70.612702 -0.302582369114597 pleio
104 70.616235 -0.214167547294025 pleio
105 70.661194 -0.271994254510227 pleio
106 70.728481 -0.308508658082004 pleio
107 70.750402 -0.348931519523276 pleio
108 70.772323 -0.420575984981342 pleio
109 70.779053 -0.515378261555011 pleio
110 70.782062 -0.616615607726528 pleio
111 70.785072 -0.724420320738914 pleio
112 71.12066 -1.02046089633051 pleio
113 71.198629 -1.04796005635719 pleio
114 71.276599 -1.0766606410146 pleio
115 71.354568 -2.15607156932266 pleio
116 71.418821 -2.29571507275971 pleio
117 71.422464 -2.73483468629001 pleio
118 71.425934 -3.35173968491261 pleio
119 71.429405 -3.7086744764868 pleio
120 71.432875 -3.89023248700896 pleio
121 71.436346 -4.09907123691803 pleio
122 71.439817 -4.33440535623759 pleio
123 71.443287 -4.59527135863002 pleio
124 71.449172 -4.78963074394621 pleio
125 71.46043 -4.79052992301511 pleio
126 71.475844 -4.79198902214805 pleio
127 71.510771 -4.79457605952877 pleio
128 71.658293 -4.79816032057094 pleio
129 71.675712 -4.80235481576095 pleio
130 71.693132 -4.80687862788446 pleio
131 71.782692 -5.15437735559481 pleio
132 71.793079 -5.29023856948291 pleio
133 71.803404 -5.76784935145301 pleio
134 71.813729 -6.15657107783581 pleio
135 71.824055 -6.54796658386457 pleio
136 71.83438 -6.73577852997486 pleio
137 71.859513 -6.72170735309973 pleio
138 71.937774 -7.27256801975463 pleio
139 71.945079 -7.69101650136901 pleio
140 71.952385 -7.84054317001915 pleio
141 71.98473 -7.84125953503376 pleio
142 72.012709 -7.81512800421703 pleio
143 72.040688 -7.79595727101858 pleio
144 72.210521 -7.89381343262473 pleio
145 72.314268 -10.867416878672 pleio
146 72.366456 -10.9849509507305 pleio
147 72.411367 -11.0266722886777 pleio
148 72.450663 -11.0719257029653 pleio
149 72.471305 -11.1408181604616 pleio
150 72.491946 -11.211795400966 pleio
151 72.512588 -11.550784226712 pleio
152 72.601385 -11.838004840007 pleio
153 72.621813 -11.8254878092435 pleio
154 72.642242 -11.8270795363518 pleio
155 72.66267 -11.8681023993312 pleio
156 72.771429 -12.2589064278701 pleio
157 72.883243 -12.2492667037634 pleio
158 72.898448 -12.2840900995022 pleio
159 72.913654 -12.3509542309764 pleio
160 72.928859 -12.4496134906403 pleio
161 72.944065 -12.5790952674231 pleio
162 72.95927 -12.6278112021161 pleio
163 72.974476 -13.2678250940248 pleio
164 72.989681 -14.4534875441623 pleio
165 72.996574 -14.3609039988151 pleio
166 72.9996 -14.3349767448502 pleio
167 73.002626 -14.3192459358342 pleio
168 73.005652 -14.3114725132636 pleio
169 73.012925 -14.3060529030775 pleio
170 73.023956 -14.3060255810788 pleio
171 73.034987 -14.3151656756443 pleio
172 73.046018 -14.33510478694 pleio
173 73.057049 -14.3812855580295 pleio
174 73.06808 -14.4547644015633 pleio
175 73.079353 -14.5254028026565 pleio
176 73.111862 -14.3809773723368 pleio
177 73.146945 -14.5509214784997 pleio
178 73.171837 -15.1452442689153 pleio
179 73.196729 -15.9432906712314 pleio
180 73.629401 -15.999954162037 pleio
181 74.062073 -16.0290322344581 pleio
182 74.066223 -16.0255285712365 pleio
183 74.070373 -16.021908338001 pleio
184 74.074523 -16.0181799825195 pleio
185 74.078673 -16.0143475513406 pleio
186 74.082823 -16.0316800949691 pleio
187 74.3761735 -16.0649532928727 pleio
188 74.669524 -16.0585088928667 pleio
189 74.672012 -15.7471998850574 pleio
190 74.674499 -15.5320076238907 pleio
191 74.716248 -15.4074986745233 pleio
192 74.724515 -15.3680016414037 pleio
193 74.732783 -14.88817261254 pleio
194 75.0995546666667 -19.6337715278813 pleio
195 75.4663263333333 -19.7817326519419 pleio
196 75.833098 -19.4624806092821 pleio
197 75.863363 -19.4212535725579 pleio
198 75.875899 -19.414204480033 pleio
199 75.888435 -19.3050858048659 pleio
200 75.900971 -19.0826603540662 pleio
201 75.903257 -19.098036452852 pleio
202 75.904489 -19.2829355041631 pleio
203 75.905721 -19.5034514669099 pleio
204 75.917304 -19.7551641676999 pleio
205 76.287653 -19.8072581169327 pleio
206 76.288899 -19.8007060039475 pleio
207 76.290145 -19.793778539725 pleio
208 76.397032 -19.8352334249517 pleio
209 76.403847 -19.9226513976511 pleio
210 76.410663 -20.0969165239758 pleio
211 76.607927 -20.2902092332538 pleio
212 76.623625 -20.3374922570965 pleio
213 76.633554 -20.4721748288406 pleio
214 76.643483 -20.6508023066524 pleio
215 76.653411 -20.8728792078974 pleio
216 76.66334 -21.1367118300346 pleio
217 76.700004 -21.2116835187184 pleio
218 67.606765 0.0624586047032865 profile1
219 67.613251 0.0619164446003579 profile1
220 67.619736 0.0612589428974741 profile1
221 67.626222 0.0604865017476154 profile1
222 67.641347 0.0595978953986755 profile1
223 67.654855 0.0586017208798981 profile1
224 67.658769 0.0576488707369694 profile1
225 67.662682 0.0565891274887813 profile1
226 67.666596 0.0554204565483281 profile1
227 67.679986 0.0541394566696223 profile1
228 67.708923 0.091548741833998 profile1
229 67.715069 0.12677685771983 profile1
230 67.721215 0.156556827354323 profile1
231 67.746869 0.170843047418142 profile1
232 67.778018 0.16943455139943 profile1
233 67.809168 0.167870979790419 profile1
234 67.895218 0.140874461342126 profile1
235 67.900561 0.100793741567788 profile1
236 67.905905 0.0629464627672327 profile1
237 67.911248 0.0274959995567112 profile1
238 67.920171 -0.012032224607032 profile1
239 67.929072 -0.0640415819800477 profile1
240 67.937973 -0.116211363128253 profile1
241 67.946874 -0.168141374778418 profile1
242 67.962131 -0.18402825972474 profile1
243 68.103338 -0.187515374505709 profile1
244 68.122257 -0.187239935303255 profile1
245 68.141177 -0.212245934004229 profile1
246 68.410128 -0.266374898465397 profile1
247 68.415239 -0.279020553755212 profile1
248 68.42035 -0.28797275321032 profile1
249 68.640199 -0.11939489846277 profile1
250 68.652056 0.163498743994075 profile1
251 68.656091 0.429065393446703 profile1
252 68.660126 0.669022187178793 profile1
253 68.664161 0.87583745094444 profile1
254 68.685197 1.02829442389914 profile1
255 68.806919 1.08542217441907 profile1
256 68.816104 1.08607972358926 profile1
257 68.825289 1.08667150102362 profile1
258 68.885575 1.08400809781543 profile1
259 68.886394 1.07876578501298 profile1
260 68.887213 1.07378770529985 profile1
261 68.888033 1.06908742792966 profile1
262 68.888852 1.06467577640898 profile1
263 68.889671 1.06056521184534 profile1
264 68.89049 0.984454012807422 profile1
265 68.89131 0.868143682619597 profile1
266 68.892129 0.721040200843898 profile1
267 68.987403 1.20527355227758 profile1
268 69.064645 1.37277046340538 profile1
269 69.131341 1.13260616966327 profile1
270 69.198036 1.16345521967103 profile1
271 69.214855 1.17588774759001 profile1
272 69.21825 1.16840332921133 profile1
273 69.221446 1.14059165004184 profile1
274 69.224642 1.0926841392835 profile1
275 69.227838 1.02557522367933 profile1
276 69.231034 0.847216528277293 profile1
277 69.23423 0.811161967549356 profile1
278 69.237426 0.831928786451854 profile1
279 69.240621 0.852311249365561 profile1
280 69.244859 0.872306435137695 profile1
281 69.252696 0.892106519897711 profile1
282 69.260534 0.922243040822913 profile1
283 69.416362 0.812357034523311 profile1
284 69.484146 0.585470783539989 profile1
285 69.505599 0.590093961080509 profile1
286 69.508945 0.599989480009284 profile1
287 69.512291 0.610213369015718 profile1
288 69.515636 0.620640494119244 profile1
289 69.542556 0.561121449275824 profile1
290 69.592546 0.565493994994092 profile1
291 69.66328 0.731237500193206 profile1
292 69.721392 0.718888942552265 profile1
293 69.724456 0.704501139590769 profile1
294 69.727519 0.689468940492964 profile1
295 69.733033 0.673822486322482 profile1
296 69.768364 0.649397210967147 profile1
297 69.782339 0.619174503813226 profile1
298 69.796313 0.582758126017679 profile1
299 69.810287 0.256909119751881 profile1
300 69.829176 0.0331781848659139 profile1
301 69.837051 -0.0490138670304142 profile1
302 69.844926 -0.0604303149970627 profile1
303 69.869428 -0.0583238743552653 profile1
304 69.876397 -0.0303344180162938 profile1
305 69.876657 -0.00900473230999895 profile1
306 69.876917 0.0110832425928535 profile1
307 69.924127 0.0202657136300275 profile1
308 69.978753 0 profile1
309 70.033378 -0.014082544245105 profile1
310 70.042973 -0.030153040450371 profile1
311 70.043703 -0.0482139875077233 profile1
312 70.044434 -0.0681683804245534 profile1
313 70.087246 -0.0894178553085128 profile1
314 70.141872 -0.1120099504931 profile1
315 70.196497 -0.138836886849815 profile1
316 70.400832 -0.171857980671767 profile1
317 70.421006 -0.213154237180543 profile1
318 70.441181 -0.250950678372986 profile1
319 70.60917 -0.276028231922321 profile1
320 70.612702 -0.277076237613974 profile1
321 70.616235 -0.174526079101068 profile1
322 70.661194 -0.223193815746739 profile1
323 70.728481 -0.254256363142493 profile1
324 70.750402 -0.284087432659802 profile1
325 70.772323 -0.349183598181553 profile1
326 70.779053 -0.442058199596793 profile1
327 70.782062 -0.545297515551866 profile1
328 70.785072 -0.65668012719422 profile1
329 71.12066 -0.993052708507604 profile1
330 71.198629 -1.01773232689152 profile1
331 71.276599 -1.04306929759157 profile1
332 71.354568 -1.18832864739438 profile1
333 71.418821 -1.27931336862131 profile1
334 71.422464 -1.43121163743004 profile1
335 71.425934 -1.65096469070954 profile1
336 71.429405 -1.74801919802619 profile1
337 71.432875 -1.75272702891347 profile1
338 71.436346 -1.75907319636052 profile1
339 71.439817 -1.76703106115442 profile1
340 71.443287 -1.77656708954863 profile1
341 71.449172 -1.78535643450567 profile1
342 71.46043 -1.79031319970879 profile1
343 71.475844 -1.7962244046259 profile1
344 71.510771 -1.80321980349582 profile1
345 71.658293 -1.81067701186157 profile1
346 71.675712 -1.8181061285403 profile1
347 71.693132 -1.82608273812017 profile1
348 71.782692 -1.89318562493837 profile1
349 71.793079 -1.91684779363341 profile1
350 71.803404 -1.97363759421761 profile1
351 71.813729 -2.08018743017957 profile1
352 71.824055 -2.25167629056376 profile1
353 71.83438 -2.30958657445395 profile1
354 71.859513 -2.2929482353858 profile1
355 71.937774 -2.2259340328324 profile1
356 71.945079 -2.31337809755137 profile1
357 71.952385 -2.34983810277397 profile1
358 71.98473 -2.36401648558804 profile1
359 72.012709 -2.35338959782324 profile1
360 72.040688 -2.35017683343075 profile1
361 72.210521 -2.45563665275183 profile1
362 72.314268 -2.79032801944911 profile1
363 72.366456 -2.87637652866836 profile1
364 72.411367 -2.91265400003975 profile1
365 72.450663 -2.9552119583039 profile1
366 72.471305 -3.02395692138459 profile1
367 72.491946 -3.11677506371713 profile1
368 72.512588 -3.20757002805097 profile1
369 72.601385 -3.47966864166356 profile1
370 72.621813 -3.49460768996957 profile1
371 72.642242 -3.49427787016496 profile1
372 72.66267 -3.49569855038465 profile1
373 72.771429 -3.56535347551177 profile1
374 72.883243 -3.55226825833931 profile1
375 72.898448 -3.55147992864221 profile1
376 72.913654 -3.55323291457965 profile1
377 72.928859 -3.55753198232195 profile1
378 72.944065 -3.56374781805818 profile1
379 72.95927 -3.55855225171539 profile1
380 72.974476 -3.51695231587457 profile1
381 72.989681 -3.78626624648217 profile1
382 72.996574 -3.7714629813236 profile1
383 72.9996 -3.75901971037445 profile1
384 73.002626 -3.75315289372147 profile1
385 73.005652 -3.74637907921679 profile1
386 73.012925 -3.74309349252148 profile1
387 73.023956 -3.74306658751613 profile1
388 73.171837 -3.50913593275154 profile1
389 73.196729 -3.78970662347107 profile1
390 73.629401 -3.80049014791227 profile1
391 74.062073 -3.81643906932895 profile1
392 74.066223 -3.81324404952512 profile1
393 74.070373 -3.80993204199661 profile1
394 74.074523 -3.80650791236288 profile1
395 74.078673 -3.80297656144391 profile1
396 74.3761735 -3.89024268777508 profile1
397 74.669524 -4.00469721451313 profile1
398 74.672012 -4.13911828978989 profile1
399 74.674499 -4.27265265824327 profile1
400 74.716248 -4.39513376902668 profile1
401 74.724515 -4.49883454351018 profile1
402 74.732783 -4.56999429035969 profile1
403 75.0995546666667 -4.13373417959108 profile1
404 75.4663263333333 -4.14653934139462 profile1
405 75.833098 -4.10522551307237 profile1
406 75.863363 -4.09078006439084 profile1
407 75.875899 -4.07661900539561 profile1
408 75.888435 -4.06032565645951 profile1
409 75.900971 -4.04268742565503 profile1
410 75.903257 -4.02915683607839 profile1
411 75.904489 -4.03086622544568 profile1
412 75.905721 -4.04080645506634 profile1
413 75.917304 -4.05570439040135 profile1
414 76.287653 -4.07294206813642 profile1
415 76.288899 -4.09070648482125 profile1
416 76.290145 -4.10877867940654 profile1
417 76.397032 -4.1635535628186 profile1
418 76.403847 -4.24690875552204 profile1
419 76.410663 -4.31931491976298 profile1
420 76.607927 -4.62189937253406 profile1
421 76.623625 -4.67931844017345 profile1
422 76.633554 -4.66602680858332 profile1
423 76.643483 -4.65583736772397 profile1
424 76.653411 -4.64843686495677 profile1
425 76.66334 -4.64341553172927 profile1
426 76.700004 -4.61784959143984 profile1
427 73.034987 -3.74685682331784 profile1
428 73.046018 -3.7264386912566 profile1
429 73.057049 -3.70531930316066 profile1
430 73.06808 -3.68917536403668 profile1
431 73.079353 -3.67463617814758 profile1
432 73.111862 -3.4118142263419 profile1
433 73.146945 -3.41947087343454 profile1
434 74.082823 -3.90018437313841 profile1
435 67.606765 -20.6323095535839 profile2
436 67.613251 -20.6255041624883 profile2
437 67.619736 -20.6189167149241 profile2
438 67.626222 -20.6125485037913 profile2
439 67.641347 -20.6063994057969 profile2
440 67.654855 -20.6004586455784 profile2
441 67.658769 -20.5945117689177 profile2
442 67.662682 -20.5891097494193 profile2
443 67.666596 -20.5840762542777 profile2
444 67.679986 -20.5792646326648 profile2
445 67.708923 -20.6059088706984 profile2
446 67.715069 -20.6296114603858 profile2
447 67.721215 -20.6468072199379 profile2
448 67.746869 -20.650414457787 profile2
449 67.778018 -20.6460960203813 profile2
450 67.809168 -20.6417610302544 profile2
451 67.895218 -20.5868983318189 profile2
452 67.900561 -20.5309834266973 profile2
453 67.905905 -20.5089347112078 profile2
454 67.911248 -20.5211531770626 profile2
455 67.920171 -20.5214341488965 profile2
456 67.929072 -20.471787020813 profile2
457 67.937973 -20.4668940519575 profile2
458 67.946874 -20.5060759601566 profile2
459 67.962131 -20.520788097802 profile2
460 68.103338 -20.5251932272579 profile2
461 68.122257 -20.5265699521962 profile2
462 68.141177 -20.5344441790957 profile2
463 68.410128 -20.5562566191276 profile2
464 68.415239 -20.648247949386 profile2
465 68.42035 -20.7455730895728 profile2
466 68.640199 -20.6983543046981 profile2
467 68.652056 -20.5766314475699 profile2
468 68.656091 -20.5067429470835 profile2
469 68.660126 -20.4898022077859 profile2
470 68.664161 -20.5251658383268 profile2
471 68.685197 -20.6115122127715 profile2
472 68.806919 -20.6660671579035 profile2
473 68.816104 -20.6615751920393 profile2
474 68.825289 -20.657057014735 profile2
475 68.885575 -20.6478377585483 profile2
476 68.886394 -20.634429246069 profile2
477 68.887213 -20.6210209391569 profile2
478 68.888033 -20.6076571642075 profile2
479 68.888852 -20.5943821368738 profile2
480 68.889671 -20.5812389858435 profile2
481 68.89049 -20.5727065548178 profile2
482 68.89131 -20.5648387869459 profile2
483 68.892129 -20.55735356703 profile2
484 68.987403 -20.294511085952 profile2
485 69.064645 -19.3619085301433 profile2
486 69.131341 -19.0019618348885 profile2
487 69.198036 -19.0026068897617 profile2
488 69.214855 -18.9880641134363 profile2
489 69.21825 -18.9748003684406 profile2
490 69.221446 -18.9631703148491 profile2
491 69.224642 -18.9535223386405 profile2
492 69.227838 -18.9461515945579 profile2
493 69.231034 -18.775769421879 profile2
494 69.23423 -18.7866514614528 profile2
495 69.237426 -18.7864141493845 profile2
496 69.240621 -18.7862715416155 profile2
497 69.244859 -18.7862182521835 profile2
498 69.252696 -18.7861590994014 profile2
499 69.260534 -18.7857652892962 profile2
500 69.416362 -17.5673747706553 profile2
501 69.484146 -16.1129137005843 profile2
502 69.505599 -16.0971657805331 profile2
503 69.508945 -16.0615829377725 profile2
504 69.512291 -16.0268061656359 profile2
505 69.515636 -15.9932640113674 profile2
506 69.542556 -15.9549733435568 profile2
507 69.592546 -16.0354743211494 profile2
508 69.66328 -16.0182091132653 profile2
509 69.721392 -16.027276976202 profile2
510 69.724456 -16.0398068119591 profile2
511 69.727519 -16.0528838070678 profile2
512 69.733033 -16.0665033876117 profile2
513 69.768364 -16.0811235109226 profile2
514 69.782339 -16.1020499310728 profile2
515 69.796313 -15.9163562714785 profile2
516 69.810287 -1.03093990764012 profile2
517 69.829176 0.332255875085088 profile2
518 69.837051 0.366142055161864 profile2
519 69.844926 0.367257445624096 profile2
520 69.869428 0.3669709273691 profile2
521 69.876397 0.367139766303484 profile2
522 69.876657 0.367471254028329 profile2
523 69.876917 0.36797293860184 profile2
524 69.924127 0.937443112274028 profile2
525 69.978753 1.37277046340538 profile2
526 70.033378 1.37088025470117 profile2
527 70.042973 1.36869689992107 profile2
528 70.043703 1.36715219455399 profile2
529 70.044434 1.36628520026392 profile2
530 70.087246 1.36575446510356 profile2
531 70.141872 1.36494181750661 profile2
532 70.196497 1.3652556539223 profile2
533 70.400832 1.36369055107197 profile2
534 70.421006 1.36129583752878 profile2
535 70.441181 1.35903402821095 profile2
536 70.60917 1.35568893275815 profile2
537 70.612702 1.34353059588508 profile2
538 70.616235 1.32773106301982 profile2
539 70.661194 1.31800444730616 profile2
540 70.728481 1.31236558025566 profile2
541 70.750402 1.30133430210363 profile2
542 70.772323 1.29377049768108 profile2
543 70.779053 1.29045099172567 profile2
544 70.782062 1.29093050370014 profile2
545 70.785072 1.29298839859448 profile2
546 71.12066 1.33373140176928 profile2
547 71.198629 1.33108155460378 profile2
548 71.276599 1.32788373939616 profile2
549 71.354568 0.400634793674622 profile2
550 71.418821 0.351603753646656 profile2
551 71.422464 0.0657935725310329 profile2
552 71.425934 -0.327786560260572 profile2
553 71.429405 -0.585357876978558 profile2
554 71.432875 -0.761009313310599 profile2
555 71.436346 -0.961934360806028 profile2
556 71.439817 -1.187374357298 profile2
557 71.443287 -1.43640290109927 profile2
558 71.449172 -1.62020690417799 profile2
559 71.46043 -1.61626979576233 profile2
560 71.475844 -1.61196842130479 profile2
561 71.510771 -1.60773694178352 profile2
562 71.658293 -1.60397353202337 profile2
563 71.675712 -1.60073788348499 profile2
564 71.693132 -1.59730098815133 profile2
565 71.782692 -1.86930901961191 profile2
566 71.793079 -1.98210699786497 profile2
567 71.803404 -2.40988796201857 profile2
568 71.813729 -2.70051188412278 profile2
569 71.824055 -2.91025386062829 profile2
570 71.83438 -3.033594190409 profile2
571 71.859513 -3.03637657590069 profile2
572 71.937774 -3.65118350549651 profile2
573 71.945079 -3.9879820603579 profile2
574 71.952385 -4.10345399861303 profile2
575 71.98473 -4.09022666864829 profile2
576 72.012709 -4.0746494500419 profile2
577 72.040688 -4.05802655707335 profile2
578 72.210521 -4.05323800286858 profile2
579 72.314268 -6.75815585682273 profile2
580 72.366456 -6.78738261313879 profile2
581 72.411367 -6.79290943735189 profile2
582 72.450663 -6.79562389297565 profile2
583 72.471305 -6.79558850026642 profile2
584 72.491946 -6.77380549032808 profile2
585 72.512588 -7.02140560541616 profile2
586 72.601385 -7.03286019829855 profile2
587 72.621813 -7.00685131192153 profile2
588 72.642242 -7.01035189269986 profile2
589 72.66267 -7.05221371013025 profile2
590 72.771429 -7.36236515513777 profile2
591 72.883243 -7.36513391264059 profile2
592 72.898448 -7.40022477550988 profile2
593 72.913654 -7.4653576480574 profile2
594 72.928859 -7.56029595065078 profile2
595 72.944065 -7.68486640630236 profile2
596 72.95927 -7.73313757629536 profile2
597 72.974476 -8.39291996137188 profile2
598 72.989681 -9.28822232619073 profile2
599 72.996574 -9.21562888781354 profile2
600 72.9996 -9.20709455566901 profile2
601 73.002626 -9.20186502222277 profile2
602 73.005652 -9.20437690044742 profile2
603 73.012925 -9.20571581211196 profile2
604 73.023956 -9.2091930085451 profile2
605 73.034987 -9.21804441840366 profile2
606 73.046018 -9.26078227278037 profile2
607 73.057049 -9.33033870035963 profile2
608 73.06808 -9.42227610238675 profile2
609 73.079353 -9.51002606015147 profile2
610 73.111862 -9.65528989642982 profile2
611 73.146945 -9.82159512382139 profile2
612 73.171837 -10.3256525722603 profile2
613 73.196729 -10.8467832020043 profile2
614 73.629401 -10.8932455713416 profile2
615 74.062073 -10.9064185305676 profile2
616 74.066223 -10.9063069798253 profile2
617 74.070373 -10.9062044586756 profile2
618 74.074523 -10.9061138605456 profile2
619 74.078673 -10.9060335340944 profile2
620 74.082823 -10.8209874644173 profile2
621 74.3761735 -10.8663010748459 profile2
622 74.669524 -10.740234919477 profile2
623 74.672012 -10.2883287136774 profile2
624 74.674499 -9.9340838455764 profile2
625 74.716248 -9.68261120405152 profile2
626 74.724515 -9.53633650863052 profile2
627 74.732783 -8.97820500515418 profile2
628 75.0995546666667 -14.089787476422 profile2
629 75.4663263333333 -14.2273412178667 profile2
630 75.833098 -13.9452260508068 profile2
631 75.863363 -13.9194170076316 profile2
632 75.875899 -13.9273597405654 profile2
633 75.888435 -13.8331026882429 profile2
634 75.900971 -13.6243035439262 profile2
635 75.903257 -13.6529254993318 profile2
636 75.904489 -13.8405992264027 profile2
637 75.905721 -14.0580992952501 profile2
638 75.917304 -14.3034658679068 profile2
639 76.287653 -14.34009019532 profile2
640 76.288899 -14.3155933526968 profile2
641 76.290145 -14.2904614207596 profile2
642 76.397032 -14.2765669882275 profile2
643 76.403847 -14.2795425271175 profile2
644 76.410663 -14.3806696355229 profile2
645 76.607927 -14.2724480084651 profile2
646 76.623625 -14.2599524834271 profile2
647 76.633554 -14.4087463306242 profile2
648 76.643483 -14.599382356806 profile2
649 76.653411 -14.8317288702653 profile2
650 76.66334 -15.1045192271254 profile2
651 76.700004 -15.1983629529031 profile2
