marker_position lod trace
1 67.606765 -31.6003207211401 pleio
2 67.613251 -31.6296175071338 pleio
3 67.619736 -31.6592015042997 pleio
4 67.626222 -31.6890689397327 pleio
5 67.641347 -31.7192178237331 pleio
6 67.654855 -31.7496809281896 pleio
7 67.658769 -31.7811025687276 pleio
8 67.662682 -31.8127396368634 pleio
9 67.666596 -31.8446190019179 pleio
10 67.679986 -31.8767630541353 pleio
11 67.708923 -31.9667628891205 pleio
12 67.715069 -32.0695329332961 pleio
13 67.721215 -32.1790005341123 pleio
14 67.746869 -32.2882464775036 pleio
15 67.778018 -32.3235638566036 pleio
16 67.809168 -32.3596113434392 pleio
17 67.895218 -32.1682115186176 pleio
18 67.900561 -31.8641065580477 pleio
19 67.905905 -31.5868393393854 pleio
20 67.911248 -31.338865375065 pleio
21 67.920171 -31.106111045235 pleio
22 67.929072 -30.8728678217397 pleio
23 67.937973 -30.672142488668 pleio
24 67.946874 -30.5055441488084 pleio
25 67.962131 -30.5000124937347 pleio
26 68.103338 -30.5345503396764 pleio
27 68.122257 -30.5798294366267 pleio
28 68.141177 -30.5373815402626 pleio
29 68.410128 -30.4068098771052 pleio
30 68.415239 -30.3234842069438 pleio
31 68.42035 -30.2489898450152 pleio
32 68.640199 -29.9065879951716 pleio
33 68.652056 -29.3749705460139 pleio
34 68.656091 -28.8699159204738 pleio
35 68.660126 -28.3998361677967 pleio
36 68.664161 -27.972413625032 pleio
37 68.685197 -27.5954229967064 pleio
38 68.806919 -27.4629098130865 pleio
39 68.816104 -27.4874415486553 pleio
40 68.825289 -27.5120809196254 pleio
41 68.885575 -27.520925805519 pleio
42 68.886394 -27.5198441436349 pleio
43 68.887213 -27.5242079297072 pleio
44 68.888033 -27.5340596031002 pleio
45 68.888852 -27.5494074999167 pleio
46 68.889671 -27.5702212460348 pleio
47 68.89049 -27.5779248251203 pleio
48 68.89131 -27.5940340542257 pleio
49 68.892129 -27.6196258210899 pleio
50 68.987403 -27.2239200178624 pleio
51 69.064645 -25.4315794164526 pleio
52 69.131341 -25.0692049688866 pleio
53 69.198036 -24.9708201781832 pleio
54 69.214855 -24.7213979938407 pleio
55 69.21825 -24.4861328073168 pleio
56 69.221446 -24.2692604845676 pleio
57 69.224642 -24.0746866443653 pleio
58 69.227838 -23.9057473073254 pleio
59 69.231034 -23.5183472272238 pleio
60 69.23423 -23.5708046419531 pleio
61 69.237426 -23.554301972661 pleio
62 69.240621 -23.5388285664975 pleio
63 69.244859 -23.5243888962474 pleio
64 69.252696 -23.5112577822063 pleio
65 69.260534 -23.493281682206 pleio
66 69.416362 -22.7096982393959 pleio
67 69.484146 -21.5595370862765 pleio
68 69.505599 -21.4884531083125 pleio
69 69.508945 -21.3401268500662 pleio
70 69.512291 -21.2159349523925 pleio
71 69.515636 -21.1168904404333 pleio
72 69.542556 -20.9463672586265 pleio
73 69.592546 -18.8661671446855 pleio
74 69.66328 -18.8080479095641 pleio
75 69.721392 -18.7510703513971 pleio
76 69.724456 -18.6815708796829 pleio
77 69.727519 -18.6166591474448 pleio
78 69.733033 -18.55648872699 pleio
79 69.768364 -18.1522403103481 pleio
80 69.782339 -17.6307120123218 pleio
81 69.796313 -17.2797146467616 pleio
82 69.810287 -13.4263817308969 pleio
83 69.829176 -13.2263552330442 pleio
84 69.837051 -13.0027532497971 pleio
85 69.844926 -12.7689986601626 pleio
86 69.869428 -12.5796489367078 pleio
87 69.876397 -12.400370124013 pleio
88 69.876657 -12.327376608999 pleio
89 69.876917 -12.3427390469378 pleio
90 69.924127 -12.3692599173923 pleio
91 69.978753 -12.3602218119949 pleio
92 70.033378 -12.0826754056776 pleio
93 70.042973 -11.8248499440195 pleio
94 70.043703 -11.5878355645197 pleio
95 70.044434 -11.3730022581644 pleio
96 70.087246 -11.1695894278232 pleio
97 70.141872 -10.9713215483839 pleio
98 70.196497 -10.7884767770818 pleio
99 70.400832 -10.6877611831044 pleio
100 70.421006 -10.6503497857315 pleio
101 70.441181 -10.6226260689344 pleio
102 70.60917 -10.6052596536536 pleio
103 70.612702 -10.6179719825716 pleio
104 70.616235 -10.6676975519008 pleio
105 70.661194 -10.6658925473119 pleio
106 70.728481 -10.5548993043934 pleio
107 70.750402 -10.3719532091902 pleio
108 70.772323 -10.2402345801711 pleio
109 70.779053 -10.156717203926 pleio
110 70.782062 -10.1181465104008 pleio
111 70.785072 -10.1280844473717 pleio
112 71.12066 -10.3067006533638 pleio
113 71.198629 -10.3071849277641 pleio
114 71.276599 -10.3106592661897 pleio
115 71.354568 -10.016925367893 pleio
116 71.418821 -8.89301989272156 pleio
117 71.422464 -7.71760578847792 pleio
118 71.425934 -6.81301592807357 pleio
119 71.429405 -6.45570445682306 pleio
120 71.432875 -6.28009341802718 pleio
121 71.436346 -6.13213843626043 pleio
122 71.439817 -6.01243957138479 pleio
123 71.443287 -5.92139570104305 pleio
124 71.449172 -5.86056139109929 pleio
125 71.46043 -5.8186814221238 pleio
126 71.475844 -5.78582033918333 pleio
127 71.510771 -5.76202668044832 pleio
128 71.658293 -5.75723652924242 pleio
129 71.675712 -5.77914041817859 pleio
130 71.693132 -5.81108155751597 pleio
131 71.782692 -5.00837300872637 pleio
132 71.793079 -4.88514661282575 pleio
133 71.803404 -4.4430868630943 pleio
134 71.813729 -3.83958264868199 pleio
135 71.824055 -3.78927940431222 pleio
136 71.83438 -3.85468844501268 pleio
137 71.859513 -3.66704755478746 pleio
138 71.937774 -3.32854042875442 pleio
139 71.945079 -3.11207395412729 pleio
140 71.952385 -3.00312652925816 pleio
141 71.98473 -2.86064114411764 pleio
142 72.012709 -2.54793721996068 pleio
143 72.040688 -2.45123967200115 pleio
144 72.210521 -1.69834391539094 pleio
145 72.314268 -0.182912332282661 pleio
146 72.366456 0 pleio
147 72.411367 -0.00343410544183518 pleio
148 72.450663 -0.00414741320132698 pleio
149 72.471305 -0.0069510549330857 pleio
150 72.491946 -0.116506853613431 pleio
151 72.512588 -0.437034073834504 pleio
152 72.601385 -0.606283536951226 pleio
153 72.621813 -1.00438107179809 pleio
154 72.642242 -1.10611824698945 pleio
155 72.66267 -1.23928386038411 pleio
156 72.771429 -3.18159883719998 pleio
157 72.883243 -3.14738969705206 pleio
158 72.898448 -3.06821203177915 pleio
159 72.913654 -3.01539612279748 pleio
160 72.928859 -2.99301803594664 pleio
161 72.944065 -2.99562237498152 pleio
162 72.95927 -3.1929049824317 pleio
163 72.974476 -3.65267406494925 pleio
164 72.989681 -5.37409645539595 pleio
165 72.996574 -5.9277118599899 pleio
166 72.9996 -7.43528500949499 pleio
167 73.002626 -8.62366450873296 pleio
168 73.005652 -8.89136002481053 pleio
169 73.012925 -9.1901285143778 pleio
170 73.023956 -9.51828803647514 pleio
171 73.034987 -9.87384922382175 pleio
172 73.046018 -10.2503072621261 pleio
173 73.057049 -10.6535725232149 pleio
174 73.06808 -11.0829376751448 pleio
175 73.079353 -11.5337267741106 pleio
176 73.111862 -12.0207335909303 pleio
177 73.146945 -12.571531897654 pleio
178 73.171837 -13.2109055014992 pleio
179 73.196729 -13.3552289178853 pleio
180 73.629401 -13.4128478589716 pleio
181 74.062073 -13.4472931163759 pleio
182 74.066223 -13.5319276864567 pleio
183 74.070373 -13.6176786010291 pleio
184 74.074523 -13.7044323490457 pleio
185 74.078673 -13.7920759759215 pleio
186 74.082823 -13.9103643417162 pleio
187 74.3761735 -13.9270392662118 pleio
188 74.669524 -14.0076232515543 pleio
189 74.672012 -14.2146833723504 pleio
190 74.674499 -14.4557819046214 pleio
191 74.716248 -14.7291279504153 pleio
192 74.724515 -15.0316365453178 pleio
193 74.732783 -15.4685684138802 pleio
194 75.0995546666667 -21.9955083124081 pleio
195 75.4663263333333 -22.012462148583 pleio
196 75.833098 -22.2347571163909 pleio
197 75.863363 -22.4196495663405 pleio
198 75.875899 -22.5975583615523 pleio
199 75.888435 -22.8031261912023 pleio
200 75.900971 -23.1651444769444 pleio
201 75.903257 -23.7395606080839 pleio
202 75.904489 -24.1250426894608 pleio
203 75.905721 -24.4545726365838 pleio
204 75.917304 -24.8440298967555 pleio
205 76.287653 -24.9281639371581 pleio
206 76.288899 -24.9214905837754 pleio
207 76.290145 -24.9130078900769 pleio
208 76.397032 -24.9053125630085 pleio
209 76.403847 -24.892056968379 pleio
210 76.410663 -24.8557479373757 pleio
211 76.607927 -24.0188888631002 pleio
212 76.623625 -24.21077983915 pleio
213 76.633554 -24.4590831475877 pleio
214 76.643483 -24.7789845254489 pleio
215 76.653411 -25.1698597321784 pleio
216 76.66334 -25.6289960148244 pleio
217 76.700004 -26.218008603465 pleio
218 67.606765 -0.764484866987075 profile1
219 67.613251 -0.772163456994348 profile1
220 67.619736 -0.779891483170727 profile1
221 67.626222 -0.78766765563125 profile1
222 67.641347 -0.795492684877582 profile1
223 67.654855 -0.803404187678991 profile1
224 67.658769 -0.812108914098963 profile1
225 67.662682 -0.820814066571537 profile1
226 67.666596 -0.829546231690454 profile1
227 67.679986 -0.838327158673264 profile1
228 67.708923 -0.90330667683768 profile1
229 67.715069 -0.97449010135892 profile1
230 67.721215 -1.04572311355842 profile1
231 67.746869 -1.11456192734195 profile1
232 67.778018 -1.12546571143082 profile1
233 67.809168 -1.13626322306693 profile1
234 67.895218 -1.08084106186023 profile1
235 67.900561 -0.989925165199676 profile1
236 67.905905 -0.905614485006204 profile1
237 67.911248 -0.82888825530408 profile1
238 67.920171 -0.736943272050729 profile1
239 67.929072 -0.608717216873968 profile1
240 67.937973 -0.49273223993275 profile1
241 67.946874 -0.38996839056948 profile1
242 67.962131 -0.355343927216514 profile1
243 68.103338 -0.345033458569822 profile1
244 68.122257 -0.342728208637238 profile1
245 68.141177 -0.301697740994399 profile1
246 68.410128 -0.236448841360483 profile1
247 68.415239 -0.20031570233938 profile1
248 68.42035 -0.160350533550983 profile1
249 68.640199 -0.0574027835885616 profile1
250 68.652056 0.0948055501329979 profile1
251 68.656091 0.249954785505668 profile1
252 68.660126 0.40675133868968 profile1
253 68.664161 0.563729465901774 profile1
254 68.685197 0.719567569607323 profile1
255 68.806919 0.787881254631919 profile1
256 68.816104 0.786456369031907 profile1
257 68.825289 0.785006401332135 profile1
258 68.885575 0.784340414458142 profile1
259 68.886394 0.784048492423718 profile1
260 68.887213 0.783315448319435 profile1
261 68.888033 0.782144564842682 profile1
262 68.888852 0.78054118755118 profile1
263 68.889671 0.77851349507033 profile1
264 68.89049 0.79143646123155 profile1
265 68.89131 0.802287013929257 profile1
266 68.892129 0.809654219900944 profile1
267 68.987403 0.859599889065952 profile1
268 69.064645 1.86379703838909 profile1
269 69.131341 2.92630693544234 profile1
270 69.198036 2.92073114925562 profile1
271 69.214855 2.90215601153202 profile1
272 69.21825 2.88189005035261 profile1
273 69.221446 2.8601562756927 profile1
274 69.224642 2.83722235863871 profile1
275 69.227838 2.81341079252199 profile1
276 69.231034 2.94495086697727 profile1
277 69.23423 2.82637808296043 profile1
278 69.237426 2.82735727608052 profile1
279 69.240621 2.82827681696254 profile1
280 69.244859 2.82914489211982 profile1
281 69.252696 2.83036257975965 profile1
282 69.260534 2.83353684512415 profile1
283 69.416362 2.78701330687508 profile1
284 69.484146 2.39648505264512 profile1
285 69.505599 2.39445673352247 profile1
286 69.508945 2.3900499745323 profile1
287 69.512291 2.38575579826269 profile1
288 69.515636 2.38162053322319 profile1
289 69.542556 2.38139914860454 profile1
290 69.592546 2.85474519011991 profile1
291 69.66328 2.86100405396827 profile1
292 69.721392 2.85587017294866 profile1
293 69.724456 2.85652155974212 profile1
294 69.727519 2.85717132197971 profile1
295 69.733033 2.8578202613598 profile1
296 69.768364 2.98946993990066 profile1
297 69.782339 3.1691989501158 profile1
298 69.796313 3.24709764081992 profile1
299 69.810287 2.34368782757275 profile1
300 69.829176 1.6895367983413 profile1
301 69.837051 1.6706392942679 profile1
302 69.844926 1.66751522171886 profile1
303 69.869428 1.67481072079535 profile1
304 69.876397 1.70834244763068 profile1
305 69.876657 1.7442157416883 profile1
306 69.876917 1.7844807846142 profile1
307 69.924127 1.76273856836804 profile1
308 69.978753 1.6858951263241 profile1
309 70.033378 1.64630710534567 profile1
310 70.042973 1.60679039553918 profile1
311 70.043703 1.56897807216474 profile1
312 70.044434 1.53347371441676 profile1
313 70.087246 1.51524203864817 profile1
314 70.141872 1.52410228056818 profile1
315 70.196497 1.54216499132585 profile1
316 70.400832 1.54709480591261 profile1
317 70.421006 1.54672116450677 profile1
318 70.441181 1.54595335679702 profile1
319 70.60917 1.54375290343412 profile1
320 70.612702 1.53454441683018 profile1
321 70.616235 1.54183503436676 profile1
322 70.661194 1.56021693868897 profile1
323 70.728481 1.57217859785293 profile1
324 70.750402 1.58708126063222 profile1
325 70.772323 1.60282243204746 profile1
326 70.779053 1.61862223026266 profile1
327 70.782062 1.63354007059985 profile1
328 70.785072 1.64665097408465 profile1
329 71.12066 1.46521022298535 profile1
330 71.198629 1.46475210963251 profile1
331 71.276599 1.46434464221812 profile1
332 71.354568 1.24939446167955 profile1
333 71.418821 1.47880715801806 profile1
334 71.422464 1.80392100747583 profile1
335 71.425934 2.09674453257757 profile1
336 71.429405 2.15889296566908 profile1
337 71.432875 2.12119990893383 profile1
338 71.436346 2.08264980473735 profile1
339 71.439817 2.04339364993097 profile1
340 71.443287 2.00358973417466 profile1
341 71.449172 1.97565618496181 profile1
342 71.46043 1.97515463078241 profile1
343 71.475844 1.97538092516201 profile1
344 71.510771 1.97593287891164 profile1
345 71.658293 1.96240218267842 profile1
346 71.675712 1.92443275589402 profile1
347 71.693132 1.88530802838674 profile1
348 71.782692 1.83550572032544 profile1
349 71.793079 1.51305165422234 profile1
350 71.803404 1.21881135233048 profile1
351 71.813729 1.1718440216982 profile1
352 71.824055 0.657772492406929 profile1
353 71.83438 0.403369867613801 profile1
354 71.859513 0.359098203204757 profile1
355 71.937774 0.303052882360438 profile1
356 71.945079 0.294177181619287 profile1
357 71.952385 0.272947735107236 profile1
358 71.98473 0.245289239757044 profile1
359 72.012709 0.203911484551857 profile1
360 72.040688 0.172058171395539 profile1
361 72.210521 0.161721520012953 profile1
362 72.314268 -0.00394305999515657 profile1
363 72.366456 0 profile1
364 72.411367 0.00227233560100935 profile1
365 72.450663 0.00357677508943821 profile1
366 72.471305 0.00535321864175516 profile1
367 72.491946 -0.06426853819557 profile1
368 72.512588 -0.181788413280912 profile1
369 72.601385 -0.230516584143983 profile1
370 72.621813 -0.255252494102873 profile1
371 72.642242 -0.278941048412757 profile1
372 72.66267 -0.303858663864947 profile1
373 72.771429 -0.945392204510858 profile1
374 72.883243 -0.942013393240887 profile1
375 72.898448 -0.932239277949262 profile1
376 72.913654 -0.923350347295147 profile1
377 72.928859 -0.915327634761015 profile1
378 72.944065 -0.908714131745224 profile1
379 72.95927 -0.939521891690119 profile1
380 72.974476 -1.07734325390721 profile1
381 72.989681 -2.5076237205342 profile1
382 72.996574 -2.47132405973898 profile1
383 72.9996 -2.51889935954339 profile1
384 73.002626 -2.54103769906764 profile1
385 73.005652 -2.54940054505231 profile1
386 73.012925 -2.55864739798771 profile1
387 73.023956 -2.56799184988574 profile1
388 73.034987 -2.57666810093088 profile1
389 73.046018 -2.57746392102808 profile1
390 73.057049 -2.57671003295972 profile1
391 73.06808 -2.57575442819231 profile1
392 73.079353 -2.57709073045518 profile1
393 73.111862 -2.80583936485759 profile1
394 73.146945 -2.97529690385876 profile1
395 73.171837 -3.16293842900878 profile1
396 73.196729 -3.1764778025449 profile1
397 73.629401 -3.18267163289185 profile1
398 74.062073 -3.18583922183636 profile1
399 74.066223 -3.19420481338301 profile1
400 74.070373 -3.20161676241307 profile1
401 74.074523 -3.20807025548666 profile1
402 74.078673 -3.21356519830619 profile1
403 74.082823 -3.22174505118819 profile1
404 74.3761735 -3.21580890666333 profile1
405 74.669524 -3.22544479999838 profile1
406 74.672012 -3.24036059351513 profile1
407 74.674499 -3.26033788150038 profile1
408 74.716248 -3.28525224238162 profile1
409 74.724515 -3.31448518222629 profile1
410 74.732783 -3.34681016895697 profile1
411 75.0995546666667 -3.77029231888026 profile1
412 75.4663263333333 -3.77120546726895 profile1
413 75.833098 -3.78411871894549 profile1
414 75.863363 -3.80014128182635 profile1
415 75.875899 -3.81826903279116 profile1
416 75.888435 -3.84454822372682 profile1
417 75.900971 -3.89124244995745 profile1
418 75.903257 -3.94352369818278 profile1
419 75.904489 -3.9967140076162 profile1
420 75.905721 -4.0521225015659 profile1
421 75.917304 -4.10994452641022 profile1
422 76.287653 -4.12200799119572 profile1
423 76.288899 -4.12202513452208 profile1
424 76.290145 -4.12209412546809 profile1
425 76.397032 -4.11487728644932 profile1
426 76.403847 -4.09388445349472 profile1
427 76.410663 -4.06888119798815 profile1
428 76.607927 -3.65463690803086 profile1
429 76.623625 -3.65819889615332 profile1
430 76.633554 -3.70734697023234 profile1
431 76.643483 -3.76173991685441 profile1
432 76.653411 -3.82040079793941 profile1
433 76.66334 -3.88223667894809 profile1
434 76.700004 -4.02326814381039 profile1
435 67.606765 -27.3504354567732 profile2
436 67.613251 -27.3722122880728 profile2
437 67.619736 -27.3942532695497 profile2
438 67.626222 -27.4165559077245 profile2
439 67.641347 -27.4391174915546 profile2
440 67.654855 -27.461932556023 profile2
441 67.658769 -27.4849290318788 profile2
442 67.662682 -27.50815588698 profile2
443 67.666596 -27.531619698999 profile2
444 67.679986 -27.5553263732232 profile2
445 67.708923 -27.5745289634228 profile2
446 67.715069 -27.6002762273676 profile2
447 67.721215 -27.6333245821617 profile2
448 67.746869 -27.6701077911283 profile2
449 67.778018 -27.6948839899524 profile2
450 67.809168 -27.7209433950274 profile2
451 67.895218 -27.5703594369059 profile2
452 67.900561 -27.3347611107604 profile2
453 67.905905 -27.1213269674446 profile2
454 67.911248 -26.9316506136481 profile2
455 67.920171 -26.7741810988982 profile2
456 67.929072 -26.654904466303 profile2
457 67.937973 -26.5595491509728 profile2
458 67.946874 -26.4887910631739 profile2
459 67.962131 -26.5167119330688 profile2
460 68.103338 -26.5613260401462 profile2
461 68.122257 -26.6088803753171 profile2
462 68.141177 -26.6253111890958 profile2
463 68.410128 -26.5831522206812 profile2
464 68.415239 -26.5536096579934 profile2
465 68.42035 -26.5359414404449 profile2
466 68.640199 -26.3210091563028 profile2
467 68.652056 -25.9715317432473 profile2
468 68.656091 -25.6503385243011 profile2
469 68.660126 -25.3641235920308 profile2
470 68.664161 -25.1187639387131 profile2
471 68.685197 -24.9208618370607 profile2
472 68.806919 -24.8663008259524 profile2
473 68.816104 -24.8897780539599 profile2
474 68.825289 -24.9133443494714 profile2
475 68.885575 -24.9200977961945 profile2
476 68.886394 -24.9157491209891 profile2
477 68.887213 -24.9164842029727 profile2
478 68.888033 -24.922360326542 profile2
479 68.888852 -24.9334014727893 profile2
480 68.889671 -24.9495942857037 profile2
481 68.89049 -24.9707243101018 profile2
482 68.89131 -24.9982293000104 profile2
483 68.892129 -25.0314979252604 profile2
484 68.987403 -24.6888932624363 profile2
485 69.064645 -23.8700341087115 profile2
486 69.131341 -24.6072953538684 profile2
487 69.198036 -24.5039743313319 profile2
488 69.214855 -24.2332758281292 profile2
489 69.21825 -23.9755057142299 profile2
490 69.221446 -23.7352610796183 profile2
491 69.224642 -23.5168349058179 profile2
492 69.227838 -23.3239795946354 profile2
493 69.231034 -23.1406870029238 profile2
494 69.23423 -23.091325033663 profile2
495 69.237426 -23.0763363210951 profile2
496 69.240621 -23.0623608579768 profile2
497 69.244859 -23.0494126380452 profile2
498 69.252696 -23.0381356727161 profile2
499 69.260534 -23.0242507926942 profile2
500 69.416362 -22.11323816719 profile2
501 69.484146 -20.4887317944889 profile2
502 69.505599 -20.415782997062 profile2
503 69.508945 -20.2634350641556 profile2
504 69.512291 -20.1354482202393 profile2
505 69.515636 -20.0329212938977 profile2
506 69.542556 -19.8713133604482 profile2
507 69.592546 -18.424070958722 profile2
508 69.66328 -18.3754983381858 profile2
509 69.721392 -18.3134625704496 profile2
510 69.724456 -18.2438101753878 profile2
511 69.727519 -18.1787168686617 profile2
512 69.733033 -18.1183420469524 profile2
513 69.768364 -17.8619598489642 profile2
514 69.782339 -17.5404816417913 profile2
515 69.796313 -17.2797146467616 profile2
516 69.810287 -12.4188868185069 profile2
517 69.829176 -11.6525696188513 profile2
518 69.837051 -11.3996264834649 profile2
519 69.844926 -11.1531010667186 profile2
520 69.869428 -10.9633167930538 profile2
521 69.876397 -10.8138842446649 profile2
522 69.876657 -10.7733403398003 profile2
523 69.876917 -10.8259279650285 profile2
524 69.924127 -10.8206656366935 profile2
525 69.978753 -10.7381812603335 profile2
526 70.033378 -10.4245243991724 profile2
527 70.042973 -10.1307881973654 profile2
528 70.043703 -9.85963858760805 profile2
529 70.044434 -9.61295805759068 profile2
530 70.087246 -9.39399270760174 profile2
531 70.141872 -9.20561311843342 profile2
532 70.196497 -9.03899982437634 profile2
533 70.400832 -8.94326101755509 profile2
534 70.421006 -8.90433118212077 profile2
535 70.441181 -8.87450586529141 profile2
536 70.60917 -8.8539719924279 profile2
537 70.612702 -8.85846262463207 profile2
538 70.616235 -8.91640032934092 profile2
539 70.661194 -8.93374716255009 profile2
540 70.728481 -8.83383962685115 profile2
541 70.750402 -8.66556765463545 profile2
542 70.772323 -8.54883127002681 profile2
543 70.779053 -8.47987781319886 profile2
544 70.782062 -8.45477766749762 profile2
545 70.785072 -8.47636331518975 profile2
546 71.12066 -8.46525927423139 profile2
547 71.198629 -8.46501347817146 profile2
548 71.276599 -8.4676871228284 profile2
549 71.354568 -7.95947497909152 profile2
550 71.418821 -7.05360374285211 profile2
551 71.422464 -6.20785781135231 profile2
552 71.425934 -5.61656983803108 profile2
553 71.429405 -5.33214359830678 profile2
554 71.432875 -5.11958236507084 profile2
555 71.436346 -4.93485750097671 profile2
556 71.439817 -4.77873632269558 profile2
557 71.443287 -4.6517821815876 profile2
558 71.449172 -4.56604557493382 profile2
559 71.46043 -4.52283377095594 profile2
560 71.475844 -4.48943019623089 profile2
561 71.510771 -4.46548431067524 profile2
562 71.658293 -4.44649167004826 profile2
563 71.675712 -4.42980715190173 profile2
564 71.693132 -4.42216123035007 profile2
565 71.782692 -3.57867115673653 profile2
566 71.793079 -3.12751213642031 profile2
567 71.803404 -2.37801987975581 profile2
568 71.813729 -1.7379998819853 profile2
569 71.824055 -1.16490323448416 profile2
570 71.83438 -0.963035795354578 profile2
571 71.859513 -0.732351960276249 profile2
572 71.937774 -0.335657747471763 profile2
573 71.945079 -0.109071285453334 profile2
574 71.952385 0.0200121179796408 profile2
575 71.98473 0.187601945994243 profile2
576 72.012709 0.540245384047665 profile2
577 72.040688 0.668542045544269 profile2
578 72.210521 1.40951414833715 profile2
579 72.314268 3.0731141293782 profile2
580 72.366456 3.24709764081992 profile2
581 72.411367 3.24099422610448 profile2
582 72.450663 3.2392517825068 profile2
583 72.471305 3.23781520340629 profile2
584 72.491946 3.19587635535291 profile2
585 72.512588 2.97927426074597 profile2
586 72.601385 2.85745551702454 profile2
587 72.621813 2.5054305753899 profile2
588 72.642242 2.4279984994092 profile2
589 72.66267 2.31848387640413 profile2
590 72.771429 1.07446836272906 profile2
591 72.883243 1.10483500234827 profile2
592 72.898448 1.17312333591986 profile2
593 72.913654 1.21448069861247 profile2
594 72.928859 1.22459244319628 profile2
595 72.944065 1.20990517383432 profile2
596 72.95927 1.0400388684224 profile2
597 72.974476 0.709997126709565 profile2
598 72.989681 0.440175136446951 profile2
599 72.996574 -0.138564394876794 profile2
600 72.9996 -1.60031469288738 profile2
601 73.002626 -2.77909438890264 profile2
602 73.005652 -3.04575277196349 profile2
603 73.012925 -3.34273970535503 profile2
604 73.023956 -3.6691313797704 profile2
605 73.034987 -4.02371783769052 profile2
606 73.046018 -4.40849357036612 profile2
607 73.057049 -4.82228277970085 profile2
608 73.06808 -5.2627529314091 profile2
609 73.079353 -5.72178120407364 profile2
610 73.111862 -6.03661850966786 profile2
611 73.146945 -6.42547314282077 profile2
612 73.171837 -6.88857972226815 profile2
613 73.196729 -7.01635536368704 profile2
614 73.629401 -7.06605592987513 profile2
615 74.062073 -7.09608752525677 profile2
616 74.066223 -7.16925794013795 profile2
617 74.070373 -7.24437145863949 profile2
618 74.074523 -7.32132200637671 profile2
619 74.078673 -7.39999990096637 profile2
620 74.082823 -7.50650676840451 profile2
621 74.3761735 -7.52847817429867 profile2
622 74.669524 -7.59939431780146 profile2
623 74.672012 -7.79338486245197 profile2
624 74.674499 -8.01750042186699 profile2
625 74.716248 -8.26974188514026 profile2
626 74.724515 -8.54736057010072 profile2
627 74.732783 -8.97263330071307 profile2
628 75.0995546666667 -15.2455592261596 profile2
629 75.4663263333333 -15.257139013033 profile2
630 75.833098 -15.4740872776247 profile2
631 75.863363 -15.6426259841312 profile2
632 75.875899 -15.8048110670697 profile2
633 75.888435 -15.9817858013023 profile2
634 75.900971 -16.2853536937 profile2
635 75.903257 -16.7989562858389 profile2
636 75.904489 -17.118666735251 profile2
637 75.905721 -17.3744731936375 profile2
638 75.917304 -17.6841393634407 profile2
639 76.287653 -17.7516480831569 profile2
640 76.288899 -17.7457599774728 profile2
641 76.290145 -17.7381769213777 profile2
642 76.397032 -17.7410188408679 profile2
643 76.403847 -17.7550961070599 profile2
644 76.410663 -17.7539645994071 profile2
645 76.607927 -17.3563069839072 profile2
646 76.623625 -17.5420847649648 profile2
647 76.633554 -17.7315439468667 profile2
648 76.643483 -17.9843844408884 profile2
649 76.653411 -18.3009744151907 profile2
650 76.66334 -18.6798714821311 profile2
651 76.700004 -19.10739190281 profile2
